8
56
66
71
86
109
136
145
161
166
283
338
361
367
430
463
478
487
529
544
559
565
592
607
628
653
656
690
692
690
703
623
709
746
774
776
774
787
802
883
931
936
932
997
1009
1015
1018
1017
86
1069
1100
1105
1127
1150
1159
1196
1243
1300
1361
1363
1414
1432
1441
1468
1477
1531
1537
1546
1562
1573
1603
1621
1645
1651
1717
1750
1765
1813
1846
1851
1861
1873
1879
1951
1957
2003
2004
2003
2107
2116
2121
2137
2245
2272
2355
2377
2383
2401
2410
2479
2497
2506
2557
2569
2575
2614
2653
2659
2665
2674
2767
2779
2857
3077
3607
3679
3694
3751
3772
3811
3853
3868
3901
3942
4006
4021
4030
4066
4123
4153
4231
4409
4489
4510
4575
4621
4648
4663
4729
4750
4765
4780
4807
4822
4832
4837
4852
4867
4882
4906
4921
4927
5033
5311
5383
5899
5914
5983
6064
6202
6223
4151
6268
6335
6427
6607
6763
6829
6844
6859
6874
6913
6928
6938
6943
6958
6991
6997
7006
7030
7045
7051
7069
7072
7083
7110
7129
7140
7519
8180
8311
8317
8335
8534
8536
8609
8638
8644
8659
8707
8719
8725
8740
8827
8842
8863
8929
8944
8959
8974
9013
9028
9052
9091
9097
9115
9118
9147
7013
9776
9782
10198
10288
10303
10387
10396
10459
10471
10668
10670
10668
10756
10786
10849
10858
10879
10894
10958
11023
11030
11050
11104
11143
11179
11797
11900
12277
12307
12313
12463
12475
12487
12493
12547
12560
12586
12591
12747
12755
12868
12958
13019
13117
13147
13914
14094
14153
14164
14215
14275
14281
14380
14443
14455
14461
14473
14576
14605
14684
14690
14707
14763
14784
14816
14870
14949
14946
15893
15929
15960
16033
16171
16237
16249
16255
16261
16267
16426
16432
16454
16645
16711
16770
17670
17878
17929
18049
18055
18157
18169
18175
18187
18269
18317
18420
18478
18541
18550
18571
18586
18625
18631
18715
18781
19468
19502
19657
20059
20065
20098
20155
20167
20173
20179
20185
20337
20465
18534
20479
20500
20522
20545
20560
20647
20662
20683
20749
20764
20779
20794
20833
20848
20872
20911
20934
20968
20971
21043
21027
21487
21554
22018
22017
22069
22065
22201
22225
22232
22234
22339
22366
22553
22560
22621
22722
22771
22837
22852
22867
22882
22921
22936
22951
22966
22999
23014
23020
23038
23053
23076
23092
23095
23191
23584
24226
24341
24345
24353
24358
24385
24390
24479
24544
24629
24647
22722
24721
24742
24828
24853
24871
24880
24895
24961
24982
24997
25012
25039
25054
25069
25084
25099
25114
25120
25131
25138
25153
25255
25591
26020
26131
26146
26215
26221
26287
26298
26347
26389
26465
26470
26485
26500
26569
26634
26860
26870
26875
26873
26887
26902
26983
26989
27007
27016
27098
27121
27145
27154
27223
27241
27250
27301
27319
27358
27397
27403
27418
27511
27523
27601
27749
27769
27805
28270
28363
28438
28453
28495
28501
28516
28555
28597
28612
28645
28681
28705
28750
28765
28876
28897
29038
29215
29221
29274
29293
29299
29305
29368
29377
29401
29416
29414
29425
29467
29482
29497
29514
29518
29530
29545
29566
29592
29628
29641
29725
29802
29815
29821
29868
29869
29874
29894
29892
29899
29947
29956
29997
30007
29999
29997
30043
30067
30075
30086
30097
30095
30132
30238
30301
30305
30352
30370
30369
30383
30379
30406
30415
30469
30484
30493
30502
30511
30541
30559
30583
30655
30688
30703
30751
30757
30784
30799
30811
30817
30853
30889
30895
30947
30942
31081
31111
31147
