218
219
223
232
234
239
241
250
252
257
259
268
270
275
277
286
290
291
295
304
306
311
313
322
324
329
331
340
344
345
349
358
362
363
367
376
378
383
385
394
398
399
403
412
414
419
421
430
434
435
439
448
450
455
457
466
470
471
475
484
486
491
493
502
506
507
511
520
522
527
529
538
542
543
547
556
558
563
565
574
578
579
583
592
594
599
601
610
614
615
619
628
632
633
637
646
649
652
667
670
685
688
703
706
721
724
739
742
757
760
775
778
793
796
811
814
829
832
847
850
865
868
883
886
901
904
919
922
927
937
940
955
958
973
976
991
994
999
1009
1012
1027
1030
1045
1048
1063
1066
1080
1082
1083
1091
1096
1104
1111
1112
1099
1111
1110
1112
1120
1125
1127
1128
1141
1144
1150
1140
1157
1140
1141
1163
1172
1179
1176
1180
1184
1183
1176
1186
1180
1189
1192
1195
1197
1202
1201
1209
1211
1197
1209
1197
1218
1220
1218
1228
1242
1244
1242
1250
1252
1255
1270
1275
1274
1276
1277
1284
1292
1290
1300
1310
1317
1321
1328
1332
1346
1344
1352
1359
1344
1346
1369
1378
1377
1383
1390
1397
1399
1403
1413
1417
1424
1444
1449
1448
1450
1451
1458
1466
1464
1474
1484
1491
1495
1502
1506
1518
1528
1540
1542
1543
1542
1544
1551
1553
1555
1566
1562
1573
1577
1579
1577
1574
1583
1585
1590
1591
1590
1593
1591
1606
1619
1621
1626
1630
1638
1642
1648
1649
1656
1666
1667
1670
1681
1686
1689
1686
1708
1718
1725
1736
1738
1746
1753
1755
1771
1778
1785
1797
1801
1807
1808
1833
1843
1844
1847
1856
1858
1861
1863
1866
1879
1883
1885
1892
1889
1898
1900
1905
1906
1905
1908
1917
1927
1931
1928
1936
1951
1961
1968
1979
1981
1989
1996
1998
2014
2021
2028
2040
2041
2045
2051
2054
2051
2066
2067
2068
2067
2078
2085
2092
2098
2107
2109
2113
2111
2118
2128
2129
2132
2128
2143
2145
2142
2152
2156
2167
2171
2168
2176
2182
2185
2189
2191
2196
2199
2196
2212
2225
2232
2236
2241
2251
2255
2252
2260
2267
2274
2283
2287
2293
2294
2297
2304
2332
2327
2336
2345
2352
2353
2352
2363
2381
2383
2388
2389
2388
2391
2403
2404
2409
2410
2413
2420
2422
2427
2430
2427
2443
2463
2467
2472
2482
2486
2483
2495
2497
2502
2511
2515
2521
2522
2521
2525
2521
2534
2542
2544
2573
2579
2587
2597
2611
2613
2623
2627
2624
2632
2636
2638
2643
2657
2658
2669
2676
2683
2689
2701
2703
2710
2715
2719
2725
2726
2725
2737
2739
2736
2746
2750
2765
2762
2770
2776
2779
2783
2785
2791
2793
2790
2815
2819
2825
2833
2836
2843
2857
2863
2867
2871
2882
2890
2892
2899
2903
2911
2913
2910
2942
2948
2956
2966
2980
2982
2992
2996
2993
3001
3005
3007
3012
3034
3041
3043
3045
3049
3058
3073
3077
3082
3086
3092
3094
3098
3103
3113
3115
3123
3124
3134
3136
3138
3142
3151
3155
3160
3164
3170
3172
3180
3181
3191
3193
3195
3199
3209
3211
3215
3220
3230
3232
3234
3238
3259
3261
3265
3270
3274
3299
3301
3305
3310
3319
3323
3328
3332
3354
3358
3363
3367
3373
3377
3382
3386
3391
3397
3398
3397
3408
3412
3417
3421
3426
3429
3433
3439
3449
3451
3455
3460
3472
3484
3486
3490
3495
3499
3524
3526
3530
3535
3545
3547
3551
3556
3568
3580
3582
3586
3591
3595
3600
3604
3609
3613
3622
3638
3640
3644
3649
3659
3661
3665
3670
3678
3681
3685
3703
3720
3724
3729
3733
3757
3761
3766
3770
3775
3779
3784
3788
3805
3807
3811
3816
3820
3825
3829
3834
3838
3863
3865
3869
3874
3884
3886
3890
3895
3903
3906
3908
3910
3928
3940
3942
3946
3951
3955
3980
3982
3986
3991
4001
4003
4007
4012
4024
4036
4038
4042
4047
4051
4056
4060
4065
4069
4078
4093
4097
4102
4106
4112
4114
4118
4123
4131
4134
4138
4168
4170
4179
4183
4192
4204
4207
4211
4217
4219
4225
4229
4235
4237
4243
4249
4250
4249
4260
4269
4273
4278
4287
4291
4298
4300
4305
4309
4322
4328
4330
4335
4344
4348
4354
4358
4364
4366
4372
4371
4375
4376
4371
4382
4383
4384
4390
4389
4393
4394
4389
4398
4403
4398
4408
4407
4411
4412
4407
4416
4421
4416
4417
4426
4425
4429
4430
4425
4436
4437
4438
4444
4443
4447
4448
4443
4452
4457
4462
4461
4465
4466
4461
4470
4475
4470
4471
4480
4479
4483
4484
4479
4490
4491
4492
4498
4497
4501
4502
4497
4506
4511
4506
4516
4515
4519
4520
4515
4524
4529
4524
4525
4534
4533
4537
4538
4533
4544
4545
4546
4552
4551
4555
4556
4551
4560
4565
4560
4561
4570
4569
4573
4574
4569
4578
4583
4588
4587
4591
4592
4587
4598
4599
4600
4606
4605
4609
4610
4605
4609
4614
4619
4614
4615
4624
4623
4627
4628
4623
4632
4637
4632
4633
4642
4645
4646
4641
4645
4652
4653
4654
4660
4659
4663
4664
4659
4668
4673
4668
4669
4678
4677
4681
4682
4677
4686
4691
4686
4687
4696
4699
4700
4695
4699
4706
4707
4708
4714
4713
4717
4718
4713
4722
4727
4722
4732
4731
4735
4736
4731
4740
4745
4740
4741
4750
4749
4753
4754
4749
4760
4761
4762
4768
4767
4771
4772
4767
4771
4776
4781
4776
4777
4786
4785
4789
4790
4785
4794
4799
4794
4795
4811
4813
4844
4842
4851
4858
4876
4882
4884
4886
4884
4913
4924
4930
4939
4945
4959
4997
5008
5014
5028
5048
5059
5065
5081
5097
5105
5110
5156
5164
5170
5189
5205
5218
5224
5238
5258
5269
5275
5291
5307
5338
5331
5344
5347
5359
5373
5393
5429
5446
5455
5450
5461
5486
5521
5538
5575
5568
5581
5627
5644
5653
5659
5664
5684
5729
5752
5758
5745
5787
5795
5828
5833
5836
5845
5857
5871
5891
5907
5930
5953
5959
5946
5982
6011
6032
6055
6061
6048
6090
6098
6118
6122
6128
6130
6135
6140
6142
6151
6155
6160
6155
6164
6162
6178
6180
6186
6190
6196
6201
6205
3067
6200
6211
6215
6221
6223
6230
6235
6243
6250
6255
6259
3025
6254
6265
6269
6275
6277
6286
6289
6298
6301
6305
6311
6313
6319
6321
6327
6331
6338
6339
6343
6352
6355
6360
6364
6359
3118
6370
6374
6380
6382
6391
6394
6403
6406
6410
6416
6418
6424
6426
6432
6436
6443
6444
6445
6448
6457
6456
6464
6469
6474
6478
6473
3175
6484
6488
6494
6496
6505
6508
6517
6520
6524
6530
6532
6538
6540
6546
6550
6556
6563
6565
3250
6558
6570
6574
6575
6577
6586
6590
6598
6590
6602
6613
6615
6621
6625
6631
6636
6640
3286
6635
6646
6650
6656
6658
6665
6666
6670
6679
6682
6684
6690
6694
6700
6704
6710
6712
6726
6736
6740
6746
6748
6754
6756
6762
6766
6773
6774
6778
6787
6790
6795
6799
3343
6794
6805
6809
6815
6817
6826
6827
6833
6844
6848
6854
6856
6862
6864
6870
6874
6880
6884
6890
6892
6897
6902
6904
6913
6922
6931
6934
6936
6942
6946
6952
6957
6961
3403
6956
6967
6971
6977
6979
6985
6992
6994
3475
6987
6999
7004
7006
7015
7021
7024
7028
7036
7038
7044
7048
7054
7059
7063
3511
7058
7069
7073
7079
7081
7088
7098
7100
7115
7120
7125
7129
3469
7124
7135
7139
7145
7147
7156
7157
7163
7165
7171
7178
7180
3565
7173
7186
7188
7194
7198
7204
7211
7213
3505
7206
7218
7222
7223
7222
7225
7239
7245
7255
7245
7257
7270
7272
7278
7282
7288
7293
7297
3619
7292
7303
7307
7313
7315
7322
7323
7327
7336
7339
7344
7348
3571
7343
7354
7358
7364
7366
7375
7378
7387
7390
7397
7399
3625
7392
7405
7407
7413
7417
7423
7430
7432
3706
7425
7437
7442
7444
7453
7464
7474
7476
7482
7486
7492
7497
7501
3745
7496
7507
7511
7517
7519
7526
7528
7524
7544
7549
7551
7557
7561
7567
7571
7577
7579
7588
7589
7595
7606
7613
7615
3796
7608
7621
7623
7629
7633
7639
7646
7648
3739
7641
7653
7657
7658
7657
7660
7674
7682
7690
7682
7694
7705
7707
7713
7717
7723
7725
7731
7735
7741
7745
7751
7753
7760
7761
7765
7774
7777
7779
7785
7789
7795
7799
7805
7807
7816
7819
7828
7831
7838
7840
3850
7833
7846
7848
7854
7858
7864
7871
7873
3931
7866
7878
7883
7885
7894
7900
7903
7907
7915
7917
7923
7927
7933
7938
7942
3967
7937
7948
7952
7958
7960
7967
7977
7979
7994
7999
8001
8007
8011
8017
8021
8027
8029
8038
8039
8045
8047
8053
8060
8062
4021
8055
8068
8070
8076
8080
8086
8090
8096
8098
8103
8107
8108
8107
8110
8124
8130
8140
8130
8142
8155
8157
8163
8167
8173
8178
8182
4075
8177
8188
8192
8198
8200
8207
8208
8212
8221
8224
8229
8233
4027
8228
8239
8243
8249
8251
8260
8263
8272
8275
8282
8284
4081
8277
8290
8292
8298
8302
8308
8315
8317
4159
8310
8322
8324
8326
8324
8340
8350
8353
8356
8359
8362
8364
8370
8374
8380
8385
8389
4189
8384
8395
8399
8405
8407
8414
8422
8426
8436
8443
8448
8452
4153
8447
8458
8462
8468
8470
8479
8482
8485
8488
8491
8495
8501
8503
8509
8511
8517
8521
8527
8534
8536
4195
8529
8541
8546
8548
8557
8560
8563
8569
8572
8575
8577
8583
8587
8593
8598
8602
8597
4303
8608
8612
8618
8620
8626
8630
8636
8638
8643
8648
8650
8659
8665
8668
8671
8674
8677
8679
8685
8689
8695
8700
8704
4255
8699
8710
8714
8720
8722
8727
8731
8737
8729
8739
8730
8746
8745
8754
8764
8770
8771
8774
8783
8785
8791
8781
8795
8786
8802
8808
8799
8812
8822
8828
8830
8835
8839
8845
8837
8847
8838
8854
8862
8876
8878
8885
8884
8888
8885
8884
8897
8899
8905
8895
8909
8900
8918
8924
8926
8934
8940
8944
8949
8953
8959
8951
8961
8952
8968
8967
8976
8986
8992
8993
8996
9005
9007
9013
9003
9017
9008
9024
9030
9021
9034
9044
9050
9052
9057
9061
9067
9059
9069
9060
9078
9082
9087
9088
9090
9087
9104
9106
9112
9113
9112
9116
9112
9125
9127
9133
9123
9137
9128
9146
9152
9154
9162
9168
9172
9177
9187
9179
9189
9204
9205
9211
9214
9216
9215
9214
9227
9236
9244
9234
9248
9257
9263
9265
9272
9276
9280
9285
9289
9295
9287
9297
9288
9304
9303
9312
9322
9328
9329
9332
9341
9343
9349
9339
9353
9344
9360
9366
9357
9370
9380
9386
9388
9393
9403
9395
9405
9427
9430
9436
9437
9440
9449
9451
9457
9447
9461
9452
9470
9476
9478
9486
9492
9483
9496
9501
9508
9511
9503
9513
9535
9542
9544
9551
9550
9554
9551
9550
9563
9565
9571
9561
9575
9566
9584
9590
9592
9600
9606
9597
9610
9615
9619
9625
9617
9627
9618
9636
9640
9645
9646
9648
9645
9658
9664
9665
9668
9677
9679
9685
9675
9689
9680
9696
9702
9693
9706
9716
9722
9724
9729
9733
9739
9731
9741
9732
9748
9756
9757
9760
9763
9770
9772
9778
9779
9778
9782
9778
9791
9793
9799
9789
9803
9794
9812
9818
9820
9828
9834
9838
9843
9853
9845
9855
9870
9871
9877
9880
9882
9881
9880
9889
9892
9893
9902
9910
9900
9914
9923
9929
9931
9938
9942
9946
9951
9961
9953
9963
9985
9988
9998
10007
10009
10015
10005
10019
10010
10028
10034
10036
10044
10050
10041
10054
10059
10066
10069
10061
10071
10093
10096
10100
10115
10117
10123
10113
10127
10118
10136
10142
10144
10152
10158
10149
10162
10167
10177
10169
10179
10195
10201
10208
10211
10216
10220
10222
10228
10218
10232
10223
10241
10247
10249
10257
10263
10267
10272
10282
10274
10284
10306
10309
10319
10328
10330
10336
10326
10340
10331
10349
10355
10357
10365
10371
10375
10380
10390
10382
10392
10414
10421
10423
10429
10430
10429
10433
10429
10442
10444
10450
10440
10454
10445
10463
10469
10471
10479
10485
10476
10489
10494
10504
10496
10506
10519
10527
10534
10544
10553
10555
10561
10551
10565
10572
10578
10582
10592
10598
10600
10605
10615
10607
10617
10639
10646
10648
10655
10654
10658
10667
10669
10675
10665
10679
10686
10692
10696
10706
10712
10714
10719
10723
10729
10721
10731
10722
10744
10746
10747
10749
10746
10756
10757
10762
10772
10781
10783
10789
10779
10793
10784
10802
10808
10810
10818
10824
10828
10833
10843
10835
10845
10867
10874
10876
10882
10883
10882
10886
10882
10895
10897
10903
10893
10907
10898
10916
10922
10924
10932
10938
10929
10942
10947
10951
10957
10949
10959
10968
10972
10977
10980
10977
10994
10996
11003
11002
11006
11015
11017
11023
11013
11027
11034
11040
11044
11054
11060
11062
11067
11074
11077
11069
11079
11101
11104
11114
11111
11123
11125
11131
11121
11135
11126
11144
11150
11152
11160
11166
11157
11170
11175
11185
11177
11187
11209
11216
11218
11225
11228
11233
11237
11239
11245
11235
11249
11240
11258
11264
11266
11274
11280
11271
11284
11289
11299
11291
11301
11314
11322
11333
11335
11345
11354
11362
11352
11366
11373
11379
11383
11393
11399
11401
11409
11429
11441
11446
11468
11473
11476
11485
11495
11493
11498
11503
11506
11513
11521
11533
11538
11550
11570
1252
1244
11588
11590
11596
11598
11606
11605
11626
11624
11633
11648
11650
11657
11655
11660
11665
11666
11668
11675
11672
11681
11578
11680
11690
11698
11713
11716
11720
11732
11737
11740
11745
11761
11765
11722
11773
11780
11793
11794
11800
11802
11812
11821
11830
11833
11842
11845
11846
11845
11866
11872
7524
7526
11879
11851
11887
11894
11907
11908
11914
11923
11926
11930
11942
11947
11950
11955
11971
11975
11932
11983
11990
12003
12004
12010
12018
1543
1542
12025
12027
12029
12043
12049
12064
1540
12068
12066
12073
12076
12079
12087
12089
12095
12094
12104
12109
12112
12114
12125
12122
12132
12136
12148
12151
12058
12160
12167
12166
12169
12181
12184
12176
12187
12186
12190
12197
12198
12197
12205
12209
12214
12222
12227
12230
12233
12235
12244
12249
12259
12266
12277
12279
12283
12286
12291
12301
12304
12306
12303
12312
12316
12325
12328
12332
12340
12344
12350
12352
12359
12360
12364
12369
12381
12385
12396
12390
12402
12418
12424
12423
12427
12434
12435
12434
12444
12448
12456
12460
12464
12467
12475
12485
12490
12494
12503
12511
12521
12522
12525
12529
12541
12544
12548
12558
12563
12566
12568
12576
12583
12582
12589
12595
12598
12605
12606
12615
12619
12630
12624
12640
12644
12649
12657
12670
12657
12673
12677
12682
12686
12693
12706
12710
12712
12715
12720
12730
12733
12735
12732
12733
12749
12758
12753
12763
12767
12764
12769
12778
12777
12781
12788
12789
12788
12796
12800
12805
12810
12823
12832
12842
12844
12842
12846
12837
12853
12859
12861
12875
12886
12888
12892
12898
12901
12905
12915
12920
12914
12929
12934
12933
12939
12955
12961
12960
12964
12971
12972
12971
12981
12985
12993
12997
13003
13006
13010
13022
13033
13036
13040
13045
13049
13054
13058
13055
13064
13066
13072
13077
13095
13102
13097
13104
13108
13112
13123
13129
13132
13139
13140
13139
13147
13151
13156
13161
13174
13183
13188
13190
13196
13198
13196
13187
13208
13216
13226
13227
13230
13234
13246
13249
13253
13263
13268
13271
13273
13281
13288
13287
13294
13300
13303
13310
13311
13320
13324
13335
13329
13345
13349
13354
13362
13375
13362
13378
13382
13387
13391
13398
13411
13415
13417
13432
13434
13431
13432
13448
13457
13452
13462
13466
13463
13468
13477
13480
13487
13488
13487
13495
13499
13504
13509
13513
13515
13517
13522
13531
13541
13545
13536
13561
13570
13571
13574
13578
13588
13591
13594
13601
13602
13601
13612
13617
13610
13621
13614
13629
13634
13640
13642
13648
13653
13663
13670
13671
13677
13681
13687
13692
13702
13705
13707
13704
13705
13721
13729
13733
13748
13745
13750
13757
13762
13755
13766
13768
13771
13777
13782
13786
13794
13803
13816
13803
13819
13822
13829
13830
13840
13845
13838
13852
13842
13854
13867
13873
13880
13869
13891
13894
13898
13906
13918
13921
13924
13931
13932
13931
13939
13943
13948
13956
13961
13967
13969
13975
13980
13990
13997
14008
14010
14014
14017
14022
14035
14037
14034
14043
14047
14068
14073
14078
14081
14084
14086
14094
14107
14116
14121
14123
14129
14131
14129
14120
14136
14146
14136
14149
14150
14155
14154
14158
14165
14166
14165
14177
14182
14186
14190
14203
14208
14212
14211
14218
14225
14230
14234
14245
14252
14253
14259
14263
14268
14272
14281
14289
14302
14306
14308
14310
14312
14310
14314
14320
14326
14329
14336
14337
14336
14343
14347
14353
14358
14367
14381
14384
14389
14391
14401
14397
14404
14408
14413
14421
14426
14429
14431
14441
14442
14446
14442
14454
14461
14468
14467
14469
14472
14476
14484
14494
14484
14497
14498
14503
14506
14513
14514
14513
14521
14525
14530
14541
14544
14545
14544
14551
14557
14564
14553
14575
14578
14582
14590
14602
14605
14608
14615
14616
14615
14623
14627
14632
14640
14645
14651
14653
14660
14665
14667
14677
14684
14685
14688
14692
14719
14721
14718
14727
14731
14740
14744
14752
14750
14757
14762
14765
14767
14777
14778
14782
14788
14787
14797
14805
14802
14813
14815
14813
14801
14819
14822
14830
14836
14835
14839
14846
14847
14846
14854
14858
14863
14868
14875
14874
14881
14886
14890
14889
14896
14901
14905
14908
14914
14921
14924
14926
14929
14931
14937
14947
14950
14957
14958
14965
14969
14974
14982
14995
14999
15001
15004
15009
15026
15027
15033
15037
15043
15048
15068
15069
15072
15076
15084
15095
15097
15103
15101
15106
15108
15117
15130
15132
15133
15132
15137
15144
15148
15154
15159
15172
15175
15178
15185
15186
15185
15196
15201
15203
15211
15209
15224
15229
15232
15236
15241
15256
15265
15271
15269
15273
15286
15289
15296
15297
15296
15308
15313
15317
15324
15329
15335
15337
15358
15365
15366
15372
15376
15382
15387
15393
15397
15400
15403
15402
15405
15402
15403
15419
15427
15431
15446
15443
15448
15455
15460
15453
15464
15466
15472
15475
15481
15486
15477
15491
15493
15491
15485
15501
15514
15501
15517
15520
15527
15528
15535
15536
15539
15544
15549
15556
15555
15562
15568
15575
15564
15582
15586
15595
15601
15605
15619
15622
15629
15630
15640
15642
15647
15638
15660
15673
15677
15679
15685
15701
15712
15714
15718
15721
15722
15721
15733
15740
15741
15747
15751
15756
15769
15772
15774
15783
15794
15799
15805
15795
15807
15817
15824
15831
15835
15831
15838
15824
15841
15844
15851
15852
15851
15862
15869
15858
15874
15866
15876
15881
15886
15876
15895
15896
15899
15904
15909
15913
15916
15922
15929
15932
15934
15937
15939
15945
15955
15958
15965
15966
15973
15977
15982
15990
16003
16007
16009
16012
16017
16034
16035
16041
16045
16051
16056
16076
16077
16080
16084
16092
16103
16105
16111
16109
16114
16116
16125
16138
16140
16143
16144
16143
16150
16152
16156
16162
16167
16180
16183
16186
16193
16194
16193
16204
16209
16211
16219
16217
16232
16237
16240
16244
16249
16256
16258
16262
16267
16275
16281
16274
16288
16303
16306
16313
16315
16319
16324
16332
16338
16331
16345
16360
16363
16370
16372
16376
16381
16386
16390
16392
16399
16414
16417
16424
16426
16430
16435
16443
16449
16442
16456
16471
16474
16484
16490
16479
16495
16503
16509
16502
16516
16531
16534
16541
16543
16547
16552
16557
16561
16563
16570
16585
16588
16595
16597
16601
16606
16614
16620
16613
16627
16642
16645
16655
16661
16650
16666
16674
16680
16673
16687
16702
16705
16715
16721
16710
16726
16734
16740
16733
16747
16762
16765
16775
16781
16770
16786
16794
16800
16793
16807
16822
16825
16835
16841
16830
16846
16854
16860
16853
16867
16882
16885
16892
16894
16898
16903
16908
16912
16914
16921
16936
16939
16949
16955
16944
16960
16969
16971
16972
16978
16951
16965
16990
16993
17003
17009
16998
17014
17022
17028
17021
17035
17050
17053
17063
17069
17058
17074
17082
17088
17081
17095
17110
17113
17120
17122
17126
17131
17136
17140
17122
17142
17149
17164
17167
17177
17183
17172
17188
17196
17202
17195
17209
17224
17227
17237
17243
17232
17248
17256
17262
17255
17269
17284
17287
17297
17303
17292
17308
17316
17322
17315
17329
17344
17347
17354
17356
17360
17365
17370
17374
17356
17376
17383
17398
17401
17408
17410
17412
17419
17412
17424
17428
17436
17441
17446
17449
17456
17458
17461
17462
17472
17476
17484
17489
17494
17497
17507
17513
17502
17518
17527
17529
17536
17509
17523
17538
17543
17548
17551
17558
17560
17563
17564
17574
17578
17586
17591
17596
17599
17604
17609
17614
17617
17632
17633
17636
17641
17649
17650
17652
17659
17664
17666
17667
17671
17674
17683
17681
17689
17690
17693
17698
17703
17708
17705
17713
17716
17731
17732
17735
17740
17748
17749
17748
17751
17758
17763
17765
17770
17773
17780
17784
17789
17786
17794
17797
17812
17813
17816
17821
17829
17830
17832
17839
17847
17848
17850
17857
17852
17862
17864
17865
17872
17883
17885
17890
17894
17899
17907
17912
17909
17920
17931
17933
17934
17942
17947
17955
17960
17957
17965
17968
17975
17979
17984
17992
18003
18005
18006
18010
18014
18019
18027
18032
18029
18037
18040
18047
18054
18055
18057
18064
18059
18069
18074
18071
18072
18082
18093
18095
18096
18103
18107
18112
19216
19220
19226
19228
6127
19233
19238
19240
19249
19253
19254
19258
19267
19270
19272
19278
19282
19288
19290
19296
19300
6202
19306
19310
19316
19318
19325
19326
19330
19339
19342
19344
19350
19354
6256
19360
19364
19370
19372
19377
19382
19384
19393
19396
19400
19406
19408
6310
19414
19416
19422
19426
19433
19434
19438
19447
19450
19452
19458
19462
6361
19468
19472
19478
19480
19485
19490
19492
19501
19504
19508
19514
19516
6415
19522
19524
19530
19534
19541
19542
19546
19555
19558
19560
19566
19570
6475
19576
19580
19586
19588
19593
19598
19600
19609
19612
19616
19622
19624
6529
19630
19632
19638
19642
19648
19652
19658
19660
6562
19665
19670
19672
19681
19685
19686
19690
19699
19702
19704
19710
19714
19720
19722
19728
19732
6637
19738
19742
19748
19750
19757
19758
19762
19771
19774
19776
19782
19786
6691
19792
19796
19802
19804
19809
19814
19816
19825
19828
19832
19838
19840
6745
19846
19848
19854
19858
19865
19866
19870
19879
19882
19884
19890
19894
6796
19900
19904
19910
19912
19917
19922
19924
19933
19936
19940
19946
19948
6853
19954
19956
19962
19966
19972
19976
19982
19984
6889
19989
19994
19996
20005
20009
20010
20014
20023
20026
20028
20034
20038
20044
20046
20052
20056
6958
20062
20066
20072
20074
20080
20084
20090
20092
6991
20097
20102
20104
20113
20117
20118
20122
20131
20134
20136
20142
20146
20152
20154
20155
20160
20164
7060
20170
20174
20180
20182
20189
20190
20194
20203
20206
20208
20214
20218
7126
20224
20228
20234
20236
20241
20246
20248
20257
20260
20264
20270
20272
7177
20278
20280
20286
20290
20296
20300
20306
20308
7210
20313
20318
20320
20329
20333
20334
20338
20347
20350
20352
20358
20362
20368
20370
20376
20380
7294
20386
20390
20396
20398
20405
20406
20410
20419
20422
20424
20430
20434
7345
20440
20444
20450
20452
20457
20462
20464
20473
20476
20480
20486
20488
7396
20494
20496
20502
20506
20512
20516
20522
20524
7429
20529
20534
20536
20545
20549
20550
20554
20563
20566
20568
20574
20578
20584
20586
20587
20592
20596
7498
20602
20606
20612
20614
20621
20622
20626
20635
20638
20640
20646
20650
7558
20656
20660
20666
20668
20673
20678
20680
20689
20692
20696
20702
20704
7612
20710
20712
20718
20722
20728
20732
20738
20740
7645
20745
20750
20752
20761
20765
20766
20770
20779
20782
20784
20790
20794
20800
20802
20808
20812
7732
20818
20822
20828
20830
20837
20838
20842
20851
20854
20856
20862
20866
7786
20872
20876
20882
20884
20889
20894
20896
20905
20908
20912
20918
20920
7837
20926
20928
20934
20938
20944
20948
20954
20956
7870
20961
20966
20968
20977
20981
20982
20986
20995
20998
21000
21006
21010
21016
21018
21019
21024
21028
7939
21034
21038
21044
21046
21053
21054
21058
21067
21070
21072
21078
21082
8008
21088
21092
21098
21100
21105
21110
21112
21121
21124
21128
21134
21136
8059
21142
21144
21150
21154
21160
21164
21170
21172
8095
21177
21182
21184
21193
21197
21198
21202
21211
21214
21216
21222
21226
21232
21234
21240
21244
8179
21250
21254
21260
21262
21269
21270
21274
21283
21286
21288
21294
21298
8230
21304
21308
21314
21316
21321
21326
21328
21337
21340
21344
21350
21352
8281
21358
21360
21366
21370
21376
21380
21386
21388
8314
21393
21398
21400
21409
21413
21414
21418
21427
21430
21432
21438
21442
21448
21450
21451
21456
21460
8386
21466
21470
21476
21478
21485
21486
21490
21499
21502
21504
21510
21514
8449
21520
21524
21530
21532
21537
21542
21544
21553
21556
21560
21559
21566
21568
8500
21574
21576
21582
21586
21592
21596
21602
21604
8533
21609
21614
21616
21625
21629
21630
21634
21643
21646
21648
21654
21658
21664
21666
21672
21676
8599
21682
21686
21692
21694
21700
21704
21710
21712
8635
21717
21722
21724
21733
21737
21738
21742
21751
21754
21756
21762
21766
21772
21774
21775
21780
21784
8701
21790
21794
21800
21802
21807
21811
21819
21828
21827
21829
21835
21838
21839
21847
21848
21847
21853
21855
21856
21863
21865
21875
21879
21889
21888
21896
21902
21910
21915
21919
21927
21936
21935
21937
21943
21946
21947
21946
21955
21956
21955
21961
21963
21971
21973
21983
21991
21996
22005
22015
22020
22024
22032
22041
22040
22042
22048
22051
22052
22060
22061
22060
22056
22066
22068
22069
22076
22078
22088
22099
22102
22101
22112
22120
22125
22129
22137
22146
22145
22147
22153
22157
9082
22165
22166
22165
22161
22175
22184
22186
22196
22200
22210
22222
22227
22231
22239
22248
22247
22255
22259
9211
22268
22273
22283
22285
22295
22303
22308
22317
22327
22326
22332
22336
22344
22353
22352
22354
22360
22363
22364
22372
22373
22372
22368
22378
22380
22381
22388
22390
22400
22404
22414
22413
22421
22427
22435
22440
22444
22452
22461
22460
22468
22472
9427
22480
22481
22480
22476
22486
22488
22489
22496
22498
22508
22518
22514
22528
22540
22539
22545
22549
22557
22566
22565
22573
22577
9535
22585
22586
22585
22581
22595
22604
22606
22616
22620
22630
22642
22647
22651
22659
22668
22667
22669
22675
22679
9640
22687
22688
22687
22683
22693
22695
22696
22703
22705
22715
22726
22729
22728
22739
22747
22752
22756
22764
22773
22772
22780
22784
9760
22792
22793
22792
22798
22800
9772
22808
22810
22820
22830
22826
22840
22852
22857
22861
22869
22878
22877
22885
22889
9877
22898
22893
22903
22913
22915
22925
22933
22938
22947
22957
22962
22966
22974
22983
22982
22990
22994
9985
23002
23003
23002
22998
23008
23010
23011
23018
23020
23030
23040
23036
23050
23062
23061
23067
23071
23079
23088
23087
23097
23110
23111
23110
23114
23110
23117
23120
23129
23131
23141
23149
23155
23156
23164
23172
23176
23184
23193
23194
23200
23202
23212
23213
23208
23212
23208
23218
23220
23221
23228
23230
23236
23240
23251
23254
23263
23251
23272
23274
23278
23286
23295
23294
23302
23306
23314
23315
23310
23314
23320
23323
23322
23330
23332
23342
23350
23355
23368
23367
23376
23380
23388
23397
23396
23404
23408
10414
23416
23417
23412
23416
23412
23422
23424
23432
23434
23440
23444
23452
23457
23466
23476
23475
23481
23485
23493
23502
23501
23503
23509
23513
23521
23522
23517
23521
23517
23527
23529
23530
23537
23539
23549
23554
23567
23572
23583
23587
23595
23604
23603
23611
23615
10639
23623
23624
23619
23623
23629
23631
23639
23641
23651
23655
23665
23664
23672
23680
23688
23692
23700
23709
23708
23710
23716
23720
23728
23729
23724
23728
23734
23737
23736
23744
23746
23756
23764
23769
23782
23790
23794
23802
23811
23810
23818
23822
10867
23830
23831
23826
23830
23836
23838
23846
23848
23854
23858
23866
23871
23880
23890
23889
23895
23899
23907
23916
23915
23917
23916
23923
23927
10972
23935
23936
23931
23935
23941
23943
23951
23953
23963
23967
23977
23976
23984
23992
24000
24004
24012
24021
24020
24030
24031
24043
24044
24039
24043
24039
24049
24051
24052
24059
24061
24071
24077
24075
24085
24100
24105
24109
24117
24126
24125
24133
24137
11209
24145
24146
24141
24145
24141
24151
24153
11218
24161
24163
24173
24179
24187
24192
24198
24208
24207
24213
24217
24225
24234
24233
24235
24241
24245
24253
24254
24249
24253
24249
24259
24261
24269
24271
24281
24286
24295
24286
24296
24310
24312
24320
24337
11590
24351
24358
24370
24377
24392
24395
24397
24395
24406
24401
24421
24425
24428
24433
24425
24428
24435
24437
24445
24458
24461
24463
24461
24472
24467
24487
24494
24509
24512
24514
24512
24523
24518
24538
24549
24556
24565
24584
24601
24605
24620
24637
24657
24670
24686
24685
24697
24709
24725
24730
24732
24740
24766
24785
24792
24814
24816
24827
24829
24838
24847
24861
24885
24888
24901
24907
12460
24919
24924
24946
24958
24962
24970
24977
24991
24997
24999
25009
25018
25024
25045
25048
25050
25063
25066
1708
25071
25086
25104
25115
25117
25135
25151
25169
25171
25179
25195
25205
25215
25220
25229
25231
25240
25244
25246
1771
25254
25259
25256
25264
25284
25301
25336
25337
25336
25351
25356
12796
25364
25372
25374
25409
25411
25429
25438
25442
25451
25459
25466
25477
25479
25511
25515
25528
25539
25542
25555
25561
12997
25573
25578
25595
25597
25600
25624
25648
25654
25656
25666
25677
25690
25729
25735
25748
25765
25769
25777
25784
25801
25818
25840
25842
25852
25858
25867
25870
25879
25885
25891
25912
25915
25917
25930
25933
1951
25938
25953
25971
25982
25984
26002
26018
26036
26038
26046
26062
26072
26082
26087
26096
26098
26107
26111
26113
2014
26121
26126
26123
26131
26151
26168
26203
26204
26203
26218
26223
13495
26231
26239
26241
26243
26245
26267
26265
26269
26293
26305
26309
26321
26326
26357
26368
26398
26404
26442
26443
26471
26479
26483
26485
26490
26512
26523
26547
26566
13798
26581
26586
26606
26630
26638
26656
26667
26710
26722
26732
26749
26785
26805
26818
26834
26833
26860
26899
26908
26911
26926
26936
2230
26943
26967
26977
26983
26992
26995
27004
27013
27017
27034
27042
27070
27073
27075
27080
27088
27096
27120
27123
27136
27145
27149
27160
27178
27174
27181
27183
27194
27201
27189
27211
27215
27225
27187
27249
27261
27278
27289
27292
27296
27297
27298
27307
27320
27337
27342
27361
27367
27377
27388
27397
27401
27406
27418
27431
27439
27452
27493
27505
27515
27523
27525
27527
27552
27554
27552
27556
27586
27601
27605
27617
27670
27689
27722
27721
27743
27745
27757
27763
27784
27790
27793
27810
27831
27855
27871
27877
27886
27889
27898
27907
27911
27937
27944
27958
27975
27993
27996
28009
28018
28022
28033
28051
28047
28061
28101
28117
28122
14965
28130
28138
28142
28150
28152
28143
28177
28181
28192
28198
28200
28206
28204
28252
2587
28269
28288
28318
28330
28332
28363
28369
28378
28381
28390
28400
28410
28420
28444
28465
28469
28474
28505
28516
28530
28537
28556
28565
2680
28585
28616
28624
28628
28630
28635
28657
28668
28696
28705
28720
28732
28745
28769
28771
28795
28806
28846
28858
28865
28883
28886
28894
2800
28901
28915
28925
28934
28935
28942
28946
28935
28944
28961
28963
2815
28972
28966
28976
28993
29029
29047
29058
29076
29080
29095
29113
29125
29130
29137
29161
29157
29169
2878
29173
29185
29204
29251
29256
29282
29322
29338
29341
29343
29348
15973
29356
29363
29371
29373
29364
29398
29402
29413
29419
29421
29427
29425
29473
2956
29490
29509
29539
29551
29553
29584
29590
29599
29602
29611
29621
29631
29641
29665
29687
29689
29707
29712
29722
29729
29734
29737
29738
29737
29743
29747
12235
29752
29760
29764
29772
29776
29782
29784
29792
29798
29799
29803
29809
29814
29832
29844
29851
29859
29866
29879
29884
29888
3073
29899
29902
29906
29914
29916
29920
29922
29912
29933
29949
29956
29958
29954
29959
29975
12529
29981
29983
29989
29993
30001
30003
30009
29999
30021
30020
30025
30023
30036
30043
30045
30041
30046
30070
30073
30081
30091
30095
30100
30103
30104
30103
30109
30113
12568
30117
30120
30124
30135
30139
30145
30147
30155
30162
30166
30151
30172
30161
30174
30185
3151
30196
30199
30203
30211
30213
30217
30219
30209
30230
30246
30251
30253
30277
30280
30288
30298
30302
30307
30310
30312
30316
30324
30327
30331
30342
30346
30352
30354
30362
30363
30367
30373
30378
30392
13234
30398
30400
30406
30410
30418
30420
30426
30416
30438
30437
30442
30440
30453
30460
30462
30458
30463
30475
30476
30475
30481
30485
13273
30489
30492
30496
30507
30511
30517
30519
30527
30533
30534
30538
30544
30549
30565
30574
30577
30589
30594
30601
30614
30619
30623
30628
30634
30636
30640
30644
30651
30655
30661
30663
30671
30676
30683
30688
30692
30684
30691
30694
30705
30718
30733
30736
30747
30757
30761
30766
30773
13681
30779
30781
30787
30791
30799
30801
30807
30797
30818
30830
30834
30839
30841
30847
30852
30859
30866
30868
30874
30878
30886
30888
30892
30894
30884
30905
30913
30920
30924
30931
30933
30929
30934
30937
30952
30967
30975
30985
30989
30994
30999
31003
31006
30999
31011
31015
31019
31026
31030
31036
31038
31046
31058
31059
31063
31080
31094
31096
31102
31106
31114
31116
31122
31112
31133
31135
31133
31146
31153
31155
31151
31156
31170
31171
31189
31192
31197
31207
31214
31219
31223
31229
31231
31238
31240
10276
31229
31238
10276
31243
31247
31251
31255
31261
31263
31271
31276
31283
31288
31292
31284
31291
31294
31305
31316
14431
31318
31325
31327
31325
10171
31333
31337
31341
31345
31351
31353
31364
31365
31369
31375
31383
31394
14476
31400
31402
31408
31412
31420
31422
31428
31418
31439
31444
31442
31451
31455
31462
31464
31460
31465
31468
31483
31492
31501
31512
31519
31529
31534
31538
31544
31553
31555
9181
31544
31553
9181
31558
31562
31570
31573
31575
31581
3490
31592
31597
31601
31593
31600
31603
31614
31627
31633
31642
31653
31663
31670
31675
31679
31681
31687
31691
31699
31701
31707
31697
31718
31730
31734
31741
31743
31739
31744
31747
31757
31759
31765
31769
31774
31776
31794
31798
31794
9238
31805
31809
31816
31818
31814
31819
31822
31831
31840
31849
31852
31860
31870
31877
31882
31886
31892
31901
31892
31903
31892
10063
31901
10063
31906
31910
31914
31918
31924
31926
31943
31948
31952
31944
31951
31954
31965
31975
31982
31984
31982
9397
31990
31994
31998
32002
32008
32010
32018
32030
32035
32039
32031
32038
32041
32052
32060
32065
32074
32083
32088
32095
32105
32110
32117
14692
32123
32125
32131
32135
32143
32145
32151
32141
32163
32162
32167
32165
32177
32181
32186
32188
32194
32204
15076
32210
32212
32218
32222
32230
32232
32238
32228
32249
32254
32252
32261
32265
32272
32274
32270
32275
32278
32291
32303
32305
32303
10837
32311
32315
32319
32323
32329
32331
32345
32346
32350
32356
32364
32377
32386
32400
32407
32417
32422
32426
32435
32437
32435
9505
32449
32453
32457
32461
32467
32469
32477
32482
32489
32494
32498
32490
32497
32521
32527
32536
32539
32547
32557
32564
32569
32582
32584
32590
32594
32602
32604
32608
32610
32600
32621
32636
32640
32647
32649
32645
32650
32653
32661
32668
32675
32677
32683
32687
32695
32697
32701
32703
32693
32714
32722
32730
32735
32737
32758
32761
32773
32778
32785
32798
32803
32808
32812
32815
32808
32820
32824
32828
32835
32839
32845
32847
32855
32867
32872
32876
32868
32875
32878
32889
32897
32902
32908
32910
32914
32918
32925
32929
32935
32937
32945
32950
32957
32962
32966
32958
32965
32968
32979
32987
32992
33001
33015
33025
33032
33037
33044
15376
33050
33052
33058
33062
33070
33072
33078
33068
33090
33089
33105
33110
33112
33128
15751
33134
33136
33142
33146
33154
33156
33162
33152
33173
33185
33189
33196
33198
33194
33199
33202
33215
33218
33230
33232
33230
11179
33238
33242
33246
33253
33264
33265
33275
33276
33280
33286
33294
33307
33316
33333
33340
33353
33358
33362
33368
33377
33379
9847
33368
33377
9847
33382
33386
33394
33397
33399
33405
3946
33416
33421
33425
33417
33424
33427
33438
33451
33466
33480
33490
33494
33499
33503
33505
33511
33515
33523
33525
33531
33521
33542
33554
33558
33565
33567
33563
33568
33571
33581
33583
33589
33593
33598
33600
33616
33618
33622
33618
9904
33629
33633
33640
33642
33638
33643
33646
33655
33664
33673
33676
33684
33694
33701
33706
33710
33716
33725
33727
11071
33716
33725
11071
33730
33734
33738
33742
33748
33750
33767
33772
33776
33768
33775
33778
33789
33799
33806
33808
33806
9955
33814
33818
33822
33826
33832
33834
33842
33854
33859
33863
33855
33862
33865
33876
33884
33889
33898
33907
33912
33919
33929
33934
33938
4093
33949
33952
33956
33964
33966
33970
33972
33962
33983
33999
34004
34006
34022
16084
34028
34030
34036
34040
34048
34050
34056
34046
34067
34072
34070
34079
34083
34090
34092
34088
34093
34096
34109
34121
34123
34121
10384
34129
34133
34137
34141
34147
34149
34163
34164
34168
34174
34182
34207
34215
34225
34229
34234
34238
34244
34252
10498
34250
34244
34258
34262
34270
34273
34275
34281
4174
34293
34297
34279
34303
34292
34305
34321
34330
34339
34347
34357
34361
34366
34368
34375
34382
34384
34390
34394
34399
34400
34405
34401
34410
34411
34415
34417
34426
34428
34433
34440
34445
34447
34453
34458
34465
34472
34474
34480
34484
34489
34490
34495
34491
34500
34501
34507
34513
34515
34520
34527
34532
34534
34540
34548
34549
34567
34570
34575
34585
34592
34597
34601
34607
34615
10609
34613
34607
34621
34625
34633
34636
34638
34644
4264
34655
34660
34664
34656
34663
34666
34674
34685
34690
34699
34703
34705
34717
34720
34722
34728
4282
34740
34744
34726
34750
34739
34752
34765
34780
34791
34801
34805
34810
34814
4318
34825
34828
34832
34837
34839
34843
34854
34864
11356
34860
34854
34866
34871
34878
34883
34885
34891
34898
34904
34912
11293
34910
34904
34918
34922
34930
34933
34935
34941
4339
34953
34957
34939
34963
34952
34965
34974
34981
34988
34990
34996
35000
35005
35006
35011
35007
35016
35017
35021
35023
35032
35034
35039
35046
35051
35053
35059
35064
35068
35074
35066
35076
35067
35080
35084
35083
4372
4375
35085
35086
35084
35085
35092
4381
4382
35096
35091
35092
4381
35095
35096
35091
35100
35101
4372
4375
35104
35105
35100
4375
35110
4384
35111
4382
35112
35111
4382
35113
4382
4381
35120
35122
35125
35128
35074
35118
35074
35132
35123
35134
35080
35132
35136
35138
35140
35143
35150
35141
35152
35156
35158
35161
35154
35164
35146
35156
35136
35154
35143
35138
35161
35154
35166
35157
35170
35150
35141
35172
35176
35182
35174
35184
35175
35188
35192
35191
4390
4393
35193
35194
35192
35193
35200
4402
4398
4399
35204
35199
35200
4402
35203
35204
35208
35209
4390
4393
35212
35213
35208
35218
4398
4399
35219
35220
4399
35219
4402
35221
35219
35228
35230
35236
35182
35226
35182
35240
35231
35242
35188
35246
35248
35244
35251
35254
35256
35260
35258
35263
35246
35244
35256
35244
35248
35258
35256
35260
35248
35256
35266
35254
35268
35272
35275
35278
35270
35280
35271
35284
35288
35287
4408
4411
35289
35290
35288
35289
35296
4420
4416
4417
35300
35295
35296
4420
35299
35300
35304
35305
4408
4411
35308
35309
35304
35314
4416
4417
35315
35316
4416
35315
4420
35296
35317
35315
4420
35324
35326
35329
35332
35278
35322
35278
35336
35327
35338
35284
35336
35280
35342
35344
35347
35340
35350
35352
35343
35356
35358
35362
35365
35360
35368
35342
35350
35358
35340
35342
35347
35360
35340
35347
35365
35347
35372
35374
35352
35376
35380
35383
35386
35378
35388
35379
35392
35396
35395
4426
4429
35397
35398
35396
35397
35404
4435
4436
4438
35408
35403
35404
4435
35407
35408
35403
35412
35413
4426
4429
35416
35417
35412
35422
4436
4438
35423
35424
4436
35423
4435
35425
35423
4435
35432
35434
35440
35386
35430
35444
35435
35446
35388
35448
35452
35455
35450
35458
35462
35464
35468
35470
35473
35466
35476
35448
35458
35468
35448
35450
35466
35450
35455
35473
35450
35478
35482
35484
35488
35494
35486
35496
35487
35500
35504
35503
4444
4447
35505
35506
35504
35505
35512
4456
4452
4453
35516
35511
35512
4452
35515
35516
35520
35521
4444
4447
35524
35525
35520
35530
4453
35531
35532
35531
4452
35512
35533
35531
35540
35542
35545
35548
35494
35538
35494
35552
35543
35554
35500
35558
35560
35563
35556
35566
35568
35559
35572
35574
35578
35576
35581
35558
35566
35574
35556
35558
35563
35576
35556
35563
35578
35563
35584
35568
35586
35590
35593
35596
35588
35598
35589
35602
35606
35605
4462
4465
35607
35608
35606
35607
35614
4474
4470
4471
35618
35613
35614
4474
35617
35618
35613
35622
35623
4462
4465
35626
35627
35622
35632
4470
4471
35633
35634
4470
35633
4474
35635
35633
4474
35642
35644
35647
35650
35596
35640
35596
35654
35645
35656
35598
35660
35662
35665
35658
35668
35660
35670
35674
35676
35678
35680
35683
35686
35658
35660
35665
35676
35658
35665
35683
35676
35678
35690
35681
35692
35674
35690
35694
35698
35701
35704
35696
35706
35697
35710
35714
35713
4480
4483
35715
35716
35714
35715
35722
4489
4490
4492
35726
35721
35722
4489
35725
35726
35721
35730
35731
4480
4483
35734
35735
35730
35740
4490
4492
35741
35742
4490
35741
4489
35743
35741
4489
35750
35752
35758
35704
35748
35762
35753
35764
35706
35766
35770
35768
35773
35776
35780
35782
35778
35785
35766
35773
35780
35766
35768
35770
35778
35768
35770
35782
35770
35788
35790
35794
35800
35792
35802
35793
35806
35810
35809
4498
4501
35811
35812
35810
35811
35818
4510
4506
4507
35822
35817
35818
4510
35821
35822
35826
35827
4498
4501
35830
35831
35826
35836
4506
4507
35837
35838
4507
35837
4510
35839
35837
35846
35848
35854
35800
35844
35800
35858
35849
35860
35806
35864
35866
35869
35862
35872
35874
35865
35878
35880
35884
35887
35882
35890
35864
35880
35862
35869
35882
35862
35887
35894
35896
35874
35898
35902
35905
35908
35900
35910
35901
35914
35918
35917
4516
4519
35919
35920
35918
35919
35926
4528
4524
4525
35930
35925
35926
4528
35929
35930
35925
35934
35935
4516
4519
35938
35939
35934
35944
4524
4525
35945
35946
4524
35945
4528
35947
35945
4528
35954
35956
35959
35962
35908
35952
35908
35966
35957
35968
35910
35972
35974
35977
35970
35980
35972
35970
35982
35986
35988
35995
35990
35998
35970
35972
35977
35988
35990
35995
35998
35977
35988
36002
36004
35986
36006
36010
36016
36008
36018
36009
36022
36026
36025
4534
4537
36027
36028
36026
36027
36034
4543
4544
36038
36033
36034
4543
36037
36038
36033
36042
36043
4534
4537
36046
36047
36042
4537
36052
4546
36053
4544
36054
36053
4544
36055
4544
4543
36062
36064
36067
36070
36016
36060
36016
36074
36065
36076
36022
36074
36078
36080
36082
36085
36092
36083
36094
36098
36100
36103
36096
36106
36088
36098
36078
36096
36085
36080
36103
36096
36108
36099
36112
36092
36083
36114
36118
36124
36116
36126
36117
36130
36134
36133
4552
4555
36135
36136
36134
36135
36142
4564
4560
4561
36146
36141
36142
4564
36145
36146
36141
36150
36151
4552
4555
36154
36155
36150
36160
4560
4561
36161
36162
4560
36161
4564
36163
36161
36170
36172
36175
36178
36124
36168
36124
36182
36173
36184
36130
36182
36188
36190
36186
36193
36188
36196
36198
36202
36200
36205
36186
36188
36198
36186
36190
36200
36198
36202
36198
36208
36196
36210
36214
36217
36220
36212
36222
36213
36226
36230
36229
4570
4573
36231
36232
36230
36231
36238
4582
4578
4579
36242
36237
36238
4578
36241
36242
36246
36247
4570
4573
36250
36251
36246
36256
4579
4582
36257
36258
36257
4578
36238
36237
36259
36257
4578
36266
36268
36271
36274
36220
36264
36220
36278
36269
36280
36222
36226
36278
36284
36286
36289
36282
36292
36294
36285
36298
36300
36304
36307
36302
36310
36284
36292
36300
36282
36284
36289
36302
36282
36289
36307
36289
36314
36316
36294
36318
36322
36325
36328
36320
36330
36321
36334
36338
36337
4588
4591
36339
36338
36340
36338
36339
36346
4597
4598
4600
36350
36345
36346
4597
36349
36350
36345
36354
36355
4588
4591
36358
10573
36359
36354
4591
36364
4598
4600
36365
36366
4598
36365
4597
36346
36367
36365
4597
36345
36346
36374
36376
36379
36382
36328
36372
36328
36386
36377
36388
36330
36334
36386
36330
36394
36397
36400
36390
36392
36404
36410
36412
36415
36408
36418
36400
36392
36390
36397
36410
36408
36415
36418
36397
36400
36410
36420
36411
36424
36406
36420
36426
36430
36433
36436
36428
36438
36429
36442
36446
36445
4606
4609
36447
36448
36446
36447
36454
4618
4614
36458
36453
36454
4618
36457
36458
36453
36462
36463
4606
4609
36466
36467
36462
4606
36472
4615
36473
4614
36474
36473
4614
36475
4614
36482
36484
36487
36490
36436
36480
36436
36494
36485
36496
36442
36498
36502
36498
36505
36500
36498
36502
36510
36512
36514
36517
36520
36505
36498
36510
36517
36512
36520
36505
36510
36524
36526
36508
36524
36528
36532
36535
36538
36530
36540
36531
36544
36548
36547
4624
4627
36549
36550
36548
36549
36556
4636
4632
4633
36560
36555
36556
4636
36559
36560
36555
36564
36565
4624
4627
36568
36569
36564
36574
4632
4633
36575
36576
4632
36575
4636
36577
36575
36584
36586
36592
36538
36582
36596
36587
36598
36540
36602
36604
36607
36600
36610
36602
36612
36603
36618
36620
36625
36628
36600
36602
36607
36618
36600
36607
36625
36632
36634
36616
36632
36636
36640
36643
36646
36638
36648
36639
36652
36656
36655
4642
36657
36658
36656
36657
36664
4651
4652
36667
36668
36663
36664
36667
4651
36672
36673
4645
4642
36676
36677
36672
4642
36682
4654
36683
36684
36683
4652
36685
36683
4651
36692
36694
36697
36700
36646
36690
36646
36704
36695
36706
36648
36704
36648
36708
36710
36712
36715
36722
36724
36722
36730
36733
36726
36728
36736
36718
36708
36726
36728
36715
36733
36738
36729
36742
36722
36713
36744
36748
36751
36754
36746
36756
36747
36760
36764
36763
4660
4663
36765
36766
36764
36765
36772
4672
4668
4669
36776
36771
36772
4672
36775
36776
36780
36781
4660
4663
36784
36785
36780
36790
4668
4669
36791
36792
4668
36791
4672
36793
36791
36800
36802
36808
36754
36798
36754
36812
36803
36814
36760
36818
36820
36823
36816
36826
36828
36819
36832
36834
36838
36841
36836
36844
36818
36834
36816
36823
36836
36841
36848
36839
36850
36828
36832
36848
36852
36856
36859
36862
36854
36864
36855
36868
36872
36871
4678
4681
36873
36874
36872
36873
36880
4690
4686
4687
36884
36879
36880
4690
36883
36884
36888
36889
4681
36892
36893
36888
36898
4686
4687
36899
36900
4686
36899
4690
36901
36899
36908
36910
36916
36862
36906
36920
36911
36922
36864
36926
36928
36931
36924
36934
36936
36927
36940
36942
36946
36949
36944
36952
36926
36942
36924
36944
36949
36924
36931
36956
36958
36936
36960
36964
36967
36970
36962
36972
36963
36976
36980
36979
4696
36981
36982
36980
36981
36988
4705
4706
36991
36992
36987
36988
36991
4705
36996
36997
4699
37000
37001
36996
4696
37006
4708
37007
37008
37007
4706
37009
37007
4705
37016
37018
37021
37024
36970
37014
36970
37028
37019
37030
36976
37028
36972
37032
37034
37036
37039
37046
37048
37046
37050
37054
37057
37050
37052
37060
37042
37032
37052
37039
37050
37057
37062
37053
37066
37046
37037
37036
37068
37072
37075
37078
37070
37080
37071
37084
37088
37087
4714
4717
37089
37090
37088
37089
37096
4726
4722
4723
37100
37095
37096
4726
37099
37100
37104
37105
4717
37108
37109
37104
37114
4723
37116
37115
4726
37096
37117
37116
37124
37126
37132
37078
37122
37078
37136
37127
37138
37084
37142
37144
37147
37140
37150
37152
37143
37156
37158
37162
37165
37160
37168
37142
37150
37158
37142
37160
37140
37165
37172
37163
37174
37152
37172
37176
37180
37183
37186
37178
37188
37179
37192
37196
37195
4732
4735
37197
37198
37196
37197
37204
4744
4740
4741
37208
37203
37204
4744
37207
37208
37212
37213
4732
4735
37216
37217
37212
37222
4740
4741
37223
37224
4740
37223
4744
37225
37223
37232
37234
37240
37186
37230
37244
37235
37246
37188
37250
37252
37255
37248
37258
37260
37251
37264
37266
37268
37270
37273
37268
37276
37250
37266
37248
37255
37273
37268
37248
37280
37282
37260
37284
37288
37291
37294
37286
37296
37287
37300
37304
37303
4750
4753
37305
37304
37306
37304
37305
37312
4759
4760
4762
37316
37311
37312
4759
37315
37316
37311
37320
37321
4750
4753
37324
11374
37325
37320
4753
37330
4760
4762
37331
37332
4760
37331
4759
37333
37331
4759
37312
37340
37342
37345
37348
37294
37338
37294
37352
37343
37354
37296
37300
37352
37296
37360
37363
37366
37356
37370
37372
37378
37381
37374
37384
37366
37358
37363
37376
37356
37366
37358
37374
37356
37381
37358
37363
37386
37377
37390
37372
37386
37392
37396
37399
37402
37394
37404
37395
37408
37412
37411
4768
4771
37413
37414
37412
37413
37420
4780
4776
37424
37419
37420
4780
37423
37424
37419
37428
37429
4768
4771
37432
37433
37428
4768
37438
4777
37439
4776
37440
37439
4776
37441
4776
4780
37448
37450
37453
37456
37402
37446
37402
37460
37451
37462
37408
37460
37464
37468
37464
37466
37471
37466
37464
37468
37474
37476
37478
37483
37486
37466
37464
37476
37483
37478
37486
37466
37476
37490
37492
37474
37490
37494
37498
37501
37504
37496
37506
37497
37510
37514
37513
4786
4789
37515
37516
37514
37515
37522
4798
4794
4795
37526
37521
37522
4798
37525
37526
37521
37530
37531
4786
4789
37534
37535
37530
37540
4794
4795
37542
37541
4794
4798
37543
37542
37550
37552
37558
37504
37548
37504
37562
37553
37564
37568
37570
37573
37566
37576
37568
37578
37569
37582
37584
37586
37588
37591
37594
37566
37568
37573
37584
37566
37573
37591
37598
37600
37582
37598
37589
37605
37631
37648
37652
37654
37684
37700
37711
37720
37721
37727
4934
37752
37762
37789
37798
37821
37837
37825
37847
37858
37879
37917
37921
37936
37951
37955
37978
37987
38006
38017
38021
38029
38034
38038
38045
38056
38065
38066
38079
38080
38086
38092
38115
38131
38127
38138
38152
38119
38174
5162
38194
38218
38239
38246
38257
38278
38316
38320
38335
38350
38354
38377
38383
13426
38402
38413
38417
38430
38434
38442
38452
38456
38458
38488
38512
38510
38518
38521
38522
38533
38531
38545
38560
38569
38578
38587
38596
38624
38632
38641
38620
38646
38650
5440
38689
38722
38729
5450
38737
38761
38763
38754
38778
26965
38782
38775
38788
38797
38833
38845
38854
38859
38861
38859
38867
38889
38909
38929
38937
38951
38953
38956
38944
38965
38969
38993
39025
39042
39046
39051
39055
5638
39094
39110
39119
39110
39128
39136
39140
39128
39153
5646
39160
39174
27853
39178
39193
39229
39237
39239
39237
39253
39272
39319
39328
39347
39335
39363
39376
39394
39301
39403
39435
39438
39435
39451
39430
39456
39472
39499
39515
39527
39550
39548
39562
39577
39586
39595
39604
39613
39641
39658
39637
39663
39665
39663
39680
39720
39722
39727
39739
39754
39758
39746
39781
39787
39792
39799
39811
39709
39853
39862
39868
39872
39890
39937
39946
39965
39953
39981
39994
40012
39919
40021
40053
40056
40053
40069
40048
40074
40078
40084
40076
40086
40094
40095
40099
40097
40108
40103
40113
40117
40105
40112
40132
40136
40134
40142
40150
40154
40162
40164
40171
40185
40193
40208
40207
40213
40220
40221
40225
40218
40234
40230
40240
40228
40236
40244
40254
16339
40255
40261
40267
40271
40269
40278
40282
40288
40280
40290
40304
40305
40309
40302
40318
40314
40324
40312
40320
40328
40332
40339
40347
40354
40349
40362
16282
40363
40369
40385
40390
40399
40403
40400
40409
40410
40414
40412
40423
40418
40428
40432
40420
40427
40448
40447
40453
40459
40463
40461
40469
40477
40482
40488
40492
40498
40490
40500
40507
40514
40520
40521
40525
40518
40534
40530
40540
40528
40536
40544
40548
40555
40570
40575
40576
40582
40598
40603
40612
40616
40613
40622
40623
40627
40625
40636
40631
40641
40645
40633
40640
40661
40660
40666
40672
40676
40674
40682
40695
40701
40705
40711
40703
40715
40716
40720
40713
40729
40725
40735
40723
40731
40739
40743
40750
40758
40765
40760
40773
16450
40774
40780
40796
40801
40810
40814
40811
40820
40821
40825
40823
40834
40829
40839
40843
40831
40838
40859
40858
40864
40869
40871
40873
40881
40889
40890
40894
40892
40903
40898
40908
40912
40900
40907
40924
40928
40926
40934
40948
40952
40960
40962
40969
40978
40980
40977
40988
41003
16489
41002
41008
41015
41016
41020
41013
41029
41025
41035
41023
41031
41039
41052
41053
41059
41065
41069
41075
41077
41067
41088
41092
41098
41090
41100
41107
41114
41116
41120
41121
41125
41118
41134
41130
41140
41128
41136
41144
41148
41165
41166
41170
41181
16510
41182
41188
41201
41212
41216
41217
41221
41219
41230
41225
41235
41239
41227
41234
41246
41247
41251
41261
41260
41266
41272
41276
41274
41282
41289
41293
41299
41291
41301
41308
41315
41321
41322
41326
41319
41335
41331
41341
41329
41337
41345
41349
41353
41354
41358
41363
41358
41372
41374
41377
41372
41379
16621
41380
41386
41402
41407
41417
41418
41422
41420
41431
41426
41436
41440
41428
41435
41447
41462
16660
41461
41467
41472
41476
41482
41474
41484
41492
41493
41497
41495
41506
41501
41511
41515
41503
41510
41521
41528
41530
41533
41537
41535
41543
41551
41556
41564
41569
41581
41585
41582
41589
41596
41605
41621
41620
41626
41633
41634
41638
41631
41647
41643
41653
41641
41649
41657
41670
16681
41671
41677
41682
41684
41686
41694
41702
41703
41707
41705
41716
41711
41721
41725
41713
41720
41730
41743
41747
41745
41753
41762
41767
41783
41787
41803
41813
16720
41812
41818
41825
41826
41830
41823
41839
41835
41845
41833
41841
41849
41855
41856
41860
41868
16801
41869
41875
41881
41885
41883
41891
41901
41903
41905
41915
41916
41920
41913
41929
41925
41935
41923
41931
41939
41943
41947
41948
41952
41957
41952
41966
41968
41971
41966
41973
16741
41974
41980
41996
7162
42000
7165
42011
42012
42016
42014
42025
42020
42030
42034
42022
42029
42039
42043
42050
16840
42049
42055
42060
42062
42064
42072
42080
42081
42085
42083
42094
42089
42099
42103
42091
42098
42113
42115
42118
42122
42120
42131
42136
42142
42145
42149
42146
42153
42163
42179
16780
42178
42184
42191
42192
42196
42189
42205
42201
42211
42199
42207
42215
42219
42234
42235
42241
42247
42251
42249
42257
42273
42275
42277
42285
42305
42306
42310
42303
42319
42315
42325
42313
42321
42329
42333
42340
42348
42355
42350
42363
16861
42364
42370
42383
42388
42398
42399
42403
42401
42412
42407
42417
42421
42409
42416
42428
42429
42442
42446
42445
42451
42456
42458
42460
42468
42476
42477
42481
42479
42490
42485
42495
42499
42487
42494
42511
42515
42513
42521
42529
42534
42542
42559
42561
42577
42587
42550
42588
42592
42602
16954
42601
42607
42614
42615
42619
42612
42628
42624
42634
42622
42630
42638
42645
42649
42654
17029
42655
42661
42668
42675
42677
42679
42689
42690
42694
42687
42703
42699
42709
42697
42705
42713
42717
42721
42722
42726
42731
42726
42740
42742
42745
42740
42747
42748
42751
42756
42760
42761
42776
42781
42791
42792
42796
42794
42805
42800
42810
42814
42802
42809
42821
42836
17068
42835
42841
42846
42848
42850
42858
42866
42867
42871
42869
42880
42875
42885
42889
42877
42884
42899
42901
42904
42908
42913
42906
42916
42920
42928
42930
42937
42946
42948
42945
42956
42971
17008
42970
42976
42983
42984
42988
42981
42997
42993
43003
42991
42999
43007
43020
43021
43027
43033
43037
43043
43045
43035
43059
43061
43063
43071
43091
43092
43096
43089
43105
43101
43111
43099
43107
43115
43119
43126
43134
43141
43136
43149
17089
43150
43156
43169
43174
43184
43185
43189
43187
43198
43193
43203
43207
43195
43202
43219
43223
43222
43228
43233
43235
43237
43245
43253
43254
43258
43256
43267
43262
43272
43276
43264
43271
43281
43294
43298
43296
43304
43313
43318
43334
43338
43354
43364
17182
43363
43369
43376
43377
43381
43374
43390
43386
43396
43384
43392
43400
43406
43407
43411
43419
17263
43420
43426
43432
43436
43442
43444
43434
43452
43454
43456
43466
43467
43471
43464
43480
43476
43486
43474
43482
43490
43494
43498
43499
43503
43508
43503
43517
43519
43522
43517
43524
17203
43525
43531
43547
8044
43551
8047
43562
43563
43567
43565
43576
43571
43581
43585
43573
43580
43590
43594
43601
17302
43600
43606
43611
43615
43621
43613
43623
43631
43632
43636
43634
43645
43640
43650
43654
43642
43649
43664
43666
43669
43673
43671
43682
43687
43693
43696
43700
43697
43704
43714
43730
17242
43729
43735
43742
43743
43747
43740
43756
43752
43762
43750
43758
43766
43782
43783
43789
43795
43799
43797
43805
43821
43823
43825
43833
43853
43854
43858
43851
43867
43863
43873
43861
43869
43877
43881
43888
43896
43903
43898
43911
17323
43912
43918
43931
43936
43946
43947
43951
43949
43960
43955
43965
43969
43957
43964
43976
43977
43990
43994
43993
43999
44004
34198
44015
44016
44020
44018
44029
44024
44034
44038
44026
44033
44044
44048
44046
44057
44062
44081
44085
44092
44104
44106
44103
44119
44123
44122
44128
44132
44127
44138
44139
44143
44136
44152
44148
44158
44146
44154
44162
44175
44176
44179
44184
44188
44189
44194
44198
44196
44205
44209
44215
44207
44217
44234
44235
44239
44232
44248
44244
44254
44242
44250
44258
44262
44269
44277
44284
44279
44292
44293
44296
44301
44302
44305
44306
44321
44326
44342
44348
44349
44353
44351
44362
44357
44367
44371
44359
44366
44384
17512
44383
44389
44394
44396
44398
44406
44414
44415
44419
44417
44428
44423
44433
44437
44425
44432
44443
44450
44455
44459
44457
44465
44473
44478
44486
44491
44510
44514
44521
44535
44548
44552
44551
44557
44561
44556
44566
44570
44571
44575
44568
44584
44580
44590
44578
44586
44594
44604
44605
44608
44613
44614
44617
44618
44622
44626
44632
44624
44634
44642
44643
44647
44645
44656
44651
44661
44665
44653
44660
44672
44677
44681
44679
44687
44695
44700
44708
44713
44732
44736
44743
44755
44757
44754
44770
44774
44773
44779
44783
44778
44789
44790
44794
44787
44803
44799
44809
44797
44805
44813
44826
44827
44830
44835
44839
44840
44846
44859
44860
44862
44881
44884
8743
44889
44895
44905
12181
44854
12181
44910
44917
44911
44923
44928
44938
44945
44950
44956
44959
44963
44962
44966
44963
44972
44973
44977
44992
35125
45001
45008
45010
35136
45013
45025
35179
35172
45027
45034
35248
45037
45044
45052
45058
45060
45061
45069
45079
8911
45082
45089
45090
45103
45052
45115
45118
45120
45130
45136
12364
45130
45148
45154
45158
45157
45161
45158
45167
45168
45172
45183
45187
35071
35064
45199
45201
45204
45208
35154
35161
45008
45214
45203
45221
45226
35324
35329
45233
45236
45238
35365
45241
45234
45251
45259
45265
45267
45268
45270
45286
45289
8965
45294
45300
45310
45259
45315
45322
45328
45333
45343
45350
45355
45361
45364
45368
45367
45371
45368
45377
45378
45382
45393
45397
35437
45409
45416
45418
35473
45421
45433
35491
35484
45435
45442
35578
45445
45452
45460
45466
45468
45469
45471
45487
45490
9073
45497
45498
45517
45525
45535
45547
45553
45557
45556
45560
45557
45566
45567
45571
45582
45586
35586
35593
45598
45600
45603
45607
35658
45613
45602
45620
45625
35545
45632
45635
45637
35578
45640
45633
45653
45650
45655
45682
45685
9193
45692
45693
45711
45724
45738
45732
45754
45770
45771
45775
45786
45790
35268
35275
45802
45804
45811
35365
45814
45819
45823
35233
35227
45833
45835
35248
45838
45845
45853
45859
45861
45862
45864
45880
45883
45888
45894
45904
45853
45909
45916
45922
45927
45937
45944
45949
45955
45958
45962
45961
45965
45962
45971
45972
45976
45987
45991
35755
46003
46010
46012
35782
46015
46027
35797
35790
46029
46036
35869
46039
46049
46046
46051
46078
9463
46081
46088
46089
46110
46120
46127
46138
46141
46145
46144
46148
46145
46154
46155
46159
46174
35694
35701
46183
46185
46192
35782
46195
46202
46203
46207
35959
46213
46202
46220
46222
35998
46225
46235
46232
46237
46264
46267
9517
46274
46275
46296
46306
46312
14782
46306
46324
46330
46334
46333
46337
46334
46343
46344
46348
46359
46363
35898
35905
46375
46377
46380
46381
35992
46384
35998
46390
46397
46398
46402
35851
46412
46415
46417
35869
46036
46420
46430
46438
46444
46446
46447
46449
46465
46468
9631
46473
46479
46495
46503
46513
46520
46525
46531
46534
46538
46537
46541
46538
46547
46548
46552
46562
46567
36067
46579
46586
46588
46591
46603
36121
36114
46605
46612
36190
46615
46625
46622
46627
46637
46636
46650
46660
9805
46663
46670
46671
46684
46686
46627
46696
46702
46707
46717
46729
46735
46739
46738
46742
46739
46748
46749
46753
46764
46768
36013
36006
46780
46782
46785
46789
36096
36103
46586
46795
46784
46803
46807
36271
46814
46817
46819
36307
46822
46815
46835
46832
46837
46864
46867
9859
46874
46875
46899
46893
46923
46917
46939
46958
46959
46963
46974
46978
36210
36217
46990
46992
46999
36307
47002
47007
47011
36175
36169
47021
47023
36190
47026
47036
47033
47038
47065
10021
47068
47075
47076
47098
47106
47116
47122
13513
47116
47126
47125
47137
47140
47144
47143
47147
47144
47153
47154
47158
47173
35376
35383
47182
47184
47191
35473
47194
47201
47206
35647
47216
47218
35658
47221
47231
47228
47233
47260
10129
47263
47270
47271
47297
47309
47308
47311
47308
47320
47326
47330
47331
47335
47350
36318
36325
47359
47361
47368
36418
47371
47378
47383
36487
47393
47395
36505
47398
47408
47405
47410
23200
47424
47434
10234
47437
47444
47445
47470
47478
47488
47503
47506
47509
47513
47512
47516
47513
47522
47523
47527
47538
47542
36426
36433
47549
47557
47559
47566
36510
36520
47393
47569
47576
47577
47581
36589
47594
47596
36600
36618
47599
47609
47606
47611
47638
10342
47641
47648
47649
47671
47679
47704
47710
47713
47717
47718
47722
47733
47707
47737
36636
36643
47749
47751
47758
36728
47764
47753
47771
47776
36805
36799
47786
47788
36823
36816
47791
47784
47804
47801
47806
47823
47833
10456
47836
47843
47844
47865
47875
47887
47896
47900
47899
47903
47909
47910
47914
47925
47929
36744
36751
47941
47943
47950
36816
36841
47956
47945
47963
47964
47968
36913
47981
47983
36924
36931
47986
47979
47996
48004
48013
48017
48021
48031
10567
48034
48039
48045
48063
48073
48079
48073
48103
48116
48115
48128
48126
48131
48136
48049
48146
48147
48151
36374
36320
36379
48164
48172
48176
48179
48181
36418
48184
48177
48195
48199
36528
36535
48204
48207
48208
48211
36618
36600
48217
48206
48204
48227
48224
48229
48246
48256
10681
48259
10621
48264
48270
48289
48297
48307
48319
48329
48328
48332
48329
48341
48339
48344
48349
48274
48359
48364
36692
36697
48376
48383
48385
36708
36733
48383
48388
48381
48396
48400
36852
36859
48405
48412
36924
48415
48407
48422
48430
48436
48438
48439
48441
48457
48460
48467
48468
48483
48493
48499
15799
48493
48512
48523
48527
48526
48530
48527
48536
48537
48541
48549
48553
36960
36967
48565
48567
48574
37039
37052
48580
48569
48567
37039
48587
48588
48592
37129
37123
48605
48607
37147
37160
37165
48610
48603
48614
48623
48620
48625
48642
48652
10909
48655
48662
48663
48684
48694
48706
48715
48719
48718
48722
48728
48729
48733
48744
48748
37068
37075
48760
48762
48769
37165
48775
48764
48782
48783
48787
37237
48800
48802
37255
37248
48805
48798
48815
48823
48831
48832
48843
48853
11029
48856
48861
48874
48823
48886
48891
48901
48913
48923
48922
48926
48923
48935
48933
48938
48943
48871
48953
48958
37016
37021
48970
48977
48979
37032
37050
48977
48982
48975
48990
48994
37176
37183
48999
49006
48802
49009
49001
49019
49016
49021
49048
11137
49051
49058
49059
49082
28771
49080
49081
49092
49112
49111
49117
49111
49126
49132
49135
49139
49140
49144
49159
37284
37291
49168
49170
49177
37358
49180
49189
37453
49196
49198
37466
49201
49211
49208
49213
49240
11251
49243
49250
49251
49273
49276
49277
49276
49284
49294
49309
49315
49319
49318
49322
49319
49328
49329
49333
49344
49348
37392
37399
49360
49362
49369
37476
37486
49196
49372
49384
37555
49391
49393
37566
37584
49396
49389
49403
49411
49420
49424
49428
49438
11368
49441
49446
49452
49470
49480
49498
49506
15824
49510
49517
49515
49520
49525
49456
49535
49536
49540
37340
37286
37345
49553
49554
49567
49571
49574
49576
37358
49177
49579
49572
49590
49594
37494
37501
49599
49602
49606
37584
37566
49612
49601
49652
49653
49657
49663
49666
49670
49678
49666
49680
49685
49680
49681
49684
49680
49681
49690
49689
49693
49694
49708
49710
49719
12310
49723
49728
49721
49758
49765
49768
49772
49777
49780
49768
49782
49783
49787
49782
49786
49782
49783
49792
49791
49795
12496
49796
49802
1708
49807
49813
49827
49837
49841
49846
49834
49849
49851
49856
49851
49852
49855
49851
49861
49860
49864
49865
49860
49879
49883
49905
49912
49915
49919
49921
49924
49915
49910
49926
49927
49931
49930
49926
49935
49936
49935
49940
49954
49956
49980
49987
49990
49994
49999
50002
49990
50004
50005
50009
50004
50008
50004
50005
50014
50013
50017
13051
50018
50050
13171
50055
50062
50065
50069
50077
50065
50079
50084
50079
50080
50083
50079
50080
50089
50088
50092
50093
50099
1951
50104
50110
50124
50134
50138
50143
50131
50146
50148
50153
50148
50149
50152
50148
50158
50157
50161
50162
50157
50176
50180
50205
50212
50215
50219
50221
50224
50215
50210
50226
50227
50231
50230
50226
50235
50236
50235
50240
50258
13636
50264
50265
50275
50278
50282
50287
50290
50278
50273
50292
50297
50292
50293
50296
50292
50302
50301
50305
50306
50362
50366
50370
50377
50381
50386
50374
50389
50391
50392
50396
50391
50392
50395
50392
50400
50404
50405
50400
50433
50440
50443
50447
50452
50455
50443
50457
50458
50462
50457
50461
50457
50466
50467
50466
50470
50471
50485
14200
50518
50512
50526
50530
50541
50551
50554
50558
50563
50566
50554
50568
50573
50568
50569
50572
50568
50578
50577
50581
50582
50586
14257
50605
50617
50625
50632
50635
50639
50647
50635
50649
50650
50654
50653
50649
50659
50658
50662
50663
50667
50670
50684
50700
50707
50710
50714
50716
50719
50710
50721
50722
50726
50721
50725
50721
50730
50731
50730
50735
50763
50770
50773
50777
50782
50785
50773
50787
50788
50792
50787
50791
50787
50797
50796
50800
50801
50807
50812
50810
50818
50830
50839
50842
50844
14725
50853
50865
32808
50874
50884
50887
50891
50899
50887
50901
50902
50906
50901
50905
50901
50902
50911
50910
50914
50915
50925
50932
50936
50938
50929
50941
50943
50944
50948
50943
50947
50944
50952
50957
50952
50964
15031
50968
15169
50966
50981
2587
51021
51028
51031
51035
51043
51031
51045
51046
51050
51049
51045
51054
51055
51054
51058
51059
51065
15331
51072
51079
51082
51086
51091
51094
51082
51096
51097
51101
51096
51100
51096
51097
51106
51105
51109
51110
51118
51127
51137
51169
51173
51177
51184
51188
51193
51181
51196
51198
51203
51198
51199
51202
51198
51207
51211
51212
51207
51222
51229
51233
51238
51226
51241
51243
51248
51243
51244
51247
51243
51252
51256
51257
51252
51271
51282
51301
51312
15889
51330
51337
51340
51344
51352
51340
51354
51355
51359
51354
51358
51354
51364
51363
51367
51368
51378
51385
51389
51394
51382
51397
51399
51400
51404
51399
51403
51400
51408
51412
51413
51408
51420
16039
51424
16177
51422
51437
2956
51477
51484
51487
51491
51499
51487
51501
51502
51506
51505
51501
51510
51511
51510
51514
51515
51523
51531
51538
51523
51547
51562
51547
51567
51571
51573
51577
51582
51604
51619
51604
51628
51636
51646
51628
51655
51657
51665
51679
51655
51683
51661
51690
51697
51706
51724
51706
51733
51741
51751
51733
51760
51778
51760
51787
51805
51787
51814
51816
51824
51838
51814
51842
51820
51847
51862
51880
51862
51889
51907
51889
51916
51926
51934
51942
51952
51934
51961
51979
51961
51988
52006
51988
52015
52023
52029
52033
52035
52048
52033
52052
52039
52056
52060
52062
52075
52060
52079
52066
52087
52102
52087
52107
52111
52113
52126
52111
52130
52117
52139
52134
52144
52154
52159
52164
52169
52164
52182
52194
52199
52194
52204
52212
52224
52229
52237
52242
52247
52252
52260
17773
52277
52272
52282
52292
52297
52302
52307
52302
52322
52327
52332
17872
52356
17920
52386
17992
52416
52421
52429
52434
18082
52446
