288
395
718
783
1776
1968
3244
3647
3905
4404
7477
7731
11126
13649
13788
16117
16857
22037
22324
23036
24114
24179
24565
24936
25607
25819
26074
26952
27890
28328
29879
30182
30193
30945
31707
33842
34332
37548
37820
39302
39370
40911
41916
43337
43434
44271
44343
46461
46998
48120
48266
50435
50682
52096
52324
53739
54057
56748
57539
59005
60198
61325
62305
62504
63431
63634
65199
66551
68045
68357
68902
69540
70006
73611
76158
76388
76494
76747
77069
77412
77517
78384
80320
80490
80745
80792
81560
81585
84289
86476
86768
87063
87827
88204
89443
90747
91334
91851
92833
93114
94535
94568
95845
96993
97031
97342
97445
98163
98794
99174
99786
100475
101545
103876
103992
104175
105431
105601
106127
106502
106548
107512
107651
108289
108617
109074
109517
110513
111836
113320
113490
114327
114950
114961
115317
116437
117423
117495
118460
119700
119910
121070
121651
122501
126211
127004
127129
127246
127548
128826
129097
129826
131829
132661
133277
134935
135555
137511
139989
142868
143219
143380
144703
144987
145423
145521
145983
146012
146238
146278
146771
147675
147991
148736
148969
150018
150456
150526
150537
150654
150945
151059
151244
151670
152163
152200
152337
153093
154321
155225
156236
157206
157403
159054
160019
160332
160349
160539
160545
161570
161631
161705
162638
162647
163171
163370
163416
163726
164042
164135
165348
165402
165546
165936
166395
167106
167371
167856
170042
170203
171060
173079
173440
173658
173865
174719
175175
