2
20
30
31
48
58
113
111
118
130
132
157
179
190
191
217
221
245
266
314
331
332
371
397
400
413
428
440
460
471
473
485
495
510
522
531
548
559
575
608
609
614
619
628
316
630
675
697
703
727
732
759
777
790
792
806
821
822
830
884
890
902
918
926
929
944
945
950
962
987
995
1010
1015
1026
1031
1055
1060
621
619
1109
1131
1155
1205
1220
1258
1298
1306
1330
1369
1389
1403
924
1404
1428
1450
1142
1452
1458
1466
1474
1482
1492
1501
1515
1519
1574
1587
1592
1610
1619
942
1631
1642
1648
1653
1678
1688
1730
1733
1731
1771
1782
1771
1790
1817
1852
1859
1903
1911
1918
1934
1939
1945
1960
1978
1984
1988
2005
2009
2039
2074
2088
2095
2111
2118
2181
2183
2181
2189
2203
2221
2233
2229
2244
2247
2255
2257
2265
2266
2272
2283
2286
2290
2294
2295
2302
2311
2323
2388
2391
2396
2408
2429
2434
2436
1892
2455
2461
2479
2485
2486
2491
2490
2501
2499
2507
2510
2532
2546
2549
2552
2559
2611
2620
2619
2627
2628
2637
2651
2742
2747
2757
2777
2783
2797
2816
2832
2837
2841
2835
2880
2895
2908
2916
2982
3008
3022
3029
3030
3033
3047
3053
3069
3083
3086
3092
3100
3114
3119
3132
3139
3149
3153
3162
3177
3192
3207
3219
3251
3255
3276
3291
3314
3329
3353
3355
3359
3386
3390
3403
3459
3507
3534
3549
3554
3555
3564
3565
3569
3595
3612
3615
3627
3634
3658
3662
3668
3677
3691
3713
3722
3745
3749
3778
3808
3832
3843
3875
3882
3896
3908
3926
3972
3634
3976
3981
4011
4029
4065
3587
4078
4082
4094
4103
4104
4119
4121
4150
4169
4167
4204
4281
4287
4331
4360
4379
4381
4397
4405
4410
4412
4421
4429
4163
4462
4491
4505
4506
4512
3917
4518
4528
4577
4585
4602
4609
4643
4685
4717
4725
4731
4734
4741
4766
4769
4770
4776
4781
4785
4809
4806
4827
4845
4847
4845
4857
4863
4868
4877
4916
4932
4945
4989
4990
4998
5037
5137
5151
4008
5177
5220
5245
5307
5312
5351
5379
5403
4806
5407
5433
5456
5454
5470
5539
5553
5569
5585
5599
5606
5621
5648
5037
5656
5688
5744
5781
1688
5787
5802
5803
5815
4643
5822
5827
5845
5860
5890
5896
5934
5947
5950
5975
5974
5980
5981
5994
6009
6023
6036
6061
6076
6081
6092
6129
6141
6162
6166
6189
6202
6204
6226
6240
6244
6264
6272
6287
6286
6293
6320
6325
6347
6349
6354
6365
6364
6378
6383
6401
6406
6402
6417
6443
6489
5570
6511
6515
6516
6517
6516
6539
6544
6568
6587
6597
6633
6665
6688
6701
6704
6717
6745
6763
6765
6790
6824
6856
6859
6903
6912
6924
6925
6986
7015
7029
7037
7044
7049
7067
7068
7072
7077
7087
7099
7106
7124
7131
7135
7151
7154
7156
7167
7186
529
7212
7218
7233
7274
7320
7324
7327
7370
7371
7373
7378
7385
7397
7400
7406
7409
7421
7427
7438
7437
7443
7449
7454
7463
7466
7470
7503
7523
7562
7567
7577
7578
7593
7609
7613
7639
7666
7690
7707
7733
7746
7754
7782
7814
7821
7833
7857
7869
7876
7890
7909
7918
7946
7236
7974
7994
7998
8008
8047
8057
8060
8071
8075
8080
8099
8094
8133
8138
8148
8152
8170
8207
8211
8210
8224
8210
8211
8245
8265
8300
8312
8311
8344
8343
8356
8361
8377
8386
8410
8448
8471
8467
8502
8519
8530
8555
8579
8577
8603
8602
8635
8647
8649
8658
8702
8710
8726
8727
8729
8727
8768
8771
8811
8854
8864
8911
8910
8914
8915
8955
8960
8977
8981
8995
9010
9012
9070
9068
9073
9078
9113
9117
9122
9123
9158
9190
9197
9248
9294
9299
9326
9333
9355
9356
9372
9399
9416
9419
9431
4674
9439
9442
9443
9449
9465
9469
9473
9485
9491
9495
9522
9535
9550
9526
9560
9567
9605
9627
9649
9664
9686
9692
9711
9728
9736
9800
9823
9843
9847
9857
9869
9871
9994
10028
10040
10060
10068
10084
10099
10104
10160
10191
10197
10210
10246
10267
10282
10286
10310
10340
10394
10413
10417
10438
10437
10448
10466
10483
10492
10495
10546
10554
10559
10570
10579
10612
10623
10694
10714
10720
10725
10732
10776
10786
10799
10805
10816
10825
10849
10876
10886
10888
10894
10895
10948
10966
10969
10970
10974
10982
10990
10991
10998
11007
11010
11039
11051
11070
11075
11077
11079
11099
11113
11124
11152
11154
11161
11204
10057
11230
11240
11244
11248
11256
11277
10158
11329
11333
11331
11337
11347
11413
11420
11430
11437
11456
11485
11496
11498
11507
11539
11555
11560
11566
11590
11598
11605
11613
11617
11635
11642
11650
11652
11656
11662
11669
11673
11678
11677
11706
11713
11718
11723
11760
11772
11779
11794
11803
11809
11814
11830
11869
10912
11892
11915
11928
11942
11955
11960
11975
12009
12017
12058
12097
12109
12127
12165
12176
11650
12189
12254
12261
12272
12284
12305
12383
12386
12408
12426
12434
12486
12488
12500
12502
12507
12528
12548
12558
12581
12580
12592
12603
12607
12618
12639
12645
12666
12710
12733
12750
12751
12786
12800
12807
12820
12832
12842
12845
12868
12888
12899
12913
12916
12918
12922
12958
12969
12974
12981
12989
12991
12998
13026
13046
13056
13059
13063
13110
13115
13131
13138
13154
13158
13168
13173
13213
13222
13250
13259
13265
13270
13272
13293
13291
13317
13336
13393
13419
13429
13440
13479
13492
13508
13512
13545
13554
13566
13586
13609
13646
13650
13653
13670
13691
13694
13696
13708
13716
13730
13728
13742
13750
13754
13758
13766
13806
13808
13806
12980
13838
13895
13915
13919
13926
13980
13994
13999
14017
14018
14017
14021
14036
14040
14073
14084
14089
14081
14096
14100
14101
14137
14141
14166
14187
14190
14216
14224
14227
14233
14247
14270
14275
14280
14313
14321
14328
14331
14333
14342
14361
14371
14352
14400
14416
14469
14478
14502
14520
14522
14520
13499
14547
14557
14562
14564
14562
14599
14619
14622
14633
14638
14650
14663
14691
14705
14724
14733
14768
14778
14843
14869
14848
14871
14879
14890
14904
14921
14927
14946
14953
14970
14977
14986
15007
15022
15041
15063
15071
15080
15087
15090
15102
15115
15124
14096
15133
15144
15167
15168
15192
15209
15225
15244
15247
15249
15252
15261
15263
15261
15288
15289
15288
15309
15319
15343
15355
15367
15390
15406
15418
15442
15447
15454
15456
15462
15506
15533
15566
15571
15574
15575
15599
14575
15634
15660
15659
15667
15672
15680
15695
15700
15704
15712
15725
15787
15795
15804
15820
15825
15833
15844
15859
15884
15885
15895
15897
15905
15929
15937
15947
15960
15981
15991
16007
16009
16012
16028
16040
16067
16076
16091
16107
16139
16156
16199
16198
16244
16278
16300
16349
16357
16365
10437
16396
16401
16407
16431
16441
16453
16464
16487
16496
16499
16501
16512
16531
16549
16583
16595
16609
16640
16649
16675
16694
16697
16713
16718
16730
16742
16751
16756
16775
16819
16828
16832
16833
16866
16931
16933
16982
16979
16985
16991
16997
17001
17007
17042
17052
15973
17068
17070
17089
17105
17108
17110
17135
17182
17193
17207
17249
17255
17262
17276
16116
17277
17278
17314
17327
17330
17339
17347
17348
17347
17358
17376
17387
17410
17418
17437
17439
17449
17450
17454
17489
17501
17504
17505
10438
10437
17513
17512
17526
17539
17595
17613
17635
17683
17684
17705
17709
17744
17765
17799
17818
17853
17868
17931
17942
17957
17974
17984
17996
17999
18046
18073
18075
18087
18092
18101
18129
18134
18164
18171
18216
18231
18247
18260
18263
18266
18270
18325
18328
18330
18357
18364
18369
18388
18407
18416
10437
10438
18432
18434
18445
18446
18448
18449
18448
18455
18497
18527
18573
18590
18593
18605
17548
18604
18617
18621
18630
18685
18733
18742
18823
18826
18845
18866
18864
18905
18908
18909
18915
18923
18928
18949
18976
18978
19023
19032
19033
19040
19043
19046
19053
19071
19096
19115
19117
19123
19139
19145
19159
19160
19196
19209
19223
19244
19264
19290
19295
19296
19297
19319
19334
19343
19366
19368
19389
19470
19474
19490
19513
19515
19531
19535
19539
19591
19602
19676
19702
19708
19711
19722
19727
19736
19749
19767
19769
19776
19792
19817
19834
19833
19881
19900
17023
19915
19954
19973
19976
19989
19997
20006
20020
20039
20041
20050
20039
20054
20083
20111
20128
20130
20135
19023
20143
20149
20171
20170
20188
20199
20204
20226
20269
20282
20318
20334
20335
20342
20371
20401
17182
20408
20430
20431
20438
20461
20465
20479
20502
20508
20524
20551
20560
20574
20588
20598
20608
20642
20651
20657
20658
20669
20707
20730
20732
20749
20753
20755
20763
20764
20763
20774
20772
20783
20793
20797
20819
20849
20879
20889
20908
20957
20764
20962
21011
21026
21028
21034
21050
21064
21095
21140
21149
21162
21176
21217
21239
21253
21256
21279
21293
21295
21373
21379
21396
21398
21396
21415
21425
21428
21458
21463
21484
21497
21499
21526
21529
21551
21553
21584
21604
21617
21646
21658
21678
21684
21695
21712
21716
21743
21746
21760
21788
21791
21823
21834
21838
21854
21856
21858
21890
21955
21957
21970
21976
21996
22009
22024
22029
22035
22043
22049
22093
22100
22133
22151
22155
22174
22181
22184
22208
22233
22238
22237
22274
22299
22331
22336
22350
22354
22358
22401
22410
22436
22444
22495
22500
22505
22528
22534
22537
22544
22570
22575
22590
22611
22638
22657
22660
22676
22710
22714
22720
21762
22742
22748
22755
22763
22767
22779
22791
22800
22801
22810
22816
22821
22824
22838
22841
22844
22854
22868
22891
22290
22893
22919
22920
22926
22931
22959
22976
22997
22996
23021
23022
23029
23054
23064
23081
23085
23098
23102
23103
23107
23124
23129
23177
23179
23181
23197
23201
23203
23212
23217
23222
22799
23225
23230
23234
22458
23260
23309
23320
23331
23375
23412
23436
23450
23455
23458
23472
23488
23499
23508
23513
23517
23527
23543
23549
23570
23573
23576
23593
23620
23652
23667
23680
23702
23741
23758
23788
23835
23847
23860
23878
23882
23884
23900
23930
23954
23957
23960
23967
23970
23975
23978
23980
24007
24038
24041
24059
24107
24106
24111
24114
24120
22955
24159
24171
24177
24196
24198
24206
24222
24257
24265
24304
24324
24338
24354
24371
22533
22534
24384
24444
24445
24509
24513
24528
24529
24528
24543
24554
24557
24561
24573
24613
24615
24643
24649
24671
24731
24747
24757
24768
24775
24778
22596
24792
24788
24799
24827
24842
24850
24871
24884
24919
24921
24963
24983
24984
24997
25018
25024
25030
24017
25036
25039
25047
25059
25108
25146
25212
25217
25251
22271
25255
25259
25281
25290
25293
25296
23230
25314
25317
25336
25340
25355
25366
25430
25448
25458
25463
25486
25508
25507
25525
25541
25591
25596
25600
25609
25619
25625
25660
25667
25708
25716
25725
25740
25765
25794
25808
25824
25825
25840
25845
25853
25856
25857
25868
25872
25885
25900
25907
25941
25945
25953
25957
25963
25972
25980
25984
26003
26025
26037
26083
26090
26122
26127
26193
26201
26210
26216
26241
26275
26303
26320
26342
26359
26415
26414
26441
26442
26496
26502
26517
26511
26522
26517
26511
26523
26553
26554
26572
26625
26639
26645
26678
26685
26687
26703
26708
26733
26743
26766
26794
26825
26882
26912
26916
26929
26933
19689
26955
26958
26966
27001
27031
27036
27038
27098
25897
27105
27130
27156
27165
27208
27226
27271
27282
27301
27313
27323
27333
27360
27372
27382
27378
27401
27393
27428
27532
27548
27547
27550
27574
27584
27601
27603
27617
27632
27667
27704
27723
27731
27781
27816
27824
27823
27834
27843
27851
27872
27895
27898
27915
27948
27969
27988
27990
28023
28033
28040
28046
28067
28078
28081
28089
28165
28173
28184
28191
28209
28210
28215
28226
28259
28267
28291
28293
28304
28319
28338
28349
28357
26956
26958
28363
28375
28385
28386
28391
28410
28417
28420
28433
28438
28526
28553
28570
28575
28583
28631
28640
28652
28679
28678
28702
28720
27397
28727
28750
28753
28755
28772
28778
28788
28826
28840
28841
28878
28882
28645
28646
28884
28888
28905
28910
28943
28965
28972
28976
28972
28984
28999
29033
29042
29084
29086
29089
29080
29111
29124
29128
29161
26083
29173
29176
29222
29219
29238
29255
29283
29285
29292
29308
29330
29337
29341
29356
29367
29387
29404
29408
28171
29409
29421
29424
29437
29494
29509
29543
29545
29556
29585
29607
29709
29735
29764
29794
29814
29819
29851
29857
29866
3699
29878
29881
29928
29931
29967
29999
30010
30039
30042
30067
30103
30131
30136
30139
30173
30269
30274
30304
30306
30326
30360
30403
30405
30443
30446
30556
30565
30588
30592
30610
30633
30691
30710
30732
30331
30742
30746
30748
30763
30777
30791
30842
30845
30859
30867
30884
30891
7498
30894
30911
30915
30926
30925
30947
30951
30955
30983
30160
30990
31001
31007
31030
31042
31017
31104
31125
31150
31152
31171
31181
31182
31239
31276
31288
31330
31341
31344
31360
31376
31380
31415
31424
31442
31448
31466
31483
31491
31495
31520
31516
31533
31577
31590
31595
31616
31617
31639
31641
31644
31641
31654
31667
31672
31692
31700
31718
31727
31728
31742
31752
31767
31789
31790
31789
31791
31816
31843
31868
31871
31889
31919
31923
31934
31958
32015
32036
32045
32046
32066
32075
30990
32113
32115
32127
32157
32161
32157
32197
32207
32219
32232
32250
32263
32276
32289
32293
32305
32321
32342
32356
32364
32380
32390
32400
32404
32408
32424
32430
26558
32449
32470
32484
32492
32494
32497
32500
32507
32524
32556
32560
32591
32620
14208
14210
32627
32671
32680
32693
32707
32766
32785
32793
32831
32850
32857
32883
32893
32908
32907
32933
32945
32954
32970
32971
32980
32982
33005
33072
33118
33124
33172
33175
33178
33209
33227
33243
33244
33248
33280
33330
33338
33353
33362
33368
33373
33387
33388
33387
33396
33402
33408
30880
33428
33446
33455
33461
33480
33491
33535
33534
33539
33548
33596
33606
33636
33637
33652
33668
33674
33680
33683
33686
33694
33726
33749
33781
33783
33843
33857
33871
33914
33915
33945
33960
33968
33986
34012
34047
34077
34109
34111
26703
34114
34173
34186
34200
18089
34209
34215
34230
34253
34282
34295
34300
34308
34322
34334
34352
34364
34366
34386
34421
34448
34492
34549
34552
34590
34591
34590
34644
34661
34669
9439
34671
34708
33381
34714
34781
34803
34808
34813
34853
34921
34927
34935
34939
34990
35001
35019
35059
35068
35085
35132
35152
35164
35172
35197
35205
35231
35236
35254
35257
13880
35274
35278
35298
35305
35359
35380
35389
35413
35440
35441
35443
35491
35526
35542
35554
35568
35585
35658
35661
35683
35690
35705
35710
35726
35725
35744
35759
35790
35803
35837
35861
35885
35886
35917
35925
35977
35990
36023
35389
36058
36065
36079
36091
36092
36100
36114
36117
36177
36206
36212
36225
36240
36242
36240
36267
36276
36279
36359
36370
36376
36381
36389
36418
36421
36435
36461
36469
36470
36502
36522
36526
36561
36613
24041
36640
36654
36704
36706
36728
36768
36780
36783
36807
36842
36845
36863
36870
36874
36908
36916
36925
36955
36963
36970
37005
37029
37036
37073
37075
37087
37094
37136
37145
37177
37184
37193
37224
37293
37351
37377
37435
37444
37469
28165
37484
37497
37507
37514
37535
37534
37539
37608
37617
37677
37712
37715
37725
37749
37755
37770
37794
37795
37794
37821
37864
37921
37928
37940
37949
37986
37402
37999
38005
38015
38005
38020
38032
38040
38052
38068
38072
38109
38121
38213
38231
38240
38263
38271
38354
38364
38392
38395
38427
4491
38466
38484
38502
38501
38510
38542
38617
38624
38630
38647
38672
38679
38683
38708
38711
38727
38783
38849
38851
38872
38877
38883
38905
38914
38927
37534
38929
38932
38937
38941
38953
38986
39018
39022
39039
39071
39072
39076
39084
39153
39158
39159
39153
39182
39184
39189
39196
39224
39285
39291
39326
39347
39373
39377
39391
39395
39457
39469
39473
39517
39544
39575
39582
39614
39631
39628
39653
39662
39683
39701
39733
39747
39754
39756
39760
39801
39806
39822
39829
39834
39855
39856
39858
39887
39908
39927
38502
39958
39973
40046
40085
40106
40117
40120
40173
40224
40240
40241
40284
40336
40345
40373
40387
40394
40418
40461
40466
40497
40520
40527
40520
40537
560
40584
40619
40620
40643
40683
40711
40722
40743
40747
40759
40774
40776
40787
40834
40837
40840
40847
40863
40873
40879
40893
40910
40922
31064
40958
40997
41003
41013
41041
41052
41059
41061
41120
41121
41159
41178
41191
41196
41222
41237
41247
41318
41372
41389
41408
41434
41455
41470
40030
41530
41550
41551
41554
41560
41579
41588
41593
41618
41624
41641
41653
41656
41673
41678
41680
41679
41686
41744
41748
41751
41761
41793
41801
41805
41813
41817
41822
41845
41861
41881
41894
41917
41928
41942
41953
41974
41978
41992
41997
42004
42007
42015
42024
42037
42064
42085
42122
42141
42159
42168
42185
42209
42223
42265
8810
42271
42274
42282
42308
42316
42361
39510
42419
42422
42446
7960
42445
42476
42488
42501
42512
42520
42530
42542
42544
42550
42594
42620
42625
42633
42640
42650
41303
42666
42674
42683
42693
41338
42708
42711
42723
42744
42754
42757
42769
42828
42834
42858
42860
42868
42860
42863
42889
42911
42917
42926
42924
42938
42940
42952
42961
42967
42980
43000
43011
43027
43069
43077
43118
43139
43144
43174
43180
43186
43197
3377
43206
43218
43238
43266
43284
43300
43314
43345
43392
43395
43419
43430
43437
43441
43457
43492
43506
43537
43545
43548
43559
43563
43576
42520
43633
43671
43685
43692
43745
43773
43787
43793
43847
5843
43872
43880
43901
43909
43935
43940
44004
44009
44016
44021
44040
44042
44062
44069
44073
44086
44118
44146
44149
44164
44169
44212
44218
44239
44249
44259
44291
44305
44322
44378
44398
44447
44462
44474
44475
44486
44485
44487
44494
44486
44485
44503
44528
44526
44530
44545
44582
44615
44618
44631
44663
44691
44696
44701
44722
44794
44848
44890
44925
44934
44944
44954
44957
44963
44982
45018
45059
45144
45177
45196
45209
45237
45246
45268
45271
45288
45323
45344
45351
45401
45418
45417
45454
45487
45493
45497
45533
45541
45559
44270
45562
45631
45643
45649
45648
45657
45713
45749
45777
45794
45796
45808
45862
45876
45884
45918
45929
45940
45981
46000
46012
46014
46024
46028
46030
46037
46056
46062
46077
46090
46106
46131
46153
46184
46194
46201
46242
46270
46274
44748
46294
46311
46316
46319
46355
46359
46364
46373
46381
46398
46417
46459
46477
46486
45013
46498
46532
46543
46554
46579
46601
46707
46786
46792
46819
46835
46852
46917
46932
46946
46947
46964
46986
47011
47043
47050
47067
47068
47007
47067
47085
47124
47126
47124
47147
47180
47183
47180
47186
47209
47212
47229
47241
47267
47293
47332
47350
47357
47372
47380
47384
45922
47408
47428
47442
47465
47472
47476
47489
47505
47528
47536
47542
47557
47575
47557
47583
47607
47619
47616
47632
47639
46177
47685
47686
47701
47706
47711
47717
47730
47733
47734
47743
47748
47760
47773
47815
47827
47870
47885
47890
47891
47962
47957
47965
47972
47982
47995
48015
48022
48051
48058
48078
48096
48141
48160
48232
48256
48264
48278
48285
48298
48313
48356
48370
48402
48403
48422
48431
48451
48455
48468
48474
48503
48520
48529
48538
48553
48594
48618
48649
48661
48679
48689
48713
48751
48760
26025
48779
48791
48822
48830
48837
48848
47332
48861
48872
48892
48916
48949
48953
48955
48961
49046
49078
47298
49094
49100
49112
49156
49159
49158
49167
49173
49198
49199
49233
49256
49291
49326
49361
49372
49423
49430
49483
49499
49526
49538
49559
49560
49573
49582
49601
49615
49625
49664
49704
49720
49748
49787
49793
49817
49815
49847
49860
49922
49930
49938
49962
49968
50018
50025
50088
50077
50117
50120
50128
50144
50151
50153
50162
50170
50176
50182
50189
50211
50222
50229
50242
50244
50261
50287
50300
50303
50309
50330
50356
50352
50364
50377
50376
50390
50399
50404
50409
50421
50441
50444
50451
50488
50490
50536
50567
50578
50584
50593
50597
50599
50623
50628
50631
50651
50666
50683
50701
50708
50724
50729
50743
50774
50780
50806
50807
50806
50864
50869
50883
50893
50938
50940
50968
50976
51031
51030
51033
51043
51084
51111
51137
51169
51181
51194
51268
51274
51276
51280
51313
51315
51322
51326
51322
51350
51362
51374
51413
51432
51448
51465
51475
32335
32293
51482
51496
51510
51517
51524
51535
51550
51562
51624
51654
51657
51671
51732
51742
51746
51754
51798
51807
49938
51817
51839
51858
51866
51872
51873
51886
51900
51901
51911
51932
51953
50242
51946
50242
51964
51968
51973
51988
52000
52026
52053
52108
52119
52145
52163
52191
52202
52242
52249
52296
52304
52341
52353
52358
52366
52386
52393
52394
52422
52429
52459
52466
52468
52493
52508
52516
52568
52587
52596
52605
52667
52690
52708
52763
52828
52830
52840
52845
52863
52953
52960
52969
52973
52992
53014
53057
53072
53088
53092
53099
53138
53153
53155
53157
53195
53208
51696
53238
53248
53317
53361
53372
53325
53383
53425
53426
53425
53449
53494
53518
53527
53632
53641
53643
53657
53673
53677
53693
53714
53712
53732
53739
53748
53752
53756
53775
53783
53786
53796
53841
52390
53898
52233
53921
52279
53922
53923
53930
53931
53943
53957
54011
54024
54058
54074
54085
54121
54127
54149
54158
54162
54175
54188
54193
54201
54260
54263
54264
54257
54270
54265
54271
54294
54298
54321
54324
54342
54341
54369
54404
54413
54424
52708
54450
54456
54469
54491
54162
54501
54528
54541
54544
54528
54558
54572
54573
54593
54596
54598
54624
54637
54659
54664
54667
54671
54680
54700
54725
54756
54757
54767
54777
54794
54810
54844
54850
54853
54874
54889
54891
54901
54907
54901
54926
54915
54930
54936
54963
54968
54981
54984
55012
55053
55054
55079
55122
55124
55140
55144
55171
55176
55211
55216
55241
55257
55260
55272
55275
55299
55311
55324
55344
55397
55400
55412
55422
55427
53752
55431
55450
55449
55460
55521
55531
55555
55558
55561
53892
55604
55605
55610
55618
55626
55635
55636
55649
55653
55678
55691
55706
55709
55727
55734
55747
55746
55767
55769
55746
55784
55828
55845
55851
55858
55988
56005
56034
56036
56059
56069
56093
56103
56106
56115
56123
56129
56141
56165
56171
56186
56181
56207
56257
56275
56310
56331
56344
56347
56355
56378
56406
56411
56413
56419
56438
56453
56464
56473
56503
56508
56514
56518
56543
56591
56600
56620
56622
56656
56660
56664
56681
56683
56758
56759
56779
56812
56820
56856
56873
56876
56891
56898
56923
56928
56968
56998
56997
57003
57037
57039
57111
57141
57172
57178
57211
57226
57235
57273
57287
57264
57300
57310
57356
57368
57370
57397
57413
57430
57445
57472
57475
57478
57480
57496
57502
57501
57567
57571
57576
57580
57586
57615
57624
57640
57642
57648
57665
57674
57689
57700
57765
57768
57773
57797
56119
57800
57818
57860
57899
57928
57940
57949
57965
58002
58003
58002
58025
58074
58097
58041
58117
58151
58180
58190
58224
56571
58246
58271
58279
58291
58300
58313
58346
58352
58357
58376
58378
58393
58406
58455
58479
58491
58510
58511
58520
56453
58523
58535
58587
58609
58610
58614
58617
58628
58634
58628
58635
56967
58644
58651
58657
58665
58672
58698
58706
58740
58760
58758
58771
58774
58792
58820
58832
58833
58910
58914
58941
58984
58996
59015
59032
59039
59045
59050
59053
59069
59096
59102
59126
59133
59161
59160
59173
59179
59214
59218
59233
59252
59267
59278
59284
59333
59366
59368
59379
59411
59432
59447
59451
59471
59472
59479
59486
59489
59495
59508
59526
59530
59537
59577
59598
59612
59626
59637
59659
59660
59687
59690
59716
59718
59747
59753
59768
59778
59782
59794
59806
59894
59927
59940
59974
59982
60005
60011
60019
60032
60047
60050
60080
60081
60117
60148
60150
60190
60200
60209
60219
60232
60303
60319
60335
60363
60374
60380
60423
60422
60433
60445
60449
60463
60466
60473
60492
60516
60544
60574
60625
60659
60660
60698
60696
60700
60714
60755
60760
60759
60788
60773
60815
60834
60878
60876
60882
60962
60968
60980
60987
61011
61016
61024
61025
61024
61026
61034
61040
61056
61064
61072
61076
61079
61083
61093
61123
61146
61157
61170
61173
59526
61190
61220
61243
61240
61254
61251
61265
61281
61304
61310
61328
61331
61337
61344
61355
61356
61360
61374
61376
61400
61402
61414
61434
61442
61449
61504
61546
61552
61599
61603
61617
61621
61623
61640
61642
61658
61676
61681
61688
61695
61706
61714
61756
61794
61837
61853
58528
61856
61857
61861
61869
61896
61915
61919
61946
61960
62006
62045
62082
62085
62104
62133
62140
62160
62182
62194
62203
62207
62230
62235
62249
62303
62348
62354
62360
62375
62415
62432
62454
62477
62540
60516
62554
62573
62597
62644
62650
62666
62684
62795
62802
62846
62855
62856
62880
62913
62922
62979
62996
63011
63027
63028
63068
63073
63132
63151
63255
63275
63291
63396
63404
63412
63394
63408
63434
63454
63458
63479
63512
63550
63527
63553
63558
63565
63593
63599
63616
58417
63622
63644
63646
63651
63659
63661
63686
63691
63695
63702
63712
63729
63748
63751
62133
63771
63781
63784
63801
63804
63812
63823
63854
63874
63880
63888
63889
63896
63893
63907
63945
62348
63971
64013
64054
64055
64066
64097
64100
64119
64123
64180
64247
64248
64317
64362
64372
64378
64382
64387
64400
64406
64427
64457
64461
64506
64529
64543
64550
64554
64557
64662
64691
64694
64751
64771
64786
64838
64848
64854
64863
64877
64897
64912
64925
64933
64949
64967
64994
65017
63379
65026
65048
65105
65150
65167
65183
65201
65215
65216
65229
65270
65289
65297
65296
65300
65298
65331
65343
65362
65364
65366
65414
65416
65418
65431
65430
65500
65531
65547
65554
65558
65567
65632
65641
65650
65674
65690
65691
65706
65730
65752
65756
65772
65776
65784
64097
65814
65841
65864
65892
65905
65934
66007
66010
66014
66095
66105
66141
66154
66168
66170
66209
66220
66231
66251
66264
66278
66281
66304
66326
66324
66345
64102
66368
66373
66375
66386
66389
66414
66434
66469
66475
66479
66481
66507
66531
66526
66555
66568
66587
66603
66605
66616
66630
66634
62268
66671
66673
66676
66679
66684
66689
66721
66764
66778
66781
66780
66795
66799
66823
66840
66850
66876
66910
66928
66947
66956
66984
66982
67005
67031
67037
67046
67057
67107
67112
67140
67152
67187
67199
67198
67216
67262
67295
67321
67329
65604
67352
67411
67447
67450
67452
67463
67478
67511
67521
67553
67623
67674
67682
67697
67704
67729
67728
67768
67781
67785
67799
67809
67843
67851
67871
67918
67993
68002
68010
68074
68117
68130
68138
68147
68189
68221
68230
68302
68311
68316
68370
68399
68401
68424
68431
68443
68437
68436
68458
68459
68484
68489
68499
68519
68472
68521
68534
68552
68555
68563
68568
66840
68581
68593
68620
68646
68652
68653
68712
68715
68735
68739
68787
68809
68883
68906
68914
68923
68936
68938
68948
68947
68955
68986
68987
68999
69014
69023
69030
69035
69036
69040
69041
69052
69106
69134
69191
69265
69304
69325
69352
69354
69370
69412
69423
69451
69523
69538
69572
69625
69657
69668
69683
69723
69727
69729
69733
69736
69740
69745
69760
69794
69803
69811
69815
69840
69851
69938
69960
69976
70009
70076
70085
70118
70142
70145
70166
70175
70184
70241
70267
70304
70305
70344
70363
70365
70370
70397
4104
70417
70452
70459
70473
70488
70508
70519
70535
70543
70548
70550
70548
70586
70592
70605
70607
70625
70639
68956
70645
70661
70673
70701
70711
70725
68243
70739
70742
70747
70782
70807
70827
70830
70884
70903
70905
70929
70938
70954
70964
70989
71026
71031
71069
71079
71092
71108
71115
68753
71128
71136
71161
71163
71184
71188
71213
71218
71222
71213
71218
71234
71245
71256
71266
71293
71299
71305
71312
71314
71336
71344
71359
71364
71365
71384
71395
71431
71448
71463
71477
71496
71511
71518
71525
71554
71561
71573
71594
71610
71662
71670
71684
71695
71717
71727
71731
71727
71767
71766
71783
71786
71816
71820
71826
71833
71828
71854
71860
71867
71896
71943
72015
72046
72061
72110
72117
72118
72121
72122
72121
72131
72138
72141
72180
72206
72215
72223
72261
72281
72287
72346
72359
72365
72392
72409
72405
72416
72425
72423
72439
72454
72487
72494
72533
72571
70807
72596
72605
72623
72660
72672
72687
72713
72734
72735
72757
72782
72789
72799
72810
72842
72843
19474
72856
72860
72870
72910
72911
72946
72956
72959
72971
72998
73038
73044
73063
73078
73114
73117
73137
73199
73209
73243
73251
73252
73266
73267
73269
73281
73284
73289
73287
73308
73313
73316
73314
73361
73363
73375
73395
73440
73459
73476
73590
73602
73604
73610
73632
73645
73666
73688
73689
73695
73720
73723
73729
73734
73743
73723
73760
73774
73798
73801
73807
73805
73822
73872
73921
73958
73966
73974
73987
73992
73995
74010
74020
74026
74036
74045
71418
74051
74053
74076
74082
74088
74104
74111
74152
74160
74167
74203
74217
74219
74217
74228
74243
74260
74278
74301
19368
74313
74319
74330
74337
74367
74380
74409
74433
74447
74457
74480
19671
74490
74493
74543
74560
74576
74578
74580
74588
74595
74606
74588
74619
74628
74646
74664
74666
74674
74681
74684
74706
74714
74750
74757
74765
74810
74811
74836
74844
74846
74865
74886
74900
74903
74907
74932
74954
74972
74995
74999
75008
75012
75024
75050
75071
75072
75123
75132
75143
75155
73391
75224
72713
75237
75245
75263
75277
75288
75307
75317
75344
75371
75386
75433
75454
75458
75467
75499
75502
75516
75567
75539
75602
75606
75611
75655
75689
75710
75786
74030
75808
75866
75868
73114
75873
75898
75915
75919
75922
75934
75954
75961
75987
76040
76042
76075
76079
76116
76123
76146
76151
76188
76233
76248
76254
76275
76300
76309
76313
76314
76323
76336
76346
76352
76372
76389
73630
76412
76423
76474
76477
76489
76521
76529
76537
76489
76540
76556
76561
76569
76599
76607
76615
76637
76641
76647
76709
76713
76752
76776
76788
76789
76837
76867
76878
76962
76977
77026
77046
77100
77117
77202
77230
77234
77249
77258
77262
77302
77315
77327
77364
77366
77370
77419
77426
77428
77437
77452
77485
77528
77546
77547
77553
77558
77588
77602
77605
77614
77624
77645
77648
77661
77669
77685
77736
77743
77755
77762
74187
77766
77775
77814
77829
77836
77880
77891
77942
77978
77987
78002
78017
78031
78039
78057
78062
75285
78104
78105
78141
78182
78211
78219
78224
78219
78240
78248
78259
78320
78324
78330
78338
78370
78372
78391
78395
78400
78399
78450
78477
78480
78490
78505
78545
78576
78597
78610
78673
78692
78693
78718
78743
78782
78813
78828
78845
78855
78893
78909
78917
78944
78947
78956
78985
79016
79021
79066
79069
79072
79089
79118
79123
79153
79195
79245
79262
79283
79306
79314
79323
79349
79364
79422
79432
79462
79470
79488
79503
79510
79555
79561
79574
77814
79573
79595
79634
79643
79645
79658
79689
79691
79732
79740
79787
79820
79836
79851
79864
79880
79886
79915
79918
79919
79930
79937
79960
79971
79997
80043
80077
80111
80119
80163
80212
80221
80246
80256
80281
80288
80289
80300
80308
80323
80340
80364
80372
80375
80426
80453
80490
80543
80548
80556
80572
80598
80634
80651
80682
80693
80715
78858
80726
80740
80760
80765
80791
80805
80809
80814
78966
80833
80849
80850
80901
80955
80964
80995
81003
81021
81054
81079
81106
81144
81156
81191
81207
81208
81207
81230
81178
81237
81264
81272
81275
81283
81333
81342
81348
81365
81378
81398
81408
81413
81448
81480
81495
81514
81540
81556
81578
81589
81637
81642
81645
81657
81684
81709
81723
81724
81731
81758
81762
81823
81839
81847
81864
81868
81884
81909
81916
81924
81930
81932
81930
81942
81975
81989
82026
82028
82046
82049
82055
82059
82076
76067
82078
82102
82103
82125
82135
22919
25370
82163
82189
78239
82195
82197
82198
82230
82242
82258
82280
82293
82299
82378
82448
82447
82459
82490
82493
82530
82541
82560
82568
82612
82654
82660
82684
82713
82772
82783
82792
82794
82792
82814
82818
82831
82835
82846
82888
82890
82918
82939
82943
82945
82988
82993
83011
83017
83035
83064
83086
83091
83131
83160
83170
83193
83205
83212
83251
83253
83265
83230
83292
83296
83290
83307
83335
83342
83369
83370
83425
83441
83504
83508
83511
83543
83557
83565
83582
83609
70304
83643
83650
83695
83717
83718
83769
83798
83809
83835
83842
83868
83922
83954
83956
83978
83986
84004
84009
84016
84057
84064
84070
82222
84077
84084
84100
84103
84148
84149
84148
84159
84165
84225
84298
84305
84307
84328
84342
84347
84353
84379
84425
84448
84446
84454
84506
84521
84522
84541
84559
84577
84576
84589
84595
84605
84637
84660
84671
84677
84678
84679
84692
84697
84739
84751
84765
84818
84849
84886
84923
84927
84943
84952
84958
84974
85097
85101
85109
85166
85237
85266
85297
85307
85308
85303
85313
85331
85350
85366
85379
85394
85408
85478
85484
85495
85496
85495
85501
85521
85539
85581
85625
85655
85672
82846
85682
85733
85736
85737
85798
85844
85915
85929
85973
86007
86011
86029
86036
81144
86042
86108
86167
86260
86266
86284
86299
86335
86316
86357
86375
86379
85125
86385
86402
86407
86466
86484
86494
86507
86528
86542
86582
86613
86620
86629
86625
86684
86686
86694
86721
86727
86736
86737
86736
86746
86749
86764
86768
86804
86805
86836
86852
86863
86868
86869
86868
86882
86894
86904
86915
86882
86919
84037
86953
86997
87021
87024
87099
87131
87139
87121
87172
87181
87189
87202
87171
87216
87227
87321
87330
87346
87369
87373
87399
87413
87418
87430
87440
87444
87455
82950
87482
87563
87562
87607
87636
87655
87667
87676
87707
87716
87722
87737
87752
87771
87803
87816
87823
71661
87836
87843
87887
87930
87939
87946
87935
87957
87964
86073
87971
87974
85191
87973
88004
88033
88047
88060
88069
88097
88109
88122
88127
88154
88197
88212
88244
88344
88363
88376
88430
88466
88476
88490
88528
88603
88677
88688
88695
88728
88735
88753
88794
88855
88916
88920
88980
88999
89008
89121
89144
89152
89171
89224
89234
89330
89373
89400
89411
89446
89449
89483
89514
89551
89566
89578
89593
89638
89644
89663
89680
89729
89741
89767
89826
77449
89832
89844
89853
89864
89875
89879
89895
90045
90117
90131
90138
90143
90167
90168
90173
90183
90189
90203
90243
90267
90279
90267
90291
90309
90336
90362
90366
90476
90505
90521
56115
90538
90535
90579
90602
90612
90663
90704
90757
90767
90854
90863
90870
90883
90892
90911
90876
90972
90983
91081
91148
91156
91155
91188
91175
91232
91236
91246
91279
91283
91288
91289
91350
91361
91381
91418
91420
91424
91431
91472
91482
91487
91498
91500
91532
91541
89015
91547
91555
91609
91641
91644
91653
91700
91718
91796
91807
91822
91852
91858
91863
91904
91912
91932
91943
91941
91958
91988
91999
92014
90203
92018
92047
92104
92109
92118
92129
92132
92208
92215
92260
92286
92290
92294
92324
92352
92403
92430
92455
92486
92504
92540
92549
92575
92584
92591
92603
92632
92641
92682
92734
92738
92764
92814
92836
92839
92861
92866
92876
92883
92917
92930
92986
92999
93042
93070
93089
93099
93124
93152
93157
93161
93169
93174
93208
93236
93248
93285
93298
93347
93349
93396
93400
93409
81237
93431
93433
93511
93586
93606
93625
93643
93646
93662
93666
93668
93673
93708
82835
93718
93799
93811
93815
93864
93908
93920
93971
93978
94005
94014
94025
94039
94060
94070
94093
94120
94138
94226
94260
94273
94275
94286
94326
94361
94370
94397
94410
94490
94492
94506
94527
94528
94538
94549
94582
94592
94601
94641
94687
94694
94737
94760
94762
94771
94785
94795
94834
94841
94868
94875
94882
94891
94906
94935
94993
45865
94977
95033
95058
95083
95121
95135
95168
95217
95337
95367
95428
95462
95507
95520
95524
95530
95566
95579
95597
95605
95606
95615
95618
95651
95710
95717
95700
95747
95751
95769
95788
95844
95888
95893
95902
95910
95998
96008
96034
96069
96084
96102
96116
96123
96130
96148
96154
96176
96199
96308
96306
96339
96367
96379
96401
96448
96463
96462
96494
96515
96583
96604
96656
96669
96699
96700
96699
96726
96732
96768
96852
96865
96877
96883
96903
96963
96970
96986
96987
96990
97069
97106
97122
97125
94371
97154
97172
97176
97219
17376
97263
97269
97283
97288
91297
97302
97309
97319
97322
97325
97333
97332
97372
97381
97410
97426
97431
97458
97477
97483
97505
97582
97609
97649
97659
97704
97734
97753
97779
97789
97808
97810
97808
97838
97867
97908
97957
98011
98021
98036
98062
98083
98125
98140
98372
98387
98398
98428
98432
98446
98488
98506
98571
98601
98639
98656
98692
98707
98734
96704
98741
98744
98746
25796
25794
98808
32348
98839
98853
98863
98869
98873
98875
98916
98938
98953
98973
99000
99009
99052
99053
99085
99090
99093
99106
99141
99211
99227
99299
99300
99331
99330
99340
99355
99372
99437
99457
99482
99484
99520
99550
99573
99592
99613
99622
99625
99645
99677
99693
99702
99744
99766
99791
99795
22949
99799
99817
99849
99871
99875
99876
99889
99950
99958
99979
99990
100022
100026
100033
100049
100069
100085
100086
100116
100150
100190
100195
100223
100225
100226
100242
100284
100302
100324
100384
100466
100481
100529
100560
100570
100629
100642
100687
100706
100708
100784
100790
100805
100821
19382
100888
100941
100993
101016
101024
101037
101068
101070
101088
101108
101117
101123
101222
101252
101264
101278
101290
101332
101365
101368
101423
101493
101469
101509
101538
101546
101567
101603
101664
101682
101706
101724
101725
101729
101732
101786
101793
101799
101822
101823
101833
101856
101888
101890
101898
101906
101916
101923
101978
101981
102001
102015
102030
102016
102066
102072
102123
102209
102211
102292
102307
102325
102327
102332
102400
102401
102400
102407
102495
102509
102549
102587
102610
102615
102642
102735
102749
102792
102797
102807
102808
102843
102849
102877
102883
102888
102907
102938
102948
102957
102988
103003
103033
103044
14073
103057
103107
103167
103173
103195
103203
103210
103225
103248
103251
103256
103274
103289
103296
103315
103332
103351
103355
103363
103371
103418
103422
103432
103439
103443
103451
103510
103529
100805
103531
103559
103564
103567
103586
103598
103603
103631
103687
91333
103740
103798
103804
103823
103841
103888
103903
103888
103921
103939
103947
103992
103997
104027
104059
104068
104089
104102
104047
104147
104205
104220
104252
104296
104365
104369
104374
104380
104388
104394
104432
104451
104465
104496
104506
104553
104594
104598
102618
104594
104611
104619
19976
104652
104653
104660
104690
104700
104732
104730
104767
104872
104915
104917
104945
104953
104964
104967
104988
104994
105000
105077
105157
105166
105207
105208
105224
105237
105269
105301
105319
105322
105332
105333
105361
105382
105399
105406
105419
105430
105437
105451
105467
105478
105486
105487
105507
105526
102938
105617
105634
105671
105694
105743
105767
105774
105790
105839
105855
105871
105889
105893
105895
105905
105919
105923
105991
105999
106064
106070
106073
106096
106145
106197
106212
106257
106266
106283
106313
106333
106340
106333
106348
106361
106364
106385
106431
11613
106456
106472
106519
106528
106562
106599
106613
106633
106647
106670
106681
106683
106689
106781
106786
106804
106827
106864
106866
106892
106900
106922
106959
106976
106984
106988
106997
107003
107006
107020
107063
107085
107097
107156
107159
107181
107186
107181
107209
107222
107225
107254
107257
107270
107274
107293
107370
107383
107395
107449
107461
107470
107473
107492
107496
107511
107543
107552
107586
107605
107619
107626
107670
28702
107681
107685
107691
107703
107727
107742
107759
107766
107769
107783
107814
107916
107956
107971
108009
108023
108049
108053
108073
108081
108102
108103
108102
108128
108136
108144
108214
108252
108266
108267
108271
108287
108311
108329
108364
108383
108380
108438
108443
108447
108453
108456
108464
108477
108488
108493
108508
108519
108527
108523
108563
108590
108622
108647
108651
108660
108712
108728
108737
108752
35152
108827
108908
108911
108926
108949
108970
109003
109030
109134
109139
109157
109180
109184
109187
109297
109316
109328
109334
109340
109354
109378
109414
109421
109436
109457
109486
109504
109512
109538
109578
109638
109688
109695
109722
109768
109783
109798
109809
109826
109837
109877
109918
109928
109966
109983
110006
110008
110056
110086
107742
110098
110120
110122
110154
110178
110199
110275
110286
110324
110328
110331
110351
19502
110370
110375
110387
107940
110395
110421
110427
110463
108008
110473
110495
110497
110542
110558
110568
110597
110635
110648
110667
110675
110697
110714
110717
110723
110735
110740
110777
110785
108301
110813
110842
110852
110856
110852
110861
110856
110888
110937
110942
110954
110967
110981
111006
111032
111054
111063
111101
111123
111130
111276
111309
111327
111379
111394
111429
111487
111501
27680
111581
111591
111631
111627
111647
111661
111691
111768
111796
111809
111813
111856
111865
111876
111911
111925
111931
111940
111941
111940
111977
112021
112046
112095
112115
112120
112144
112196
112199
112226
112240
112245
112287
112338
112342
112395
112408
112413
112436
112449
112500
112568
112601
112640
112650
112670
112692
112765
112770
112775
112792
112799
112813
112821
112937
112966
113000
113008
113017
113026
113044
113091
113110
113116
110793
113145
113157
110821
113235
113243
113298
113335
113364
113439
111507
113450
113465
113563
113579
113597
113606
113624
113632
113638
113655
113658
113705
113733
113772
113786
113793
113797
113805
113825
113840
113856
113862
113880
113922
113990
113989
114001
114015
114053
114068
114072
114114
114130
114152
114212
114249
112443
114277
114288
114321
114380
114391
98381
114394
114416
114420
114457
114484
114486
114516
114547
114568
114596
114630
114638
114658
114666
114685
114707
114719
114726
114764
114810
114848
114851
114931
114953
114958
114967
114968
114983
114986
114988
115028
115051
115061
115077
115119
115145
115151
115196
115206
115219
115228
115249
115259
115321
115328
115327
115333
115334
115362
115364
115362
115379
115393
115397
50749
115393
115450
115468
115477
115498
115507
115607
115609
115643
115686
115753
115791
115827
115837
112006
115848
115879
115893
115914
115917
115932
115966
115983
116011
116023
116026
116045
116055
116103
113987
116133
116141
116175
116197
116245
116259
116262
116285
116293
116309
116310
113939
116317
116339
116338
116346
116349
116397
116417
116419
116492
116514
116533
116536
116533
116599
116627
116639
116704
116707
116729
17397
116730
116742
116749
116824
99059
116877
116911
116921
116989
116993
116991
117035
117073
117087
117092
117096
117116
117130
117168
117255
117266
117278
117293
117384
117394
117406
117415
117418
114986
117434
117444
117447
115025
117406
117444
117476
117475
117481
117539
117588
117599
117638
117672
117703
117709
117728
117750
117758
117764
117776
117788
117792
117801
117815
117813
117829
117864
117870
117880
117917
117923
117930
117967
117979
118013
118044
118047
118062
118100
118138
118143
118150
118152
118251
118284
118308
118310
118308
118319
118329
118341
116262
118368
118354
118397
118393
118427
118438
118457
118481
118516
118527
118544
118557
118562
118567
118568
118572
118596
118662
118667
118669
118671
118686
118700
118772
118816
118823
118826
118827
118905
118920
118927
118901
118956
119021
119039
119051
119088
119100
119114
119115
119119
119134
119160
119205
119209
119218
119226
119245
119346
119362
119386
119443
119455
119463
119470
119491
119501
119503
119522
119480
119589
119642
119656
119678
119758
119765
119772
119765
119814
119877
119906
119920
119925
119946
119958
120009
120027
120035
120052
120101
120140
120147
120174
120181
120180
120192
120223
120239
120241
120265
120278
120289
120288
120305
120329
120345
120359
120367
120373
120375
120409
120454
120473
120509
120545
120558
120562
120563
120562
120578
120588
120605
120630
120638
120648
120649
120743
120762
120768
120857
120906
120922
120948
120958
120965
120966
120997
121016
121039
121048
121066
121186
121212
121215
121238
121307
121315
121351
121363
121380
121393
121401
121465
121497
121510
121527
121536
121559
121548
121580
115384
121592
121594
121597
121606
121611
121664
121678
121693
121717
121799
121808
121816
121815
121844
121842
121866
121871
121902
121900
121947
121962
121989
122006
122041
122071
122073
122080
122089
122128
122152
122157
122177
122197
122189
122241
122285
122308
122318
122349
122357
122364
3029
122420
122445
122453
122463
122525
122543
22365
122546
122565
122600
122634
122645
122644
122671
122689
122700
122703
122708
122739
122745
122765
122807
122844
122851
122894
117638
122935
122942
122992
122998
123002
123043
123044
123043
120847
123046
120345
123056
123086
123088
120894
123103
123149
123150
123151
123150
123179
123197
123207
123224
123244
123251
123255
123273
123340
123401
123399
123418
123420
123443
123451
123496
123540
123563
123616
123699
123721
123786
123822
123828
123835
123840
123845
123847
123921
123927
123934
123956
123968
123990
124008
124021
124028
124081
124087
124110
124129
124158
124221
124218
124225
124230
124225
124241
124300
124309
124312
124317
124355
124362
124379
124409
124427
124446
124473
124492
124511
124581
124635
124640
124653
124666
124715
124721
124737
124754
124756
124807
124903
124916
124936
124975
125045
125055
122860
125063
125068
125071
125100
125127
125141
125158
125184
125195
125237
125240
125241
125253
125257
125253
125297
125306
125319
125323
125357
125364
125378
125391
125445
125454
125469
125479
125482
125486
125507
125531
125554
125567
125568
125606
125634
125659
125723
125751
125761
125767
125783
125791
125816
125832
125842
125856
125885
125880
125918
125936
125972
125980
126011
126017
126026
126031
126085
126095
126117
126155
126172
126182
126195
126200
123890
126205
126222
126235
126251
126260
126264
126280
126286
126285
126322
126375
126401
126403
126417
126427
126468
126497
126511
126508
126522
126548
126586
126591
126601
126605
126621
126632
126636
126682
126732
126736
126754
126782
126786
126814
126851
126856
126880
126883
126885
126888
126904
126907
126932
126959
126965
126971
126990
127070
127087
127183
127190
127216
127199
127224
127260
127262
127292
127295
127300
127306
127314
127329
127365
127399
127421
127484
127543
127570
127579
127594
127595
127594
127636
127685
127716
127736
127741
127745
127766
127773
127793
70123
127803
127811
127818
127861
127870
127876
125579
127888
127894
127909
127924
127909
127972
128012
128016
128023
128051
128055
128087
128095
128104
125803
128106
128125
128144
128146
128203
128202
128219
128223
128228
128229
128260
128279
128283
128290
128295
128300
128335
128346
128361
128358
128403
128409
128425
128430
128433
128490
128507
128529
128537
72579
128601
128618
128630
128664
128669
128673
128724
128730
128763
128833
128836
128849
128871
128899
128930
128933
128934
128967
128979
129000
129003
129073
129081
129113
129170
129209
129236
129238
129246
129270
129271
129289
129295
129381
129392
129399
129435
129459
129513
121539
127024
129530
129549
129553
129569
129572
129569
129584
129632
129627
129642
129648
129669
129670
129685
129763
129772
129794
129799
129812
129839
129867
129876
129877
129899
129912
129913
129935
129955
129997
130013
130042
130045
130052
130056
130073
130089
130094
130098
130099
130119
130130
130144
130157
130174
130179
130197
130240
130250
127897
130263
130298
130303
130306
130316
130332
130385
130384
130400
130412
130431
130441
130453
130486
130492
130523
130525
130535
130543
130546
130553
130562
130572
130597
130628
130647
130652
130663
130667
130673
130708
130760
130792
130832
130836
130846
130526
130853
130851
130854
130874
130883
130875
130884
130897
130906
130942
130956
130993
131041
131050
131108
131109
131112
131130
131150
131268
131281
131283
131294
131305
131311
131319
131340
131379
131396
131406
131477
131494
131522
131527
131550
131558
131562
131565
131582
131633
131635
131640
131696
131714
131718
131756
131758
131777
131792
131835
131859
131881
131893
131925
131930
131942
131951
131969
131985
132002
66563
132008
132009
132033
132038
132041
132132
132153
132197
132209
132221
132224
132289
132331
132347
132357
132416
132424
132440
132443
132457
132456
132466
132490
132499
132501
132506
132514
132518
132547
132589
132618
132697
132706
132735
132787
132793
132840
132851
132856
132879
132897
132898
132897
132918
132930
132931
132930
132934
132939
132951
132955
132959
132950
132979
132992
133005
130598
133025
133023
133030
133031
133046
133086
133116
133188
133189
133233
133246
133273
133291
133303
133307
133311
133314
133362
133378
133405
133408
133417
133424
133451
133497
133534
133553
133559
133614
133628
133636
133664
133676
133690
133698
133789
133800
133806
133828
133836
133849
133892
133897
133919
133925
133929
133943
133941
133952
133961
133969
133992
134044
134048
134050
134059
134062
134067
134110
134113
129669
134148
134157
134196
134211
134218
134262
134282
134309
134318
134384
134407
134448
134470
134481
134522
134584
134661
134666
134677
134700
134723
134724
134731
134762
134781
134828
134829
134833
134884
134897
134902
134911
134943
134944
134974
135048
135052
129534
129536
135060
135071
135093
135126
135132
135149
135218
132793
135220
135259
18816
135272
135291
135297
135306
135328
135336
135347
135353
135381
135384
135391
135401
135400
135405
135430
135453
135495
135506
135509
133063
135522
135526
135539
135567
135588
135593
135614
133201
135623
135644
135671
135676
135694
133299
135693
135698
135684
135713
135714
135726
135748
135767
133365
135801
135813
135849
135866
135900
135928
135941
135946
135961
135995
135998
136018
136057
136071
136087
136088
136087
136097
136095
136122
136154
136169
136179
136186
136196
136228
136289
136310
136327
136329
136332
136344
136378
136396
136438
136441
136459
136464
136465
136464
136492
136459
136564
136566
136577
136584
136593
136612
136618
136689
134355
136718
136747
136752
136792
136794
136813
136828
136836
136840
136886
136891
136914
136944
136950
137002
137012
137010
137024
137032
137103
137118
137121
137183
137185
137190
137207
137212
137221
137223
137237
137247
137298
137302
137355
137364
137394
137417
137416
137426
137430
29748
137453
137483
137508
137510
137511
137534
137536
137541
137549
137569
137577
137587
137595
137605
137600
137620
137634
137660
137665
137684
137694
137707
137709
137711
137721
137735
137805
137833
12631
137836
137862
137923
137935
137965
137975
138030
138040
138049
135408
138118
138141
138235
138233
138234
138304
138308
138329
138335
138395
138398
138409
138423
138455
138468
138476
138480
138509
138514
138547
138552
138556
138563
138562
138566
138565
138619
138618
138668
138679
138730
138741
138754
138764
138780
138824
138844
138861
138877
138909
138955
138959
139030
139036
139069
139094
139112
139130
139151
139161
139216
139259
139346
139349
136985
139350
139361
139349
139364
139367
139372
139379
139395
139397
139408
139409
139414
139448
139477
139480
139504
139505
139506
139532
139556
139574
139582
139583
139582
139587
139589
139598
139622
139641
139643
139653
139669
139695
137321
139749
139752
139755
139796
139827
139833
139874
139892
139895
139909
139930
139946
139963
139973
139974
140006
140011
139986
140013
140073
140076
140090
140092
140122
140151
140183
140234
140253
140300
140327
140339
140350
140360
140380
140399
140408
140450
140464
140530
140532
140547
140659
140671
140694
140708
140721
140732
140727
140790
140814
140833
140840
140853
140860
140864
140862
140879
140874
140895
140914
138626
140943
140954
140956
140971
141017
141023
141032
141051
141064
141157
141219
141224
141233
141251
141258
141293
141313
141318
141332
141342
141347
141352
141375
141385
141396
141399
141423
141435
141439
141475
141484
141501
141511
141527
141555
141581
141606
141625
139122
141649
141657
141696
141754
141776
141805
141811
141833
141866
141883
141886
141911
141957
141974
141985
142014
142021
142071
142075
142119
142133
142166
142197
142235
142278
142290
142365
142368
142370
142377
142388
142437
142454
142471
142474
142477
142474
142490
142495
142505
142517
142532
16244
142538
142547
142552
142554
142561
142642
142645
142649
142689
142731
142758
142767
142775
142787
142796
142801
142804
142816
142823
142861
142881
142910
142922
142937
143002
143007
143013
143018
143052
143106
143152
143161
143165
143169
65706
143175
143178
143205
143220
143254
143270
143340
143374
143389
143396
143423
143449
143475
143500
143505
143564
143589
141342
141336
143602
143613
143628
143652
143676
143693
143734
143797
143801
143805
143817
143819
143829
143854
143886
143910
143912
143923
143976
143987
144000
144019
144042
144118
144143
144150
144155
144270
144301
44546
144336
144361
144408
144432
144443
144468
144432
144473
144489
144494
144544
144549
144567
144576
144608
144614
141886
144616
144649
144672
144681
144693
144709
144717
144719
144721
144726
144728
142523
144726
144764
144789
144832
144881
144910
144923
144945
144958
144971
144977
144987
145030
145044
145095
145133
145212
145249
145252
145251
145262
145291
145295
145333
145362
145372
145381
145389
145504
145528
136684
145530
145547
145557
145576
145607
142832
145637
145638
145660
145671
145675
145676
145705
145717
145720
145729
145773
29169
145782
145788
145791
145874
145897
145941
145945
146011
146025
143756
146075
146092
146095
146120
146159
146207
146226
146240
9520
146288
146290
146305
146341
146368
146376
146385
146442
144160
146448
146470
146486
143678
146548
146598
146672
146684
146735
146770
146802
146820
146841
146862
146910
144549
146937
147001
144127
147043
147050
144672
147062
147082
147087
147105
147138
147155
147171
147213
147230
147242
147257
147291
147341
147342
147355
147394
147402
147439
147502
147506
147521
147570
67428
147588
147620
147637
147670
147689
147703
147729
147765
147789
147797
147812
147843
147857
147926
147936
148006
148016
148028
148030
148039
148048
148083
148124
148123
148150
148168
148235
148242
148307
148315
148338
148367
148390
148403
148465
148547
148574
148577
148640
148664
148669
148678
148686
148702
148711
148790
148796
148831
148835
148879
142011
148916
148928
148938
148943
148954
148999
149058
149060
149058
149119
149124
149182
149211
149223
149252
149254
149274
149277
149353
149388
149421
149458
149468
149467
149477
149512
149530
149545
149569
149581
149587
62123
149606
149612
149621
149625
149645
149712
149730
149754
149761
149773
149831
149840
149900
149917
149919
149979
149976
150026
150052
150061
150090
150095
150110
150164
150180
150215
150294
150301
150321
150329
150349
150350
150362
150365
150388
150399
150410
150417
150434
150485
150493
150517
150525
150610
150677
150682
150702
150703
150702
150717
150718
150721
150743
150756
150770
150792
150803
150812
150840
150846
150851
150906
150911
150965
150975
150987
151022
151078
151099
151113
151168
151176
151192
151226
151236
151274
151318
149014
149015
151344
151378
151396
148599
151401
151457
151462
151478
151485
151493
151499
151518
148711
151527
151559
151582
151595
151615
151633
151715
151735
151741
151763
151775
151772
151780
151797
151822
151826
151828
151858
151945
151960
151983
152002
152014
152021
17905
17979
152022
152044
152052
152095
152097
152121
152157
152184
152236
152268
152300
152310
152319
152336
150049
150045
152364
152380
152383
152404
152413
152432
152442
152496
152567
152592
152622
152633
152649
152684
152692
152728
152732
150418
152788
152820
152827
152872
152891
150503
152906
152910
152912
152929
150552
152922
152944
152972
152980
152988
153021
153047
153064
153068
153101
153088
153107
153159
153162
153204
153209
153218
153217
153227
153242
153277
153279
153308
153357
153365
153366
153375
153384
153400
153424
153430
153435
153464
153477
153487
153490
153495
153511
153522
153524
153522
153551
153577
153580
153598
153606
153624
153636
153641
153688
153698
153699
153717
153761
150995
153778
153780
153809
153823
153846
153853
153864
153862
153877
153887
153907
153963
154042
154062
154127
154145
154167
154175
154207
154213
154234
154240
154243
154246
154247
151485
154287
154296
154343
154347
154363
154365
154380
154392
154395
154484
154481
154498
154510
154551
154555
154567
154582
154630
154637
154654
154711
154712
154715
154766
154771
154813
154816
154845
154855
154895
154905
154919
154931
154943
154956
154979
154999
155028
155055
155067
155095
155223
155239
155245
155348
155359
155371
155430
155431
155461
155494
155499
155561
155560
155563
155606
155643
155675
155704
155720
155727
155730
155727
155741
155765
155780
155805
155825
155831
155859
155860
155859
155917
155960
155967
155970
155981
155989
155997
156002
155997
156016
156054
156057
156065
156072
156088
156118
156139
153809
156146
156153
156160
156165
156179
156203
156250
156256
156269
156289
156297
156299
156302
156330
156346
156372
156463
156464
156492
154164
156517
156527
156530
156540
156551
156556
156559
156574
156583
156588
119114
156595
156611
156620
156621
156620
156632
156683
156734
156746
156793
156840
156843
156888
156909
156929
156940
156943
156950
156959
156966
156994
157002
157024
157049
157073
157077
157102
157154
157160
157169
157188
157204
157206
157230
157243
157242
157258
157299
157378
157399
157476
157525
157552
157581
157587
157613
157662
157677
157719
157782
157783
157791
157869
157913
157918
157943
157952
157961
157975
158010
158015
158056
158070
15462
158114
158144
158172
158180
158186
158214
158245
158261
158274
158285
158316
158328
158353
158398
158421
158464
158480
158507
158509
158514
158526
158551
158613
158617
158712
158722
158725
158799
158813
158814
158818
158834
158838
158846
158929
158945
158951
158978
158986
159040
159105
159114
159153
159155
159153
159172
159178
159183
159267
159287
159290
122473
159305
159308
159307
159312
159352
159356
159373
159388
159413
159438
159446
159453
159455
159453
159472
159505
159510
159533
159552
159569
159574
159583
159593
159597
159621
159627
159634
155245
159678
159679
159683
159702
159705
159727
159756
159845
159854
159860
159883
159903
159935
15188
159958
159971
160009
160014
160031
160034
160055
160060
160086
160100
160119
160122
160129
160147
158011
160162
160183
160215
160288
160298
160309
160316
160339
160348
160374
160380
160441
160451
160459
160463
160474
160491
160526
160552
160569
160638
160658
160656
160661
160681
160689
160707
160760
160773
160784
160843
160855
160854
160856
160877
160922
160951
161027
161046
161064
161076
161103
161112
161143
161146
161171
161180
161204
161244
161255
161273
161276
161283
161297
161330
161346
10448
161354
161367
161397
161402
161423
161451
161454
161511
161534
161546
161588
161592
161658
161664
161688
161712
161726
161728
112934
161731
161759
161764
161814
161852
161859
161874
161962
161975
161985
161992
162004
162046
162056
162063
162086
162090
162127
162134
162161
162208
162212
162232
162218
162260
162272
162298
162320
162319
162333
162394
162410
162445
162455
162476
162487
162507
162556
162592
162601
162614
162764
162768
162799
162803
162831
162869
162885
163000
163001
163020
163068
163091
163103
163104
163108
163141
163160
163175
163206
163217
163221
163223
163221
163259
163292
163306
163320
163344
163360
163376
163377
163388
163466
163477
163503
163548
163558
163614
163657
163671
163691
163726
163729
163726
163803
163809
163824
163850
163875
163899
163913
163919
163945
163958
163962
164009
164004
164023
164031
164075
164115
164156
164152
164158
164188
164195
164238
164242
164258
164304
164309
164322
164341
164369
164386
164403
164444
164457
164487
164533
164545
164574
164600
164674
8530
7834
164687
164689
164692
164715
164762
164803
164811
164837
164839
164860
164865
164890
164893
164978
164980
165046
165050
165084
165091
165105
165118
165161
165165
165169
165173
165193
165206
165227
165239
165247
165272
165302
165362
165371
165381
165451
165477
165480
165494
165477
165497
165529
165544
165551
165558
165630
165640
165649
94370
165678
165684
165687
165691
165703
163494
165710
165718
165742
165759
165800
165798
165812
165840
165867
165887
165911
165922
165925
165990
166047
166088
166099
166109
166115
166117
166138
166154
166155
166174
166185
166204
59053
166274
166304
166318
166327
166335
166339
166370
166423
166441
166444
166458
166478
166482
166503
166526
166615
166630
166638
166656
166679
166698
166719
166746
166752
166764
166772
166811
166818
166862
166881
166955
166983
167033
167080
167116
167117
167168
167204
167210
167231
167255
167264
167308
167319
167349
167395
167397
167413
167422
167453
167508
167531
167550
167553
167565
167607
167626
167647
167657
167667
167673
167737
167741
167761
167770
167786
167830
167843
167842
167816
167914
167949
167970
168009
168014
168034
168080
168124
168160
168163
168215
168216
168231
168262
168289
168307
168325
168324
168334
168379
168396
168407
168415
168441
168456
168463
168502
168510
168513
168535
168541
168614
168677
168679
168754
168763
168795
168839
168845
168872
168894
168977
168984
168989
169020
169064
169113
169123
169159
169165
169252
169271
169321
169374
169426
169473
169515
169535
169568
169579
169589
169619
169690
169700
169705
169764
169770
169786
169790
169793
169827
169887
169896
169914
169955
169962
169986
169999
170043
170084
170057
170094
170132
170193
170196
170207
170221
170242
170243
170246
170253
170271
170275
170294
170304
170306
170321
170338
167531
170360
170362
170364
170394
170426
170456
170464
170483
170525
170534
169470
170578
170593
170606
170610
170637
170671
170673
170675
170673
170725
170731
170736
170742
170751
166342
170780
168506
170784
170805
170825
170827
170832
170841
170847
170923
170950
170966
170983
170998
171001
171019
171034
171063
171107
171140
171221
171242
171245
171271
171281
171293
171300
171304
171311
171347
171391
171421
171435
171439
171463
171470
171478
171499
171574
171584
171596
171592
171599
171619
171641
171668
171697
171718
171742
171745
171747
171787
171833
171841
171858
171872
171885
171904
171916
171884
171920
171919
171935
171954
171960
171966
171976
171999
172036
172091
172112
172130
172140
172147
172169
172170
172173
172193
172223
172221
172247
172256
172262
172266
172262
172283
172343
172325
172352
172365
172369
172437
172493
172508
172509
172554
172580
172591
172602
172612
172657
172681
172688
172696
172699
172799
172798
172828
172840
172849
172869
172921
172923
172966
172984
173008
173032
173041
173054
173080
173082
173098
173106
173115
173133
173150
173162
173211
173279
173324
173334
173339
173354
173362
173364
173381
173401
173422
173427
173482
173576
173645
173665
173677
173683
173686
173700
60452
173768
173773
173777
173788
173790
173831
173856
173862
173865
173874
173892
173904
173907
173938
171718
173944
173948
173988
173996
174008
174048
174057
174082
174161
174166
174189
174193
174215
174238
174256
174273
174292
174342
174364
174399
174439
174477
174504
174550
174556
174562
174582
174604
174635
174642
174649
174652
174684
174734
174767
174772
174811
174813
174852
174885
174954
174957
174967
174992
174993
175020
175034
175053
175067
175072
175096
175110
175162
175175
175184
175195
175199
175206
175238
175269
175352
175360
175372
175378
175399
175414
175435
175449
175482
175525
175543
175555
175599
175600
175613
175706
175728
175763
175778
175781
175803
175808
175814
175861
175879
175895
175903
175909
175914
175946
175968
175973
175977
175988
175997
176015
176039
176083
176121
176142
176146
176161
176223
173378
176272
176290
176295
176337
176344
176387
176392
176397
176404
176467
176498
174360
176519
176537
176561
176565
176586
176606
176624
176639
176667
176701
176767
176772
176814
176825
176857
176865
176903
176905
176909
176930
176937
176940
176951
176963
176970
176986
177006
177022
170550
177066
177073
177110
177131
177139
177167
177173
177188
177223
177287
177349
177358
177422
177458
177468
177476
177521
177524
177544
177548
177578
177598
177635
174854
177649
177670
177687
177694
177715
177744
177751
177749
177757
177798
177805
177824
177830
177838
177871
177905
177991
178014
178043
178083
178085
178133
178157
178199
178184
178200
178223
178233
178245
178250
178308
178378
178382
178389
178439
178451
178494
175615
178496
178509
178539
178568
178583
178613
178659
178679
178683
178684
178717
178759
178762
178788
129623
178793
178794
178811
178842
178875
178894
178974
179024
179023
179079
179080
179140
179147
179161
179176
179199
179173
179202
179208
179223
179248
179281
179304
179310
179362
179401
179410
179432
179446
179463
179529
179552
179553
179566
179579
179583
179599
179624
179641
179667
179685
179790
179841
179853
179854
179853
179865
179904
179909
179912
179941
179951
179963
179993
180038
180072
177773
180073
180117
180122
180137
180149
180155
180189
180198
180205
180218
180274
180276
180336
180352
180376
180398
180425
180444
180475
180493
180499
180529
180558
180573
180584
180589
180624
180626
180692
180732
180735
180781
176295
180797
180842
180846
180902
180901
180907
180906
180929
180948
181001
181033
181001
181052
181060
181081
181124
181128
181187
181207
181214
181221
181224
181245
181265
181282
181312
181327
181331
181404
181417
181457
181460
181463
181457
181478
181487
181498
181503
181509
181547
181548
181634
181704
181711
181723
181740
181779
181803
170147
181829
181837
181845
181851
181862
181865
181899
181908
181930
181954
181967
181979
181981
181988
182100
182135
182154
182157
182160
182164
182170
182174
182172
182211
182254
182268
182282
182294
182300
180117
182305
182318
182342
182374
182380
182409
182411
182423
182451
182476
182490
182515
182520
182535
182539
182575
182583
182586
182601
182618
182621
182622
182634
182618
182637
182660
182666
182681
182742
182754
182808
182839
182845
182953
182964
182973
182983
182984
183024
183047
183048
183054
183097
183141
183195
183221
183225
181087
183227
181087
183241
183282
183319
183323
183348
183353
183374
183385
183438
183454
183455
183463
183488
183493
183498
183588
183593
183588
183596
183618
183627
183636
183647
183695
183701
183704
183708
183713
183744
183775
183834
183839
183876
183934
183936
183937
184031
184029
184033
184058
184076
184095
184101
184115
184120
184154
184185
184192
184202
184221
184228
184238
184284
184287
184301
184333
184337
184333
184363
184364
184391
184438
184495
184518
184553
184558
184572
184580
184605
184623
182295
184651
184652
184674
184689
184740
184756
184788
184851
184870
184889
184953
184955
184963
184974
184983
184986
184993
184999
185002
185036
185043
185093
185104
185117
185118
185131
185132
185154
185231
185288
185341
185344
185351
185354
185364
185372
185410
182344
185417
185441
185480
185483
185495
185513
185540
185587
185597
185596
185619
185622
185651
185668
185701
185713
185676
185721
185722
185758
185763
185798
185823
185832
185857
185861
185864
185882
185893
185933
185942
185945
185965
185972
185967
185977
185978
186019
186023
186065
13969
186103
186119
186145
186166
186172
186184
186228
186248
186272
186337
186340
186373
186394
186429
186482
186503
186523
186549
186556
186557
186566
186597
186602
186600
186631
186658
186659
186699
186709
186698
186727
186748
186751
186758
186793
186830
186862
186872
186886
186890
186895
186919
186943
186957
186972
186999
187013
187016
187098
187175
187232
187259
187257
187296
187307
187317
187345
187411
187421
187441
187455
187472
187492
187507
187539
187570
187648
187703
187711
187725
187748
187751
187758
187767
187773
187807
187819
187836
187867
185580
187886
187888
187901
187936
187961
187967
187966
187975
187985
188001
188003
188001
188057
188117
188125
52953
188161
188182
188216
188231
188240
188243
188274
188287
188289
53464
188322
188343
188379
188386
188391
188405
188424
188420
188434
188435
188434
188438
188439
188444
188456
188480
188492
188498
188504
188528
188529
188541
188549
188558
188574
188584
188588
188597
188658
188670
188701
188735
188749
184155
188770
188779
188800
20342
188824
188826
188862
188894
188896
188897
188953
188976
188996
189022
189030
189032
189030
189043
189056
189069
189130
189179
189181
189202
186136
189261
187037
189282
189289
189292
189297
189321
189334
189335
189357
189366
189367
189375
189388
189437
189455
189465
189462
189484
189490
189564
189577
189586
189600
189624
189640
189663
189710
189756
189796
189874
189889
189929
189937
189958
189969
190004
190028
190031
186957
190098
190126
190182
190246
190258
190260
190261
190289
190302
190318
190335
190396
190417
190425
190456
190489
190500
190507
190509
190537
190599
190606
190642
190664
190742
190741
190764
190766
190811
190814
190790
190817
190836
190854
190892
190905
190908
190922
190946
190959
190966
191042
191044
191076
28520
191080
191108
191120
191127
191128
191194
191231
191259
191266
191267
191278
191361
191382
191388
191404
191428
191477
191479
191491
191497
191502
191525
191550
191553
191581
191599
191604
191613
11009
191629
191636
191669
191674
191709
191739
191784
191809
191825
191886
191891
191904
191918
191950
191994
191996
191994
192001
192022
192030
192040
192091
192118
192124
192137
192163
192185
192188
192207
192221
192233
192247
192260
192261
192274
192280
192284
192288
187767
192308
192337
192353
192355
192357
192370
192419
192420
192426
192436
192462
192469
192471
192497
192506
192538
192554
192562
192576
192584
192589
192592
192594
192631
192650
192744
192748
192754
192760
192777
192785
192791
192748
192813
192832
192842
192857
192854
192864
192867
192883
192888
192896
192904
192908
192944
192946
192972
192983
192989
192997
193079
193111
193134
193151
193157
193159
193168
193188
193207
193238
193261
193286
193307
193310
193369
193376
193410
5283
193417
190807
193435
193436
193472
193520
193529
193531
193540
193555
193558
193559
193578
193576
193591
193601
193615
193627
193642
193657
193691
193699
193714
193721
193757
193782
193789
193805
193829
193827
193927
193941
193945
193985
194005
194021
194026
194048
194066
194068
194092
194108
194186
194188
194206
194219
194225
194230
194272
194299
194316
127444
194337
194383
194411
194430
194446
194454
194456
194457
194507
194555
194564
194604
194611
194623
194633
194639
194647
194686
194687
194694
194704
194707
194709
194712
194736
194746
194794
194798
194810
194819
194872
194953
194965
194990
194998
195004
195035
195039
195057
195074
195090
195096
195130
195132
195135
195170
191858
195229
195242
195282
195304
195329
195343
195351
195377
195403
195455
195461
195481
195515
195548
195581
195589
15981
195630
195644
195646
195719
195743
195759
195892
195915
195920
195966
196030
196050
196073
196091
196105
196106
196116
196154
196163
196177
196196
196204
196252
196272
196276
196279
196284
196293
196298
196330
196338
196373
196379
196423
196430
196440
196445
196464
196480
196490
196513
196531
196547
196587
196606
196612
196637
196645
196651
196669
196699
196709
193995
196710
196739
196743
196757
196763
196773
196790
196793
196797
196847
196871
196904
196942
196963
196969
196984
196990
197018
197024
197035
197097
197123
197151
197177
197176
197179
197181
197192
197193
197212
197259
197283
197324
197346
197347
197355
197386
197387
197420
197434
197467
197489
197518
197541
197567
197570
197590
197620
197626
197657
197671
197686
197754
197782
197807
197808
197813
197831
197912
197926
197938
197951
197963
197971
197987
197990
195663
198042
198090
198098
198124
198128
198164
198172
198181
198214
198224
198244
198245
198267
198313
198320
198383
198393
198444
198456
198458
198466
198499
198525
198556
198562
198570
198585
198594
198615
198640
198646
198668
198703
198709
198710
198712
198716
198718
198741
198746
198764
198783
198796
198832
154102
198850
198853
198865
198898
198943
198977
198982
198994
199043
199075
199094
199217
199278
199285
199290
199298
199345
199344
199362
199369
199379
199386
199392
199397
196953
199463
199476
199479
199495
199523
199521
199536
199541
199560
199563
199579
199633
199650
199667
199737
199769
199789
199801
199823
199859
199875
199891
199901
199905
199955
199959
199979
199999
200064
200078
200107
200118
200125
200128
200131
200144
200145
200162
200178
200193
200213
200270
200284
200329
200332
200357
200389
200400
200435
200439
200448
200455
200478
200498
200505
200554
200558
200608
200589
200623
200631
200651
200664
200675
200673
200751
200768
200781
200795
200811
200820
200858
200937
200944
200969
200980
200996
201020
201034
201049
201087
201091
201105
201117
201172
201208
201249
201345
201376
201381
201383
201381
201386
201383
201417
201469
15795
201488
201491
201493
201538
201514
201568
53123
201597
201663
201677
201690
201717
201722
201726
201737
201756
201763
201788
201791
201788
201795
201797
201832
201848
201884
201893
201906
201944
201962
201991
202036
202066
202075
202121
202128
202175
202223
202289
202320
202348
202364
202382
202393
202404
202435
202438
202477
199133
199130
202502
202533
202536
202544
202551
202578
202588
202616
202623
202631
202647
202650
202664
202691
202715
202722
202730
202745
202808
202853
202863
202875
202886
202900
202908
202921
202986
203028
203032
203046
203052
203057
203075
203084
203094
203103
203133
203136
203160
203170
203220
203224
203230
203240
203236
203242
203297
203329
203338
203413
203429
203434
203479
203506
203513
203522
203525
203548
203619
203627
203652
203664
203689
203714
203715
203731
203737
203746
203786
203767
203805
203813
203848
203861
203950
203954
203980
203983
204004
204028
204072
204100
201463
204108
204123
204141
204159
204161
204180
204197
204200
204213
204229
204243
204253
204268
204307
204381
204386
204427
204446
204484
204516
204520
204525
204594
204649
204653
204661
204685
204710
204723
204736
204752
204781
204787
204796
204822
204828
204843
204943
204963
204966
204977
204986
204993
204999
16150
205049
205065
205070
205077
205088
205109
205115
205133
205151
205156
205161
205203
205219
205229
205252
205286
205376
205378
205397
205398
205418
205423
205447
205468
205525
205534
205567
205578
205598
205612
205633
205659
205674
205680
205687
205720
205776
205805
205838
205846
203388
205871
205869
205872
205869
205880
205889
205900
205938
205951
205978
205989
205993
206005
206009
206035
206040
206087
206122
206133
206138
206136
206169
206189
206195
206194
206204
206212
206226
206237
206259
206260
206270
206296
206362
206392
206399
206433
206457
206495
206511
206522
206564
206568
206595
206608
206666
206682
206722
206721
206728
206764
206786
206790
206797
206873
206877
206880
206883
206886
206890
206892
206923
206930
206974
206988
207002
207015
207035
207043
207049
207051
207167
207187
207203
207201
207206
207223
207226
207230
207254
207259
207262
207278
207302
207320
207335
207339
207345
207391
207456
207481
207517
207520
207521
207533
207551
207614
207623
207680
199463
207688
207692
207690
207735
207755
207772
207776
207822
207847
207861
207886
207885
207935
207945
207949
207958
208015
208038
208086
208114
208123
208157
208174
208225
208226
208244
208247
208266
208337
203402
208340
208406
208415
208497
208543
208598
208605
208630
208631
208664
208698
208701
208739
208701
208747
208763
208778
208798
208846
208848
208854
208860
208867
208874
208878
208891
208830
208928
208940
208948
208953
208955
208973
208985
209006
209007
209021
209029
209078
209084
209090
209093
209122
209173
209193
205866
209200
209207
209210
209229
209238
209257
209276
209304
209314
209317
209328
209380
209378
209411
209422
209424
209429
209439
209471
209489
209491
209505
209557
209570
209597
209596
209599
209613
209620
207206
209628
209665
209696
209750
209741
209753
209776
209782
209783
209782
209804
209836
209838
209867
209870
209932
209938
209940
209996
210001
210020
210021
210026
210053
210064
210078
210148
210168
210187
210192
210208
210213
210215
210228
210237
210241
210243
210256
210258
210278
210299
210308
210316
210330
210359
210368
207223
210425
210431
210425
210447
210474
210492
210526
210531
210563
210566
210578
210589
210619
210622
210648
210704
210739
210763
210783
210805
210812
210810
210829
210841
210857
210873
210876
210916
210918
210925
210974
210995
210997
211030
211080
211096
211112
211154
211172
211193
211194
211197
211203
211204
211225
211251
211311
211381
211391
211459
211458
211483
211507
211515
211529
211564
211573
211588
211630
211663
211666
211689
211712
211715
211722
211748
211751
211770
211790
211798
211845
211855
211901
211921
211946
211947
211965
211992
211996
212007
212048
212046
212049
212063
212073
212090
212110
212150
212155
212170
212250
212258
212275
212356
212361
212388
212400
212412
212422
212466
212468
212489
212508
212510
212513
212523
212577
212594
212612
212622
212633
212663
212666
212677
212678
212716
212726
212729
212751
212753
212756
212806
212833
212873
212890
212893
212901
212906
212910
212938
213054
213096
213106
213117
213144
213170
213175
213195
213233
213239
213270
213286
213289
213308
213365
213380
213445
213473
213503
213507
213515
213523
213533
213544
213551
213553
213567
213580
213583
213599
213638
213670
213728
213740
213745
213763
213793
213819
213824
213825
213899
213920
213927
213936
214014
214068
214082
214084
209424
214151
214199
214222
211208
214304
214326
214343
214380
214409
214429
214439
214478
214506
214524
214534
214541
214552
214557
214558
214563
214571
214623
214632
214663
214697
214707
214729
214734
214752
214773
214798
214803
214832
214839
214857
214904
214924
214936
214944
214965
215026
215062
215073
215092
215094
215098
215162
215179
215187
215197
215241
12578
215251
215256
215257
215256
215271
215379
215387
215407
215446
215451
215471
215494
215557
215586
215587
215593
215617
215619
215626
215640
215653
215665
215672
215700
215717
215772
215805
215809
212847
215810
215840
215826
215860
215861
215889
215891
215900
215915
215920
215934
215978
215980
215987
215986
215996
215998
216003
216036
216043
216055
216061
216091
216096
216116
216121
216143
216150
216176
216180
213880
216238
216255
216301
216304
216326
216329
216352
216377
216388
216413
214119
216421
216448
216525
216627
214367
216657
216676
216698
216724
216734
216753
216760
216773
216792
216805
216848
216849
216850
216858
216873
216904
216919
216926
216942
216965
216984
217013
217023
217048
217156
217217
217235
217251
217265
217274
217383
217402
217404
217434
217464
217540
217539
217551
217562
217573
217602
217610
217615
217669
217676
217747
217765
217799
217805
217810
217819
217843
217847
217864
214846
217865
217893
217927
217953
217975
217991
217996
218005
218029
218037
218060
218093
218094
218104
218127
218138
218151
218217
218225
218226
218247
218255
218324
218325
218349
218363
218388
218444
218450
218502
218521
218518
218566
218591
218601
218614
218636
218665
218693
218718
218841
218863
218869
218905
218928
218976
219012
219028
219031
219043
219072
219089
219153
219171
219181
219180
219194
219209
219238
219278
219276
219288
219385
219391
219409
219417
219426
219439
219487
219498
219511
219606
219635
219730
219745
219755
217404
219760
216698
219784
219790
219838
219843
219858
219893
219923
219924
219929
219939
219947
219961
220017
220041
220067
220121
220133
220137
220138
217881
220137
220144
220150
220163
220172
220171
220179
220211
220259
220299
220332
220358
220388
220482
220490
220571
220738
220771
220829
220837
212443
220841
220846
220905
220910
221080
221138
221155
221208
221219
221221
221309
221434
221439
221449
221498
221512
221517
221518
221538
221543
221554
221592
221709
221724
221727
221744
221757
221765
221785
221796
221808
221811
221821
221833
221834
221868
221964
222002
222022
218980
222050
222144
222148
222179
222178
222192
222198
222226
222292
222315
222325
222337
222341
222370
222403
222423
222472
222469
222474
222501
222514
222524
222526
217903
222539
218525
222581
44578
222621
222626
222682
222694
222697
222704
222767
222809
222862
222878
222883
222884
222890
222906
222936
222948
222998
223030
223059
223141
223201
223211
223212
223249
223265
223298
223305
223345
223362
223384
223383
223416
138329
223432
223442
223446
223511
223526
223539
197349
223558
223607
223617
223670
223708
223769
223780
223800
223820
223849
223884
223901
223904
223906
223910
223928
221518
223951
223996
224000
224060
224099
224120
224121
224125
224167
224266
224296
224300
224296
224426
221454
224437
224517
224524
224542
219780
224581
224582
224637
224663
224740
224746
224763
224767
224806
224851
224908
224917
224915
224963
224994
225014
225022
225076
225247
225283
225310
225330
219254
225477
223132
225543
225565
45201
225618
225635
225655
222643
225698
225759
225816
222836
225825
225857
225872
225897
226013
226032
226099
226108
226125
226149
226152
226205
226213
226250
226281
226302
226390
226394
226428
226529
226571
226591
226600
226626
226635
226641
226648
226707
226714
226748
226786
226793
226801
226800
226821
226842
226855
226880
226885
226997
226994
227057
227059
227090
227101
227143
227167
227200
227255
227268
227284
227325
227338
227335
227387
193558
193559
203714
227387
227390
227401
227416
227443
227447
227485
227491
227524
227530
225310
227549
227551
227619
227707
227706
227714
227791
227800
227822
227888
227897
227907
227929
227937
227947
227961
227971
228057
228068
228072
228076
228132
228138
228158
228162
228164
228203
228214
228250
228254
228259
228338
228392
228409
228461
228462
228516
228519
228527
228555
228643
141973
141974
228689
228697
228791
228802
228867
228879
228917
228930
228937
228970
228982
228985
229009
229032
229022
229050
229070
229123
229161
229264
229314
229350
229381
229447
229507
229513
229535
229620
229704
229734
229745
229777
229803
229847
229854
229884
229966
230019
230030
230137
230187
230195
230220
230231
230308
230326
230377
230388
230411
230431
230436
230476
230614
230622
230750
230765
230801
230871
230914
230946
231131
231165
231180
231234
231296
231335
231351
231370
231447
231471
231503
231517
231572
231578
231621
231633
231748
231779
231814
231820
231858
231876
231900
231919
231943
231956
231978
231985
231997
232010
232086
232100
232141
232268
232277
232284
232331
232385
232485
232589
232595
232622
232652
232665
232673
232694
232736
232753
232860
232869
232892
232898
232900
232898
232932
232958
232986
232999
233008
233010
233009
233060
233145
233160
233170
233178
233199
233250
233274
233296
233404
233418
233444
233481
230561
233513
233521
233543
233545
233549
233553
233648
233680
233692
233695
233750
233782
233803
233844
233856
233877
233879
233888
233936
231694
233938
233944
188379
233956
233970
234015
234018
234043
234113
234115
234131
234173
234206
234210
234226
234248
234449
234467
234527
234534
234566
234637
230194
234676
234678
234694
234711
234738
234741
234781
234857
234871
234904
234906
234926
234967
234989
235015
235034
235035
235088
235094
235156
235188
235203
235239
235307
235357
235412
206666
235449
235453
235515
235561
235600
235623
235644
235678
235780
235794
235799
235814
235972
235981
236005
236027
236078
236108
236103
236107
236201
236272
236275
236277
236332
236387
236421
236449
236448
236471
236482
236499
236554
236565
236659
236678
236680
236687
236707
236789
236864
236868
236884
236936
236955
236995
234165
237015
237032
237077
237079
237141
237164
237174
237212
235034
237260
237282
237290
237309
237364
237381
237427
237435
237465
237518
237549
237575
234678
237604
237606
237646
237652
237662
237676
237686
237690
237714
237717
237725
237730
237736
237737
237736
237748
237749
237748
237764
237748
237814
237836
237971
238010
238097
238133
238166
238255
238350
238355
238372
238375
238404
238406
238414
238448
238490
238498
238558
238555
238572
238610
238616
238647
238650
238684
238710
238722
238745
238765
238771
238780
238804
238816
238818
238836
236499
238851
238864
238909
238922
238942
238976
239009
239022
239040
239059
239085
239098
239101
239179
239201
239226
239228
239266
239277
239292
239304
239324
239334
239364
239443
239466
239479
239558
236647
239598
239610
239626
239639
239713
239766
239785
239851
206423
239868
239880
239887
239889
239904
239960
239989
239992
240020
240039
240080
240141
240191
240232
240253
240267
240593
240597
240684
240749
240800
240853
240925
240958
240978
240987
240977
241012
241024
241044
241056
241084
241101
241125
241138
241150
241153
241206
241224
241234
241299
241286
241331
241348
241417
241430
241464
241508
241621
241675
241687
241685
241693
241704
241711
241717
241723
241734
241738
241753
241758
241787
241816
241819
238908
241827
241828
241829
241864
241865
241879
241961
242000
242014
242059
242102
242153
242190
242252
242262
242269
242272
239983
242320
242343
242482
242484
242507
242554
242649
242664
242661
242668
242674
242686
242691
242702
242713
242805
242874
242900
242909
242911
242913
242946
242988
243025
242991
243039
243048
243060
243092
243143
243149
243158
243161
243184
243247
243209
243258
243271
243282
203287
243293
243306
243324
243389
243408
243521
243611
243615
243667
243680
243751
243765
241022
243788
243844
243861
243873
243890
243896
243912
243935
243958
243990
241286
244000
244016
244039
244061
244102
244139
244151
244194
244219
244234
244254
244307
244328
244369
244390
244399
244414
244425
244432
244435
244432
244474
240057
244488
244516
244537
244579
244582
244588
244626
244637
244652
244651
244710
244714
16578
244733
244745
244746
244772
244784
244796
242102
244801
244895
244905
244952
244966
245015
245051
164913
245092
245093
245095
245093
245098
245155
245175
245198
245205
245234
245229
245235
245261
245308
245352
245368
245497
245500
245516
245531
245560
245561
245560
245608
243347
245621
245717
245740
243542
245753
245768
245846
245863
245900
245928
157399
245934
245939
245982
246005
246012
246090
246135
246149
246205
246210
243355
246286
246287
246313
246318
246412
246434
246441
246455
246515
246524
246525
246554
246602
246639
246646
246673
246749
157782
246781
246808
246820
246901
246898
246961
246967
247037
247122
247137
247167
247174
247181
247167
247192
247228
247234
247310
247336
247342
247384
247406
247497
247505
247522
247552
247570
247627
247651
247671
247673
247742
247756
247783
247802
247822
247879
247922
247927
247946
247960
247963
248053
248055
248070
248092
248094
248143
248161
248235
248294
248298
248320
248335
248350
248362
248368
248409
248436
248444
248458
248507
248561
248593
248664
248674
248688
248691
248739
248746
151226
248752
248775
248803
248827
248835
248858
248868
248924
248940
249010
249073
249092
249123
249158
249180
249184
249231
249233
249258
249266
249285
246554
249374
249503
249517
249538
249543
249586
249603
249620
249630
249637
249658
249700
249633
245333
249718
249738
249751
249783
249797
249794
249829
249854
249902
249923
249969
249996
250034
250037
250063
250090
250085
250145
250183
250188
250226
250227
250236
250248
250290
250365
250366
250365
250425
250465
250497
250521
250554
250592
250638
250677
250682
250713
250751
250776
250821
250830
250850
250868
250923
250940
250957
250994
251044
251049
251048
251056
251069
146460
251081
251151
251166
251164
251173
251239
251242
251219
251251
251304
251317
251329
251350
251371
251408
251440
251509
198573
251555
251708
251721
251812
251836
251838
251950
251962
251998
252006
252079
252089
252131
252199
252213
252215
249996
252308
252304
252331
252334
252402
252419
252616
252626
252643
252658
252681
252704
252721
252724
252745
252767
252773
252807
252822
252956
252982
252987
250830
253039
253150
253173
253191
253211
253227
253239
253279
253292
253322
253323
253343
253362
253417
253427
253440
253575
253586
135833
253589
253606
253620
253647
253675
253717
253726
253781
253789
253790
253792
253826
253895
253924
253951
253973
253975
254012
254030
254061
254084
254094
254124
254128
254149
254162
254163
254162
254184
254190
254243
254280
254288
254318
254330
254348
254378
254402
134351
254428
254465
254498
254521
254663
254667
254686
254697
254756
254761
254823
254895
254944
254964
254967
255056
255128
255145
255177
255190
255252
255269
255270
255307
255321
255362
255379
255391
255390
255403
255412
35905
255445
255477
255490
255477
255510
255520
255523
255548
255562
255589
255618
255626
255633
255641
255671
255680
255685
255724
255874
255878
255886
255894
255931
255960
255969
255978
256055
256056
256084
256102
256122
256162
256163
256179
256195
256201
256210
256234
256399
256397
256417
256430
256436
256461
256436
256480
256511
256515
256569
256571
256598
256611
256638
256653
256685
256689
256701
256710
256727
256753
256811
194188
256826
256854
256936
256942
256959
256960
256959
256993
257027
257063
257087
257091
257102
257123
257157
257184
257223
257207
257274
257388
257403
257434
257451
257466
257474
257483
257509
257538
257564
257594
257629
257666
257655
257676
257689
257713
257704
257743
257785
257795
257860
257871
138758
257918
258017
258055
258094
121156
258100
130076
258130
258172
258182
258158
258227
258248
258281
258301
258316
258326
258352
258381
258412
258442
258462
258486
258505
258507
258513
258522
258544
258556
258566
258578
258616
258677
258819
258829
258847
258848
258906
258964
258972
258999
259086
259123
256338
259128
259152
259181
259208
259236
259265
259280
259330
259354
259413
259462
259476
259519
259556
259654
259658
259661
259674
259692
259720
259731
259743
259785
259803
259851
259875
259883
259895
259914
259919
260022
260040
260054
260146
260197
260216
260251
260273
260381
260396
260426
260536
260539
260574
260603
260696
260710
260748
260783
260836
258607
260858
260879
260883
260912
260958
260976
260988
260990
261001
261018
261050
261076
261104
261112
261222
261336
261339
261357
261386
261429
261443
119873
261450
261500
261614
261648
261663
261718
261724
261761
261767
261782
261875
261909
261955
261957
261977
262005
262026
262027
262041
262060
262064
262060
262079
262091
262099
262105
262107
262215
262221
262231
262255
262282
262276
262371
262428
262439
262480
134677
262520
262523
262548
262579
262600
262608
262637
262652
262654
134260
262675
262720
262807
262832
262852
262860
262966
262993
263006
263029
263056
263072
263089
263157
263168
263215
263224
263214
263265
263261
263278
263366
263430
263467
263509
263518
263546
263565
263640
263634
263695
263799
263828
263833
263840
263833
263848
263860
263994
264092
264111
264126
264129
264132
264177
264194
264238
264249
264330
264360
264368
264401
264409
264427
264486
264503
264566
264665
264714
264721
264744
264809
124666
264813
264910
264936
264972
265058
265070
265074
265097
265168
265179
265270
265298
265322
265336
265349
265377
265379
265468
265478
265555
265591
265598
265620
265662
265747
265776
265825
265841
265846
265872
265879
265963
265972
265988
266046
266193
266205
266210
266271
266303
263588
266330
266383
266393
266420
266469
266507
266515
266572
266620
266642
266648
266657
266664
266680
266707
266710
266720
266723
266746
266768
266851
266868
266893
266903
266964
267012
267032
267084
267120
267124
267126
267132
267149
267169
192631
267232
267243
267250
267259
267326
267332
267343
267377
267380
267396
267405
267485
264785
267483
267504
267519
267524
267527
267554
267568
267624
267630
267696
267707
267716
267742
267787
267809
267839
267842
267855
267913
267989
268004
106456
268024
268062
268105
268114
268231
268239
268272
268280
268299
268305
268320
268385
268397
268401
268436
268439
268452
268456
266193
268474
268486
268484
268528
268531
268532
268551
268568
268571
268661
268674
268675
268674
268693
268734
268751
268756
268789
266021
268808
268828
268840
268842
268910
268919
268928
268946
112342
268955
268963
268966
268987
268993
269009
269032
269047
269059
269084
269111
269127
269145
269172
269203
269258
269288
269348
269366
269403
269409
269449
269491
267326
269496
269515
269517
269526
269531
269580
269622
269648
269696
269712
269766
269781
269797
269826
269852
269869
269897
269942
269995
270023
267707
270058
270152
270220
270226
101981
270253
270283
270305
270311
270322
270380
270452
270480
270494
270499
270508
270574
270652
270672
270700
270738
270759
270772
270861
270928
270965
271014
271033
271054
271097
271113
271167
271201
271243
271245
271259
271297
271340
271496
271510
271617
271644
271661
271663
271682
271722
271734
271742
271746
271779
271801
271807
271814
271820
271873
271877
271873
271910
271918
271930
271939
271952
271951
271964
271965
271986
271989
267272
272010
272026
272027
272029
272034
272109
270249
272133
272159
272182
272289
272298
272306
272365
272468
272474
272498
272508
272511
272531
272595
272616
272662
272697
272749
272788
272837
272880
272888
272937
272982
273007
273008
273007
273041
273076
273083
273099
273110
273114
273158
273156
273199
273205
273216
273240
273280
273284
273296
273328
101354
273379
273381
273333
273394
273392
273446
273444
273460
273530
273542
273570
273599
273688
273698
273702
273741
273765
273830
273855
273878
273904
273903
273929
273956
273971
274008
274018
274031
274043
274114
274137
274142
274148
274178
274220
274229
274244
274268
274328
274344
274358
274376
274424
274433
274438
274449
274500
274526
274536
274692
274737
274747
274782
274789
272032
274815
274881
274887
274936
274970
274994
275009
275081
275111
275134
275137
275142
275167
275209
275211
272133
275233
275248
275258
275294
275339
275381
275409
275415
275470
275495
275508
275520
275645
275651
275669
275672
275688
32477
275711
275709
275714
275758
275765
275767
275769
275794
275813
275818
166373
275869
275950
275985
273099
276069
276088
276096
276108
276176
276212
276235
276237
276250
276284
276305
276345
276366
276390
276401
276427
276474
276479
276485
276611
276627
276665
276678
276742
276746
276758
276783
276815
276975
276983
276991
277040
277054
277099
277147
277178
277185
277234
277247
277269
277279
277292
277391
277413
277452
277475
277515
277536
274881
277546
277559
277618
277621
277659
277667
277681
277746
277810
277870
277854
277881
277883
277901
277916
277983
278013
278042
278050
278202
278215
278225
278229
278242
278284
278314
278320
278343
278352
278377
278380
278393
278410
278411
278460
278508
278516
278530
278563
278621
278633
278638
278637
278658
278678
278677
278712
278770
278773
278785
278827
278880
278879
278948
279021
279028
279075
279083
279123
279131
87313
279172
7573
279203
279218
279224
279277
279292
279297
279306
279365
279368
279399
279426
279430
279434
279449
279461
279472
279512
279544
279656
279722
279731
279711
279740
279742
279759
277344
279819
279910
279924
279952
279964
279991
280003
280031
280064
280131
280172
280213
280224
280250
280385
280450
280467
183084
280490
80364
280550
280555
280560
280606
278229
280765
280770
280774
280780
280850
280870
280927
280931
280948
280949
280948
280999
281017
281039
281045
98204
281051
281077
281076
281082
281111
281139
281205
278785
281234
281235
281275
281323
87626
281353
281418
281471
281475
281517
281552
281565
281574
281611
281629
31044
281700
281782
281806
281808
281822
281835
281846
279472
281850
281915
281922
73363
281925
281958
281968
282013
178133
282026
282052
282074
282094
282127
282143
282183
279873
282186
282187
282226
282294
282296
282308
282313
282346
282349
282381
282509
282586
282588
282604
282653
282686
282787
279742
282802
282821
282823
282829
282847
282903
282932
282957
282982
283021
283050
283062
283088
283112
283139
283152
283166
283179
283189
283238
283246
280835
283255
283299
283331
283339
283406
283440
283478
69996
283490
283517
283516
283552
283562
283571
283761
281307
283823
283839
283852
283855
283868
283876
283913
283936
283967
284004
284030
284083
284093
284090
284095
284189
284195
284264
284285
284307
284363
284372
26599
284376
284399
284416
284432
284451
284479
284487
284496
284512
284545
284568
284596
284623
284653
284715
284722
284792
284866
284879
284905
284924
284998
285019
285031
285039
285045
285048
285067
285075
285137
285175
285221
75961
285245
285304
285321
285344
285349
285370
285385
285395
285407
285485
285492
285502
285523
285522
285533
285552
285572
285574
285622
285652
285673
285709
285721
285745
285764
285781
285791
285809
285946
285980
285984
285990
285992
286117
286123
286267
286275
286282
286303
286417
286435
286455
286486
286488
286497
77903
286536
286546
286570
286609
286712
286714
286733
286743
77370
286769
286808
286814
286824
286827
286846
286867
286923
286937
286980
286982
286980
287024
287026
287082
287090
287125
287129
287135
287160
287176
287213
287248
287250
287286
287299
287303
287317
287320
287395
287420
287447
287462
287473
287577
287606
287628
287647
287693
284838
287710
287712
287742
287775
287795
287800
287881
287921
287963
287964
287981
288003
288020
288048
288064
288092
288098
288105
288283
288290
288311
288316
288334
288357
78807
288409
288410
288448
288486
288500
288514
288528
288530
288528
288561
288604
288621
288640
288648
288651
288653
288651
288654
288656
288660
288695
288703
288709
288722
288726
288731
288780
288835
288893
288925
288980
288990
289002
289012
289036
289068
289163
289171
289229
289243
289252
289266
289282
289290
289288
289306
289315
289338
289369
289402
289410
289420
289432
289459
289481
289482
289493
289539
289545
289573
289658
289665
289712
289714
289771
289778
289815
289825
289844
289845
289848
289856
289890
289960
289964
289984
289995
290020
290052
71112
290088
290091
290100
290178
290230
290246
290258
290275
290297
290332
290400
290414
290439
290485
290496
290547
290586
290589
290657
288290
290712
290715
290745
62771
290766
290777
290847
290875
290886
290966
290965
290969
290984
291008
291058
291091
291093
291091
291096
291088
291100
291204
291234
291237
291273
291298
291299
291303
291340
291479
291495
291500
291539
291547
291586
291607
289300
291630
291658
291662
291670
291674
291691
71154
291724
291733
291744
291819
291839
291842
291854
291918
291985
291991
292094
292112
292217
292255
64873
292263
292270
292312
292321
292335
292362
292449
292458
292471
292480
292481
292497
292550
292569
292629
292632
292645
292671
292689
292720
292803
292810
292852
292876
292926
293005
293004
293045
293076
293071
293085
293104
293131
293144
293177
293219
293229
293264
293280
293310
293325
293328
293379
293402
293406
293436
293490
293542
68274
293527
293550
293559
293641
293691
293720
293735
293790
293822
293856
293899
293935
293943
293989
294011
294019
294065
294079
294104
294112
294121
294147
294185
294311
294313
294327
291605
294345
294489
294527
294590
294600
294609
294652
294669
294694
294689
294705
294741
294747
294750
294769
292449
294791
294820
294875
294894
294875
294903
294931
294962
294988
295014
295030
295062
295122
295173
295199
295204
295259
295268
295289
295332
295374
295421
295420
295428
295433
295452
295468
295503
32926
295517
295597
295649
295651
295660
295676
295685
295725
295753
295763
295779
295890
295910
296020
296043
296074
296089
296114
296178
296198
296207
296290
293328
296291
293328
296290
296318
296316
296346
296394
296399
296400
296423
296476
296589
296633
296720
296740
296880
296899
296912
296914
296958
296966
296988
297015
297049
297061
297085
297091
297151
297223
297239
297247
297286
297454
297463
297505
297630
297692
297705
297724
297750
297753
297869
297896
54119
297913
297935
297949
298085
298170
298207
298230
298262
298299
298410
298478
298536
298550
298597
298640
298643
298640
298872
298889
298979
299001
299041
299083
299136
299142
299164
299199
299440
299497
299553
299562
299587
14604
299616
