2
7
12
25
57
69
75
83
104
102
107
118
129
132
142
148
158
165
166
165
181
206
220
229
233
248
253
274
271
277
286
292
293
306
326
328
348
353
394
393
434
456
457
456
464
465
478
483
490
500
501
511
523
547
580
591
423
597
600
611
624
642
652
662
665
666
671
672
679
685
691
697
712
715
723
793
797
799
808
814
821
824
825
833
845
856
875
883
895
912
916
920
928
936
938
936
944
942
953
965
967
975
985
999
1007
1010
1020
1033
1040
1042
1061
1073
1084
1117
1120
1123
1134
1152
1174
1194
1206
1207
1227
1230
1251
1261
1263
1266
1270
1281
1291
1297
1301
1321
1325
1326
1340
1338
1353
1359
1360
1369
1370
1369
1374
1397
1479
1488
1510
1517
1549
1575
1590
1611
1612
1619
1631
1674
1678
1701
1711
1719
1724
1745
1742
1747
1749
1786
1805
1848
1854
1884
1887
1884
1890
1895
1901
1904
1920
1922
1920
1940
1978
1980
1978
1993
2000
2005
2021
2024
2026
2037
2047
2051
2107
2122
2136
2138
2148
2145
2157
2177
2178
2185
2202
2224
2245
2270
2273
2275
2276
2279
2298
2305
2343
2362
2379
2423
2437
2457
2471
2488
2495
2501
2514
2526
2528
2537
2536
2541
2560
2603
2601
2621
2655
2667
2670
2675
2693
2711
2769
2804
2809
2808
2806
2823
2830
2836
2872
2921
2926
2916
2939
2940
2946
2952
2965
2972
3001
3009
3011
3009
3001
3033
3052
3058
3096
3103
3100
3109
3111
3122
3127
3146
3155
3158
3167
3168
3175
3181
3183
3190
3201
3216
3223
3236
3241
3252
3249
3258
3260
3258
3267
3272
3273
3291
3300
3310
3328
3334
3331
3353
3359
3360
3392
3401
3403
3431
3426
3432
3436
3439
3445
3458
3460
3461
3501
3510
3521
3536
3537
3541
3574
3586
3591
3590
3596
3614
3617
3628
3635
3652
3667
3666
3730
3729
3736
3746
3751
3766
3768
3773
3794
3796
3824
3865
3874
3877
3886
3891
3942
3953
3952
3955
3972
3980
3984
3998
4047
4053
4065
4084
4088
4132
4138
4152
4138
4156
4161
4183
4184
4183
4197
4213
4228
4239
4102
4246
4257
4286
4294
4291
4311
4318
4326
4329
4326
4341
4343
4341
4348
4356
4365
4375
4386
4492
4543
4575
4579
4603
4591
4617
4615
4636
4643
4661
4688
4716
4750
4763
4772
4774
4786
4789
4795
4796
4797
4801
4785
4800
4815
4822
4832
4836
4843
4866
4884
4898
4902
4903
4909
4937
4950
4960
4991
5035
5028
5046
3773
5060
5044
5078
5111
544
580
5120
5125
5136
5173
5174
5212
5215
5222
5227
5250
5248
5254
5260
5264
5262
5268
5271
5278
5280
5282
5285
5290
5312
5322
5332
5345
5344
5417
5419
5440
5477
5481
5492
5520
5548
5555
5568
5588
5617
5619
5623
5626
5631
5642
5640
5645
5654
5676
5692
5711
5715
5738
5744
5746
5750
5758
5787
5832
5836
5835
5847
5852
5860
5863
5870
5905
5907
5912
5914
5916
5918
5916
5930
5934
5963
5965
5975
5977
5981
5987
5989
6001
6005
6008
6013
6020
6026
6033
6036
6033
6054
6053
6075
6078
6079
6094
6104
6094
6120
6125
6141
6158
6164
6166
6172
6177
977
6200
6216
6219
6227
6229
6247
6256
6257
6262
6261
6266
6284
6286
6288
6293
6294
6300
6333
6338
6342
6351
6365
6364
6380
6388
6427
6457
6476
6486
6457
6494
6502
6508
6514
6533
6535
6539
6543
6551
6578
6592
6621
6634
6670
6673
6686
6684
6687
6708
6712
6724
6752
6782
6787
6792
6808
6832
6842
6840
6845
6880
6893
6915
6918
6922
6930
6947
6960
6965
6971
6981
6982
6984
6995
7000
7002
7040
7044
7046
7057
7063
7057
7086
7111
7131
7133
7131
7162
7168
7175
7178
7180
7193
7197
7211
7210
7240
7251
7252
7265
7268
7279
7282
7286
7291
7298
7305
7335
7344
7348
6494
7335
6494
7353
7359
7369
7374
7383
7410
7396
7441
7443
7432
7441
7473
7482
7488
7494
7495
7503
7512
7519
7526
7528
7541
7543
7544
7552
7562
7571
7568
7596
7645
7651
7657
7663
7684
7687
7723
7729
7732
7738
7808
7810
7828
7848
7849
7852
7859
7860
7868
7897
7905
7908
7932
7956
7966
7968
7979
7985
8023
8052
8071
8062
8088
8090
8092
8115
8120
8128
8139
8140
8166
8183
8185
8207
8209
8232
8234
8232
8247
8255
8259
8288
8296
8340
8352
8365
8369
8377
8381
8430
8451
8454
8464
8490
8522
8523
8536
8540
8552
8566
8588
8589
8592
8678
8679
8686
8690
8699
8698
8745
8746
8762
8777
8783
8816
8835
8827
8868
8872
8892
8896
8924
8943
8970
8974
9019
9040
9050
9059
9040
9074
9082
9086
9096
9100
9102
9115
9132
9135
9143
9154
9161
9180
9183
9191
9198
9167
9209
9229
9239
9242
9246
9253
9281
9282
9298
9311
9339
9350
9393
9482
9509
9513
9530
9540
9549
9594
9599
9601
9619
9623
9634
9651
9670
9708
9703
9715
9728
9752
9755
9768
9772
9778
9813
9825
9829
9836
9838
9837
9883
9880
9893
9903
9906
9926
9944
9960
9970
9979
9995
10019
10036
10043
10046
10043
10053
10065
10099
10115
10122
10129
10165
10174
10193
10194
10199
10205
10217
10225
10230
10276
10317
10329
10347
10351
10354
10361
10364
10373
10386
10396
10402
10418
10435
10445
10474
10490
10494
10496
10514
10531
10538
10546
10585
10587
10603
10619
10662
10738
10748
10749
10828
10846
10849
10850
10852
10894
10902
10894
10925
10934
10945
10972
10976
10977
10983
10995
11007
11011
10995
11017
11016
11029
11041
11045
11080
11117
11124
11136
11141
11168
11174
11188
11207
11211
11233
11296
11305
11319
11338
11352
11370
11385
11393
11453
11484
11490
11498
11504
11515
11518
11523
11547
11555
11563
11566
8563
11580
11589
11594
11604
11601
11619
11631
11634
11682
1686
11688
11711
11734
11812
11822
11894
11902
11922
11958
11980
11986
11997
12024
12053
12064
12066
12071
12070
12090
12107
12164
12190
12209
12210
12209
12214
12240
12235
12260
12267
12273
12293
12298
12333
12334
12332
12351
12360
12361
12365
12391
12405
12409
12423
12444
12445
12454
12457
12495
12496
12495
12516
12521
12541
12575
12576
12491
12577
12597
12598
12604
12625
12644
12642
12661
12670
12673
12721
12773
12788
12794
12808
12818
12823
12899
12919
12934
12948
12997
13014
13039
13048
13057
13101
13113
13137
13153
13168
13178
13184
13182
13188
13211
13225
13246
13272
13276
13278
13283
13276
13301
13306
13332
13341
13348
13301
13341
13362
13364
13375
13379
13402
13447
13450
13468
13475
13506
13543
13565
13598
13596
13601
13566
13630
13645
13647
13653
13596
13664
13667
13675
13686
13690
13709
13713
13718
13720
13730
13733
13749
13728
13753
13756
13773
13792
2537
13800
13813
13809
13818
13828
13836
13845
13846
13860
13878
13885
13906
13918
13930
13950
13970
13973
13978
13981
13984
14018
14027
14039
14044
14047
14061
14080
14086
14097
14118
14126
14132
14155
14177
14192
14214
14225
14257
14260
14306
14315
14336
14341
14348
14346
14377
14385
14397
14403
14411
14419
14424
14445
14446
14508
14509
14508
14511
14533
14579
14594
14608
14620
14628
14630
14602
14650
14669
14683
14693
14695
14707
14724
14730
14737
14752
14748
14805
14829
14851
14862
14867
14868
14879
14884
14893
14894
14897
14915
14922
14939
14950
14954
14953
14959
14971
14981
14985
15017
15013
15028
15035
15033
15062
15077
15089
15072
15092
15101
15135
15137
15135
15149
15152
15149
15153
15154
15153
15160
15165
15173
456
15178
15197
15205
15212
15213
15227
15232
15259
15263
15289
673
15300
15308
15311
15317
15326
15335
15352
15359
15372
15371
15399
15426
15456
14893
15497
15516
15560
15568
15572
15577
15606
15620
15626
15624
15628
15655
14328
15658
15670
15682
15697
15716
15717
15736
15739
15764
15792
15798
15804
15805
15811
15838
15832
15845
15854
15859
15863
15873
15886
15889
15923
15948
15964
15973
15982
16006
16023
16029
16031
16032
5864
16044
3296
3294
16046
16073
16078
16080
16099
16107
16123
16097
16159
16166
16169
16166
16198
16227
16258
16267
16303
16310
16318
16322
16324
16333
16381
16391
16399
16403
16402
16412
16413
16423
16412
16430
16444
16451
16462
16486
16495
16518
16534
16562
16569
16579
16583
16606
16609
16612
16619
16613
16623
16628
16630
16636
16637
16641
16643
16645
16648
16654
16668
16669
16678
16677
16680
16684
16697
16706
16707
16713
16715
16723
16732
16739
16745
16750
16754
16751
16766
16773
16786
16791
16794
16798
16804
16821
16830
16832
16819
16836
16837
16860
16861
16864
16878
16894
16863
16898
16902
16923
7905
16930
16942
16951
16952
16951
16958
16965
16975
16974
17002
17009
17031
17078
17108
17114
17119
17096
17155
17179
17196
17214
17268
17280
17283
17285
17289
17299
17314
17315
17318
17324
17331
17347
17366
17368
17370
17371
17408
17412
15145
17428
17449
17465
17504
17563
17638
17656
17722
17751
17753
17754
17767
17775
17788
17795
17812
17841
17845
17872
17888
17916
17949
17957
17971
17997
18015
18050
18048
18053
18050
18065
18086
666
18101
18120
18121
18130
18157
18160
18184
18191
18197
18213
18182
18220
18223
18229
18239
18257
18270
18278
18300
18304
18315
18324
18325
18330
18331
18338
18357
18358
18357
18366
18376
18408
18407
18414
18439
18441
18445
18447
18452
18454
18459
18449
18484
18481
18494
18521
18520
18541
18546
18550
18564
18565
18574
18580
18593
18601
18570
18616
18623
18636
18641
18647
18669
18690
18694
18705
18721
18720
18724
18754
18750
18758
18756
18762
18779
18783
18797
18798
18804
18828
32
18841
18849
18863
18868
18883
18907
18778
18919
18940
18951
10972
18950
10972
18992
19008
19012
19042
19050
19100
19108
19117
19126
19134
19160
19173
19187
19165
19191
19194
19232
19236
19250
19270
19276
19278
19284
19296
19315
19323
19342
19345
19349
19358
19360
19359
19366
19370
19385
19395
19397
19395
19403
19420
19438
19444
19463
19470
19537
19541
19553
19556
19558
19561
19571
19570
19576
19587
19601
19606
19609
19612
19616
19643
19658
19675
19702
19708
19715
19716
19750
19755
19765
19769
19778
19781
19785
19796
19800
19813
19814
19815
19823
19847
19862
19874
19879
19886
19898
19901
19909
19924
19934
19943
19944
19959
19973
19976
19974
19987
19996
19999
20000
20011
20015
20019
20040
20043
20047
20052
20107
20119
20138
20143
20149
20155
20164
20173
20174
20190
20203
20246
16209
20252
20267
20276
20303
20308
20305
20318
20323
20332
20357
20371
20416
20425
20429
20430
20432
20442
20449
20505
20521
20524
20532
20539
20546
20566
20568
20570
20572
20573
20576
20590
20600
20611
20621
20630
20651
967
20689
20725
20786
20781
20792
20819
20880
20893
20896
20936
20960
20969
20973
21009
21013
21015
21028
21033
21038
21064
21074
21145
21177
21197
21201
21272
21298
21300
21312
21330
21339
21346
21360
21371
21369
21378
21386
21420
21431
21445
21462
21464
21462
6623
21477
21481
21484
21494
21496
21500
21511
21536
21562
21536
21572
21617
21623
21625
21631
21648
21658
21679
21688
21679
21708
21745
21755
21757
21781
21793
21797
21826
21842
21845
21842
21846
21845
21852
21860
21865
21868
21881
21888
21890
21888
21892
21895
21914
21915
19008
21951
21971
21980
21985
22000
22003
22006
22013
22023
22029
22061
22074
22084
22086
22159
22162
22159
22167
22124
22166
22177
22182
22186
22195
22197
22201
22239
22255
22257
22259
22262
22263
22268
22271
22273
22276
22280
6675
22315
22331
22347
22382
22414
22418
22423
22432
22470
22480
22486
22496
22499
22500
22537
22541
22547
22570
22575
22578
22583
22600
22607
22609
22580
22626
22642
22651
22375
22665
22671
22673
22689
22700
22735
22748
22783
22822
22825
22835
22911
22926
22938
22967
22974
22997
23010
23036
23041
23062
23063
23085
23123
23124
23138
23139
23132
23138
23149
23160
23174
23184
23199
23196
23205
23219
23232
23254
23291
23297
23318
23331
23339
23354
23360
23378
23393
6621
6623
23394
23385
23423
23427
23441
23453
23459
23454
23480
23499
23515
23529
23530
23529
23551
23556
23571
23594
23659
23663
23659
23674
23682
23688
23704
23725
23728
6798
23739
23745
23739
23751
23784
23795
23798
23799
23829
23838
23840
23849
23855
23844
23863
23860
23891
21464
23897
23981
23984
23981
23980
23986
23991
23995
24004
24014
24016
24020
24040
24042
24040
23996
24044
24052
24038
24076
24102
24122
24136
24155
24156
24163
24174
24213
24230
24235
24248
24259
24260
24273
24274
24292
24298
24300
24352
24354
24357
24372
24386
24388
24386
24424
24431
24451
24454
24461
24459
24475
24479
24503
24471
24546
24550
24646
24648
24651
24657
24672
24677
24679
24681
24688
24691
24694
24699
24723
24726
24739
24783
24784
24788
24786
24799
24802
24808
24807
24831
24837
24842
24844
24849
24860
24890
24894
24900
24913
24915
24963
25017
25031
25039
25041
25047
25052
25059
7512
25065
25066
25079
25108
25120
25126
25129
25135
25137
25143
25163
25166
25170
25172
25176
25178
25183
25187
25241
25254
25259
25280
25316
25322
25327
25336
25338
25372
25392
25420
25424
25431
7709
25449
25451
25452
25454
25456
25464
25466
25475
25466
25501
25533
25567
25572
25497
25576
25587
25601
25632
25667
25673
25685
25694
25697
25698
25736
25739
25760
25786
25795
25798
25834
25840
25839
25843
25855
25866
25898
25895
25899
25921
25923
25925
25934
25954
25959
25997
26006
26013
26031
26032
26031
26045
26049
26065
7825
26073
26087
26109
7874
26116
26120
26122
26205
26215
26229
26260
26265
26334
26354
26366
26383
26384
26388
26389
26391
26432
26434
26437
26463
26479
26482
26481
26486
26489
26499
26505
26514
26520
26521
26527
26528
26544
26543
26551
26578
26583
26590
26686
26705
26719
26737
26757
26763
26785
26806
26810
26809
26824
26850
26861
26871
26874
26883
26850
26897
26901
26933
8536
26932
26965
26970
26973
26999
27010
27044
27058
27082
27084
27090
27098
27110
27119
27130
27133
27153
27160
27164
27165
27175
27184
27191
27199
27205
27214
1369
1366
27224
27249
27256
27262
27268
27313
27357
27351
27376
27391
27423
27458
27466
27507
27517
27522
27524
27534
27553
27561
27563
27582
27585
27605
27620
27630
27634
27645
27632
27646
27632
27651
27670
27701
27709
27702
27720
27714
27738
27745
27756
27762
27780
27782
27780
27788
27793
27797
27796
27812
27818
27826
27841
27861
27865
27868
27881
27895
27904
27919
27949
27973
27977
27981
27996
28002
28009
28011
28019
28046
28054
28070
28071
28084
28119
28127
28131
28139
28154
28248
28250
28253
28257
28319
28345
28348
28353
28365
28362
28378
28392
28401
28384
28394
28392
28410
28425
28433
28443
28445
28448
28457
28470
28480
28503
8892
28517
28538
28554
28560
28587
28606
28611
28617
28632
28634
28637
28656
28675
28683
28690
28692
28724
28726
28735
28774
28813
28826
28848
28842
28858
28862
28872
1176
28877
28885
28919
28924
28935
28947
28953
28958
28969
28989
28998
29034
29038
29042
29043
29046
29060
29082
29088
29089
29091
29128
29153
29161
29163
29165
29166
29171
29166
29189
29207
29225
29250
29264
29283
29289
29293
29300
29301
29349
29356
29177
29375
29387
29430
29494
29496
29499
29506
29505
29527
29554
29560
29564
29603
29608
29625
29638
29645
29625
29657
29683
29689
29723
29733
29744
29792
29814
29815
29818
29823
29833
29838
29845
29848
29917
29943
29974
29983
30016
30018
30049
30077
30087
30088
30087
30108
30012
30016
30119
30106
30126
30135
30137
29708
30135
30141
30142
30199
30240
30258
30289
30334
30342
30361
30368
30373
30396
30403
30405
30414
30423
30430
30445
30455
30465
30481
30493
30501
30533
30544
30570
30544
30585
30595
30623
30631
30639
30633
30658
30707
30727
30733
30753
30760
30769
30771
30818
30820
30836
30857
30870
30872
30906
30973
30993
31007
31026
26763
31067
31069
31067
31076
31082
31084
31089
31101
31106
31111
31124
31158
31167
31215
31216
31224
31227
31242
31261
31292
31295
31306
31319
31327
31335
31337
31349
31346
31377
31380
31398
31418
31430
31445
31476
31483
31511
31512
31536
31586
31599
31615
31616
31615
31626
31651
31667
31670
31671
31684
31691
31704
31783
31814
31830
31831
31830
31852
31884
31892
31935
31938
31935
31941
31955
31958
31959
31961
31959
31997
32001
32008
32024
32082
32088
32110
32164
32169
32246
32297
32292
32315
32321
32328
32333
32342
32407
32433
32440
32463
32476
32503
32524
32529
32530
32541
32552
32555
32561
32566
32582
32618
32629
32632
32633
32632
32638
32652
32686
32711
32750
32765
32775
32763
32765
32776
32782
32794
32796
32803
32838
32858
32867
32871
32891
32881
32892
32896
32901
32898
32913
31883
32918
32953
32958
10149
32978
32964
32976
32984
32995
33051
33057
33073
33080
33081
33078
33105
33115
33124
33142
33179
33186
33189
33196
33238
33234
33266
33326
33324
33329
33324
33377
33401
33405
33430
33452
33460
33500
33497
33501
33511
33541
33576
33584
33582
33603
33606
33627
33635
33636
33640
33664
33676
33684
33709
33693
33730
33752
33801
33806
33814
33819
33834
33842
33852
33893
33904
33919
33920
33928
33956
33975
33978
33991
34005
34024
34018
34027
34034
34027
34039
34050
34049
34055
34058
34066
34068
34079
34097
34117
34123
34110
34143
34153
34177
34191
34220
34223
34253
34271
34281
34310
34314
34372
34385
34427
34429
34450
34456
34470
34477
34481
34510
34526
34548
34551
34558
34578
34583
34602
34609
34602
34641
34646
34671
34686
34703
34715
34731
34734
34737
34773
34786
34793
34820
34827
34830
34832
34837
34843
34847
34856
34867
34876
34886
34897
34907
34933
34952
34949
34972
34987
35020
35028
35029
35038
35063
35092
35109
35135
35145
35153
35155
35202
35218
35220
35235
35242
35247
35265
35269
35277
35303
35329
35336
35347
1594
35355
35357
35355
35365
35369
35377
35397
35418
35500
35501
35513
35517
35538
35542
35549
35551
35542
35593
35651
35656
35659
35668
35692
35694
35739
35742
35739
35768
35790
35792
35795
35811
35825
35839
35875
35879
35895
35899
35903
35909
35906
35919
35944
35973
35976
35986
35992
35994
36003
36023
36031
36041
36081
36095
36122
36162
36169
36175
36181
36206
36277
36284
36286
36327
36334
36341
36346
36380
36398
36414
36441
36446
36449
1636
36462
36475
36505
36521
36546
36578
36601
36631
36640
36699
12226
36709
36758
36793
36826
36838
36861
36865
36893
36903
36906
36938
36945
36969
36983
37061
37078
12788
37088
37091
37100
37104
37112
37104
37126
37167
37153
37175
37184
37199
37194
37201
37230
37249
37276
37298
37315
37331
37335
37365
37389
37391
37389
2205
37394
37412
37438
37446
13116
37463
37466
37463
37471
37472
37489
37543
37550
37554
37571
37569
37597
37608
37615
37617
37645
37657
37697
37705
37730
37737
37773
37787
37793
37816
37823
37825
37843
37863
37870
37880
37883
37889
37901
37910
37913
37924
38015
38014
38027
38029
38048
38060
38062
38063
38088
38092
38108
38118
38125
38133
38138
38157
38176
38175
38178
38179
38187
38229
38112
38246
38249
38251
38263
38267
38278
38287
38355
38356
38355
38375
38382
38386
38418
38448
38460
13516
38462
38465
38469
2374
38490
38511
38524
38530
38532
20708
38550
38552
38557
38583
38592
38598
38613
38614
38618
38619
38666
38671
38661
38690
38693
38704
38712
17481
38719
14256
38738
38736
38745
38753
38773
38790
38802
38807
38812
38816
38832
38881
38895
38896
38916
38920
38926
38935
38938
38952
14419
38968
38967
38988
39017
39039
39053
39111
39155
39197
39213
39255
39256
39281
39289
39302
39337
39380
39397
39436
39440
39454
39460
39463
39473
39515
39529
39542
39540
39556
39577
39626
39631
39639
39667
39700
39730
38903
39736
39758
39762
39778
39799
39810
39817
39836
39838
39857
39838
39876
39905
39929
39934
39948
39959
39965
39988
40012
40018
40028
40029
40032
40049
40058
40065
40072
40074
40079
40090
40100
40109
40132
40135
40159
40163
40165
40174
40179
40187
40209
40228
40239
40260
40277
40298
40307
40390
40406
40417
40426
40443
40463
40466
40470
40482
40505
40562
40577
40580
40631
40650
40663
40493
40660
40680
40687
40700
40709
40707
40720
40728
3749
40745
40747
40748
40747
40769
40786
40793
40821
40829
40845
40856
40854
40863
40856
40866
40890
40904
40920
40939
807
40975
40974
40958
40983
40953
41032
41050
41077
41085
41086
41085
41095
41050
41109
41122
41130
41138
41034
41150
41148
41156
41162
41164
41168
41190
41182
41200
41188
41210
41215
41221
41258
41255
41284
41304
41319
41327
41342
41355
41370
41374
41372
41388
41402
41406
41416
41428
41438
41454
41461
41493
41508
41509
41513
41515
41529
41535
41556
41558
41580
41599
41606
41615
41619
41643
41652
41651
41616
41670
19652
41679
41686
41690
41727
41739
41758
41505
41762
41764
41772
41756
41773
41759
41783
41789
41818
41820
41824
41840
41843
41861
41887
41915
41923
41927
41935
41961
41970
41983
41992
41986
42012
42019
42046
42070
42076
42089
42095
42123
42141
42157
42169
42173
42169
42182
42191
42203
42217
42221
42241
42250
42252
42269
42289
42295
42300
42316
42333
42351
42381
42388
42395
42402
42413
42420
42423
42431
42439
38790
42446
42450
42459
42468
42479
42488
42489
42559
42568
42577
42576
42581
42644
42650
42653
42676
42719
42725
42742
42769
42770
15450
42783
42784
42787
42804
42809
42814
42847
42852
42859
42872
42880
42890
42913
42917
42935
42936
42953
42970
43059
43060
43064
43088
43106
43136
43145
43157
43165
43180
43192
43188
43210
43230
43242
43248
43250
43257
43276
43281
43297
43307
43313
43331
43356
43383
43391
43432
43456
43470
43469
43494
43525
43524
43538
43544
43608
43623
43629
43635
43651
43670
43677
43691
43706
43717
43725
43739
43784
43794
43798
43815
43855
43835
43852
43878
43910
39586
43914
39577
43975
44018
39446
44016
39446
44045
44070
44096
44098
44091
44128
43943
44134
44161
44167
44175
44185
44105
44187
44188
44193
44196
44206
44210
44208
44230
44242
44260
44273
44284
44319
44328
44223
44345
44354
44371
44378
44376
44380
44413
44416
44418
44423
44441
44443
44466
44471
44489
44494
44499
44530
44538
44548
44564
44577
44636
44638
44692
44709
44719
44731
44732
44766
44775
44779
44789
44791
44803
44830
44852
44858
44873
44868
44870
44877
44896
44897
44911
44924
44931
44973
44943
44992
45004
45013
45045
45047
16001
45055
45062
45074
45090
45096
45101
45141
45149
45157
45164
45182
45090
45189
16668
16669
45192
45203
45212
45209
45234
45239
45266
45274
16722
45281
45280
45287
45288
45295
45300
45302
45303
45311
45316
45321
45367
45364
45380
45408
45409
45414
45419
45418
45430
45437
45450
45457
16958
45492
45498
45505
45507
26189
45513
45510
7885
45517
45520
45523
45544
45548
45555
45556
45555
45574
45576
45585
45590
45597
45626
45665
45668
45682
45690
45691
45699
45702
45721
45724
45726
45751
45772
45778
45785
45786
45792
45801
45806
45751
45822
45827
45828
45850
45854
45870
45876
45889
45894
45896
45905
45993
45998
46005
46017
46047
46069
46085
46102
46106
46132
46143
46169
46181
14966
46187
46209
46228
46230
46228
46241
46261
46274
46288
46299
46316
46341
46365
46369
46372
46382
46392
5318
5317
46400
46421
46437
46447
46451
46454
46468
46475
46486
46511
46540
46543
46552
46555
46562
46592
46594
46609
46615
46633
46651
46657
46662
46679
46696
46716
46720
46724
46720
46725
46736
46740
46761
46763
46785
46798
46799
46820
46850
46852
46863
46867
46921
46929
46930
46939
46951
46964
46981
46975
47008
47031
47044
47059
47073
47079
47120
47122
47141
47159
47161
18923
47170
47192
47205
47235
47261
47267
47285
47282
47292
47327
47333
47318
47337
47344
47353
47363
47358
47368
47372
21781
47382
47391
47404
47421
47427
47448
47460
47477
47484
47487
47490
47510
47540
47555
47595
47597
47612
47614
47617
47632
47634
47636
47645
47649
47657
47659
47667
47674
47680
47686
47694
47674
47715
47721
47747
47755
47781
47800
47826
47862
47865
47874
19800
47904
47912
47941
47959
47968
47977
48007
48017
48025
48057
48074
48087
48093
48106
48128
48129
48164
48162
48237
48251
48257
48263
48265
48284
48316
48327
16193
48322
48353
19539
19541
48371
48373
48364
48365
48376
19556
48391
48395
48404
48401
48418
48420
19219
48434
48432
48447
48449
48453
48458
48457
48470
48482
48503
48536
48542
48554
48551
48558
48578
48603
48616
48638
48642
48653
48657
48662
48679
48683
48691
48714
48731
48730
48741
48281
48735
48785
48787
48816
48817
48822
48835
48844
48850
48866
48907
48912
48920
48917
48944
48923
48951
48923
48968
48992
48994
49017
49016
49027
49037
49034
49045
49075
49078
49090
49102
49103
49106
49103
49102
49111
49142
49146
49156
49179
49189
49236
49245
49279
49289
49296
49321
49327
49335
49369
49372
49369
49374
49385
49389
49399
49408
49410
16137
49414
49428
49441
49458
49462
49464
49466
49474
49500
49531
49532
49531
49558
49579
49542
49591
48619
49603
49639
49645
49674
49668
49682
49706
49718
49724
49725
49724
49747
49769
49772
49775
49784
49836
49849
49869
12925
49873
49884
20952
49900
49918
49928
49932
49940
49941
49955
49987
50005
20967
50031
50022
50027
50048
50059
50082
50087
50098
50099
50104
50137
50144
50165
50163
50170
50182
50189
50198
50220
50222
50232
50246
50254
50260
50264
50260
50271
50285
50302
50311
50318
50255
50321
50343
50362
50372
50381
50393
50394
50398
50446
50480
50485
50480
50494
50498
50520
50525
50596
50606
50608
50627
50631
50659
50667
50762
50679
50768
50776
50785
50798
50803
50806
50821
50840
50841
50840
50860
50801
50881
50911
50246
50924
50933
50952
50971
50973
50993
50998
51018
51026
51032
51044
51061
51067
51081
51105
51118
51121
51129
51147
51155
51163
51166
51170
51189
51197
51211
51217
51227
51234
51246
51272
51273
51277
51284
51282
51309
51321
51322
51342
51363
51373
51383
51390
51391
51404
51407
51415
51437
51459
51464
51468
51473
51499
51507
51510
51514
51537
51559
51566
51567
51586
51591
51601
51604
51609
51612
51625
51679
51683
51691
51690
51710
51730
51650
51743
51756
51757
51768
51774
51780
24688
51807
51810
51812
51813
51812
51830
51837
51846
51854
51858
51859
51867
51890
51857
51893
51891
51895
51787
51788
51903
51918
51933
51941
51945
51947
51950
51965
51974
51981
51983
51992
51981
52017
52034
52045
52048
52071
52094
52098
52127
52130
52071
52154
52188
52199
52226
52230
52226
52233
52236
52241
52228
52233
52248
52253
52256
52269
52266
52274
52278
52286
52296
52302
52320
52354
52356
52384
52386
52392
52398
52415
52420
52422
52441
52444
52464
52481
52484
52499
52521
52530
52537
52547
52572
52587
42344
52660
52677
52683
52688
52723
52727
52730
52762
52770
52771
52785
52793
52809
52833
52840
52839
52848
52872
52881
52891
52899
52905
52912
52907
52921
52909
52928
52929
52958
52977
52984
53012
53017
53021
53012
53011
53046
53062
53083
53108
53126
53131
53138
53153
53151
53160
53165
53124
51462
53197
53200
53207
53211
53219
53228
53236
53239
53255
53306
53326
42271
42270
53328
53329
53332
53351
53360
53364
53369
53379
53406
53413
53428
53445
53493
53514
53516
53519
53520
53517
53525
53530
53538
53545
53550
53552
24869
53563
24890
53573
53572
53619
53634
53644
53651
53666
53664
53667
53666
53687
53685
53695
53694
53700
53728
53706
53736
53740
53741
53778
53787
53804
53844
53883
53900
53916
53923
53931
53946
53949
53967
53978
53979
54018
54025
54069
54083
54087
54095
54101
54110
54113
54132
54178
54182
54178
54185
54194
54202
54214
54228
54241
54243
54274
54267
54307
54322
54329
54334
54349
54351
54357
54364
54382
54385
54391
54399
54420
54402
54476
54498
54488
54518
54521
54548
54554
54555
54564
54641
54666
54684
54692
54687
54666
54694
54713
54773
54778
54784
54789
54802
54784
54871
54886
54911
54913
54963
54973
54988
54994
55022
14875
14876
55027
55048
55044
55060
55082
55098
55111
55121
55093
55122
55123
55135
55141
55151
55169
55181
55180
55208
55209
55217
55228
55262
55280
55286
55284
55294
55307
55342
55358
55329
55373
55369
55371
55399
36659
55408
55423
55437
25480
55440
55461
55463
55465
55471
55486
55496
55508
55526
55539
55548
55551
55552
55573
55576
55598
55585
55672
55685
55696
55707
55718
55707
55715
55733
55737
55760
55769
55804
55833
55851
55878
55889
55927
24651
55941
55944
55941
55948
55952
55964
55962
55981
55986
55998
55999
56002
56010
56021
56023
56036
56078
56081
56092
56078
56082
56078
56100
56120
56153
56157
56164
56168
56187
56189
56193
56194
56202
56235
56244
56235
56251
56264
56256
56286
56297
56298
56315
56328
56370
56417
56420
56447
56458
56468
56488
56489
56488
56497
56478
56505
56534
56559
56590
56593
56606
56642
56646
56534
56655
56656
56659
56671
56680
56681
56689
56701
56706
56727
56743
56748
56706
56758
56762
56767
56770
56780
56788
56807
56822
56829
56840
56842
56865
56872
56884
56886
56892
56901
56902
56907
56906
56911
56915
56916
56926
56931
56932
56934
56936
56937
56939
56957
56976
56977
56976
56984
56989
56993
56991
56656
56954
56656
57019
57056
57059
57056
57083
57110
57116
57118
57140
57161
57165
57168
57180
57174
57173
57190
57202
57230
57223
57243
57259
57264
8545
57277
57298
57310
57311
57318
57329
57360
27443
57366
57391
57392
57413
57417
57436
57451
57450
57463
57475
57479
57487
57533
57565
57573
57590
57596
57610
57607
57651
57655
57670
57692
57735
27676
57760
57788
57820
57836
57872
57897
57913
57936
57949
57954
57965
57974
57975
58058
58072
58084
58097
58107
58111
58132
58139
58158
58161
58168
58189
58195
58201
58203
58204
58203
58215
58242
58254
58286
58318
58317
58336
58338
58347
58369
58389
58457
58460
58498
58521
58562
58572
58593
58618
58623
58628
58639
58649
58658
58672
58688
58707
58708
58714
58731
58733
58777
58806
58825
58857
58860
58865
58877
58878
58922
58944
58953
58959
58961
58969
58981
58994
58999
58998
59006
59046
59047
59062
59072
59076
59083
59156
59168
59200
59274
59290
59300
59307
59341
59358
59370
59383
59384
59388
59434
59437
59441
59454
28193
59460
59464
59482
59479
59484
59490
59514
59520
59502
59551
59572
59600
59599
59601
59600
59599
59618
59626
59665
59697
59699
59729
59741
59747
59797
59806
59844
59854
59904
59913
59920
59970
59977
60025
60033
60053
60071
60082
60165
60166
60178
60183
60211
60221
60228
60251
60256
29603
60267
60286
60289
60318
60335
60349
60356
60359
60382
60384
60391
60411
60416
60414
60443
60444
60445
60479
60491
60489
30090
60512
29833
60569
60574
60589
60545
60620
60632
60519
60662
60673
60688
60741
60758
60773
60785
60786
60792
60807
60816
60828
60840
60855
60873
60892
60900
60922
60928
60943
60995
61004
61017
61039
61035
61047
61064
61086
61136
61142
61167
61180
61177
61191
61212
61237
61243
61294
61297
61330
61342
61345
61342
61363
61418
61425
61428
61430
61437
61448
61449
61473
61475
61527
61539
10405
61551
61584
61590
61642
61648
61690
61702
61740
26705
61744
61781
61784
61793
61808
61830
61836
61892
61900
61916
61917
61924
61921
61994
61999
61995
62008
62025
62061
62054
62113
62168
62153
62149
62174
62197
62208
62223
62235
62236
62260
62263
62269
62270
62301
62330
62337
62351
62349
62364
62374
62378
62403
62404
62403
62434
62461
62466
62489
62501
62509
62547
62556
62570
62577
62595
62605
62625
62636
62634
62659
62668
62674
62694
62685
62697
62700
62703
62604
62711
62715
62699
62711
62721
62738
62742
62756
62759
62756
62815
62831
62836
62860
62873
62876
62886
62891
62892
62912
62951
62988
62991
63010
63054
63058
63051
63084
63107
63115
63127
63142
63152
63162
63206
63215
34055
63221
63246
63243
63260
63300
63304
63312
63327
63342
63344
63361
63367
63358
63398
63409
63414
63432
63452
63517
63528
63565
63568
63621
63628
63635
63637
63634
63639
63643
63645
63651
63659
63667
63669
63675
63681
63688
63699
63700
63701
63705
63707
63718
63729
63738
63755
63760
63775
63786
63792
63808
63820
63830
63832
63835
63846
63864
63868
63904
63909
63864
63917
63937
63953
63947
63956
63950
63965
63967
63983
63989
64003
64026
64036
64049
64040
64052
64053
64020
64061
31306
64070
64073
64108
64114
64132
64140
64143
64157
64164
64177
64188
64196
64188
64200
64216
64222
31334
64235
64246
64266
64276
64281
64283
64281
64298
64341
64351
64382
57197
64392
57206
64405
64411
64422
32785
32782
32776
64423
64443
64446
64448
64455
64498
64503
64521
64544
64576
64591
64595
64598
64615
64609
64653
64683
64698
64703
64705
64698
64733
64743
64754
64764
64769
64770
64810
64817
64827
64831
64833
64842
33066
64859
64866
64873
64872
64885
64899
1297
64920
64935
64943
33099
64965
64993
65001
57897
57898
65036
65040
65049
65079
65089
65095
65100
65108
65156
65181
65189
65190
65222
65230
65236
65240
65255
65275
65276
65275
65307
65317
65322
65324
65345
65347
65358
65373
65382
65396
65407
65417
65422
65425
65437
65445
65447
65466
65494
33798
33800
65496
65534
65539
65563
65571
33842
65578
33842
65600
65639
65650
65664
65665
65667
65695
65677
65715
65732
65748
65762
65789
65815
65822
65853
65854
65905
65931
65956
65972
65970
66001
66028
66059
66071
66070
66075
66082
66112
66121
66120
66125
66134
66165
66184
66189
66194
66237
66260
66278
66344
66360
66369
66377
66397
66401
66404
66430
66455
66459
66460
66459
66508
66539
66559
66594
66613
66628
66644
66651
66654
66665
66702
66691
66709
66715
66749
66750
35755
66760
66761
66763
66773
66775
66783
66787
66789
66801
66811
66773
66848
36035
66854
66864
66912
66968
66974
66976
66989
66999
67006
67008
67007
67016
67014
67053
67076
67072
67102
67121
67134
67143
67145
67152
67165
67199
67194
67232
36036
67296
67306
67329
67383
67390
67405
67425
67430
67437
67452
67457
67502
67509
67512
67521
67546
67577
67579
67585
67721
67751
67759
67775
67812
67824
67836
67822
67840
67892
67874
67939
67942
67947
67965
67933
67985
67997
68013
68022
68024
68056
68088
68136
68175
68177
68196
68210
68225
68273
68300
68320
68328
68344
68347
68355
68376
68413
68415
68424
68433
68462
68473
68487
68491
68521
68548
68565
68572
68577
68574
68594
68595
87
68572
68601
68615
68619
68625
68638
68625
68626
68639
68646
68658
68668
68534
68702
68727
68726
68737
68756
68768
68783
68793
68825
68839
68877
68900
68934
68935
68959
69020
69027
69054
69133
69148
69229
69250
69272
69289
69300
69323
69330
69336
69341
69336
69375
69379
69405
69419
69427
69278
69436
69456
69468
69474
69485
69488
69493
69515
69514
69532
69539
69558
69581
69585
69612
69626
69647
69655
69675
69714
69735
69748
69744
69758
69777
69784
69791
37535
69804
69818
69871
69877
69946
69953
69955
69960
69975
69989
69998
69999
70023
70034
70069
70099
70064
70113
70147
70153
70191
70193
70234
70249
70246
70253
70267
70280
70283
70297
70299
70315
70375
70394
70405
70437
70447
70433
70451
70470
70485
70492
70503
70472
70465
70506
70510
70515
70521
70565
70574
70593
70599
70632
70642
70648
70671
70697
70712
70716
70721
70771
70780
38666
38665
70806
70815
70831
70838
70843
70844
70853
70860
70899
70927
70928
70954
70959
70991
14297
71019
71044
71071
71076
71082
71091
71102
71118
71119
71128
71195
71216
71249
71247
71271
71280
71300
71323
71335
71357
71370
71376
14711
71373
71383
71400
71408
71441
71439
71448
71459
71457
71460
71469
71473
71483
71500
71513
71549
71556
71562
71578
71591
71602
71612
71613
71612
71624
71682
71710
71739
71761
71811
71824
71827
71886
71893
71908
71914
71933
71949
71975
38802
72002
72027
72000
72033
72044
72047
72070
71045
72088
72089
72088
72090
72088
72103
72121
72153
72154
72153
72169
72211
72256
72288
72319
72327
72333
72341
72345
72351
72366
72378
72383
72392
72396
72409
72415
72425
72447
72449
72463
72465
72462
72468
72462
72463
72482
72480
72486
72489
72507
72555
72573
72592
72595
72603
72646
72669
72675
72688
72684
72699
72705
72713
72715
53266
72722
72721
72733
72761
72751
72778
72780
72803
72821
72831
72841
72838
72898
72915
35790
35792
72920
72928
72936
72951
72974
72977
72983
72995
71752
73002
73030
73065
73068
73105
73132
73131
73150
73162
73169
42783
42784
73175
73178
73203
73207
73221
73234
73241
73251
73259
73264
73263
73269
73287
73299
73301
73299
73308
73331
73347
73350
73361
73380
73389
73412
40488
73422
73413
73412
73440
73447
73459
73460
73487
73488
73489
73500
73502
73512
73523
73548
73549
73556
73561
73584
73595
73607
73601
73649
73551
73654
73664
73654
73677
73720
73742
73747
41202
73761
45300
45302
73762
73766
73769
73768
73762
73780
73814
73832
73834
73847
73865
73868
73865
73885
73895
73916
73920
73950
73957
73964
73989
73998
74001
74007
74003
74009
74007
74010
74012
73995
74010
74036
74059
74073
74088
74113
74144
74146
74161
48637
48638
74167
74191
74194
74200
74251
74269
74302
74303
74304
74302
74308
74339
74358
74365
74374
74388
74398
74414
74466
74469
74475
74493
74509
41614
74515
74521
74536
74543
74572
74584
74589
74593
74614
74638
74648
74686
15399
74708
74793
74811
74822
74820
74830
74843
74846
74881
74903
74949
74961
74994
75004
75027
75031
75053
75056
75123
75169
75274
75283
75295
75304
75314
75342
75377
75375
75389
75397
75396
75402
75405
75408
75428
75405
75432
75437
75485
75499
75513
75518
75536
75546
75574
75579
75587
75589
75638
75671
75693
75724
75730
75743
75759
75772
75796
75797
75801
75771
75811
75835
75846
75849
75864
75895
75900
75912
75921
75936
75934
75957
76006
76018
76062
76063
76080
76097
76119
76198
76209
76225
76234
76242
76255
76279
76289
76291
76296
76315
76324
76341
76358
76364
76365
76381
42932
76391
76397
76406
76416
76426
76430
76446
76458
76460
76483
76482
76480
76504
76510
76517
76525
76534
76563
76570
76575
76588
76598
76606
76621
76642
76650
76656
76677
76693
76740
76752
76758
76761
76776
76792
76823
76846
44225
76854
76862
76883
76911
76912
76927
76943
76941
76973
76972
76985
76997
77004
77008
77013
77025
77048
77060
77081
77099
77125
44458
77176
77181
77199
44601
77206
77230
77263
77272
77277
77290
77291
77293
44470
77295
77345
77291
77350
77361
77365
77370
77376
77400
77405
77402
77407
77419
77438
77443
77416
77451
77459
77483
77486
77494
77524
77536
77568
77578
77590
77619
77635
77661
77671
77683
77680
77685
77719
77729
77727
77731
77735
77745
77755
77758
77764
77768
77771
77822
77848
77859
77882
46373
77892
16627
77912
77928
77936
77951
77970
77986
78026
78034
78062
78092
78089
45224
78095
16758
45219
16758
78113
78123
78133
78149
78152
78163
78168
78176
78178
78183
78184
78183
78192
78191
78221
78227
78240
78241
78260
78243
78286
44924
45321
78285
78289
78295
78299
78319
78298
78346
78364
78375
78378
78411
78423
78429
78436
78457
78491
78498
78505
78508
78513
78512
78510
78518
78513
78512
78510
78520
78526
78530
78562
78569
78570
78577
78587
78600
78609
78617
78623
78626
78624
78628
78633
78643
78677
78693
78703
78710
78727
78741
45548
45546
78746
78750
78768
78782
78796
78795
78802
78795
78805
78822
78828
78832
78840
78849
78857
78882
78909
78947
78952
78957
78963
78952
78972
78974
78975
78994
79001
78998
79008
79011
79008
79040
79064
79049
79072
79074
53573
53572
79137
79150
79112
79170
79200
79215
79203
79243
79253
79276
79278
79295
79302
79299
79309
79325
79323
79347
79348
79347
79354
79358
79366
79363
79374
79381
79358
79388
79430
79419
79440
79531
79565
79588
79589
79599
79616
79637
79648
79685
79643
79699
79712
79751
79776
79781
38614
79803
79832
79840
79848
79865
79861
79888
79894
79913
79942
79954
79963
79801
79992
80004
80015
80017
80027
80037
80092
80126
80137
80155
80158
80182
80213
80215
80219
80223
80227
80234
80237
80234
80233
80238
80245
80261
80276
80282
80290
80295
80301
80310
80329
80326
80332
80352
80358
80367
80396
80417
80438
80468
80531
80562
80569
80572
80593
80644
80651
80692
80711
80732
80734
48087
80732
80739
80749
80745
80761
80814
80829
80835
80838
80840
80854
80859
80917
80919
80920
80923
80936
80943
80968
81003
81010
81012
81036
81051
81062
81081
81082
81114
81127
81139
81154
81158
81187
81201
81207
81208
81207
81224
81228
81231
81228
81254
81262
81294
81300
81321
81335
81358
81403
81406
81414
81424
81406
81429
81439
81445
81497
81504
81511
81520
81533
81572
81574
81577
81599
81624
81651
81657
81675
81690
81693
81702
81708
81732
81716
81743
81740
81770
81794
81799
81817
81839
47337
81859
81864
81856
81885
81888
81892
81911
81923
81921
81936
81940
81943
81940
81963
81965
81969
81971
81969
82002
82011
82010
82024
82030
82033
82085
82130
82126
82138
82147
82156
82166
46807
82188
82197
82202
82198
82219
82225
82235
82253
82314
82308
82353
82381
19991
82377
82394
82402
82435
82438
82441
82463
82468
82465
82481
82483
82484
82501
82510
82513
82553
82561
82580
82581
82584
82594
82607
82628
82631
82629
82636
82649
82651
82669
82682
82684
82694
82706
82707
82719
82733
82759
82801
82822
82828
82873
82872
82882
82906
82914
82924
82939
82983
82972
83005
19706
83020
83058
83094
83095
83094
83102
83113
83127
83143
83189
83203
83223
83231
83232
83270
83244
83280
83306
83322
83363
83365
83378
83365
83383
83385
20504
83387
83391
83402
83448
83453
83461
83470
83488
83491
83518
58853
83520
83524
83547
83557
83566
83580
83615
83649
83666
83663
83667
50121
83673
83684
83689
83704
83708
83709
83719
83722
83733
83757
83770
83779
83787
83797
83800
83787
83789
83812
83802
83827
83858
83883
83894
83912
83914
83915
83914
83933
83959
83978
83989
84029
84034
84036
84062
84068
84083
84084
84093
84096
84111
84117
84127
84128
84137
84134
84148
84150
84189
84192
84202
84199
84247
84246
84256
50071
84265
84268
84265
84274
84318
84328
84336
84341
84368
84373
84379
84385
51408
84392
84395
84397
84404
84402
84438
84442
84458
84482
84485
84484
84494
52230
84519
84530
84547
84557
84567
84568
84567
84571
84567
84581
84587
84620
84635
84667
84694
84697
84716
84714
84735
84738
84754
84770
84782
84790
84810
84828
84880
84898
84922
84924
84931
84934
84919
84950
84966
84981
84984
84990
85018
85050
51766
85053
85066
85073
85077
85121
85151
85162
85164
85166
85172
85197
85200
85222
85239
85243
85250
85258
85280
85288
85285
85300
85291
52727
85302
85306
85311
84728
85319
85330
85339
85357
85365
85367
85416
85418
85419
85435
85451
85482
85473
85515
85523
85536
85544
85548
85557
85568
85564
85590
85593
85592
85613
85619
85638
85652
85655
85682
85683
85703
85708
85720
85737
85748
85769
85803
85805
85756
85836
85847
85884
85929
85941
85945
85929
85994
85996
86007
86011
86019
86045
24654
86049
86055
86063
86084
86088
86084
86096
86126
86138
86156
86178
86201
86203
86206
86221
86238
86254
86258
86262
86270
86315
86289
86339
86347
86350
86360
86390
86391
86402
86421
86429
86446
86449
86451
86457
86460
86487
86493
86525
85038
86531
86550
86557
86576
86606
86629
86614
86641
86647
86662
86664
86659
86672
86674
86621
86688
86698
86700
86726
86762
86778
86782
86793
86800
86819
86820
86833
86845
86853
86874
86882
86898
86913
86928
86938
86951
86955
86928
86929
86944
86962
86966
86970
86982
86989
87012
87022
87065
87088
87108
87116
87133
87155
87153
87157
87162
87165
87169
87173
87195
87196
87206
87211
87214
87216
87218
87249
87206
87250
87249
87262
87264
87273
87280
87299
87310
52931
87307
87313
87307
87175
87329
87335
87351
87359
87363
87383
87389
87417
87429
87493
87513
87516
87513
87526
87527
87530
87526
87544
52891
87557
87572
53131
87596
87598
87607
87622
87639
87645
87659
87663
87683
87685
87707
87731
87756
87768
87787
87792
87798
87805
87867
87894
87932
87948
87953
87963
87968
88000
88010
53261
88014
88041
88054
88056
88071
88081
88107
88115
88125
88143
88147
88148
88154
88151
88148
88165
88148
88147
88250
88287
88297
88316
88321
88329
88331
88341
88347
88379
88405
88402
88408
88426
88437
88438
88437
88461
88479
88507
88527
88533
88461
88539
88576
24815
88575
24815
88582
88586
88606
88612
88620
88622
88623
88636
88640
88636
88649
88651
88659
88670
88680
88692
88726
88745
88740
88749
88753
88755
88771
88774
88770
53746
88776
88787
88797
88799
88797
88802
88799
88805
88802
88799
88807
88809
88815
88829
88807
88848
88850
25138
88852
88862
88869
88890
88902
88909
88950
88954
88966
8225
88994
88996
89012
89050
89075
89095
89106
89119
89122
89139
89119
89174
89196
56331
89235
89251
89311
89336
89340
89358
89365
89385
89441
89454
89479
89490
89519
89520
89522
89520
89525
89536
89519
89549
89577
89579
89586
89592
89610
89617
89634
89679
89658
89684
89688
89720
89723
89733
89757
89742
89760
89742
89813
89817
89831
89841
89842
89849
89854
89869
89875
89876
89869
89893
89951
89961
89964
55552
89961
89979
89982
90002
90009
89997
55504
90014
90017
90020
90036
90108
90134
90143
90147
90179
90193
90241
90248
90272
90269
90287
90297
90295
90313
90317
90330
90337
90354
90355
90376
90378
90375
90381
90398
90408
90424
90489
90511
90519
90524
90528
90536
90538
90543
90562
90609
90624
90670
90673
90713
90725
90743
90765
90768
90778
90786
90809
90830
90831
90837
90918
90928
56166
90948
90960
90961
90996
91012
91023
91020
91043
91058
91085
91113
91123
91125
91179
91209
91232
91237
91250
91256
91279
91285
91289
91299
91309
91308
91321
91320
91294
91317
91327
91294
91347
91380
91393
91398
91407
91421
91428
91449
91453
91470
91473
91491
91498
91484
91513
91529
91524
91561
91571
91579
91584
91587
91605
91666
91674
91691
91690
91693
91697
91708
91719
91724
57801
91765
91778
91788
91803
91870
91881
91882
91920
91924
91927
91918
91939
91954
91973
92012
92016
92023
92027
92030
92025
92046
92066
92083
92131
92153
92163
92197
92215
92237
92243
92244
92276
92294
92338
92347
92354
92367
92388
92405
92425
92426
92446
92460
92479
92491
92499
92502
92523
92535
92539
92548
92547
92562
92611
92642
92645
92656
92658
58669
92680
92685
92688
92700
92729
92764
92777
92792
92802
92825
58666
92840
92838
92844
92847
92844
92854
92860
92869
92918
92929
92940
92953
92955
92947
92962
92973
92981
93009
93011
93036
93038
93036
93044
93091
93090
93097
93111
93132
93154
93165
93206
93226
93248
93266
93279
93285
93279
93304
93319
93318
93341
93378
93391
93401
93423
93472
93476
93504
93511
93525
93538
93540
93552
93570
93574
93585
93598
93604
93634
93660
93672
93682
93688
93705
93713
93672
93717
93724
93726
93767
93776
61047
93838
93829
93841
93838
93850
93862
93876
93884
93882
93883
93913
93956
93963
93984
93988
93994
93997
94002
94027
94032
94050
94070
94078
94079
94083
94097
94108
94109
94113
94120
94134
94175
94188
94028
94204
94209
94216
94221
94212
94224
94239
94242
94260
94271
94254
94290
94306
94318
94330
94334
94330
94340
94339
94374
94384
93857
94312
94387
94390
94391
94368
94405
94419
94421
94338
94428
94433
94447
94475
94491
94497
94493
94510
94512
59615
94515
94526
94555
94561
94562
94561
94568
94576
94583
94581
94573
94586
94590
94592
94585
94590
94596
94601
94658
94665
94672
94695
94698
94701
94714
94720
94729
94743
94809
94806
94814
94835
94849
94853
94849
32957
94856
94853
94868
94871
94884
94904
94940
94956
94965
94973
94991
95006
95005
95018
95022
95031
95042
95053
95067
95081
95086
95107
95143
95151
95160
95201
95179
95202
95208
60382
95209
60382
95220
95236
95243
95247
95274
95292
95304
95307
95365
95380
95388
95398
95388
95420
95461
95444
95482
95483
95482
95492
95509
95524
95555
95601
95608
95658
95676
95686
95700
95713
62469
95715
95718
95729
95731
95747
95758
95762
95769
95778
95786
95771
95818
95819
95818
95830
95839
95889
95923
95937
95946
95958
95962
95967
95982
95962
95983
95962
96021
96067
96096
96102
96109
96137
96161
96194
96199
96220
96244
96249
96250
96255
96268
96325
96327
96333
96335
96370
96440
96463
96465
96522
96539
96551
96570
96613
96614
96637
96655
96669
96668
96693
96708
96713
96717
96762
96804
96807
96819
96840
96861
96883
96910
96923
96977
96983
97001
97031
97037
97045
97052
97060
97067
97074
97093
97104
97116
97104
97123
97132
97128
97173
97199
97235
97245
97250
97279
97298
97293
97296
31267
97312
97365
97418
97443
97455
97460
97465
97472
97477
97483
97502
64257
97536
97533
97543
97544
97555
97579
97583
97616
97618
97631
97647
97652
97658
97703
97706
97720
97731
97750
97763
97795
97830
97614
97835
97838
97848
97856
97872
97884
97892
97906
97918
97954
97967
97987
97997
98008
98027
98040
98056
98066
98110
98125
98159
98185
98188
98215
98233
98268
98285
10208
98288
98310
98335
98351
98371
98379
98381
98396
98402
33895
98406
98414
98476
98486
98494
98501
98522
98596
98610
98630
98648
98655
66382
98664
98673
98703
98735
98738
47612
98756
98783
98786
98794
98799
98800
98804
98813
98821
98827
98844
98851
98856
98855
98869
98871
98844
98873
98871
98844
98875
98885
98895
98902
98915
98918
98924
98941
98944
98948
99016
99050
99076
99088
99098
99136
99182
99191
99195
99206
99177
99209
99226
99240
99259
99263
99280
99289
99307
99310
99332
99342
72920
99343
99342
72920
99364
99367
99399
99405
99423
99454
99486
99493
99492
99512
99534
99554
99556
99610
99505
99627
99652
99678
99679
99678
99692
99697
99700
99715
66954
99726
99728
99736
99751
99718
99771
99787
99796
66962
99802
99806
99787
99810
99832
99846
99848
99846
99869
35903
35899
99886
99887
99927
99933
99802
99936
99940
99949
100015
100036
100046
100050
100054
100050
100063
100084
100086
100102
100108
99943
100158
100061
100212
100219
100221
100260
100268
100264
100291
100330
100388
100400
67390
100432
100465
39384
100488
100518
100546
100553
100570
100636
100647
100652
100690
100695
100713
100718
100712
100727
100729
100736
100759
100776
100800
100813
100819
100851
100858
100851
100865
100871
100884
100897
100900
100897
100910
100924
100963
100972
100981
100937
100997
101000
100993
101009
101011
101025
101030
101036
101058
101066
101070
101076
101093
101111
101117
101142
101171
101179
101199
101202
101223
101214
101248
36556
101272
101274
36555
36556
101279
101272
101310
101327
101337
101299
101372
101395
101398
101417
101420
101453
101490
101508
101507
101521
101519
101566
101571
101594
101579
101598
101621
101613
101638
101634
101649
101654
101707
68249
101703
101707
101735
101745
68273
101774
101769
101775
101806
101847
101870
101882
101912
101942
101943
101977
101978
101977
101988
102005
102023
102012
102037
102047
102059
102079
102122
102127
102152
102116
102157
102171
102191
102203
102211
102236
102248
102297
102280
102311
102324
102431
102395
102443
102456
102469
102492
102508
102518
102530
102536
102538
102570
102577
102628
102676
102688
102704
102688
102720
102723
102765
102777
102780
102863
102869
102880
102898
102924
102926
102940
102992
103019
103024
103031
103048
103049
103060
103077
103081
103077
103091
103101
103113
103135
103141
103137
103156
103188
103213
103214
103213
103217
103225
103230
103254
103266
103282
103286
103321
103342
103366
103379
103389
103404
103419
103421
103425
103452
103459
103463
103480
103487
103496
103498
103519
103552
103559
103557
103575
103588
103595
103621
3111
103641
103651
103656
103657
103656
103682
103683
103690
103702
103717
103725
103738
103744
103754
103794
72480
72485
103815
103818
103819
103830
103835
103864
103873
103908
103916
103932
103961
72951
103978
103998
104027
104066
104067
104066
104070
104096
104110
104125
104128
104138
104139
104154
104176
104194
104211
104225
104230
104256
104269
104299
104316
104320
104338
104369
104401
104408
104405
104423
104441
104450
104463
104472
104474
104488
104506
75396
104513
104543
104550
76063
104582
104602
104623
104622
104643
104680
77731
104676
104693
104710
104712
104730
104735
104742
104741
104758
104754
104786
104804
104826
104821
104832
104834
104835
104864
104878
103510
103511
104893
104896
103522
104915
104893
104932
104948
104949
104962
104980
105007
105052
105078
105104
105125
105127
44458
105131
44469
77294
77291
105149
105155
105198
105203
105211
105214
105218
105225
105229
105241
105240
105254
105255
105263
105261
105271
105278
105284
105305
105294
105308
105314
105317
105314
105329
105353
105367
105377
105374
105382
105392
105412
105427
105439
105451
105467
105466
105481
105493
105489
105521
42819
105507
42819
42820
105522
105535
105534
105540
105555
105561
105419
105569
105577
105588
105592
105599
105596
105609
105637
105658
105651
105657
105668
105687
105688
105695
105696
105637
105708
105726
105732
105742
105744
105758
105766
105776
105782
105802
105811
105818
105830
105834
105838
105851
105874
105896
105903
105911
105920
105925
105677
105946
105967
105978
105995
106009
106034
106043
106049
106055
106073
106078
106089
106092
106096
106140
106149
106186
106194
106209
106214
106212
106221
106226
78613
106223
78432
78429
106239
106251
106259
106280
106289
106293
106300
106302
106310
106320
106322
106320
78548
106343
106351
106361
106375
106382
106414
106374
106423
78567
106420
106423
106446
106464
106476
106502
106536
106541
106547
106556
106317
106554
106570
106577
106580
106599
106603
106605
106611
106625
106626
106632
106646
106655
106664
106684
106688
106698
106707
106716
106728
106725
106733
106741
106755
106763
106771
106778
106787
106807
106811
106804
106847
106856
106858
106856
106861
106903
106930
106941
106974
106976
107004
107011
107010
107050
107004
107084
107091
107104
107106
107104
107120
107129
107140
107179
107182
107200
107222
107223
107232
107247
107257
107306
107340
107344
107348
107358
79171
107367
107385
107391
107399
107411
107414
107460
79253
107477
107494
107498
107499
107550
107553
107560
107571
79309
107570
107581
107611
107477
107608
107635
107639
107643
107647
107663
107688
107699
107702
107705
107689
107688
107729
107731
107734
107766
107769
107781
107797
107802
107818
107820
107827
107836
107847
107854
107889
107892
107949
107947
107955
107989
108004
108018
108028
108043
108071
108078
108086
108093
108099
108112
108116
108159
108161
108191
108202
108214
108218
108226
108239
108242
108240
108258
108281
108279
108284
108279
108315
108292
108343
108350
108354
108360
108396
108403
108438
108457
108481
108504
108520
108570
108581
108589
108596
108599
108648
108649
108648
108662
108676
108686
108699
108706
108743
108720
108751
108754
108751
108766
108771
108772
108771
108793
108796
108804
108805
108833
108839
108842
108869
108883
108884
108895
108925
108971
108986
108999
109005
109028
46716
109083
109095
109112
109135
109138
109151
109160
109193
109208
109244
109249
109261
109274
109276
109301
109298
109304
109307
109316
109385
109372
109392
109416
109423
109456
109479
109493
109495
109496
109531
109550
109586
109597
109613
109609
109635
109638
109650
109659
109661
109641
109659
109665
109674
109686
109695
109698
109699
109716
109752
109755
109772
109801
109809
109831
109841
109874
109883
109902
109897
109906
109915
109936
109938
109944
109960
109966
109968
109992
110001
110011
109986
110010
110006
110017
110055
110070
109905
110083
110086
110085
110091
110107
110122
110127
110152
110185
110187
110191
110200
110217
110226
110249
110265
110274
82294
110291
110314
110363
110366
110382
110417
110382
110422
110457
110459
110462
110481
110493
110499
110512
110521
110527
110544
110570
110571
110574
110571
110606
110609
110613
110620
110624
110629
110647
110660
110672
110670
110673
110683
110689
110695
110705
110709
83322
83324
110724
110722
110727
74356
74349
110745
110764
110767
110800
110810
110821
110826
110849
110843
110854
110865
110884
110896
110923
110929
110944
110954
110961
110969
110974
110981
110982
111000
111014
111015
111014
111031
111034
111103
111118
111151
111154
111159
111205
111228
111239
111249
111263
111272
111278
111284
111318
111324
111334
111354
111380
111389
111393
111411
111430
111429
111432
111440
111450
111458
111477
111483
111492
111494
111501
111537
111552
111564
111580
111582
111589
111605
111606
111609
111640
111648
85267
85266
85269
111650
111648
51577
85267
111655
111654
111659
111674
111683
111688
111694
111722
111727
111729
111740
111746
111745
111770
111773
111746
111781
111790
111795
111814
111829
111849
111860
111883
111892
111911
111928
111935
111937
111955
111983
111989
112013
112037
112045
112057
112065
112067
112074
112087
112090
112112
112120
51472
51473
112127
112136
112164
112236
112240
112249
112271
112276
112279
112289
112304
112310
112308
112312
112326
112329
112335
112327
112336
112342
112335
112327
112346
112357
112359
112373
112406
112422
112419
112427
112454
112467
112468
112496
112494
51736
112497
112532
112554
112560
112572
112582
112584
112608
112609
112608
112618
112626
112640
112654
112662
112663
112690
112702
112714
112732
112742
112786
112785
112798
112777
112806
112829
112854
112845
112867
112880
112915
112885
112916
112915
112923
112925
112927
112928
112927
112926
112935
112937
112935
112938
112942
112951
112983
113038
113083
113089
113081
113128
113145
113166
113190
113227
113232
113262
113293
113297
113303
113304
113340
113368
113384
113388
113402
113406
113409
113412
113451
113461
113482
52875
113512
113517
113538
113549
113554
113556
113562
113553
113565
113569
113575
113587
113588
113587
113605
113609
113610
113616
113631
113652
113657
113676
87787
113760
113766
113769
113784
113786
113784
113791
113794
113795
113794
113850
53365
88170
53364
113856
113858
113865
113867
113871
113856
113879
113889
113898
113899
113907
113902
113898
113914
113921
113926
113930
113957
113965
113972
113983
113988
113993
113995
114006
114010
114012
114010
114021
114030
114036
114063
114083
114084
114083
114092
114102
114127
114130
114140
114162
114169
114193
114192
114224
114246
114250
114260
114279
114292
114309
114324
114333
114339
114345
114350
114357
114366
114379
114381
114350
114385
88539
114418
114425
114441
114442
114036
114441
114447
114435
114450
114447
114435
114453
88212
114457
114465
114482
114517
114532
114537
114549
114564
114571
114610
114633
114649
114669
114692
114724
114742
114816
114819
114829
114883
114894
114897
114903
114937
114942
114951
114966
115003
114998
115006
114996
115017
115021
115042
115099
115107
115154
115199
115212
115214
115212
115222
115278
115287
115324
115326
115325
115345
115375
115379
115399
115407
115429
115431
115442
115444
115449
115455
115463
115483
115480
115488
115487
115497
115508
115513
115518
115523
115542
90839
115544
115563
115584
115590
115592
115590
115611
115626
115641
91147
115648
115655
115669
115678
115713
115737
115739
115765
115782
115789
115806
115824
115821
115837
115844
115840
115834
115846
91541
115852
115868
115873
115922
115933
115961
115945
115990
116006
116008
116032
116047
116048
116057
116059
116064
116069
116117
64052
116132
116147
116151
116153
116197
116206
116228
116238
116242
116238
116254
116257
116274
116282
116299
116323
116343
116386
110187
116391
116397
116432
116443
116501
116500
116527
116535
92539
116532
116550
116565
59089
93227
116569
116579
116581
116579
116594
116608
116625
116666
116692
116702
116712
116719
116730
116734
116757
116767
116774
116783
116793
116841
116842
116841
116874
116916
116913
116956
116973
116967
116982
116986
117004
117006
117012
117019
117048
94362
94338
94421
117051
117063
117064
117074
117077
117085
117105
117110
117126
117165
117194
117204
117219
117232
117074
117240
117238
117257
117262
117272
117281
117289
117293
117307
117314
117321
117333
117341
117345
117346
117352
117364
117367
117412
117413
117446
117459
117477
117502
117508
117502
117512
117518
117527
117542
117563
117564
117565
117564
117568
117602
117605
117632
117639
117647
117650
117653
117674
117676
117696
60391
117746
117749
117711
117773
117775
117777
117789
117703
117773
117797
117811
117830
117840
117857
117858
117889
117930
117945
117958
117960
117962
117963
117949
117974
117984
117991
118019
118014
118032
118054
118080
118097
118117
118124
118133
118136
118133
118144
118161
64669
118165
118176
118182
118188
118210
118213
118247
118243
118266
118267
118321
118323
118351
118388
118395
118407
118414
118548
118564
118574
118329
118584
118616
118626
118063
118633
118641
29591
118655
118673
118706
118715
118725
118790
118805
118819
118910
118968
118978
118986
95711
118987
118986
62213
118993
118996
118995
119001
119004
62205
119011
119024
119026
119029
119043
119051
119047
119056
119076
119084
119085
119043
119110
119106
119116
119120
65530
119137
119155
119171
119173
119195
119215
119243
119311
119321
119171
119329
119337
119336
119362
119375
119385
119411
119417
119418
119442
119449
119454
8872
119475
63718
119505
119517
119529
119543
119550
119555
119558
119573
119596
119605
119613
119623
119658
119736
119821
119823
119838
119841
119877
119883
119886
119898
119933
119939
119940
119939
119949
119967
119974
120009
120017
120010
120023
120072
120092
120173
120189
120193
120189
120211
120222
120257
120264
120277
120326
120365
120395
120399
120402
120413
120443
120474
120402
120492
120498
120517
120535
120541
120574
120582
120596
120617
120614
120634
120677
120695
120752
120775
120820
120859
120868
120906
120916
120923
120929
120927
120945
120967
121006
121009
121011
121016
121030
121034
121043
121046
121049
121064
121087
121101
121122
121131
121146
121164
121167
121030
121176
121197
121203
121258
57805
121294
121298
121323
121403
121416
121441
121438
121488
121493
121508
121527
121555
121567
121572
121576
121594
121598
121594
121621
121633
121655
121374
121654
121657
121660
121659
121671
97108
121678
121706
121735
121754
121760
121757
121775
121791
121793
121800
121862
121872
121876
121877
121876
121886
121891
121898
121913
121930
121944
121954
121957
121961
121964
121995
122006
122033
122037
122052
122074
122092
122117
122122
122155
122173
122227
122232
122243
122232
122266
122273
122282
122286
122296
122325
98310
122320
122350
122357
122361
122376
122420
122426
122479
122495
122500
122503
122513
122560
122580
122600
122601
122616
122638
122640
122653
122665
122712
122710
122739
122750
122764
122795
122796
122802
67014
122817
122829
122851
122876
122880
122897
122902
122901
122912
122918
122901
122902
122920
122904
122948
122957
122965
122969
123017
123043
123068
123077
123076
123085
123109
123111
123154
123165
123184
123191
123230
123248
123274
123293
123324
123329
123334
123352
123377
123407
123425
123441
123453
123486
123567
123589
123597
123613
123660
123679
123685
123700
123704
123725
123728
123760
123774
123811
123828
123839
123843
123862
123879
123909
123910
102082
123921
123936
123948
123973
124050
124054
124068
124086
124140
124146
124141
124191
124198
124201
124204
124215
124233
124278
124289
124304
124344
124357
124400
124406
124418
104117
124435
124472
124481
124507
124513
124525
124531
124534
124590
124594
124627
124637
124680
124699
124707
124742
124783
124786
124783
124788
124814
124788
124835
124837
124836
124843
124790
124788
124847
124843
124857
124888
124908
124925
125028
125029
125028
125053
125083
125087
125086
125092
106005
125107
125130
125144
125165
125166
125169
125179
125180
125216
125227
125226
125229
125242
125260
125263
125268
45418
125273
125284
125294
125299
78642
125290
125302
125305
81465
125313
125319
125327
125339
125347
90830
125352
125355
125365
125368
125407
125430
125407
125453
125339
125474
125485
125500
125504
125500
125511
125513
125525
125526
125541
125544
107004
125575
125584
125601
125604
125612
125628
125642
125639
125650
125676
125699
125714
125717
125720
125729
125747
125749
125771
125781
125793
125811
125812
125811
125820
125842
125850
125861
125868
125906
125918
125945
125968
126014
126042
126065
126080
126079
126081
126113
126118
126120
126150
126164
126171
115372
126177
126191
126222
126243
126250
126260
126276
126287
126354
126356
126352
126354
126199
126364
126361
126380
126387
126386
126395
126403
126415
126423
112308
126432
126441
126454
126467
126454
126479
126480
126492
126503
126506
126551
126554
126361
126557
126558
126562
126593
126595
126603
126614
126593
126623
126635
126642
126643
126668
126671
126675
126712
109614
81460
46921
109616
109614
81458
126713
81494
81488
126715
126720
126732
126750
81851
126745
126791
126801
126834
126855
126866
126877
126888
126889
126896
126894
126898
126905
126822
126916
126923
126929
126951
126960
126946
126981
126998
127006
127008
127027
127045
127060
127063
127082
81804
127079
127093
127098
127103
127110
127125
127148
127146
127179
110212
127188
127192
127213
127218
127228
127242
127249
127255
127295
127333
127360
127369
127375
127383
127411
127422
127479
127525
127532
127500
127501
127541
127570
127568
127579
127587
127622
127623
127630
127631
127640
127646
127658
127672
127680
127687
127732
127813
127827
127843
127884
127901
127911
127939
127940
127939
127944
127954
127964
127969
127979
127982
127979
127994
128011
128013
128018
128036
128013
128042
128069
128098
84455
128071
128109
128117
128124
128126
128133
128130
128143
128147
128166
128172
128205
128218
128230
128229
128240
111639
128245
128250
128257
128264
128233
128266
128277
128233
128279
128294
128299
128335
128343
128352
128366
128369
112130
128364
128372
128375
128405
128416
128435
128436
112209
128445
128508
128540
128543
128553
128583
128599
128604
128598
128614
125708
128620
128619
128626
128629
128664
128665
128673
128665
128664
128683
128694
128656
128695
128709
128706
128718
128720
128735
128747
128758
128782
128789
128804
128826
128851
128856
128873
128879
128901
128902
128907
128917
112870
128923
128936
128954
128959
128964
128968
128982
129007
129038
129039
129059
129060
129070
129077
129081
129087
129096
129102
129113
129145
129154
129156
129176
129198
129201
129198
129219
112940
129223
129229
129241
129245
129288
129315
129340
129357
129382
129393
113384
129406
129414
129448
129461
129459
129462
129473
129481
129499
129496
129544
129564
129602
72345
129615
129644
129643
129703
129741
129758
129777
129778
129787
129778
129794
129827
129841
129846
129854
129853
129857
129846
129861
129873
129894
129935
129975
129993
130008
130011
130032
114466
130023
130041
114052
130043
130041
130046
130061
130071
130072
130077
130082
130087
130091
130104
130108
130121
130132
130146
130152
130138
130167
130187
130198
130201
130260
130291
130300
130279
130226
130217
130280
130323
130326
130323
130354
130362
130367
130366
130371
130378
130393
130398
130405
130411
130414
130416
130421
130438
130450
130457
130470
130485
130458
130492
130537
130547
130608
130612
130620
130624
130639
130648
130668
130687
130691
130694
130697
130701
130704
130712
130750
130783
130827
130845
130849
130845
130865
130884
130904
130958
130902
130989
131001
131026
131056
131073
131084
131119
131131
131161
131167
131146
131173
131190
131228
131241
131218
131236
131218
131247
131250
131264
131274
131250
131280
131281
131289
131280
131294
131320
131388
131389
131391
131406
131421
131437
131442
131477
131490
131491
131498
131491
131510
131511
131519
131553
131561
131562
131602
131605
131610
131652
131663
131685
131698
131708
131714
131763
131777
131781
131790
131782
131792
131781
131782
131807
131823
131847
131855
131870
131889
131904
131910
131922
131942
131952
131960
131980
132013
132020
132059
132068
132110
132130
132138
132147
132156
132162
132171
132211
132212
132215
132237
132250
132258
132317
132330
132355
132357
132360
132367
132414
132432
132439
132467
132477
132369
132493
132552
132554
132552
132574
132610
132624
132639
132640
132659
132662
132659
132663
132686
132717
132714
132725
132706
132728
132722
132732
132771
132782
132802
132826
132862
132893
132948
122764
132987
132993
133001
133028
133092
133008
133109
133112
133119
133128
133173
133205
133212
133224
133231
133233
133237
133240
133241
133259
133270
133297
133309
133342
133347
133362
133373
133371
133382
133387
133390
133396
133464
133479
133487
133488
128808
133497
133503
133497
133514
133523
133530
133542
133552
133555
133592
133629
133652
133676
133682
133695
133698
133700
133727
133732
133701
133747
133759
133770
133774
133787
133792
133810
133864
133878
133885
133904
133915
133935
133938
133948
133954
133998
134022
134026
134077
134080
134093
134107
134109
134165
134163
134167
134172
134189
134187
134190
134187
134203
134213
134234
134266
134301
128265
134326
134337
134439
134443
134453
134475
134486
134490
134491
134559
134561
134564
134562
134570
134578
134581
134588
134637
134633
134645
134651
134655
134665
134675
134683
134698
134697
134703
134700
134711
134707
129356
134715
134717
52873
134719
134739
113511
134744
134756
134767
134751
134766
134767
134786
134800
134797
134838
134846
134850
134854
134892
134602
134889
134906
134929
134913
134937
134979
134994
135040
135041
135054
135067
135096
135105
135129
135139
135146
135155
135164
135165
135164
135184
135201
135226
135234
135243
135245
118095
135246
122031
97906
122033
135245
122033
135272
135283
135305
135310
135317
135377
135366
135389
135401
135411
135419
135427
135468
135445
135482
135488
135500
135503
135531
135551
135566
60729
135597
135609
135622
135647
135669
135681
135772
135783
135785
135787
135795
135823
135872
135887
135895
135902
135899
135930
135961
135998
136003
135998
136026
136036
136062
136098
136122
136138
136158
129853
136164
136169
136179
136193
136179
136199
136201
136220
136234
136239
136252
136256
136252
106694
106749
136266
136274
136214
136279
136347
136369
136374
136379
136395
136409
136411
136414
15210
136424
136433
136439
136453
1136
136461
136466
136468
1194
136478
136492
136498
11040
136503
136506
136514
136539
38462
38592
136544
2528
136549
2530
136573
13713
136579
37668
136592
136597
136592
136604
136613
136623
444
136631
136634
136643
16500
136648
136652
136654
136665
136671
136672
136671
136693
136701
136702
136704
136709
136715
136721
136720
136733
15132
136734
136737
136741
136748
136751
5198
136756
136757
136762
41000
136765
136782
5283
136785
136789
23051
136795
136798
136802
5405
136811
5579
136816
136832
136842
136859
935
136864
5970
136869
136894
136900
136908
136934
23808
136941
136946
136973
136982
136988
136989
25939
25843
136994
136993
137006
26215
137007
137024
137042
137048
137057
8455
137069
137072
137069
27101
137073
137077
137082
8619
132341
137088
137107
137113
137109
137124
137147
137160
137166
137175
9808
137192
9950
137196
137203
137205
137208
10189
137218
137222
137227
10227
137232
137236
137248
137252
137264
137282
137295
137312
10856
137320
10986
137330
137333
93042
137335
34967
11077
137341
137351
34775
137356
137354
137363
10611
137369
137378
137384
137391
137402
137406
137423
137431
137428
137435
137448
137447
137449
137453
137462
36996
40447
137471
137473
137487
137492
137532
137537
137543
137556
137567
40854
137584
137591
137599
137602
124953
137606
15595
15592
15640
137609
43671
43864
137611
137619
942
137624
16099
137639
137674
137681
137690
137714
137729
137734
137741
17753
137740
17753
136704
137742
17596
17751
137747
137748
137753
137751
137755
137766
17997
137772
49645
137776
18048
137782
137788
137812
137817
136795
136798
137839
137850
18546
137869
137881
137893
81783
137897
137898
5668
137925
137938
137945
5907
137952
137961
110457
110459
137959
137971
137987
19971
137993
138001
19923
19924
138010
138015
83121
136928
138020
19982
82461
138031
20332
20357
138045
138048
20406
136877
6039
138064
16223
138072
46379
138075
138089
1598
138099
126834
20990
138106
138113
21242
21259
138125
21432
21434
21719
138131
21827
47393
47391
138152
138154
138156
21719
21715
138159
138163
138164
138166
22260
22254
138169
138176
138188
138184
138194
138207
138172
138216
22265
138219
138221
22740
138219
138234
138243
23449
83736
138264
138265
138267
138264
138265
50971
138280
24016
138294
24127
24176
138320
138324
24694
138331
138338
138340
138346
138352
138367
138381
138378
89579
138384
25180
138389
88777
138395
54554
138398
25406
138416
25473
138424
138423
138434
138429
138440
138442
138445
25710
138454
136988
55703
138458
138464
25916
138468
138470
138471
25925
25916
138481
25937
138490
138493
138504
138522
26482
138529
138532
26499
138544
26573
138543
138563
138579
138586
138593
138596
138603
138616
138643
138640
138672
138686
27973
138691
138698
116228
138703
138716
138724
138728
138748
63302
138754
138758
138764
138771
138779
60195
138785
138791
138799
60479
138808
138816
60725
138827
62223
95571
138827
138830
30474
138841
95805
138847
138853
138856
96186
138865
30945
138870
31077
138878
31101
31098
138884
138882
138910
138916
138931
138943
138976
139002
139021
33474
139027
132680
139030
139035
28854
139044
33606
33636
139052
139068
139071
96002
139098
139115
139125
66401
139150
139160
35083
139166
139175
11258
35436
35448
35436
139182
139196
139201
139206
139220
139229
139234
139246
139255
37323
139260
139280
139286
100642
139296
37947
139301
139306
139313
38178
38247
38178
139324
70453
70467
70453
70464
139348
37870
139357
139355
139370
38911
139373
139386
139404
14324
139410
89829
139421
139434
40707
139442
15045
139443
40717
139459
139461
138389
139462
139467
139469
54657
139467
139472
139459
139467
139481
3225
139485
40983
40952
139496
139499
139498
41032
139532
41536
139536
139559
139592
42578
24788
139586
139600
139613
139618
139623
15655
43442
139630
139632
139657
44192
139658
44198
139661
139666
139679
139681
139683
44420
77262
77263
139695
139696
139695
139708
139723
45175
139731
45357
139747
45546
139760
45687
139767
139774
139783
40426
46236
14966
46245
139790
139792
38616
139788
139798
46365
139813
46428
80329
139826
139847
46929
46930
139853
47030
139857
139865
46928
139887
139901
48013
139918
139926
139943
139958
48830
139955
139964
20396
20394
139972
49103
139975
49089
139980
49102
49161
49166
49103
140000
140023
49717
136757
140031
140038
21043
126888
140048
6380
140051
50120
140059
50163
140071
23838
23840
140085
140084
140094
50358
140102
140107
50836
140117
50970
50971
50975
50971
140142
140147
140150
140153
140156
140160
140161
140164
85459
51580
51579
140174
140175
140185
51802
140189
140192
140201
51892
140202
51932
140209
140219
140222
140243
140244
140245
140247
128719
140249
140276
52734
140288
140292
138331
140304
140307
140314
140327
140336
140347
140343
42270
42271
140353
140367
53556
24969
53561
140388
54307
140402
140414
140432
14893
15456
14894
140448
55294
54624
55280
55278
140458
140475
140470
140467
138423
140489
140495
140502
140519
140528
140535
56559
68363
68360
140542
140547
56883
56909
140563
56904
56907
56909
140566
140567
56920
56919
140566
140570
56911
140576
140586
56913
140592
140593
140586
56913
140592
36736
140614
140612
138548
140638
140646
140668
57310
26941
140681
57480
140683
57581
140690
140698
140709
140744
59002
140778
140788
140814
140829
140837
61203
140843
140835
140837
140852
140853
140852
140861
61311
140879
62560
140888
62696
140896
140907
140930
140928
140936
140943
64029
64034
140967
140973
141005
141013
141029
138738
141036
65394
96571
141044
141047
65437
141044
141067
141099
66212
141107
141111
141116
99079
141127
66847
141138
141145
66966
141164
123163
141175
132821
141189
141190
141207
68168
141218
68188
68192
141223
141242
141248
141257
141263
141270
141271
139317
141290
102492
141308
38095
102770
141313
141323
141328
141347
141365
70582
141374
141380
141381
141377
141388
141396
141395
141397
141396
141395
38738
38736
141406
71103
81542
141420
141442
141444
141445
141447
141450
141445
141453
103797
103835
141460
72577
141476
141474
141481
141487
141481
141528
73991
141551
74469
141569
141575
104433
141583
141585
141590
141589
141609
141617
75859
141628
141641
141643
44418
76607
44420
141649
76656
141656
76846
44225
141658
141673
141694
141699
45321
141710
141711
141724
78569
141726
45588
45586
141747
78813
78812
141764
141776
17311
141777
79211
141790
141797
141798
137753
139790
139788
141798
141805
141811
80229
141823
80279
141820
141830
141836
141838
141841
141848
141854
141865
141872
141883
108279
141885
141899
141926
141942
141953
141971
141976
48469
82527
141985
82713
139932
141995
142013
83891
84123
142016
142028
84179
142039
84206
84204
138168
84204
138172
142066
142069
142078
142090
142093
142099
142105
142112
142115
142116
142122
142131
52193
85098
142137
85150
85151
142139
85105
142137
142146
142149
142152
142155
142157
142158
142160
142161
111657
142164
142167
142173
85362
85339
85367
142179
142182
84736
142204
142212
142219
86126
142230
86277
142239
142245
142251
142285
142283
142292
142290
142313
142323
142324
142331
87387
87392
142335
87408
142360
87534
142375
142388
142391
88606
142416
89520
142440
142441
89780
142440
55470
55471
138496
142467
142479
142478
142486
142492
142493
142500
90534
142511
56148
90589
56164
142529
142530
142541
142564
92276
142570
92446
92440
142576
58672
142577
58672
142584
83566
142590
142592
58672
142610
142632
93945
142643
94024
94023
142632
142653
142675
94884
142680
94835
142704
142762
96396
96420
142770
142776
142798
97119
142807
142823
98064
142831
142873
66773
142882
99518
142892
99703
66976
99714
142922
142935
100866
100906
142958
142984
142990
102481
102501
143022
143027
143033
70816
103284
143033
143039
103346
103345
143051
141442
143060
72264
143088
143104
143147
143151
125209
143165
106295
143205
143217
143225
107207
143234
143255
143253
107407
143259
104454
143251
143270
143279
107420
107418
143286
107653
143301
143335
108730
108729
143339
143335
143344
143347
143362
109484
143369
143370
143372
143370
143375
143380
109635
115457
143386
143417
143420
143429
110507
143434
127291
143437
110613
143456
143466
111650
51577
143471
143472
143504
143517
112554
129038
143520
143522
143525
143524
143528
112608
134560
143531
143529
143536
112787
112796
112791
143544
128914
143552
143550
143558
113208
143568
143595
113962
143596
143602
129668
143610
143614
143624
143630
143631
143630
143646
143656
143711
116795
143714
143717
143720
143734
143735
143734
117961
143749
143755
118673
143761
95524
95523
143765
143782
143792
143796
143804
120413
119986
143808
143815
120853
143821
143820
142768
143837
121660
121659
143841
143849
121889
121971
143888
143897
123556
143905
124050
123905
143912
133371
143923
143947
143949
143958
125094
143966
143972
128128
143976
125227
125226
143982
126595
143988
125325
144009
144035
144032
126023
144053
144054
126715
144061
109648
144064
109693
143386
144068
144080
127126
144081
144090
127148
144111
144136
144144
143531
144145
143529
144150
144151
144153
144170
144168
144167
129433
144174
144193
144206
115461
144220
131142
144219
144220
144243
144253
144281
132917
144297
133403
133382
133380
144318
144327
144329
144339
136337
144356
134766
134767
134771
134769
144375
144380
144394
12353
12491
144395
144402
144405
144402
144406
144416
144418
144417
144423
15640
144432
144435
144436
144435
144439
144446
144449
144452
144455
144456
144458
140161
144460
144463
144467
144468
144473
144477
144484
144486
144487
144480
144490
144483
144484
144487
144481
144491
144480
144494
138750
144511
38175
141325
144514
70815
141397
141396
38738
38736
144514
144516
144517
144520
144519
144523
144528
144534
144538
144544
139577
144547
141633
144548
141633
144550
144552
144553
144555
144435
144556
144561
144563
144564
144567
144570
144574
144577
144594
144598
144600
144601
144600
144603
144460
144459
144609
86390
86389
144606
140227
144618
86388
144620
86388
144624
144478
144435
144556
144552
144558
144629
144627
144633
142452
140487
144648
144651
144653
144656
141633
144657
104832
104834
144656
141634
144662
143347
143346
143355
143347
144663
126712
144666
144669
144675
144678
144682
144684
144688
144690
144691
144693
144696
144697
144691
144700
144706
144708
144709
144716
144718
134561
143550
144718
143527
143552
144719
144720
144726
144727
144730
144731
112936
144734
144155
144733
144735
144175
144738
144748
143717
144750
142653
143711
116795
142653
144748
143717
144761
144769
144778
144780
144787
144790
144793
144789
144792
144793
144796
144786
144805
144806
144807
144810
143565
144735
144175
144826
144830
124309
144840
144850
144865
144878
144894
144912
144939
144945
144972
22263
144981
144982
24786
144981
144988
24783
145002
138524
145012
145025
145026
145029
145032
145042
145044
145057
141638
145086
145093
44368
139666
145104
145105
145101
145104
145025
145101
145113
145114
145117
145116
145119
145122
145129
145132
145135
145138
145141
145144
145147
145150
145153
51462
53124
53165
145156
144563
145157
144563
145162
145165
145164
145159
145158
145167
145168
145170
145171
145173
145174
145176
145177
145188
145196
145199
145202
145203
145204
145206
145207
144459
145214
128335
145156
144563
145213
144563
145216
145230
144474
145238
140239
145242
145245
145247
145248
145263
145266
145268
145269
145271
145272
145274
145268
145275
145265
145263
145280
145245
145266
145272
145280
145283
72700
72705
142368
72700
72705
145287
24783
145289
145290
145291
72701
145290
145296
145289
145302
145308
145318
140495
144634
140495
144633
142452
144634
55601
145321
55456
55827
145350
63701
120209
145363
145400
145407
145411
72837
72838
145421
141583
145422
145449
141636
144550
145463
145462
145472
145471
145475
145477
145471
145475
145491
145494
145495
145497
145492
145503
145509
145521
85102
85101
145523
145526
145529
85087
145532
128266
145535
145538
144688
144687
145541
145544
145547
145550
145553
145556
145557
145560
145563
145566
145569
145572
145575
145581
145584
145587
145590
145593
145595
145596
145598
145599
145602
144703
145608
145611
145614
145617
145622
145625
145626
145635
145636
145638
145641
145644
145645
145644
145647
145648
145650
145660
86446
145663
145662
145665
145666
145678
144474
145674
144623
145692
88021
145712
145715
145722
145725
145733
145731
145743
145749
145752
145761
145773
145778
145781
145784
145787
145793
145800
145801
145803
126331
126330
145815
145818
145819
145827
145822
145830
145833
145828
145836
145839
145816
145840
145842
144669
145846
145849
145852
145854
145856
145857
145859
145860
145863
145865
145866
145868
145869
145871
145872
144580
144579
145875
85278
111897
111699
111701
111944
85449
145884
145888
145887
145891
145893
145895
145893
145896
145898
145902
145905
145907
145908
145910
145911
145914
145908
145910
145920
145893
145923
145925
145923
145926
145932
145934
145911
145932
145938
145941
145942
145935
145944
145951
145950
145953
145955
145953
145956
145958
145956
145961
145968
145970
145968
145974
145979
145982
145985
145983
145988
145991
145989
145994
112358
145992
144793
145997
146000
146003
146006
146009
112927
144719
146007
146011
146014
146015
146019
112939
112938
112937
146020
146028
146029
112925
146031
146033
112937
146031
146035
112866
146036
146052
146058
145700
145698
146076
140977
146084
143737
117962
146096
146099
146116
144312
146125
146129
144327
146146
146149
144777
146152
146155
146158
146157
146161
146166
146167
146166
146176
145845
146179
146178
145951
146182
146181
146185
146187
145818
146191
146190
146194
146193
146197
145848
146196
146200
146203
146197
146202
146203
146206
146205
146211
146215
146230
146231
128917
112870
128918
146230
112870
146232
146238
140245
146241
146247
144733
146250
112936
144731
144733
112935
144734
146031
146247
112936
146248
144731
146265
146306
144325
146305
146310
145849
146314
146333
144432
145047
146335
146334
146340
146345
144444
146343
146345
146351
51508
146353
146356
146358
146356
146355
145199
146362
146370
146368
146380
146374
146373
146377
146385
146379
146374
146377
146394
72488
146404
146412
146415
146422
146421
146428
146427
146431
146434
146430
146437
146440
146445
146463
146466
146464
146475
146334
146368
146406
146338
146482
146488
146493
146494
146500
146502
146511
146509
146428
146514
146517
146521
146518
146526
146533
146530
146536
146538
146536
146544
146547
146560
112928
146009
146563
146556
112925
146564
146566
146569
146575
145811
146571
146578
146581
146577
146584
146587
146589
128918
112510
144807
146006
144807
146231
146595
146584
146599
146584
146611
146614
146621
146625
145113
145498
146629
146639
146641
140148
146644
145136
146645
146644
146650
140151
146631
146632
145124
145122
146650
146653
145145
146654
146653
146659
140154
146337
146338
146406
146659
146338
146662
145154
51462
146663
146662
145154
146671
146667
146673
146674
146362
145142
146361
146362
146455
146454
146356
146355
146361
146454
146673
146680
146679
145133
146668
146667
146671
146685
146691
146694
146695
146698
146706
146713
146722
146682
146732
146733
128720
145277
128720
145275
146739
146758
145260
145262
145272
146746
145251
145253
146763
145408
146393
146767
143731
146769
146770
146769
146776
39016
39253
146778
144537
146783
144534
144533
145299
145409
146781
146785
144528
144525
146788
146785
146813
146819
146587
146822
146828
146831
146837
146839
144573
146842
146838
146845
145571
146844
146854
146850
146428
146860
145577
146866
146874
145635
146913
146924
146922
146939
146942
145791
145793
146941
145793
146952
146958
146962
146964
146962
146968
145818
146187
146976
146983
146997
144681
147001
145890
147004
145898
147013
145925
147019
147024
145936
147031
147036
147050
145964
147056
147053
147059
145973
147061
134559
112610
146028
134559
112610
146593
147073
147075
144734
147078
146024
146022
147076
146024
147075
147084
146019
146020
147082
147090
147096
144744
146061
144744
147102
147123
146182
147135
147144
147154
146007
144143
147153
147154
146007
147168
145024
145025
147172
147177
147187
147193
147192
147196
147192
147199
147202
147204
144442
144438
144558
147215
147221
146351
147226
144447
144449
147210
147208
147198
147202
147226
147229
145151
145150
146346
51507
147229
147233
146641
147235
144450
144452
146657
140156
147235
147238
145148
145147
147239
145135
147238
147253
147255
147253
147262
147261
147303
147313
147322
147325
147321
147322
147330
147312
147313
147322
147336
147325
147351
147357
146775
146776
39253
147359
147363
147372
147373
147375
147382
147387
147391
147375
147387
147202
147404
147410
147422
147428
147439
144576
144685
147445
147441
147451
147454
147450
147465
147486
147487
147501
147502
147261
147262
147505
144600
144601
147520
147522
147528
147292
147531
147532
86665
146473
147538
145665
145670
147531
147556
147562
147570
144667
147573
147576
147583
147582
147585
147588
147585
147594
147595
147585
147601
147610
147630
147631
147637
147640
147636
147637
147642
147643
147645
147642
147651
147660
147661
147660
147664
147670
147678
144706
147681
147682
147670
147688
147687
147699
147700
147702
147700
147715
147718
147717
147723
147734
147048
147732
147740
145967
146548
147744
143527
144719
146009
147744
144719
147748
143527
146011
143524
143525
143527
146010
143527
146012
146560
143527
147066
147074
147153
112926
146012
147154
146007
144143
147744
112928
112927
143524
112928
143523
143525
144719
146009
146033
112937
147066
146033
112937
146031
146240
147074
147743
144719
144722
143550
144806
143550
145247
147750
147753
147760
144807
147765
134561
143552
147766
143552
144718
144731
112870
143552
112870
146248
143551
144806
145247
146230
147769
147090
146032
144733
144153
146559
143524
147090
146032
144153
147779
146249
112936
143554
143553
146039
144723
144724
146037
112868
146249
143553
144723
144724
146250
112868
147753
144724
147787
147790
147793
147799
147805
147811
147600
147820
147718
147816
147820
147825
147826
147601
147832
147640
147831
147826
147601
147843
112497
112477
112478
146591
144809
147843
112478
144726
144809
147852
147080
147855
147751
144727
147779
146247
147751
147858
147811
147600
147601
147826
147890
147887
147893
147896
147899
147894
147896
145022
147901
139372
147162
147916
147925
147954
147989
147997
148017
148036
148039
148035
148042
145116
148045
148047
145248
148052
148058
148061
148065
140145
145144
148060
148061
148068
148069
148054
148077
148104
145161
145162
145139
147264
147262
148107
146648
148164
148165
148164
148174
148170
148177
148183
144462
144463
144600
144604
148107
148188
145130
146353
148171
148170
148201
148206
148207
140179
148215
148219
148215
148216
148221
148222
148251
148275
148282
148296
148324
52336
148330
145229
145228
147521
147522
148341
148339
145153
148344
145243
147073
146385
146377
144146
146368
144146
146475
146368
147069
145243
144489
148347
148354
148341
53165
148362
148365
148403
148399
145269
148384
148383
148409
148408
148412
148417
145263
146752
145259
145265
148423
148392
148393
148408
148429
148403
148399
148384
148383
148438
148409
148348
148412
148348
148393
140339
148445
148451
144981
145306
144981
148475
148477
148478
144519
148474
148475
148481
145745
148477
148485
141458
141457
144519
148474
148475
148490
147353
148505
148508
147359
148513
148505
148531
146780
146778
72842
148530
145400
148548
148569
148579
148593
148596
148594
148599
145495
148602
148603
148609
148625
148636
148061
148637
148656
142105
148714
148730
148741
148744
148748
148754
145878
145875
145887
148769
148772
145562
148787
148786
148793
148799
145574
148817
148823
148838
148850
148852
148858
148866
148875
148927
148932
148935
148953
148954
148959
148957
148224
148222
148963
149022
86665
145673
146922
86665
146473
146924
86665
146474
146923
144615
147532
145673
149032
149068
149067
149070
149093
145753
149101
143376
149104
144053
145775
145773
145774
146161
145775
143369
144052
126714
144054
145773
126715
145775
146165
149137
149163
149166
149200
146184
149203
145815
145816
149206
149205
147586
149217
149215
147820
149220
145831
146971
149223
145825
149229
149227
149217
149236
149253
145837
149259
149197
149196
149200
149266
149272
149268
149278
149281
149277
149284
149288
149293
146500
149303
149318
149317
149321
149330
149329
146434
146430
146431
149337
149364
149379
149383
149385
149386
149388
149385
149394
149400
149403
145938
149408
149407
149411
149412
149416
149417
149416
149420
149416
149417
149423
149435
149452
145926
149423
149455
149459
149435
149482
149481
149487
149488
149490
149488
149493
145939
149497
149481
149482
149521
149524
149520
145976
145974
149527
149537
140200
149549
140198
145216
149555
149561
149564
149567
149576
149584
145977
149593
145980
149608
145986
145991
149653
143520
112608
143522
146014
145265
149668
112609
128719
134560
143522
146015
148429
146015
149668
112609
134560
149675
146018
112927
146239
140245
143523
140245
112928
146018
112927
147299
112927
147321
147312
147315
147543
147741
146009
147768
149679
148354
53165
149680
144144
144145
143529
145244
145242
146007
149679
149685
149688
143545
128914
146021
149704
146010
146560
149710
112923
149719
112940
146560
147069
149726
146036
146564
147144
129224
129223
129083
129081
129209
146563
129083
129084
112916
146029
129081
129083
146556
112915
112885
112916
112884
112925
146564
144729
112610
147144
149738
146059
149748
147787
149773
143378
143376
149794
149779
149799
149808
149827
149823
149272
149829
146185
146184
149521
145976
149836
149526
149841
145816
146179
149847
149206
147586
149836
149857
149860
146194
149268
149272
149856
149860
146194
149865
145846
146190
149871
149875
149281
149878
146199
146200
149857
149856
149860
149880
146191
149865
149890
149371
149370
149886
149875
149890
149886
149892
149878
146199
146200
149857
149909
144718
149931
146243
149934
128547
128548
146234
144803
146232
149932
146243
146020
147082
149934
128547
146241
128547
147082
149936
144150
128548
128578
144151
144152
147133
128579
149698
149941
149949
149950
112940
147069
149685
149686
149973
133915
146305
133914
147147
144773
149973
149982
146313
146314
149197
149196
149827
149823
149268
146194
149982
146313
146314
149827
149823
149982
149986
145840
146175
145840
146176
145845
145846
149988
149278
149277
147594
149281
147594
