2
36
57
77
99
128
150
151
150
156
160
191
199
203
250
285
296
298
308
323
325
331
347
401
416
424
434
441
458
473
504
596
623
628
632
648
659
677
707
743
771
778
784
793
799
813
823
845
860
864
933
934
968
974
989
1007
1009
1024
1069
1087
1094
1152
1169
1193
1217
1235
1255
1277
1295
1350
1360
1383
1398
1412
1436
1441
1461
1468
1470
1484
1492
1508
1543
1545
1555
1579
1582
1601
1622
1629
1648
1657
1660
1672
1689
1712
1716
1720
1744
1757
1763
1765
1766
1777
1817
1834
1836
1843
1849
1854
1870
1879
1880
1879
1907
1909
1947
1948
1947
1951
1961
1965
1971
1997
2016
2062
2071
2072
2071
2073
2079
2111
2116
2128
2149
2156
2158
2200
2209
2223
2229
2237
2261
2286
2295
2299
2311
2458
2464
2467
2466
2475
2483
2494
2522
2534
2540
2562
2566
2574
2597
2590
2606
2618
2621
2629
2635
2661
2686
2700
2732
2734
2742
2791
2798
2815
2814
2828
2846
2852
2870
2876
2887
2906
2912
2938
2993
3003
3017
3028
3082
3166
3253
3256
3257
3272
3307
3306
3322
3336
3355
3360
3367
3377
3403
3407
3415
3476
3499
3535
3541
3553
3558
3562
3617
3624
3633
3642
3647
3670
3703
3707
3742
3756
3759
3780
3798
3803
3812
3817
3846
3711
3853
3859
3869
3892
3894
3892
3904
3928
3938
3931
3958
3964
3971
3981
3982
3981
3986
3994
4021
4030
4040
4047
4084
4087
4096
4107
4112
4131
4162
4169
4237
3912
4245
4257
4300
4315
4318
4322
4346
4353
4357
4359
4366
4370
4399
4415
4432
4434
4461
4481
4487
4492
4520
4553
4559
4566
4571
4594
4598
4624
4660
4673
4735
4734
4740
4759
4765
4785
4831
4832
4861
4898
4916
4594
4955
4969
4974
4978
4981
5049
5076
5087
5085
5090
5094
5118
5138
5152
5158
5206
5213
5238
5251
5270
5094
5305
5325
5328
5339
5370
5380
5383
5405
5404
5425
5438
5444
5459
5473
5475
5496
5497
5502
5543
5545
5549
5560
5562
5633
5665
5675
5724
5727
5738
5762
5765
5798
5822
5858
5876
5885
5906
5936
5950
5964
6035
6059
6062
6077
6082
6087
6100
6106
6112
6118
6138
6164
6180
6204
6226
6232
6306
6317
6332
6340
6346
6359
6360
6375
6449
6453
6456
6469
6484
6503
6520
6553
6557
6589
6615
6632
6637
6648
6661
6714
6745
6747
6754
6838
6847
6856
6864
6874
6916
6925
6968
7012
7014
7032
7038
7065
7083
7090
7097
7124
7137
7144
7161
7175
7192
7267
7274
7279
7292
7293
7323
7361
7404
7407
7419
7438
7463
7517
7573
7577
7616
7648
7647
7661
7677
7715
7729
7736
7759
7807
7850
7867
7904
7902
5633
7907
7908
7935
7968
7975
7994
8005
8017
8059
8176
8186
8239
8245
8280
8314
8316
8334
8399
8400
8423
8453
8451
8458
8500
8521
8608
8613
8635
8637
8641
8647
8667
8677
8678
8692
8718
8725
8733
8776
8824
8826
8834
8840
8845
8860
8884
8897
8982
8989
8998
9001
9006
9008
9022
9023
9038
9046
9076
9100
9102
9115
9127
9128
9137
9166
9176
9199
9201
9204
9205
9226
9231
9248
9252
9255
9266
9273
9303
9324
9338
9354
9373
9387
9416
9424
9425
9424
9434
9506
9508
9529
9536
9556
9560
9564
8873
9618
9655
9683
9713
9716
9723
9773
9778
9829
9834
9852
9860
9868
9884
9899
9901
9422
9917
9923
9928
9953
9971
9973
9991
10014
10046
10068
10071
10086
10095
10110
10120
9886
10143
10162
10203
10228
10259
10269
10342
10343
10351
10350
10367
10376
10379
10388
10399
10431
10458
10468
10471
10476
10497
10504
10577
10589
10600
10611
10616
10367
10621
10624
10627
10647
10648
10664
10683
10707
10712
10718
10751
10772
10780
10796
10807
10813
10819
10830
10793
10835
10842
10850
10855
10871
10889
10898
10906
10920
10928
10960
10977
10998
10933
11015
11034
11041
11045
11051
11054
11070
11092
11116
11126
11131
11147
11162
11167
11174
11183
11203
11239
11252
11255
11277
11291
11330
11365
11369
11381
11382
11437
11456
11459
11462
11470
11477
11488
11495
10796
11513
11514
11523
11520
11527
11581
11596
11628
11632
11645
11650
11663
11673
11691
11694
11703
11721
11738
11742
11748
11752
11754
11783
11784
11785
11784
11813
11824
11904
11909
11947
11951
11970
11979
11994
11999
12004
12011
12017
12024
12027
12035
12055
12062
12067
12070
12071
12076
12128
12134
12203
12221
12229
12281
12290
12297
12299
12346
12386
12391
12401
12522
12582
12606
12614
12620
12625
12628
12632
12634
12648
12651
12658
12666
12671
12677
12687
12709
12712
12722
12724
12728
12747
12762
12773
12782
12824
12842
12935
12970
12990
12997
13038
13064
13090
13109
13134
13167
13194
13215
13222
13230
13239
13243
13251
13260
13261
13269
13288
13293
13322
13375
13379
13384
13400
13408
13417
13450
13465
13470
13477
13479
13493
13506
13521
13538
13549
13561
13562
13577
13579
13621
13634
13643
13660
13661
13671
13695
13698
13733
13748
13766
13783
13841
13877
13879
13885
13896
13909
13916
13931
13959
13961
13973
13976
13988
14000
14011
14013
14026
14039
14050
14072
14193
14217
14220
14248
14249
14253
14259
14277
14282
14285
14288
14315
14320
14326
14364
14378
14381
14392
14395
14408
14412
14421
14433
14439
14441
14458
14476
14516
14550
14582
14594
14638
14640
14644
14653
14685
14690
14688
14700
14718
14721
14729
14755
14854
14904
14911
14932
14943
14950
14980
14994
15002
15013
15017
15020
15021
15020
15044
15046
15054
15081
15094
15104
15124
15157
15163
15171
15173
15171
15179
15182
15202
15203
15207
15235
15266
15288
15290
15295
15317
15318
15338
15340
15356
15359
15398
15422
15431
15462
15468
15502
15557
15560
15567
15573
15576
15580
15591
15594
15613
15623
15648
15664
15668
15659
15669
15677
15686
15691
15700
15704
15748
15757
15790
15800
15806
15824
15867
15883
15890
15893
15895
15905
15907
15909
15910
15914
15913
15920
15941
15959
15961
15977
15981
15982
15990
16010
16052
16058
16061
16087
16099
16105
16127
16134
16135
16140
16159
16173
16195
16214
16235
16256
16275
16330
16332
16339
16359
16367
16371
16375
16376
16406
16414
16419
16429
16430
16433
16440
16445
16475
16482
16522
16525
16526
16549
16576
16592
16612
16623
16660
16670
16687
16690
16694
16700
16714
16726
16750
16754
16760
16767
16778
16795
16798
16809
16816
16825
16829
16830
16843
16860
16877
16884
16904
16915
16917
16926
16932
16942
16948
16954
16989
17019
17031
17037
17046
17052
17059
17067
17071
17090
17091
17099
17111
17121
17122
17145
17157
17191
17222
17230
17240
17245
17288
17322
17342
17362
17369
17302
17373
17432
17433
17466
17489
17491
17528
17566
17580
17583
17598
17631
17634
17640
17682
17692
17708
17738
17753
17777
17852
17868
17882
17881
17891
17927
17930
17938
17947
17976
18030
18036
18044
18045
17995
18064
18076
18080
18140
18150
18186
18226
18299
18305
18308
18313
18332
18347
18348
18368
18418
18424
18442
18443
18451
18461
18474
18480
18528
18543
18570
18575
18582
18594
16132
18605
18611
18618
18629
18643
18663
18587
18686
18691
18692
18691
18714
18719
18736
18768
18785
18788
18802
18812
18817
18820
18828
18837
18871
18570
18873
18888
18893
18908
18913
18893
18917
18930
18986
19009
19014
19031
19046
19041
19062
19082
19108
19129
19144
19167
19176
19179
19184
19227
19242
19247
19246
19252
19280
19292
19246
19305
19362
19370
19371
19386
19434
19446
19447
19456
19476
19481
19528
19547
19557
19592
19613
19618
19619
19633
19717
19727
19733
19739
19755
19798
19815
19820
19846
19897
19902
19906
19937
19958
19979
19982
20018
20021
20026
20052
20057
20128
20211
20236
20249
20258
20273
20281
20287
20298
20304
20322
20336
20340
20354
20391
20393
20391
20455
20466
20479
20525
20548
20553
20558
20568
20601
20629
20647
20650
20678
20692
20702
20723
20731
20746
20758
20760
20775
20831
20837
20844
20898
20902
20918
20920
20943
20947
20971
21005
21041
21060
21074
21077
21108
21117
21127
21171
21182
21206
21236
21262
21293
21308
21369
21370
21391
21406
21412
21430
21464
21482
21490
21527
21529
21531
21540
21559
21585
21621
21634
21643
21667
21682
21704
21717
21737
21754
21788
21797
21804
21830
21865
21621
21879
21885
21889
21894
21926
21927
21996
15177
22007
22013
22024
22034
22044
22067
22102
22110
22013
22142
22191
22193
22191
22195
22203
22212
22233
22236
22269
22273
22269
22301
22308
22367
22375
22388
22398
22420
22429
22433
22434
22443
22456
22491
22502
22555
22572
22615
22657
22667
22757
22767
22775
22785
22806
22824
22848
22877
22896
22902
22908
22933
22959
22997
22999
23007
23030
23039
23042
23048
23061
23096
23113
23122
23124
23132
23139
23144
23145
23154
23171
22555
23227
23235
23242
23268
23318
23341
23342
23349
23422
23425
23429
23435
23444
23451
23459
23489
23496
23507
23517
23529
23563
23591
23598
23603
23604
23621
23705
23451
23735
23752
23756
23769
23784
23801
23807
23812
23819
23829
23866
23898
23901
23923
23930
23965
23969
16551
23985
24035
24049
24057
24061
24082
24091
24104
24113
24116
24146
24149
24161
24172
24198
24223
24227
24245
24256
24261
24266
24275
24311
24337
24345
24380
24395
24396
24442
24447
24448
24456
24460
24467
24476
24481
24484
24498
24505
24517
24521
24556
24635
24701
24720
24736
24743
24765
24792
24796
24843
24845
24863
24867
24871
24912
24947
24992
24995
24998
25004
25017
25034
25048
25052
25077
25089
25106
25110
25004
25118
25142
25171
25190
25207
25217
25228
25231
25283
25287
25332
25333
25341
25358
25369
25375
25377
25388
25397
25421
25442
25455
25491
25522
25564
25584
25600
25608
25625
25659
25670
25701
25747
25749
25764
25774
25798
25822
25834
25857
25867
25873
25902
25944
25952
25963
25972
25975
25978
26052
26060
26063
26090
26104
26135
26180
26181
26190
26192
26190
26208
26223
26233
26249
26255
26273
26283
26310
26361
26389
26398
26400
26402
26411
26428
26431
26433
26439
26441
26444
26529
26540
26543
26552
26560
26573
26576
26581
26600
26603
26611
26612
26615
26616
26634
26662
26663
26669
26672
26677
26696
26717
26718
26728
26731
26750
26751
26765
26785
26230
26817
26832
26871
26894
26898
26911
26936
26949
26973
26993
27001
27003
27040
27050
27068
18457
27073
27089
27093
27115
27119
27183
27193
27214
27238
27257
27274
27280
27287
27288
27299
27310
27341
27380
27384
27394
27407
27412
27414
27417
27434
27465
27479
27482
27485
27504
27528
27534
27578
27581
27583
27590
27600
27646
27654
27673
27683
27677
27689
27692
27690
27718
27725
27740
27741
27751
27770
27792
27826
27836
27837
27858
27869
27875
27878
27884
27898
27897
27936
27933
27967
28004
28007
28016
28053
28076
28078
28097
28107
28170
28184
28187
28209
28226
28227
28298
28307
28310
28311
28310
28314
28325
28340
28347
28355
28358
28360
28391
28415
28420
28415
28432
28431
28442
28447
28456
28462
28483
28512
28521
28525
28527
28562
28559
28570
28571
28656
28663
28662
28704
28718
28763
28784
25737
28821
28859
28864
28870
28926
28936
28940
28945
28954
28963
28965
28980
28984
28996
29001
29029
29062
29066
29125
29158
29170
29204
29205
29222
29250
29300
29354
29356
29360
29363
29367
29399
29405
29431
29435
29444
29453
29464
29498
29512
29517
29528
29532
29561
29579
29581
29609
29610
29613
29639
29644
29672
29698
29722
29746
29770
29803
29823
29840
29866
29887
29950
29952
29986
29990
30004
30012
30025
30064
30072
30098
30138
30144
30171
30182
30203
30242
30247
30262
30347
30352
30114
30353
30360
30370
30402
30418
30421
30429
30452
30464
30476
30507
30523
30539
30578
30662
30676
30702
30731
30735
30747
30748
30753
30775
30779
30786
30787
30786
30824
30822
30876
30904
30909
30915
30926
30937
30944
30953
30959
30968
30969
30983
30984
30995
31027
31037
31049
10342
31051
31064
31069
31082
31085
31087
31115
31127
31151
31160
31164
31181
31198
31217
31230
31233
31255
31290
31308
31322
31331
31395
31410
31436
31484
31483
31500
31564
31580
31595
31605
31648
31670
31688
31731
31738
31754
31773
31787
31785
31789
31810
31813
31830
31844
31845
31844
31871
31872
31879
31927
31928
31962
31973
32025
32035
32038
32078
32097
32115
32119
32121
32207
32221
32094
32226
32268
32272
32329
32339
32372
32378
32459
32465
32470
32475
32241
32485
32275
32504
32520
32540
32547
32554
32603
32622
32629
32632
32660
32667
32721
32739
32750
32763
32781
32783
32781
32805
21527
32815
32855
32861
32864
32865
32869
32870
32877
32898
32943
32954
32970
32997
33034
33065
33077
33078
33094
33104
33121
33120
33127
33149
33175
33191
33193
33206
33237
33256
33261
33266
33283
33286
33290
33305
33355
26916
33360
33361
33360
33403
33421
33442
33479
33509
33515
33545
33551
33563
33564
33648
26115
33664
33680
21776
33689
33710
33723
33726
33752
33758
33794
33796
33795
33801
33822
33883
33903
33973
34036
34067
34081
34084
34107
34117
34136
34188
34211
34276
34279
34292
34310
34319
34357
34382
34383
34400
34437
34444
34447
34488
34491
34518
34544
34578
34599
34604
34627
34640
34655
34671
34682
34770
34802
34811
34831
34876
34904
34914
34931
34974
35002
35011
35016
35021
35026
35028
35083
35125
35144
35152
35162
35168
35187
35213
35221
35248
35254
35261
35270
35273
35295
35339
35363
35374
35389
35454
35457
35464
35488
35490
35515
35517
35534
35539
35537
35575
35571
35585
35593
35589
35619
35626
35640
35678
35708
35742
35746
35745
35763
35764
35773
35815
35855
35861
35872
35880
35940
35990
35991
36002
36003
36009
36017
36034
36040
36088
36102
36130
36162
36171
36179
36191
36223
36225
36227
36225
36269
36323
36327
36346
36356
36354
36367
36373
36393
36397
36430
36453
36459
36456
36473
36475
36492
36512
36522
36568
36576
36604
36621
36533
36640
36651
36657
36661
36683
36693
36706
36765
36780
36367
36798
36802
36816
36834
36844
36856
36867
36885
36911
36966
36992
36994
37006
37034
37054
37065
37093
37102
37104
37118
37126
37163
37181
37193
37205
37241
37249
37266
37280
37322
37321
37341
37416
37427
37436
37441
37448
37453
37479
37483
37489
37536
37553
37557
37578
37601
37606
37641
37645
37674
37692
37724
37729
37766
37769
37783
37841
37843
37842
37869
37893
37901
37916
37932
38003
37858
38009
38025
38049
38066
38081
23258
38111
38119
38126
38127
38134
38193
38221
38232
38255
38260
38276
38343
38357
38355
38374
38417
38429
38433
38439
38460
38461
38460
38487
38509
38540
38542
38570
38573
38480
38588
38590
38592
38597
38601
38611
38615
38613
38619
38657
38671
38695
38698
38711
38712
38717
38712
38746
38743
38762
38771
38816
38834
38845
38862
38771
38886
38900
38925
38958
38961
38990
38996
35410
38995
39004
39047
39055
24031
39054
39069
39070
39072
39095
39104
39126
39131
39180
39202
39229
39236
39247
39269
39286
39290
39245
39322
39329
39363
39369
39377
39380
39400
39447
39459
39475
39496
39518
39524
39546
39605
39632
39637
39639
39702
39705
39710
39724
39733
39685
39762
39764
39768
39781
39836
39861
39880
39941
39942
39958
39960
39968
39969
39980
39982
39997
40027
40048
40074
40091
40092
40101
40149
40156
40157
40187
40215
40222
40243
40215
40253
40256
40293
40327
40334
40349
40367
40389
40392
40404
40422
40414
40449
40458
40507
40545
40567
40571
40576
40584
40592
40658
40666
40683
40705
40717
40729
40732
40748
40771
40773
40777
40783
40801
40806
40807
40823
40833
40859
40885
40910
40927
40930
40929
40937
40954
40956
40959
40972
40973
41008
41013
41015
41013
41030
41037
41041
41060
41082
41086
41108
41170
41196
41197
41204
41212
41215
41219
41230
41240
41246
41264
41276
41318
41372
41385
41412
41418
41492
35987
41509
41516
41517
41541
41549
41553
41593
41610
41647
41688
41707
41738
41743
41807
41812
41827
41846
41856
41860
41902
41934
41939
41952
41960
41969
41980
42008
42013
42018
42042
42056
42079
42082
42088
42096
42136
42187
42190
42192
42211
42210
42235
42244
42247
42285
42309
41856
42318
42319
42318
42353
42368
42388
42439
42453
42474
42508
42512
42514
42532
42541
42548
42558
42565
42561
42605
42625
42639
42694
42700
42704
42714
42721
42754
42769
42771
42799
42831
42839
42857
42874
42883
42893
42918
42928
42938
42945
42977
42993
43004
43025
43038
43071
43137
43143
43182
43214
43231
43246
43265
43269
43270
43304
43306
43331
43337
43349
43347
43375
43391
43400
43406
43423
43445
43469
43475
43500
43522
43541
43549
43557
43561
43566
43577
43583
43586
43645
43654
43670
43671
43680
43685
43703
43717
43720
43729
43744
43751
43732
43758
43770
43774
43779
43803
43849
43852
43856
43862
43863
43879
43886
43911
43914
43963
43992
43999
44004
44040
44069
44117
44131
44139
44166
44170
44210
44233
44269
44273
44282
44317
44347
44353
44405
44415
44445
44458
44459
44467
44469
44525
44553
44563
44597
44618
44634
43285
44675
44769
44780
44792
44798
44817
10068
44828
2331
44838
44875
44879
44893
44910
44954
44958
45003
45014
45047
45092
45090
45094
45101
45122
45146
45155
45162
45196
44910
44912
45204
45268
45280
45292
45319
45348
9276
45383
45435
45449
45487
45489
45503
45539
45564
45569
45596
37760
45591
45602
45610
45635
45665
45705
45719
45752
45754
45797
45807
45843
45905
45923
45929
45943
45990
45991
45990
46037
46038
46050
46058
46074
46089
46099
46152
46177
46191
46223
46229
46283
46301
46305
46250
46321
46338
46353
46369
46384
46421
46452
46464
46488
46552
46560
34904
46565
46570
46571
46640
46672
46702
46736
46809
46821
46851
46888
46904
46929
46953
46971
47002
47004
47083
47087
32629
47102
47108
47165
47199
47204
47239
47241
47306
47363
47367
47370
47382
47406
47414
47447
47452
47502
47541
47613
47625
47660
47662
47682
47715
47750
47796
47815
47827
40995
47906
47954
47994
48064
48138
48174
48184
18731
48251
28431
28456
48252
48270
48286
48324
48344
48394
48434
48470
48485
48518
48526
48547
48583
48605
48624
48652
48602
48662
48672
48676
48691
48693
48703
48720
48747
48755
48768
48789
48800
48820
48837
48851
48868
48894
48896
48902
48913
48957
48960
30117
48964
48982
48998
49021
49101
49114
48865
49161
49174
49201
49217
49229
49230
49238
49261
49292
49299
49307
49316
49317
49344
49402
49482
49534
49558
49576
49577
49584
49590
49600
49602
49637
49648
49751
49749
49777
49798
49852
49851
49856
49882
49906
49935
49951
49957
49989
50013
50038
50041
23827
50084
50102
50103
50109
50119
50123
50142
50160
50167
50164
50220
50257
50279
50313
50340
50371
50389
50392
50435
50444
50448
50551
50568
50587
50600
50609
50614
50657
50707
50729
50730
50735
50748
50798
50814
50844
50872
50938
50956
51023
51040
51039
51044
51053
51060
51107
51125
51132
51166
51206
51285
51287
51293
51294
51218
51343
51396
51393
51422
51437
51442
51478
51486
51504
51555
51588
51595
51628
51655
51688
51700
51709
51722
51729
51741
51774
51797
51800
51824
51709
51836
51841
51901
51932
51970
52053
52055
52053
52133
52140
52155
52179
52180
52182
52232
52236
52283
52328
52402
52418
52479
52501
52515
52519
52538
52599
52600
52617
52641
52656
52670
52704
52706
52764
52781
52782
52670
52821
52851
52874
52902
52924
52948
52950
52955
52976
52999
53031
53045
53053
53077
53090
53089
53099
53124
53128
53152
53151
53200
53254
53262
53275
53310
53317
53354
53381
53382
53480
53490
53497
53503
53544
53542
53612
53624
53635
53639
53643
53655
53657
53661
53582
53754
53812
53875
53894
53901
53775
53918
53919
53951
53959
53964
53988
54028
54037
54057
54073
54077
54097
49846
54127
54129
54158
54182
54197
54223
54255
54267
54274
54281
54348
54352
54374
54458
54491
54512
54542
54600
54611
54338
54617
54702
54717
54727
54737
54741
54781
54833
54841
54846
54872
54906
54912
54956
55025
55056
55070
41710
55090
55096
55107
55114
55143
55165
55192
55199
55205
55220
55236
55245
55265
55287
55314
55330
55340
55353
55410
55433
55440
55444
55485
55153
55490
55510
55527
55564
55568
55454
55595
55647
55677
55694
55724
55738
55753
55757
55837
55857
55874
55877
55885
55903
55916
55922
55926
55941
55952
55962
55969
56010
56044
56067
56074
56078
56082
56084
56082
56094
56103
56120
56151
56197
56206
56227
56233
56247
56105
56269
56312
56343
56426
56437
56481
56544
56552
56558
56560
56562
56567
56571
56443
56596
56622
56676
56711
56716
56723
56738
56754
56767
56789
56794
56801
56842
56858
56910
56912
56910
56916
56923
56929
56935
56948
57033
57038
57041
57077
57110
38451
57122
57121
57164
57222
57231
57269
57278
57340
57353
57369
57383
57392
57426
57436
57474
57501
57508
57537
57556
57633
57650
57668
57670
57682
57678
57702
57727
57732
57734
57747
57767
57783
57792
57803
57811
57833
57876
57879
57920
57924
57958
57971
57993
58024
58055
58063
58079
58094
58096
58104
58121
58145
58154
58184
58232
58242
58266
58274
58368
58388
58397
58458
58472
58492
58494
58501
58492
58505
58518
58534
5216
58553
58518
58605
58617
58622
58653
58699
58705
58710
58716
58722
58730
58737
58740
58749
43032
58785
58792
58809
58825
58828
58841
58921
58939
58952
58955
58963
58969
58973
58987
58991
59039
59069
59080
59087
59096
59116
59164
59204
59203
59212
59238
59255
59273
59305
59335
59356
59412
59423
59432
59475
59483
59487
59522
59559
59600
59625
59632
59654
59706
59713
51617
59743
59763
59771
59782
59803
59818
59825
59851
59876
59880
59522
59897
59905
59910
59943
59972
59981
60001
60004
60003
60017
60020
60022
60025
60029
60034
60049
60052
60098
60111
60181
60212
60247
60253
60282
60380
60426
60473
60477
60492
60515
59274
60523
60535
60562
60572
60583
60598
60605
60615
60621
60629
60684
60686
60684
60706
60727
60768
60774
60779
60836
60841
60847
60871
60908
60912
60871
60922
60926
60974
60999
61008
61009
61017
61045
61048
61055
61057
61078
61091
61124
61147
61166
61168
61198
61222
61233
61255
61292
61311
61314
61324
61334
61363
61367
61401
61418
61455
61469
61481
61508
61511
61542
61587
61598
61600
61615
61619
61640
61639
61644
61672
61679
61686
61702
61711
61718
61724
61741
61744
61755
61762
61784
61795
61805
61819
61843
61879
61892
61897
61907
61933
61934
61933
61942
61947
61954
61979
61987
61990
62000
62001
62011
62012
62025
62031
62063
62083
62087
62110
62135
62143
62184
62195
62196
62247
62290
1696
62300
62309
62314
62320
62335
62337
62348
62349
62352
62357
62392
62391
62404
62434
62489
62487
62503
62506
62512
62525
62530
62558
62606
62612
62635
62639
62640
62675
62678
62709
62725
62734
62774
62776
62807
62813
62807
62814
62822
62823
62831
62862
62882
62891
62910
62912
62910
62917
62927
62943
62942
62948
62981
62997
63014
63022
63034
63037
63055
63059
63060
63077
63092
63146
63238
63246
63262
63292
63296
63344
63356
63383
63388
63391
63422
63430
63438
63450
63465
63490
63537
63552
63561
63552
63583
63609
63637
63643
63676
63682
63686
63691
63700
63702
63705
63721
63723
63746
63749
63798
63847
63849
63858
63916
63922
63942
63956
64023
64031
64041
64063
64070
64089
64111
64146
64178
64181
64185
64105
64210
64224
64253
64254
64261
64292
64323
64341
64348
64354
64360
64365
64376
64413
64442
64460
64468
64478
64516
64538
64543
64546
64589
64604
64606
27
64679
64712
64714
64747
64754
64786
64714
64804
64814
64851
64853
64863
64889
64895
64896
64910
64916
64929
64948
64955
64851
64982
64983
64995
65004
65009
65013
65051
43570
65053
65073
65083
65122
65129
65162
65191
65207
65229
65241
65244
65265
65273
65283
65345
65355
65358
65366
65434
65446
65460
65473
65475
65494
65504
65513
65537
65554
65560
65586
65641
65654
65658
65655
65665
65671
65679
65695
65700
65706
65713
65722
65733
65753
65755
65784
65732
65823
65844
65856
65861
65874
65883
65757
65889
38161
65898
65904
65946
65951
65958
65632
65965
66023
66030
66037
66078
66095
66105
66119
66137
66186
66210
66254
66262
66283
66290
66312
66322
66334
66346
66371
66388
66389
66404
66407
66428
66447
66456
66470
66497
66499
66542
66610
66617
66626
66644
66661
66669
66677
66710
66725
66752
66755
66754
66798
66822
66832
66856
66874
66887
66891
66955
66958
66966
66973
66977
66985
67001
67010
67011
67013
67044
67060
67062
67089
67139
67146
67164
67174
67215
67240
67264
67266
67285
67321
67352
67359
67369
67370
67369
67382
67396
67401
67421
67434
67435
67434
67445
67443
67499
67512
67545
67600
67648
67700
67728
67736
67757
67759
67831
67843
40952
67847
67869
67880
67895
67907
67925
67958
67966
67974
67975
68014
68023
68026
68069
68080
68150
68159
68225
68238
68262
68252
68325
68355
68358
68359
68378
68430
68442
68484
68504
68536
68544
68549
68558
68568
68585
68589
68593
68598
68604
68639
68680
68696
68737
12134
68755
68763
68769
68775
68806
68823
68832
68838
68898
68899
68927
68966
68975
68981
68994
69000
69001
69000
69010
69055
69056
69078
69082
69091
69172
69188
69207
69227
69276
69298
69303
69308
69326
69339
69358
69382
69384
69385
69402
69412
69425
69442
69468
69481
69524
69525
69545
69556
69627
69634
69674
69682
69693
69716
69777
69797
69790
69813
69857
69861
69870
69879
69886
69895
69897
69900
69932
69953
69960
69980
69999
70004
70053
69932
70066
70116
47524
70128
70136
70204
70209
70213
70225
70231
70238
70256
70257
70275
70295
70335
70345
70419
70425
70433
70444
70455
70507
70518
70524
70525
70524
70541
70550
70563
70577
70592
70608
70618
70646
70666
70702
70724
70750
70757
70769
70816
70826
70848
70851
70873
70876
70943
70956
70957
70976
71024
71061
71073
71084
71094
71120
71125
71130
71174
71197
71232
71293
71301
71312
71317
71322
71327
71338
71357
71366
71416
71442
71453
71489
71501
71533
71546
71548
71553
71557
71595
71603
71613
71667
71687
71696
70873
71707
71714
71732
71742
71772
71813
71812
71841
71859
71874
71877
71939
71938
71960
71979
72003
72016
72035
72049
72059
72068
72063
72084
72096
72111
72120
72177
72215
72258
72267
72273
72313
72341
72345
72405
72415
72418
72433
72459
72482
72503
72529
72576
72591
72611
72633
72665
72667
72665
72672
72705
49941
72717
72754
72759
72777
72611
72812
72888
72895
72916
72927
72932
72943
72961
72981
73006
73058
73085
61927
73091
73152
73224
73275
73281
73328
73341
73353
73372
72963
71737
73390
73424
73432
73451
73501
73499
73522
73533
73541
73591
73626
73629
73632
73646
73649
73684
73722
73763
73781
73804
73810
73841
73893
73936
73937
73936
73980
73986
73991
74010
74020
74025
74032
74050
74052
74069
74080
74086
74094
74103
74110
74118
74162
74165
74186
74205
74211
74216
74223
74224
74223
74229
74233
74236
74258
74289
74334
74347
74360
74362
74373
74385
74443
74457
74580
74634
74679
74682
74698
74701
74707
74721
74735
74742
74752
74761
15677
74762
74769
74779
74810
5675
74811
74859
74886
74892
74910
74919
74931
74935
73578
74961
75001
75008
75012
75025
75043
75072
75123
75158
75159
75162
75168
75192
75249
75269
75272
75285
75360
75366
75382
75444
75445
75476
75483
75531
75534
75542
75551
75583
75585
75608
75630
75658
75675
75682
75712
75713
75726
75752
75782
75791
75795
75818
75855
75866
75881
75938
75943
75978
75989
76002
76017
76023
76032
76037
76039
76068
76091
76140
76158
76175
76189
76207
76243
76249
76259
76263
76296
76316
76339
76383
76397
76413
76437
76478
76497
76526
76537
76546
76558
76560
76623
76633
76652
76679
76680
76729
76738
76804
76825
76824
76873
76895
76925
76924
76976
76982
77016
77020
77030
77039
77049
77078
77076
77090
77098
77102
77114
77122
77153
77213
77215
77220
77223
77261
77256
77312
75651
77317
77321
77318
77355
77365
77369
77381
77385
77388
77392
77408
77414
77420
77424
77442
77475
77504
77549
77582
77586
77611
77619
77623
77624
77656
77206
77668
77711
77717
77733
77744
77747
77786
77788
77825
77911
77921
77786
77951
77958
77959
77973
77989
78013
78097
78138
78147
78179
78250
78263
78270
78298
78347
78352
78355
78368
78381
78411
78449
78452
78491
78492
78525
78542
78571
78578
78601
78615
78620
78671
78742
78769
78784
78789
78809
78810
78848
78774
78852
78432
78860
78873
78876
78901
78906
78917
78930
78974
78976
79014
79023
79028
79030
79037
79038
79041
79081
79099
79103
79122
79132
79165
79177
79192
79191
79211
79209
79214
79209
79231
79232
79252
79251
79298
79299
79380
79396
79409
79417
3849
79458
79464
79473
79482
79527
79528
79527
79590
38953
79595
79625
79648
79686
79702
79711
79763
79766
79794
79809
79856
79958
80008
80026
80042
80057
80091
80173
80202
79174
80207
80219
80224
80241
80294
80298
80304
80312
80323
80341
80383
80442
79264
80457
80478
80510
80546
80570
80588
80595
80601
80616
80668
80681
80700
80714
80744
80810
80822
80823
80826
80835
80889
80907
80920
80963
80975
81036
81089
81088
81098
81110
81153
81155
81153
81184
81209
81232
81254
81286
81329
81353
81378
81430
81454
81472
81522
81575
81591
81592
81614
81641
81693
81730
81748
81744
81755
298
81758
81841
81859
81902
81913
81930
81962
81977
81988
82002
82003
82007
82029
82050
82063
82104
82121
82223
82228
82284
82319
82333
82337
82374
82401
82413
82463
82529
82587
82595
82626
82664
82662
82670
82675
82759
82834
82848
82882
82865
82885
82991
83023
83066
83084
83124
83139
83218
83229
83301
83315
83328
83337
83347
83354
82642
83418
83430
83440
83453
83471
83469
83514
83541
83562
69332
83595
83599
83625
83629
83660
83693
83698
83744
83757
83765
83787
83819
83866
83882
83886
83906
83930
83972
83989
83991
84010
84018
84036
84053
84104
84112
84141
84142
84141
84188
84209
84251
84267
84277
84294
84315
84323
84328
84347
84352
84351
84372
84389
84391
84392
84404
84417
84434
84442
84458
84463
84477
84482
84513
84525
84535
84550
84569
84578
84577
84648
84649
84655
84663
84673
84724
84777
84800
84803
84816
84823
84831
84832
84865
84870
84874
84873
84881
84880
84906
48849
84911
84912
84997
85004
85026
85033
85109
85116
85160
85165
85167
85165
85178
85181
85187
85193
85201
85202
85201
85221
85226
85253
85308
85321
85332
85336
85338
85349
85361
85235
85387
85401
85467
85473
85494
85372
85537
85549
85559
85585
85616
85618
85629
85642
83565
85645
85672
85731
85742
85756
85763
85784
85789
85802
85795
85812
85832
85859
85868
85880
85944
85951
85965
85994
85995
86001
86008
86062
86087
86134
86173
86225
86235
86247
86255
86264
86275
86278
86293
86315
86317
86323
86338
86362
86358
86367
86406
86407
86409
86425
86436
86462
86479
86480
86487
86632
86639
86658
86660
86712
86737
86754
86776
86797
86799
59066
86831
86860
86887
86906
86919
86925
86979
86984
87000
87018
87047
87091
87141
87144
87161
87181
87213
87240
87261
87271
87302
87303
87311
87315
87320
87323
87324
59055
87438
87475
87479
87496
87516
87519
87553
87556
87558
87584
87626
87662
87674
87726
87756
87803
87826
87871
87881
87901
87913
87929
87944
87947
87953
87967
87995
88012
88019
88012
88029
88070
88145
88146
88167
88214
88238
88236
88292
88305
88343
88362
88409
88414
88433
88428
88434
88437
88481
88515
88599
88618
88621
88825
88828
88837
88877
88880
88877
88890
88930
88954
89045
89048
89066
89074
89083
89084
89096
89113
89115
89127
9870
89135
89140
89159
89171
89187
89231
89245
89285
89342
89359
89360
89433
89455
89466
89492
89514
89522
89523
89541
89560
89566
89580
89620
89640
89652
89728
89761
89797
89814
89830
89859
89883
89917
89930
89941
89942
89954
89964
89975
89980
90005
90011
90009
90070
90090
90151
90164
90191
90298
90300
90353
90371
90410
90432
90489
90493
90500
90498
90527
90528
90537
90540
90555
90572
90588
37762
90598
90618
90646
90673
90693
90708
90715
90743
90764
90790
90800
90845
90857
90861
90745
90864
90745
90899
90968
90975
90981
91004
91041
91071
91077
91099
91105
91136
91151
91184
91190
91192
91197
91207
91278
91308
91319
91378
91391
91417
91443
91448
91451
91470
91479
91562
91594
91644
91658
91666
91720
91736
91767
91788
91863
91865
91868
91871
91875
91896
91900
91914
91919
91926
91940
91976
91977
91994
92005
92016
92036
92037
92056
92090
92094
92119
92155
92173
92178
92196
92315
92322
92340
92354
92392
92472
92485
92510
92571
92601
92604
92624
92652
92665
92721
92763
92778
92795
92819
92821
92822
92825
92858
92881
92934
93007
93013
93018
93043
93060
93068
93074
93075
93082
93086
93088
93090
93093
74309
93139
52731
93152
93156
93171
93174
93171
93191
93230
93245
93264
93295
93303
93309
93320
93322
14764
93342
93386
93405
93432
93438
93445
93468
93474
93480
93482
93484
93485
93484
93489
93497
93542
93555
93568
93571
93614
93694
93697
93774
93784
93783
93786
93791
93795
93824
93823
93827
93839
93841
93840
93903
93918
93946
93998
94010
94014
94019
94021
94064
94075
94138
94180
94213
94239
94258
94297
94303
94308
94320
94332
94345
94373
94381
94389
94405
94438
94467
94476
94491
94505
94527
94565
94568
94585
93946
94634
94644
94650
94652
94655
94660
94725
94750
94754
94767
94772
94767
94793
94811
94832
94846
94875
94905
94919
94931
94928
94941
94949
94950
94996
95012
94941
95040
95068
95117
95129
95148
95179
95187
95260
15203
95267
95266
95283
95293
95368
95381
95384
95405
95414
95441
95460
95486
95514
95528
95530
95537
95540
95553
95564
95574
95605
95606
95605
95623
95638
95644
95655
95665
95676
95695
95707
95718
95727
95778
95789
95792
95790
95814
95829
95848
95864
95873
95898
95899
95915
95917
95950
95964
95987
96005
96050
96056
96088
96089
96143
96164
96175
96227
96231
96237
96238
96240
96261
96280
96302
96316
96344
96451
96473
96491
96504
96575
96598
96648
96671
96704
96715
96762
96784
96794
96805
96822
96833
96849
96869
96877
96881
96889
96932
96955
96958
96956
96968
97009
97022
97029
97043
97055
97057
97082
97107
97121
97147
97146
97151
97198
97221
97242
97248
97259
97262
97267
97284
97338
97355
97366
97397
97401
97430
97445
97500
97512
97562
97585
97619
97626
97669
97692
97700
97747
97752
97780
36354
97819
97832
97848
97864
97871
97880
97885
97904
97909
97917
97943
97954
97962
97981
98012
98043
98054
98081
98097
98107
98117
98130
98133
98159
98187
98054
98206
98210
98211
98214
98226
98253
98256
98264
98307
98327
98354
98371
98378
98395
98408
98445
98472
98483
98507
98516
98536
98564
98606
98609
98665
98672
98687
98692
98717
98723
98734
98753
98751
98765
98772
98779
98792
98799
98814
98654
98836
98843
98844
98858
98860
98870
98878
98888
98920
98947
98965
98964
98996
98999
99044
99050
99062
99078
99080
99094
99126
99135
99145
99210
99256
99264
99270
99277
99299
99321
99329
99328
99334
99344
99346
99352
99354
99375
99272
99270
99389
99404
99407
99413
99470
99474
99478
99488
99490
99493
99501
99569
99573
99470
99580
99596
99615
99629
99671
99689
99698
99707
99731
99733
99741
99764
99799
99816
99822
99857
99852
99869
99915
62392
62391
99926
99928
99932
99937
99950
99952
99967
99970
99981
99992
100006
100009
100022
91728
100025
100026
100060
100059
100105
100134
100148
100149
100155
100178
100184
100196
100268
100291
100299
100323
100334
100346
100348
100354
100362
100380
100405
100412
100415
100424
100427
100455
100462
99192
100492
100515
100530
100550
100548
100563
100615
100628
100638
100669
100676
100700
100740
100747
100824
100937
100946
100996
101009
101024
101058
101100
101105
101121
101153
101170
101189
101242
101251
101253
101262
101292
101293
101321
101329
101356
101369
101413
101415
101449
101462
101500
101518
101529
101537
101535
101542
101547
101576
101650
101672
101697
101705
101715
101742
101751
101756
101761
101774
101793
101817
101830
101839
101850
101853
101868
101889
101898
101943
101952
101972
102004
102023
102027
102041
102058
102059
102082
102091
102090
102104
102145
102149
102158
102173
102179
60338
102203
102221
102236
102254
102257
102276
102289
102286
102295
102301
102308
102317
102318
102319
102344
102350
102356
102366
102367
102385
102388
102401
102409
102419
102422
102438
102455
102458
102476
102478
102506
102518
102521
102526
102549
102590
102597
102603
102609
102614
102629
102638
102639
102643
102667
102671
102674
102675
102678
102682
102691
102697
102736
102747
102768
102789
102798
102811
102823
102876
102886
102890
102891
102896
102897
102902
102930
102948
102967
102966
102995
103004
103011
103022
103025
103038
103046
103083
103098
103117
103128
103152
103172
103170
103218
103233
103246
103247
103246
103254
103278
103284
103287
103296
103331
103346
103362
103433
103447
103453
103469
103470
103282
103476
103484
103487
103518
103536
103537
103562
103581
103586
103592
103610
103650
103655
103679
103700
103717
103723
103776
103811
103819
103848
103851
103862
103879
103912
103918
103917
103951
103958
103959
103992
104009
104013
104048
104047
104097
104102
104109
104118
104126
104132
104164
104170
104208
104209
104214
104227
104252
104261
104264
104297
104311
104367
104387
104404
104439
104461
104494
104509
104524
104528
104554
104558
104563
84885
104572
104578
104592
104599
104615
104665
104668
104684
104687
104699
104702
104733
104738
104743
104753
104771
104793
104796
104819
104831
104841
35144
104868
104876
104888
104947
104946
104975
104992
105001
105007
105026
89782
105036
105043
105046
105052
105070
105149
105152
105165
105178
105189
105237
105241
105251
105270
105282
105188
105300
105318
105335
105413
105453
105457
105482
105480
105494
105518
105520
105525
105532
105548
105552
105560
105566
105569
105571
105617
105622
105624
105630
105657
105683
105720
105743
105770
105783
105797
105860
105868
105897
105900
105903
105926
105931
105936
105941
105951
105969
106011
106026
106061
106075
106081
106097
106109
106129
106135
106140
106154
106187
106223
106294
106318
106325
106359
86387
106382
106415
106427
106325
106484
106488
106508
106519
106532
106537
106551
106559
106566
106574
106575
106592
106639
106644
106654
106666
106677
106705
85323
106711
106723
106779
106780
106792
106803
106820
106890
106912
106965
106978
106965
106995
107047
107076
107097
107115
107146
107185
107199
107211
107229
107266
107319
107353
107363
107376
107411
107414
107425
107452
107460
107531
79857
107555
107558
107563
107566
107563
107569
107586
107593
107606
107629
107635
107667
107715
107712
107747
107752
107868
107871
102191
107841
107894
107900
107916
108013
108094
108097
108106
108118
108140
108146
108174
108184
108210
108218
108241
108253
108334
108356
108357
108368
108480
108499
108505
108213
108512
108522
108560
108570
108626
108640
108643
66312
108660
108677
108687
108743
108753
108770
108774
108791
108800
108816
108869
108875
108895
108915
108928
108951
108986
108996
109017
109043
109045
109073
109139
109148
109152
109160
109171
109188
109198
84870
109204
109230
109281
109287
109295
109294
109306
109324
109389
109444
109452
109488
109510
109526
109558
109566
109571
109573
109617
109620
109649
109650
109659
109691
109721
109757
109771
109784
109791
109810
109960
109994
110011
110021
110042
110058
110068
110078
110108
110105
110124
110131
110191
104402
110322
110355
110377
110448
110454
110477
110502
110515
110511
110568
110426
110600
110625
110641
110674
110676
110697
110732
110759
110762
110794
110856
110892
110901
110930
110937
110971
110759
110977
111048
111066
111149
111215
111217
111244
111262
111294
111331
111385
111404
111434
111442
111450
111456
111465
111478
111487
111511
111528
111545
111579
111644
111652
111653
111687
102405
111701
111710
111728
62187
111743
111769
111841
111857
111865
111878
111896
111902
111930
111954
111957
111971
111982
111992
111999
112006
109694
112012
112062
112104
112122
112136
112195
112262
112285
112311
112321
112322
112329
112343
112380
112459
112503
112559
112571
112633
112638
112661
112668
112682
112736
112751
112812
112822
112839
112848
112867
112868
112913
112918
112922
112940
112949
113010
113036
113053
113070
113075
112890
113086
113105
113124
113121
113133
113165
113200
113206
113220
113250
113253
113296
113304
113307
113333
113358
113385
113403
113405
113411
113438
113469
113479
113533
113576
113608
113629
113740
113756
113758
113756
113767
113852
113874
113896
113912
113952
113966
113964
113973
114039
64967
114057
114089
114116
114119
114124
114177
114222
114234
114249
114271
114290
114303
114328
114355
114367
114390
114425
114440
114470
114483
114499
114505
114518
114529
114564
114568
114587
114629
114638
114640
114670
114672
114688
114692
114694
114706
114744
114758
114785
114732
114794
114803
114832
114831
114839
114866
114891
114898
114935
115004
115015
115050
115059
115084
115092
115124
115130
115132
115130
115134
115158
115169
115178
115182
115190
115219
115233
115254
115372
115395
115407
115412
115428
115463
115472
115486
115496
115549
115577
115598
115613
115614
115629
115642
115702
115717
115730
115746
115771
115785
115788
115798
115799
115798
115830
115852
115858
115863
115869
115877
115915
115931
115950
115958
115963
115982
115994
116030
116055
116056
116063
116075
116080
116102
116106
116113
116134
116142
116147
116156
116183
116206
116212
116236
116267
116281
116290
116292
116377
116383
116410
116414
116425
116429
116434
116453
116466
116491
116515
116531
116547
116550
116564
116565
116569
116593
116600
116648
116646
116693
116696
116699
116738
116744
116757
116769
116770
116769
116776
116807
116843
116904
116923
116951
116953
116966
116983
116988
117017
117022
117036
117053
117055
117061
117067
117121
117172
117176
117260
117288
117318
117341
117349
117358
117392
117396
117401
117407
117420
117463
117474
117529
117539
117542
117576
117598
117602
117605
117619
117624
117650
117673
117686
117713
117720
117726
117759
117762
117765
117771
117811
117846
117858
117859
117871
117899
117906
117914
117944
117964
117987
118011
118013
118014
118036
93109
118084
118092
118101
13634
118107
118139
118168
118194
118238
118256
118295
118311
118348
118363
118364
118371
118385
118396
118426
118432
118444
118459
118504
118532
118565
118396
118584
118605
118682
118684
118513
118694
118703
118769
118780
118813
118899
118931
118935
118939
118973
118975
118999
119018
119020
119036
119044
119052
119099
119111
119135
119139
118555
119186
119192
119196
119198
119235
116088
119260
119267
119260
119292
119308
119322
119327
119339
119342
119362
119418
119488
119489
119513
119550
119554
119586
119629
119668
119680
119682
119696
119765
119791
11527
119798
119836
119860
119870
119874
119892
119894
119910
119935
120009
120054
120122
120134
120141
120150
120192
120224
120222
120234
120240
120254
120256
120255
120264
120273
120281
42508
120301
120350
120362
120367
120377
120390
120410
120427
120451
120264
120458
119680
120469
120474
120478
120494
120507
120509
120522
120539
120569
120580
120591
120596
120591
120597
120688
120692
120703
120705
120725
120759
120803
120806
120819
120848
120864
120866
120864
120869
120881
120893
120931
120939
120947
120949
120969
121005
121019
121035
121040
121043
121056
121078
121111
121121
121150
121158
121182
121187
121206
121213
121250
121259
121266
121269
121272
121283
121298
121321
121322
121344
121348
121360
121379
121401
121404
121424
121450
121460
121464
103888
121470
121529
121536
121619
121643
121661
121666
121672
121682
121690
121712
121744
121752
121764
121838
121839
121862
121909
75059
121911
121914
121917
121930
121942
121963
121965
121987
122011
122044
122094
122128
122129
122142
122161
122163
122198
122208
122214
122229
122293
122298
122316
122332
122345
122387
122413
122417
122445
122455
122476
122477
122476
122502
29591
122509
122513
122529
122579
122586
122589
122585
122634
122637
122641
122651
122728
122730
122751
122762
122774
122804
122826
122853
122855
122860
122872
122915
122806
122931
123032
122907
123044
123055
123103
123116
123128
123149
123182
123223
123236
123234
123245
123260
123276
123293
123301
123329
123338
123356
123363
123372
123389
123409
123407
123450
123469
123476
123482
123488
123489
123515
123573
123588
123605
123632
123644
123651
123670
123692
123712
76471
123715
123726
123728
123741
123750
123773
123779
123782
123809
123810
123823
123826
123828
123829
123838
123854
123913
123950
123954
123979
123994
123998
124008
124012
124046
124047
124079
124101
124127
124158
124167
124175
124197
124215
124220
124225
124270
124281
124295
124316
124350
124377
124420
124472
124493
124522
124520
124581
124588
124612
124618
124649
103668
124653
124673
103639
124675
124680
124702
124746
124766
124782
124803
124837
124858
124854
124888
124897
124908
124912
124948
124952
124956
124961
124965
124987
124998
125023
125072
125071
125076
125077
125106
125127
125133
125146
125167
125189
92303
92301
125208
125225
125243
125258
125256
125272
5951
125287
125289
125308
125362
125369
125381
125395
125401
125405
125423
125429
125441
125466
125488
125500
125499
125504
125560
125586
125589
125593
125615
125613
125636
125643
125655
125656
125676
125681
125693
125726
125756
125764
125779
125781
125785
125791
125807
125821
125830
125834
125855
125896
125913
125931
125980
125982
126011
126006
126017
126014
126021
126038
126072
126085
126110
126134
126141
126142
126149
126192
126233
126241
126249
126253
126260
126276
126287
126330
126331
126330
126334
126351
126366
126383
126449
126463
126488
126492
126532
126538
126546
126583
126602
126607
126641
126750
126803
102016
126822
126823
126879
126882
126885
126912
126929
126973
127028
127043
127042
127062
127079
127080
127083
127092
127095
127092
127112
127123
127130
127139
127180
127198
127202
127136
127211
127216
127223
127224
127228
127284
127300
127317
127334
127348
127354
127357
127365
127394
127428
127445
127499
127505
127521
127525
63969
127536
127562
127632
127649
127664
127689
127724
127725
127742
127745
127749
127756
127793
127837
127871
127884
127896
127923
127978
127976
127990
128017
128043
128072
128098
128097
128129
128152
128202
128228
128302
128313
126822
128318
128317
128334
128390
128400
128433
128449
128483
128490
128494
128503
128608
128642
128643
128699
128700
128699
128707
128738
128741
9910
128764
128791
128831
128843
128850
128859
128883
128892
128918
128954
128965
128987
129014
129073
129126
129167
129217
129242
129284
129339
129342
129363
129367
129373
129378
129398
129406
129433
129437
129469
129485
129616
129674
129682
129696
129698
129706
129723
129726
129794
129800
129819
129825
129849
129934
129952
129980
129998
130012
130027
130115
130127
130133
130171
130248
130271
130289
130341
130401
130413
130421
130446
130463
130469
130495
130519
130534
130540
130542
130571
130602
130618
130659
130671
130686
130737
130742
130836
130844
130884
130897
130932
130962
130969
130971
130980
131001
131033
131050
131118
131193
131190
131206
131222
131247
9683
131259
131291
131347
131391
131407
131478
131490
131496
131532
131540
131548
131575
131584
131599
131601
131607
131642
131649
131659
131699
12651
131706
131718
131734
131767
131789
131790
131432
131795
131800
131826
131854
131867
131918
131920
131923
131933
131934
131944
131945
131944
131946
131950
131965
131966
131969
131975
131991
132014
132025
132058
132069
132105
132134
132144
132180
132215
132222
132232
132237
132395
132387
132415
132425
132467
132503
132512
132528
132539
132552
132553
132552
132575
132585
132612
132655
132698
132704
132703
132711
132638
132754
132757
132768
132791
132801
132824
132830
132831
132840
132907
132923
132944
132949
132953
132966
133032
133040
133058
133094
133123
133129
133137
133140
133159
133186
109063
133195
133252
133258
133280
133294
133363
133393
133406
133450
133449
133463
133483
133573
133607
133614
133648
133758
133765
133772
133795
133813
133817
133821
133828
133831
133851
133861
133889
133894
133914
133926
133969
133980
133984
133992
134017
134044
134045
134076
134088
134109
134146
134157
134169
134227
134244
134255
134300
134301
134317
134325
134345
134375
134378
134383
134403
134518
102790
134564
134580
134603
134743
134745
134797
134798
134797
134808
134835
134860
134866
134890
134982
135004
135092
135112
135154
135155
135170
135177
135181
135182
135208
135215
135242
135250
135269
135276
135278
135291
135327
135376
135387
135440
135455
135481
135501
135506
135515
135541
135563
135569
135575
135584
135592
135606
135612
135619
135624
135633
135729
135739
135745
135757
135794
135828
135881
135890
135920
135929
136011
136029
136038
84323
136070
136098
136104
136112
88471
136137
136158
136182
136197
136007
136231
136263
136267
136278
136308
136344
136378
136390
136416
136420
136437
136452
136470
136487
136494
136516
136521
136536
136541
136551
136317
136555
136570
136663
136688
136696
136717
136725
136756
136764
136811
136827
136832
136914
137018
137112
137114
137128
137133
137197
137217
137214
137242
137254
137279
137280
137288
137321
137322
137352
137390
137420
137425
137429
137449
137458
137492
137528
137540
137551
137582
137607
137644
137660
137661
137667
137696
137540
137717
137752
137245
137761
137785
137826
137838
137853
137892
137894
119395
137895
137912
138029
138051
138052
138051
138069
138072
138102
138131
138138
138179
138200
138211
138226
138263
138269
138281
138285
138309
138334
138354
138374
138404
138421
138446
138464
138520
138601
138605
138611
138632
138647
138665
138679
138688
138700
138708
138815
138818
138842
138884
138920
138934
138937
138977
139011
139012
139022
139028
139063
139077
139094
139107
139141
139144
139141
139160
139161
139179
139186
139205
139223
139241
139247
139270
139273
139283
139293
139325
139337
139367
139390
139419
139433
139437
139445
139454
139462
139506
139515
139540
139544
139560
139586
139618
139630
139632
139638
139645
139665
139683
139720
139738
139751
139779
139790
139827
139843
139861
139875
139882
139907
139922
139942
139945
139960
139972
139976
139996
140013
140019
140041
140108
140113
140122
140189
140198
140202
140243
140252
140267
140276
140298
140301
140198
140307
140343
140354
140394
140403
140407
140420
140425
140435
140466
140477
140491
140587
140609
140610
140624
140649
140661
140667
140689
140696
140716
140771
140774
140771
140794
140791
140803
140841
140862
140771
140866
140878
140898
140910
140918
140955
141015
141035
141060
141093
141141
141158
141206
141213
141220
141233
141251
141280
141282
141353
141354
141385
141401
141443
141460
141503
141546
141549
141546
141599
141605
141609
141437
141615
141619
141633
141702
141710
141725
141728
141731
141758
141773
141818
141841
141889
141916
141949
141982
142004
142014
142021
142028
142040
142053
142073
142076
142101
142155
142184
142190
142208
142210
142236
142073
142283
142284
142290
142313
142315
142361
142364
142376
142378
142389
142421
142438
142445
142511
142517
142533
142556
142591
142609
142612
142609
142634
142648
142658
142689
142708
142729
142732
142752
142793
142837
142844
142848
142874
142880
142904
142929
142959
142991
143000
143002
143015
143055
143072
143073
143083
143107
143163
143170
143175
143180
143187
143191
143194
143201
143219
143230
143248
91088
143256
143295
143354
143366
143447
143467
143488
143495
143498
122701
143511
143523
143528
143568
143597
143647
143662
143684
143686
143696
143834
143853
143869
143875
143903
143912
143915
143918
143921
143939
143947
143949
143953
143968
144023
144025
144041
144050
144056
144072
144101
144112
144114
144119
144130
144135
144138
102273
144155
144171
144207
144217
144234
144283
144298
144309
144317
144315
144328
144336
144348
144354
144358
144355
144361
144374
144400
144422
144428
144442
144508
144535
144584
144592
144596
144607
144606
144644
144683
144685
144692
144693
144734
123247
144742
144747
144765
144784
144789
144791
144803
144835
144847
144859
144898
144980
144978
144985
144986
144985
145001
145004
145012
145019
145030
145046
145069
145103
145130
145176
145201
145205
145223
145228
145261
145380
145402
145313
145429
145444
145501
145517
145532
145538
145539
145556
145570
145585
145667
145691
145698
145706
145750
145756
145778
145793
145795
145803
145813
145818
145829
145851
145861
145870
145885
145922
145955
145957
145971
145991
145994
146011
146013
146044
146048
146050
146053
146087
146089
146099
146104
146152
146272
146271
146274
146348
146361
146397
146391
146418
146425
146448
146482
146498
146507
146499
146510
146534
146545
146561
146499
146582
146599
146619
146649
146650
146660
146759
146769
146775
146783
65328
146804
146841
146848
146856
146878
146889
146897
146907
146912
146935
74741
146956
146984
146990
147014
147015
147025
147043
147046
118670
147049
147059
147074
147077
147091
147115
147126
147175
147183
147219
147242
147243
147267
147294
121150
147306
147336
147340
147345
147369
147383
147393
147394
147410
147417
147524
147531
147541
147550
147560
147571
147574
147159
147610
147613
147621
147626
147658
147695
147699
147703
147704
147730
147749
147763
147766
147791
147807
147821
147861
147882
147888
147902
147936
147960
147964
147966
147973
147975
147985
148001
148012
148016
148039
148052
148082
148089
148119
148135
148167
148174
148175
148176
148201
148228
148234
148251
148276
148279
148283
148347
148350
148359
148364
148372
148377
148410
148420
148454
148463
148462
148473
148477
148479
148482
148504
148513
148580
148588
148606
148621
148650
148677
148684
148693
148729
148770
148777
148790
148801
148806
148809
23514
23515
148813
148838
148861
148867
148898
148911
148926
148934
148935
148958
149007
149017
149039
149037
149080
149098
149101
149112
149123
149126
149145
149149
149152
149162
127469
149173
149175
149193
149195
149210
149306
149393
149417
149487
149516
149539
149551
149556
149605
149635
149640
149652
149676
149690
149710
149725
149749
149756
149768
149862
149876
149928
149942
149963
149986
149996
150032
150038
147964
150042
150094
150117
150125
150167
150173
150176
150239
150250
150261
150271
150286
150297
150346
150358
150368
150379
150432
150455
150467
150489
150497
150504
150508
150533
150546
150549
150580
150661
150679
150635
150693
150710
150717
150756
150763
150767
150781
150795
150798
150795
150809
150813
150819
150833
150843
150863
150876
150881
150897
150922
150929
150932
150954
150631
150989
150997
65558
151002
151029
151053
151054
151067
151118
151145
151153
151163
151208
151156
151210
151225
151235
151245
151250
151277
151295
151303
151307
151354
151385
151398
151416
151429
151532
151562
151591
151652
151666
151668
151756
151765
151768
151773
151826
151863
151882
151920
151935
151975
151983
152000
152016
139010
152019
152032
152095
152132
152138
152139
152147
152150
152169
152191
152215
152216
152289
152294
152310
152353
152358
152367
152383
152384
152418
152429
152449
152453
152462
152468
152478
152500
152518
152517
152521
152524
152544
152561
152591
152599
152602
152614
152647
152659
152661
152666
152671
152685
152707
152715
152790
152809
152832
152931
152959
152990
153000
153026
153048
153095
153102
153144
153145
153183
153191
153206
153323
153328
153360
153423
153425
153440
153464
153484
29986
153524
153542
153551
153574
153654
153662
153758
153772
153777
153791
153801
153805
153810
153838
153866
153871
153896
153905
153927
153958
154020
154028
154047
154069
154078
154085
154099
154102
154126
154172
154176
154192
154209
154225
154346
154349
154370
154466
154468
154478
154498
154502
154510
154587
154593
154609
154638
154679
154685
154698
154700
154716
154733
154739
154742
154751
154765
154786
154790
154797
154876
154878
154887
154965
154982
155003
155014
155047
155069
155086
155129
155187
155205
155216
155214
155232
155255
155261
155299
155304
155328
155338
155348
155378
155382
155384
155405
155450
155459
155464
155467
155484
155488
155507
155509
155512
155590
155612
155650
155654
155663
155675
155700
155709
155716
155732
155738
155766
8267
155773
155785
155811
155817
155822
155865
155897
155898
155907
155933
155955
155971
155982
156012
156023
156032
156033
156073
156091
156096
156122
156129
156156
156160
156165
156208
156211
156214
156237
156251
156276
156299
156317
156352
156360
156362
156360
156431
156441
156445
156480
156523
156546
156606
156629
156654
156674
156685
156694
156702
156710
156720
156736
156761
156767
156803
156805
156821
156872
156877
156904
156923
156950
156972
156981
156984
157010
157014
157020
157038
157066
157074
157145
157164
157188
157214
157229
157247
157248
157258
157322
157327
156852
157333
157349
157363
157364
157422
157429
157435
157452
157456
157480
157479
157490
157504
157523
157524
157525
157524
157533
157568
157598
157600
157604
157618
157628
157633
157653
157658
157682
157693
157708
157749
157810
157811
157852
157868
157881
157889
157906
157968
157982
158027
158028
158031
158064
158078
158098
158119
158126
158137
158152
158195
158212
102028
158237
158241
158248
158255
158274
158284
158308
158313
158382
158398
158406
89917
158411
158453
158467
158486
158492
158515
158522
158525
158536
158540
158548
158559
134466
158582
158581
158665
158668
158704
158716
158719
158782
158785
158792
158804
158807
158867
158876
158894
158900
158938
158977
159017
159025
159066
159082
159114
159143
159172
159180
159184
159198
159224
159240
159255
159268
159311
159320
159328
159333
159337
159368
159372
159392
159416
159424
159479
159510
159515
159528
159548
159549
159647
159653
159674
159675
159731
159733
159756
159666
159779
159787
159798
159808
159819
159825
159849
159881
159917
159934
159960
159970
160010
160072
160083
160086
160096
160103
160104
160111
160126
160137
160148
160194
160200
160227
160280
160289
160293
160306
160307
160306
160345
160368
160379
160396
160456
160482
160511
160525
160529
160562
160560
160567
160579
160582
160605
160632
160678
160700
160742
160752
160773
160808
160845
160877
160903
160911
160922
160808
160926
160930
160953
160958
160988
160995
161015
161021
161038
161067
161100
161124
161126
161148
161172
161035
161202
161207
161210
161221
161270
161273
161279
161290
161300
161327
161344
161379
161394
161210
161436
161447
161458
161462
161492
161517
161548
161588
161606
161638
161643
161702
161738
161740
161785
161790
161807
161813
161834
161841
161848
161851
161853
161873
161932
161956
161958
161971
161970
161977
3539
161979
161991
162043
162080
162141
162156
162166
162178
162180
162197
162210
162233
162248
162259
162281
162293
162326
162406
162413
162421
162435
162453
162491
162493
162512
162515
162519
162557
162561
162573
162620
162625
162643
162646
162651
162684
162717
162723
162746
162754
162756
162768
162794
162814
162855
162858
162920
162925
162963
162965
162997
163011
163034
163053
163061
163069
163071
163087
163099
163110
163150
163179
163206
163213
163220
163270
163269
163333
163365
163368
163265
163378
163383
163387
163420
163422
163452
163456
163458
163469
163507
163508
163516
163585
163614
163620
163624
163653
163677
163720
163727
163743
163746
163764
163773
163781
163784
163796
163814
163843
163847
163846
163848
163854
163859
163869
163871
163877
163892
163898
163911
163920
163997
164009
164085
164091
164115
164119
29001
164130
164139
164151
164185
164186
164185
164203
164204
164225
164232
164254
164263
164288
164299
164323
164394
164404
164415
164421
164447
164455
164470
164487
164502
164512
164527
164564
164614
164632
164636
164645
164648
164663
164679
164695
164724
164736
164781
164788
164804
164843
164855
164853
164927
164945
164948
164955
164989
164993
165001
165006
165033
165034
165049
165052
165119
165129
165132
165145
165157
165159
165171
147766
165194
165203
165215
165220
165248
165276
165344
165355
95754
165365
165376
165421
165465
165502
165493
165507
165530
165538
165576
165587
165590
165643
165640
165662
165672
165726
165737
165746
165757
65470
165778
165794
165809
165818
165824
165823
165836
165839
165837
165886
165919
165933
165943
165986
166004
166018
166098
166111
166133
166132
166158
166189
166197
166258
166281
166285
166298
166334
166354
166360
166370
166374
166377
166374
166379
166381
166384
166415
166251
166441
166460
166500
166508
166519
166531
166572
166577
166582
166615
166618
166627
166651
166654
166672
166690
166697
166713
166716
166739
166742
166745
166747
166750
166784
166822
166885
166898
166892
166927
166937
166951
166963
166965
166988
166997
167002
167003
167055
167166
167172
167191
167200
167211
167247
167251
167253
167298
167302
167308
167340
167353
167376
167384
167388
167392
167396
167400
167404
167408
167436
167492
167495
167501
167506
167552
167565
167617
167620
167622
167644
167667
167704
167718
167719
167718
167774
167776
167807
167809
167818
167854
167868
167875
167885
167888
167895
167905
167911
167912
167926
167928
167952
167959
167966
167981
168000
168029
168041
168068
168071
168093
168099
168113
168125
168137
168146
168148
168150
168164
168183
168188
168194
168209
168082
168236
168261
168270
168302
168356
168361
168376
168387
168389
168391
168412
168416
168434
168439
168461
168471
168495
168492
168507
168519
168531
168548
168546
168574
168602
168603
168618
168639
168707
168717
168725
168730
168764
168775
168777
168791
168819
168832
168841
168912
168923
168929
168948
168953
168969
168979
168981
168987
168995
169008
169039
169054
169073
169091
169105
169119
169120
169134
169152
169158
169175
169205
169215
169249
169252
169340
169391
169395
169408
169417
169426
169429
169441
169445
169458
169500
169508
169537
169556
169577
169581
169592
169599
169601
169599
169625
169662
169679
169690
169695
169724
169729
169745
169748
169749
169758
169788
169844
169859
169854
169864
169865
169864
169871
169916
169919
169934
169938
169943
169941
169974
169984
170001
170016
170041
170053
170058
170078
170085
170099
170100
170106
170124
170168
170178
170191
170203
170217
170228
170288
170337
170355
170356
170366
170480
170495
170522
170540
170555
170597
170603
170608
170469
170623
170624
170623
170628
170681
170684
170686
170712
170723
170744
170843
170844
170854
170883
170908
170964
170993
170999
171011
171024
171047
171089
171107
171109
171119
171125
171131
171146
171152
171154
171174
171183
171193
171218
171242
171244
171245
171277
171287
171294
171374
171377
171380
171381
171414
171483
171509
171600
171616
171629
171627
171632
171650
171667
171694
171742
171763
171764
171782
171809
171810
171818
171850
171866
171880
171894
171899
171910
171919
171932
171935
171927
171952
171987
171996
172003
172026
172048
172046
172064
172069
172114
172154
172163
172174
172229
172245
172248
172262
172279
172292
172334
172337
172406
172414
172424
172441
172454
172458
172475
172481
172486
172523
172559
172603
172612
172632
172643
172674
172689
172705
172724
172731
172820
172862
172889
172896
172963
172975
172991
173004
173005
173027
173054
173080
173081
173113
173117
173134
173157
173160
173169
173179
173195
173211
173229
173239
173247
173255
173278
173282
173308
173323
173338
173349
173363
173368
173404
173433
173437
173436
173449
173494
173508
173521
173545
173557
173561
173593
173602
173608
173610
173627
173678
173681
173704
173714
173741
173767
173776
173779
173791
173823
173847
173857
173892
173889
173965
173970
173975
174015
174035
174056
174076
174104
174143
174155
174154
174165
174178
174216
174227
174244
174250
174267
174270
174304
174327
174333
174343
174373
174429
85069
174433
174482
174483
174510
174524
174555
174556
174561
174602
14109
174622
27837
174642
174644
174647
174659
174674
174680
174678
174689
174725
174735
174741
173404
174761
174773
174791
174829
174828
174845
174887
174888
174896
174923
174937
174972
175010
175020
175026
175028
175026
175115
175128
175144
175158
175176
175207
175231
175259
175283
175288
175347
175366
175451
175457
175485
175490
175498
175521
175634
175638
175675
175763
175775
175776
175780
175782
175768
175815
175793
175830
175845
175860
175875
175894
175896
175899
175918
175927
176009
176017
176018
176017
176063
176070
176091
176151
176164
176178
176229
176249
176254
176335
176357
176378
176414
173616
176471
176509
176530
176571
176577
176587
176619
176634
176647
176654
176690
176697
176700
176717
176721
176723
176731
176735
176741
176750
176765
176784
176818
176819
176828
176831
176843
176890
176897
176913
176918
176924
176977
176980
176987
177029
177036
177097
177098
177121
177120
177129
177131
177129
177133
177142
177171
177192
177199
177231
177244
177264
177269
177291
177305
177310
177327
177347
177376
177375
177392
177393
177394
177393
177400
177404
177435
177453
177465
177474
177496
177524
177553
177564
177571
177600
177606
177615
177624
177648
177728
177744
177768
177778
177797
177806
177815
177812
177818
177827
177847
177857
177872
177876
177882
177915
177924
177960
177961
177987
178014
178037
177970
178043
178064
178077
178086
178090
178095
178103
178120
178144
178153
178191
178200
178221
178223
178239
178267
178275
178272
178308
178319
178321
178147
178324
178336
178341
178345
178368
178394
178474
178479
178492
178495
178510
178525
98969
178595
178600
178622
178623
178656
178665
178699
178702
178749
178778
178782
178789
178820
178822
178847
178873
178896
178899
178915
178924
178931
178961
178995
179041
179060
179067
179075
179105
179128
179130
179147
179148
179189
179191
179221
179245
179291
179325
179379
179041
179395
179400
179518
179519
179528
179542
179581
179586
179600
179608
179615
179622
179630
179667
173239
179694
179706
179747
179750
179764
179770
179424
179773
179784
179804
179815
179817
179826
179848
179857
179878
179918
179930
179973
179980
180003
180025
180097
180102
180134
180136
180254
180116
180252
180288
180295
180309
180314
180335
180341
180252
180353
180354
180362
180392
180413
180424
180463
180470
180518
180531
180541
180543
180544
180604
180606
180616
180633
180676
180703
180713
180734
180771
173060
180794
180822
180828
180910
180922
180933
180972
180980
180989
181019
181059
181082
181097
181109
181114
181117
181125
181137
181145
181196
181205
181303
181371
181379
181387
181410
181417
181438
181440
181454
181494
181500
181502
181512
181549
181553
181561
181570
181577
181603
181673
181716
181740
181758
181776
181821
181831
181839
181858
181873
181888
181934
181943
181962
181987
181990
182006
182020
182022
182071
182076
181961
182125
182144
182180
182184
182192
182263
182267
182280
182285
182345
2574
182349
182354
182357
182364
182394
182424
182442
182462
182473
182495
182499
182526
182539
182543
182567
182572
182584
182590
182598
182606
182613
182633
182634
182667
182550
182707
182726
182744
182754
182762
182810
182843
182878
182895
182946
182953
182961
183017
183044
183086
183114
183130
183180
183204
183222
183225
183250
183272
183305
183310
183331
183360
183363
183395
183396
183413
183426
183480
183505
183514
183518
183540
183556
183578
183610
183612
183625
183635
183643
183641
183675
183685
183691
183709
183720
183784
183816
183831
183842
183909
183919
183928
183948
108928
183951
184010
184019
184108
184154
184214
184216
184275
184360
184404
184433
184437
184465
184468
184478
184530
184541
184545
184562
184566
184577
184515
184614
184625
184643
184646
184648
184684
184618
184704
184712
184725
184755
184767
184786
184806
184810
184816
184844
184858
184862
184893
184910
184919
184967
184971
185002
185036
25252
185044
185046
185056
185077
185097
185107
185212
185227
185311
185324
185361
185370
185385
185386
185385
185411
185443
185465
185505
185522
185557
185574
185577
185592
185641
185676
185688
185698
185705
185722
185732
185730
185743
185747
185845
185903
185917
185943
185948
185952
185968
185997
186008
186048
186088
186128
186209
186272
186278
186309
186375
186385
186397
186429
186439
186465
186470
186476
185985
186521
186523
186539
186540
186542
186540
186557
186567
186571
186588
186602
186637
186639
186651
186655
1087
186665
186666
186671
186672
186701
186738
186753
186762
186796
186845
186871
186886
186913
186925
186929
186943
186984
186996
187028
187033
185952
187045
187081
187112
7157
187124
187148
187166
98586
187172
187190
187202
187204
187232
187263
187268
187288
187300
187318
187321
187340
17424
187339
187357
187364
187378
187375
187380
187410
187414
187419
187430
187429
187443
187461
187506
187516
187525
187526
187525
187532
187536
187539
187551
187556
187560
187600
187643
187669
18150
187687
187698
187709
187732
187772
187775
187793
187806
187813
187516
187820
187835
187856
187868
187896
187904
187912
187796
187962
187991
188000
188010
188014
188039
188040
188054
188073
188127
188141
188157
188170
188242
188280
188298
188315
188327
188339
188341
188347
188350
188353
188391
188399
188458
188477
188494
188508
188512
188521
188539
188546
188545
188551
188559
188578
188587
188590
188654
188659
188673
188676
188686
188721
188789
188818
188821
188833
188851
188888
20702
188905
188928
188945
24688
188954
188973
188994
189020
189048
189089
189116
189120
189127
189139
189141
188805
189153
32319
189173
189186
189194
189209
189268
189292
189294
189299
189314
189323
189324
189327
189340
189391
189394
189406
189404
189423
189424
189451
189505
189508
189539
189543
189547
189584
189601
189612
189625
189638
189680
189686
189689
189691
189734
189749
189750
189756
189765
189771
189775
189842
189865
189916
189924
189933
189972
190019
190031
190087
190105
190109
190157
190163
190218
190221
190246
190252
190255
190275
190348
190360
190434
190464
190485
190255
190518
190554
190555
190561
190562
190561
190571
190669
190703
190705
190710
190736
190814
190821
190831
190855
190863
190869
190873
190874
190873
190882
190923
190977
190981
191013
191032
156480
191047
191048
191047
191092
191115
191138
191154
191169
191176
191189
191197
191217
191226
191282
191313
191364
191374
191453
191476
191550
191571
191586
191593
191612
191620
191626
191633
191666
191424
191743
191758
191760
191823
191836
191900
191942
191959
191963
191986
191991
192006
192054
192070
192072
192080
192098
192110
192171
192176
192184
192198
192222
192226
192222
192303
192323
192327
192340
192345
192360
192376
192378
192389
192394
192397
192401
192421
192496
192516
192553
192561
192566
192586
192587
192613
192615
192616
192615
192633
192652
192674
192678
192691
192696
192721
192724
192773
192787
192845
192854
192893
192931
192937
192966
192830
192970
192973
192980
192992
193041
193044
193079
193125
193150
193152
193209
193227
193229
193246
193305
193331
193337
193333
193359
193365
193377
193382
193390
193392
191111
193424
193433
193458
193501
193515
193528
193536
81476
193540
193580
193605
193611
193616
193624
193671
193677
193696
193550
193708
193772
193778
193791
193811
193831
193832
193847
193855
177192
193876
193880
193896
193904
193928
193943
193968
193971
194015
194028
194051
194057
194078
194076
194114
194130
194164
194233
194246
194249
194262
103114
194325
194342
194345
194362
194387
194388
194399
194397
194401
194402
194406
70976
194429
194433
194443
194448
194152
194450
194504
194513
194541
194598
86184
194622
194627
194672
194686
194690
194707
194724
194771
194780
194794
194806
194816
194817
194823
194827
194672
194850
194855
194892
194905
194911
194930
194939
194945
194955
195000
195020
195023
195028
195050
195062
195087
195131
195142
195164
195171
195215
195218
195244
195248
195249
195269
195335
195369
195374
195415
195429
195504
195527
195537
195564
195585
195589
195663
195673
195694
195720
195726
195738
195769
195779
195788
195812
195815
195818
195827
195830
195864
195879
195893
195911
195927
195983
196004
196013
196012
196039
196099
196112
196115
196127
196163
196178
196179
196260
196302
196314
196334
196338
196360
196368
196372
196390
196427
196446
196482
196524
196531
196538
196569
196571
196572
196601
196610
196620
196628
196680
196707
196721
196734
196742
196743
196751
196757
196767
196804
196811
196833
196842
196919
196924
196941
196956
196973
196980
196989
197003
197032
197039
197041
197057
197068
197084
197103
197136
197149
197152
197177
197183
197187
197198
197218
197296
197312
197329
197332
197348
197364
197387
197391
197407
197409
197421
197437
197496
197501
197504
197533
197584
197600
197649
197652
197671
197687
197693
197697
197708
197712
197742
197755
197779
197784
197804
197864
197866
197869
197880
197576
197929
197947
197968
197995
198003
198008
198021
198023
198054
198094
198103
198127
198135
198136
198147
198184
198206
198212
198236
198291
198322
198332
198016
198362
198369
25318
198377
198389
198398
198406
198411
198416
198425
198485
198508
198215
198513
198519
198539
198554
198560
198584
198595
198617
198337
198670
198692
198695
198719
198733
198739
198738
198843
198851
198866
198868
198875
198896
198898
198911
198920
198959
198993
198996
199011
199012
199011
199026
199046
148482
199050
199063
199067
199074
199083
199101
199105
199114
199125
199195
199208
199226
199246
199256
199269
199281
199290
199303
199310
199317
199336
199358
199389
199073
199395
199471
199496
199516
199535
199539
199582
199612
199637
199642
199726
199727
199790
199789
199819
199821
199845
199850
199890
199899
199978
200003
200005
200013
200059
200094
200103
200111
200165
200180
200211
200213
200219
200234
200237
200242
200246
200247
200257
200270
200287
200359
200361
200366
200414
200428
200433
200456
200489
200502
200516
200536
200549
200555
200577
200623
200671
200678
200721
200732
200760
200769
200775
200790
200809
200822
200862
200905
200906
200907
200922
200359
200935
200942
200955
200970
200972
200975
200998
201026
201035
201057
201063
201167
201192
201202
201207
201249
201261
201269
201264
201321
200878
201333
201381
201393
201420
201490
201506
201527
201543
201560
201584
201615
201653
201661
201664
201698
201716
201722
201716
201745
201746
201752
201753
201761
201780
201814
201830
201869
201965
201976
201983
202018
202041
202091
202110
202128
202146
202179
202203
202206
202257
202274
202272
202289
202341
202371
202388
202393
202395
202402
202419
202420
202437
202496
202506
202522
202541
202550
202558
202586
202591
202637
202642
202646
202681
202694
202736
202064
202753
202767
202791
202796
202828
202856
202865
202879
202902
202923
202938
202941
202943
202944
202948
202959
202967
202970
202977
203001
203033
203060
203068
203074
203125
203134
203159
203162
203195
203213
203217
203224
203225
203271
202979
203283
203295
203304
203305
203326
203338
203344
203370
203380
203394
203400
203407
203414
203426
203433
203468
203513
203540
203539
203542
203562
203576
203577
203584
203612
203628
203637
203729
203738
203770
203774
203781
203795
203793
203811
203829
203864
203889
203951
203962
203964
203978
204021
204024
204106
204107
204121
204128
204132
204148
204164
204184
204192
204194
204192
204199
204203
204208
204225
204233
204225
203889
204249
204263
204287
204314
204322
61385
204328
204333
204335
204347
204354
204363
177559
204364
204372
204378
204382
204387
204401
204414
204417
204429
204456
204482
204508
204518
204552
204564
204568
204580
204612
204642
204655
204674
204680
204687
204164
204693
204705
204718
204729
204737
204752
204753
204762
204765
204767
204800
204828
204873
204921
204924
204927
204939
204946
204985
204995
205013
74238
205047
205051
205061
205117
205133
205151
205163
205171
205187
205217
205235
205262
205266
205306
205308
205347
205353
205362
205392
205405
205419
205433
205434
205457
205466
205489
205496
205497
205538
205546
205586
205620
205646
205658
205686
205701
205740
205809
205832
205834
205837
205881
205913
205937
205938
205976
205977
205982
205994
205996
205997
206004
206019
206035
206039
206048
206065
206068
206092
206132
206141
206160
205878
206194
206197
206198
206197
206241
206255
206261
206278
206291
206296
206327
206336
206361
206367
206384
206393
206395
206430
206441
206480
206479
206505
206558
206573
206576
206593
206609
206649
206650
206698
206724
206736
206748
206779
206801
206810
206833
206862
206879
206895
206914
206930
206942
206949
206967
206975
206988
206999
207003
146552
207009
207019
207064
207087
207098
207111
207126
207143
207179
207190
207192
207194
207224
207225
207236
207242
207296
207317
207324
207327
207334
207351
207355
207383
207397
207408
207416
207434
207461
207484
207523
207530
207566
207588
207621
207632
207637
207707
207735
207736
207765
207795
207821
207843
207847
207860
207884
207903
207950
207948
207954
207960
208016
208030
208035
208058
208060
208061
208078
208099
208114
208133
208156
208158
208190
208193
208215
208221
208258
208263
208292
208313
208349
208359
208374
208398
208411
208424
208441
208469
208493
208508
208545
208562
208575
208599
208624
208637
208662
208671
208690
208686
208698
208292
208717
208726
208741
208765
208788
208799
208800
208840
208853
208859
208872
208882
208886
208924
209002
209014
209031
209042
209044
209058
209067
209078
209114
209134
209141
209147
209167
209184
209181
209196
209234
209249
208859
209251
209260
209263
209260
209270
209282
209286
209348
209352
209362
209370
208641
209377
209407
209428
209430
209450
209485
209523
209579
209587
209617
209622
209626
209705
209725
209729
209754
209777
209799
209847
209913
209935
209937
209943
209948
210019
210031
210071
210087
210088
210087
210091
210104
210106
210144
204329
210155
210228
210233
210249
210278
210286
210288
210366
210388
210418
210214
210448
210466
210485
210487
210512
210530
210539
210556
210609
210628
210636
210652
210819
210827
210871
210879
210916
210933
210941
209943
210943
211115
211184
211238
211265
211278
211304
211317
211386
211390
211510
211635
211681
211729
211734
211757
211794
211804
211806
211817
211885
211895
211916
211961
211966
211967
211986
212005
212011
212067
212070
212089
67266
212187
212257
212312
212329
212357
212369
212408
212416
212466
212481
212484
212583
212596
212649
212227
212684
212706
212779
212794
212803
212835
212936
14064
212941
212955
212969
212971
212980
212982
212984
212982
213002
213038
213043
213217
213238
213266
213308
213328
213334
213348
213371
213375
213380
213398
213397
213420
206935
213473
213480
213495
213525
213539
213655
213702
213811
213866
213886
213905
213923
213926
206336
213928
213951
214032
214050
214087
214090
214097
214259
214268
214386
208058
214409
214419
214490
214541
214580
214612
214634
214664
214663
214745
214749
214922
214934
215011
215152
215159
215187
215197
215208
215235
215286
215288
215388
215437
215451
128512
215476
215533
215569
215575
215610
215623
215660
215673
215675
215676
215815
215840
215869
215956
215962
215980
216044
216074
216117
216139
216310
216342
216363
216371
216398
216432
216473
216565
216586
216685
216689
216710
216749
216796
216803
216805
216824
216830
216832
216866
216865
216870
216897
216920
216928
216932
216950
217039
217052
217060
217089
217108
217113
217185
217221
217301
217337
217378
217461
217466
217488
217496
217498
217499
217525
217539
217554
217575
217606
217628
217639
217666
217684
217709
217750
217756
217759
217800
217847
217854
217882
217946
217952
217982
217995
218002
218030
218112
218100
218135
218154
218172
218185
218198
218223
218229
200428
218239
218268
218326
218372
218450
218462
218465
218529
218561
218611
218705
218728
218756
218785
218801
218813
218817
218830
218518
218965
218972
218987
219022
219050
219123
219153
219254
219301
219351
219387
219417
219450
219456
219482
219492
219510
219514
219607
219693
219710
219721
219769
219798
219802
219853
219955
219986
220001
220011
220026
220125
219710
220234
220276
220292
220391
220500
220549
220577
220592
220710
220746
197075
220810
220874
220866
220925
220973
220979
220996
221001
221012
221028
221120
221171
221232
221271
221289
221306
221310
221345
221365
196253
221430
221455
221473
221497
221545
221576
221603
221605
221622
221624
196146
221641
221660
221724
221765
221770
221786
221795
221804
221814
26412
221234
221232
221831
221823
221870
221908
221946
222010
222014
222019
222051
222065
222067
222082
222113
222119
222174
222206
222220
222232
222247
98148
222307
222313
222345
222389
222400
222451
222592
186760
222607
222608
222607
222610
222675
222726
222753
222759
106294
222781
222799
222816
222845
222952
222958
222965
222985
223011
223026
223032
223049
223064
223072
223083
223088
223104
223120
223125
223137
223179
223256
223312
223333
223334
223366
223419
223456
223492
149821
223499
223505
167935
223544
223576
223587
223594
223615
223626
203028
202799
223639
223676
223688
223703
223701
223792
223851
223855
223864
223898
223928
223946
223988
223997
202727
224078
224119
224131
224144
224174
224180
224184
224220
224224
224301
224330
224345
224350
224408
224411
224431
224486
224476
224487
40367
224506
224509
224576
224588
224605
224607
224610
224626
224633
217924
224642
224718
224750
224847
224889
224924
224949
224975
225089
225106
225168
225187
225195
225250
225364
225369
225398
225409
225412
225423
225523
225544
225632
225691
225701
225706
225723
225729
225770
205793
225787
225788
225801
225858
225905
225674
225974
226115
200300
226160
226203
226248
226250
226274
226316
226362
226379
226481
226485
226556
226580
226584
226733
226760
226765
226767
226793
226797
226835
226494
226843
226852
226880
226926
227024
227042
227060
227097
227143
227168
227183
227190
227139
227213
227278
227306
227352
199169
227358
227365
227397
227520
227562
227616
227672
227699
227720
227722
227725
227757
227762
227776
227808
227827
227860
227884
227888
227958
227960
227973
228002
228023
228025
228045
228113
228118
228122
228152
228154
228176
228175
228318
228346
228427
228441
228454
228477
228513
228541
228592
228594
228601
228612
228625
228639
228667
228686
228764
228819
228821
228865
192421
228899
228913
228936
228966
228977
32414
229015
229154
229177
229178
229207
20723
229281
229324
229339
229357
229366
229380
229446
229481
229494
229512
229541
229615
229679
229733
229802
229885
229908
229937
229962
229963
229986
188096
229997
230013
230035
230038
230092
230183
230181
230230
230235
230275
230334
230435
230454
230465
230499
230518
29803
230544
230578
230580
230598
230627
230638
230677
230686
230753
230845
230850
230932
230942
230940
230962
230977
230986
230993
231054
231222
231331
231334
98600
231346
231422
231444
231462
231483
231504
231550
231552
231566
231603
231626
231681
231784
231837
231855
231998
232010
232027
232031
232036
232044
232076
232094
232126
232160
232159
232190
232209
232232
232233
232302
232326
232358
232435
232462
232480
232481
232484
232493
232514
232525
232539
232557
232573
232654
232671
232690
232692
232718
232721
232742
232810
232927
232941
232955
233088
233095
233109
233118
233130
233132
233149
233155
233183
233182
233196
233218
233224
233280
233317
233331
233340
233369
233446
233450
233469
233470
233530
233637
233708
233756
233782
233784
233821
233883
233946
234013
234050
234068
234121
234165
234191
234255
234276
234299
234384
234393
234420
234439
234533
234615
234623
234635
234645
234706
234755
234759
234763
234787
234842
234882
234922
234936
193209
234945
234972
234997
234999
234994
235026
235070
235080
235245
235253
235254
235266
235309
235318
235348
235351
235372
235380
235383
235397
235460
235519
235685
235734
235766
235822
235875
235896
235917
235920
235930
235944
235947
235983
236035
236042
236050
236102
179375
236116
236135
179391
236212
236218
236225
170986
236232
236300
236318
236349
236428
236455
236582
236599
236616
236634
236645
236654
236678
236681
236712
236759
236802
236830
236878
236883
236894
236919
236982
236988
236994
237047
237054
237071
237089
237092
237182
237184
237259
237272
237276
237281
237305
237319
237326
237419
237447
236803
237484
237492
237517
237521
237575
237571
237579
237592
237605
237608
237615
237704
237736
237762
177756
237904
237934
237988
238054
238070
238132
238136
238246
238301
238307
238342
238352
238355
238356
238427
238467
238486
238487
238492
238530
238544
238569
238586
238599
238603
238689
238808
238844
238867
238902
238978
239042
191697
239083
239098
239104
239149
239160
239191
239204
239219
239222
152877
239221
239241
239296
239299
239325
153871
239347
239391
239438
239479
239510
239565
76375
239593
239721
239761
239775
239783
239775
239804
239818
239817
239882
76833
239886
239941
239966
240001
240024
240046
240099
240106
240167
240181
240206
240241
240276
240293
240291
240294
240321
240326
240351
240378
240454
240534
240548
240555
240586
240615
240628
240632
240675
240776
240799
240839
240845
240865
240880
240894
240902
240916
240971
240916
241046
241085
241138
241201
241268
241273
241317
241340
241362
241420
241449
241459
241521
241546
241597
241607
241630
241676
241776
241954
241973
241993
241996
242016
242065
242068
242084
242092
172809
172731
242184
148285
242207
242209
242216
15576
242269
242317
242347
35826
242397
242419
242485
242488
242207
242533
242536
242555
242581
242602
242627
242629
242648
242651
242697
242769
242783
242820
242847
242868
242871
242970
243007
243018
243037
243161
243179
243204
243245
242447
243253
171209
243320
243366
142585
243372
243506
243555
243572
243599
243610
243635
243644
243506
243680
243707
243741
170327
243764
243851
243869
243878
243884
243747
243890
243970
244085
244088
244108
244112
244147
244178
244187
244213
244223
244125
244226
244227
244247
142210
244312
244324
244411
168956
244433
189972
244436
244452
244360
244550
99629
244573
244589
244596
244617
244631
244692
244817
244832
244840
244853
244862
244886
244891
244894
244911
244950
244977
245003
244937
245102
245114
245128
245141
245150
245213
168156
245219
245239
245318
245327
245350
245357
245358
245396
245406
245462
245525
245743
245757
245786
245792
245820
245857
245861
246015
246050
246152
246171
246182
246201
246344
188777
246368
246474
246368
246487
246504
246510
246513
246545
246548
246549
246565
246605
246615
246665
246702
246753
246820
246856
246875
246749
246887
246973
246984
246969
247004
247010
247049
247094
247098
247262
247383
247403
247458
247532
247551
247580
247591
247608
5152
247666
247675
247694
247701
247790
247792
247793
247801
187968
247814
247829
247883
247889
247922
247929
247934
247936
248045
248086
248164
248247
248270
248136
248311
157594
248314
248375
248411
248446
248574
248586
248609
248666
248687
248720
248721
248724
248645
248759
248799
248945
248956
248961
248980
249050
249066
248837
249081
249094
249118
249111
249236
249245
249280
249284
249288
249391
249435
249440
249445
249449
249459
249467
249462
249449
249482
249505
249512
162281
162590
249529
249535
249540
249546
249593
249719
249752
249492
249775
249803
249831
249683
249837
249843
249845
249843
249850
249875
249880
249894
249899
249923
249942
249957
249968
249992
250040
250067
250125
250216
250222
250304
250380
250398
250472
250524
250526
250539
250549
250289
250627
250335
250726
250775
250783
250806
250809
250813
250817
250821
250837
251044
251056
251109
251113
251130
251140
251145
251148
251173
251295
251301
251389
251396
251451
251467
251477
251492
251583
233776
251615
251477
251631
251682
251706
251713
251732
251758
251783
251864
251872
251879
251891
251903
251907
251940
251965
251977
251980
251977
252013
252028
252039
252094
252100
252161
252264
252282
252305
252362
252374
252379
252396
252414
252411
252448
252458
252468
252520
158827
252555
92295
252560
252649
252720
252729
252769
252776
252918
252919
252932
252947
252980
252998
253001
253025
253049
253059
253088
253094
253146
253175
253196
253221
253258
253297
253303
157422
253323
253383
253481
157312
253485
253592
253601
253656
253661
253667
253682
253785
253842
156889
157173
253872
253913
254033
254106
254116
254136
254172
254205
254223
254225
254251
254295
254304
254328
254337
254354
254370
254390
254408
254437
254539
254549
254574
254599
254603
254677
254752
254811
254854
254869
254897
254929
17489
230594
187160
254945
254986
255004
255094
255106
255108
254854
255203
255294
255319
255343
255344
255343
255385
255437
255467
255482
255523
255545
255606
255614
255660
255703
255734
255556
255819
255866
255903
255907
255930
255944
255953
256047
256060
256096
256106
256119
256169
256172
256188
181805
256223
256237
256256
256309
153211
153212
256374
256123
256524
256535
256047
256533
256559
153171
153442
256584
256589
256671
256692
248967
256695
256722
256773
256814
256828
256881
256919
256926
256933
256943
256950
257034
257050
256819
257147
257149
257177
257175
257315
257339
257342
257395
257410
257420
257429
257450
257480
257546
257640
257649
257704
257727
257737
257766
257784
257857
257880
257887
150165
257905
257991
258045
258061
257670
258069
258061
258224
258256
258258
258277
258329
258379
258467
258465
258478
258490
258526
258557
258728
258731
258771
258794
258830
258832
258835
258869
258785
258882
180225
258895
176554
258913
258922
258983
259002
259054
259078
102876
259084
259098
259139
259166
259037
259172
259183
259197
259212
259228
259258
259276
259335
259351
259348
259357
259360
176335
259373
259403
259422
259431
259469
259502
259568
259502
259598
252932
259610
259626
259650
259685
259691
259712
259713
259748
259758
259789
259810
259806
259821
259829
259840
259847
259931
259986
259992
260035
260061
260064
260121
260154
260267
260282
260286
260307
260382
260403
260447
260450
260470
260496
260518
260557
260570
260691
260785
153880
260803
260898
260903
260924
260984
260995
118435
261028
261100
261135
261140
261306
261339
261380
261425
261426
261451
261530
261536
261540
261557
174378
261580
261624
261811
261870
261916
261949
261995
262004
262055
262097
262103
262127
262140
262196
262219
262232
140131
262301
262383
262407
262431
164804
262456
262547
262619
262647
262681
262736
262766
262819
125939
262951
262956
263020
263112
263126
263128
263212
263219
263226
263231
263276
263313
263318
263349
263402
263418
126488
263425
263466
263507
263565
263589
263637
263641
103094
263674
263679
263691
263698
263711
263736
263794
263799
263826
263847
263876
263891
263940
263945
263943
264036
264108
264178
264189
264197
177806
264272
264315
264317
264272
264333
264338
264342
264550
264570
264597
264607
264633
264670
264690
264830
264835
264841
264874
264883
264913
264920
264924
264942
264911
264947
264971
264991
87428
87427
265071
265099
265259
265307
265326
265330
265339
265375
265396
265464
265514
265554
265573
265622
265656
265720
265870
265885
265897
265937
265961
266093
266143
266157
266230
266252
266262
266266
266275
266298
266333
266347
266372
266460
266513
266574
266600
266613
266629
73533
266681
266798
102458
266867
266879
266894
266955
266994
267056
267086
267088
267123
267126
267179
267188
267232
267236
267287
267315
267344
267404
267407
267409
267441
267476
267516
267611
267675
267746
267748
267762
267811
267823
267828
267854
267885
267887
267897
267908
267915
267948
268027
268029
268091
268095
268132
268176
268260
171108
171109
4199
268283
268288
268348
268409
268444
268490
268497
268589
268620
268631
268626
268710
268727
268749
268768
268793
268829
268841
268855
268862
268913
268918
268938
268939
269034
269055
269077
269091
269098
269131
269179
269197
269227
269256
269383
269460
269463
269494
269496
269584
269593
269594
269613
269633
269651
269729
269828
269865
269879
269948
269971
270105
270140
270167
270245
270256
169219
270271
269997
270278
175176
270315
270367
270453
270493
270499
136411
270518
270577
270612
270616
270696
270718
270737
270754
270776
270794
270922
270963
270999
271027
271085
271083
271145
271184
271203
271288
271366
271378
271468
271491
271493
271512
271542
271577
271601
271615
271625
271660
271709
271726
168988
270612
271740
271806
168710
271844
271882
271895
272045
272073
272101
272122
134354
272156
272255
272293
272332
272331
272345
272347
272382
272429
272438
272453
173608
272471
272516
272525
272340
272527
272553
133926
272585
272599
272625
272627
272647
272656
272737
272794
272817
272827
272832
173521
272892
272908
272915
133568
273004
273039
14168
273041
273043
273059
273074
273136
168148
273138
273143
273155
273192
273296
273312
273326
273376
168391
273464
273495
273557
273594
273596
273690
273716
273755
273788
273823
273830
273834
273846
273884
273979
273987
273990
273995
273568
274046
274067
274094
274095
274104
274108
123502
274160
274196
274273
274281
274344
274378
274385
274420
274434
274447
274471
274477
274526
274289
274550
274574
274610
274657
274678
274742
274756
274803
274835
274849
274859
274881
274922
274942
274958
274969
275063
275080
275138
275175
275225
275246
275252
275315
275355
275403
275456
275499
153620
275515
275518
275573
171714
275583
275616
275644
275682
275700
275753
275765
275787
275873
275907
275616
275933
276064
276066
153265
276273
276291
276363
276368
276429
129583
276483
276539
276585
276612
276624
276654
276699
276811
276836
276857
276878
276972
276991
277022
171132
277034
277039
277082
277093
276811
277110
277170
277270
277293
277347
277364
277430
277459
277514
277573
277640
277653
170462
277675
277686
277694
277733
277820
277827
277874
277896
277934
277997
278053
277997
278068
278078
278105
278125
278132
278156
278078
278170
278199
278237
278265
278368
126560
127518
278378
278392
278415
278457
278461
278490
278514
278511
278578
241412
261540
278613
278639
278722
278392
278739
278745
278802
278933
278932
278935
278941
278996
278998
279000
279056
279061
279105
279139
279315
279322
279353
279401
279412
279421
279450
279469
279472
279491
279695
279715
279731
279743
279767
279598
279770
279782
11796
279982
280021
280042
280055
280091
280124
280127
280160
280173
280236
280314
280463
280533
280568
280581
280625
280627
280728
124215
280733
280570
280732
280772
280794
280834
280894
280930
280966
123741
281078
281099
281129
281168
281188
281283
281333
281335
281431
281462
281463
281510
281521
281537
281540
281549
281559
281595
281613
281624
281651
281657
281719
281726
281756
281828
281845
281901
281964
281997
282002
282011
168071
282016
214050
282074
282165
282194
282197
282205
282247
282254
282327
282374
282425
282426
282534
282580
282608
282625
282627
282698
282714
282767
282846
282891
282912
282955
167729
283047
283060
283213
283257
283274
283345
95439
283353
283391
283447
120188
283466
283547
283555
282625
283567
283611
283632
283709
283756
283772
283785
283804
283828
283891
283981
284009
284012
284020
284036
110922
284056
284081
284193
284351
284369
284402
284411
284524
284530
284625
284739
284767
284778
284805
284825
284852
284853
284872
284879
285008
285014
285080
285152
285175
285196
285204
285218
285256
285261
285271
285302
285313
285369
285417
285425
285441
285517
285604
285688
285705
285726
285787
12024
285805
285923
286045
286065
286068
286079
286193
286307
286340
286345
286356
286415
286469
286490
286557
286572
286584
286776
286807
286846
286874
286891
286978
17083
287003
287006
287021
287072
287149
287372
287435
287470
287490
287500
287505
287565
287580
287583
287600
287620
287655
287692
287743
287784
287794
287861
287865
287931
287954
164788
287969
287993
288037
288057
288084
288108
288115
288226
288256
288272
288325
288335
288343
112635
288346
288361
288419
288473
288487
287743
288637
288688
288752
288757
288775
288802
288799
288866
288882
288919
134088
288934
288940
288962
288975
164270
288992
289033
289082
288868
289229
289239
289254
289297
289299
289014
288884
289353
58063
289374
289390
289430
289442
289452
289467
289483
289500
289554
289604
289629
289726
289786
289848
163760
289882
289903
289922
289939
290024
287166
290033
290067
290078
290092
290117
290146
290153
290263
108184
290267
290328
290361
290281
290475
290525
290547
290616
290629
290667
290692
290720
290723
290753
290816
290926
290935
103248
290957
291037
291175
291207
291233
291241
291278
291374
291396
291408
291278
291546
291611
291621
291634
162608
291659
105549
291704
291773
291833
291885
291910
291952
291975
291988
291990
292019
292026
292036
292050
292103
292129
292177
292186
292240
292294
292345
292381
292392
104615
292442
292568
292562
292573
292577
292579
292605
292753
292816
292847
292931
292941
293000
293080
293108
293149
293207
293213
293237
293249
293279
293300
293341
293409
293450
293507
293587
293593
293639
293757
293791
293804
161915
293841
293852
293862
293904
294111
294134
294166
294169
294179
294193
294196
294263
294315
294343
294344
294343
294362
294416
294445
294467
294492
294544
294571
294660
294681
286937
294736
294750
294751
294769
294817
100362
294832
294544
294841
91223
294900
295008
295058
295122
295163
294736
295208
295280
295312
295313
295331
295373
99452
295428
295432
295440
295537
295593
295713
295633
295730
295731
295908
295965
296014
296022
296120
296121
296172
296190
97871
296280
296407
296510
296549
296563
296584
296678
296741
296739
296785
296864
158569
296924
296981
297016
297021
296440
297024
297079
297122
297170
96548
297189
297196
297285
297301
297304
297285
297421
297457
297476
297519
297586
297600
297611
297653
297682
297751
297754
297751
297839
297868
297970
297984
298145
298301
298352
298441
298488
298505
298510
298513
298522
298433
298524
298554
298749
298753
298770
298832
94644
298868
298934
299130
299132
299177
299204
299240
299243
299378
94209
299379
299393
299432
299508
299595
186672
299675
299705
299715
299769
299780
299826
299858
299956
