1
7
22
30
70
91
101
107
116
121
130
140
203
223
233
241
250
256
265
283
290
308
310
338
343
350
355
361
367
373
388
401
412
418
424
430
436
442
448
461
478
484
483
503
508
514
520
526
532
538
544
550
556
562
574
580
619
634
655
656
683
776
833
835
862
867
869
878
887
889
895
907
925
901
931
929
940
944
943
955
953
961
970
988
917
985
994
1006
1009
1020
1024
1027
1032
1036
1040
1041
1045
1046
1050
1056
1063
1066
1071
1074
1078
1081
1083
1089
1093
1094
1096
1106
1110
1115
1117
1127
1132
1161
1168
1172
1173
1189
1193
1196
1197
1212
1218
1223
1230
1234
1238
1245
1252
1267
1277
1279
1284
1294
1020
1302
1308
1314
1318
1323
1327
1333
1346
1348
1366
1372
1375
1397
1408
1438
1451
1456
1481
1487
1516
1544
1549
1571
1594
1625
1643
1658
1688
1696
1720
1729
1747
1759
1772
1774
1783
1793
1798
1801
1810
1835
1837
1843
1852
1862
1868
1870
1867
1880
1897
1913
1928
1942
1949
1958
1960
1966
1981
1987
1997
2001
2012
2032
2038
2080
2100
2122
2138
2146
2152
2168
2170
2177
2179
2225
2231
2248
2261
2266
2296
2318
2320
2326
2330
2329
2351
2365
2371
2401
2407
2422
2426
2425
2433
2443
2456
2462
2510
2516
2532
2578
2584
2602
2608
2614
2620
2650
2689
2701
2707
2720
2795
2810
2816
2822
2828
2834
2840
2858
2870
2933
2944
2957
2969
3001
1270
3009
3013
3015
3020
3026
3031
3043
3055
3061
3067
3077
3088
3098
3104
3110
3112
3116
3118
3124
3136
3140
3154
3190
3199
3220
3386
3401
3410
3418
3442
3446
3470
3471
3492
3505
3518
3533
3539
3545
3544
3556
3562
3569
3574
3580
3623
3628
3644
3655
3670
3676
3682
3691
3697
3706
3718
3724
3730
3736
3748
3754
3766
3778
3784
3811
3829
3835
3850
3854
3857
3872
3895
3913
3929
3934
3940
3942
3950
3956
3958
3968
3974
3980
4009
4015
4030
4033
4039
4084
4090
4105
4111
4117
4141
4153
4159
4193
4199
4220
4267
4264
4276
4285
4291
4324
4349
4354
4375
4384
4408
4445
4451
4457
4475
4481
4487
4492
4514
4520
4534
4550
4565
4585
4589
4598
4609
4606
4613
4615
4625
4627
4633
4642
4652
4658
4670
4676
4690
4717
4723
4741
4744
4763
4781
4804
4807
4804
4813
4819
4843
4862
4868
4882
4879
4885
4895
4904
4910
4922
4921
4933
4936
4954
4979
4991
5023
5048
5062
5074
5084
5090
5096
5102
5108
5134
5146
5182
5186
5196
5206
5224
5227
5236
5245
5270
5285
5299
5303
4619
5305
5260
5302
5309
4601
5311
5324
5338
5350
5362
5368
5374
5380
5405
5423
5429
5425
5435
5443
5452
5464
5486
5494
5506
5519
5525
5531
5527
5549
5546
5551
5555
5566
5578
5583
5612
5631
5650
5666
5672
5698
5711
5717
5723
5729
5735
5741
5747
5753
5783
5801
5837
5843
5872
5893
5968
5975
5987
6001
6007
6019
6025
6037
6042
6067
6079
6086
6092
6125
6127
6131
6133
6148
6155
6160
6164
6170
6175
6181
6184
6188
6191
6202
6221
6230
6227
6233
6238
6244
6253
6257
6259
6266
6289
6296
6322
6326
6331
6338
6356
6361
6364
6376
6388
6394
6410
6431
6443
6449
6455
6461
6473
6479
6485
6491
6514
6533
6545
6569
6575
6604
6616
6634
6640
6647
6665
6676
6704
6739
6766
6790
6799
6814
6832
6838
6859
6863
6914
6943
6949
6968
6972
6985
7001
7007
7013
7062
7079
7094
7130
7131
7137
7138
7152
7165
7172
7177
7216
7231
7237
7249
7264
7306
7309
7342
7343
7364
7372
7396
7406
7418
7424
7444
7453
7465
7484
7517
7522
7537
7555
7574
7598
7627
7631
7627
7648
7661
7672
7676
7690
7697
7730
7757
7763
7774
7783
7786
7789
7808
7819
7823
7831
7843
7873
7886
7898
7915
7949
7954
7963
7979
7991
7993
7999
8005
8047
8074
8077
8090
8104
8107
8117
8132
8134
8138
8140
8153
8159
8174
8180
8192
8197
8206
8219
8228
8233
8239
8245
8272
8276
8308
8363
8366
8380
8438
8441
8476
8488
8498
8512
8524
8535
8596
8641
8692
8698
8704
8717
8719
8723
8725
8731
8738
8743
8781
8819
8821
8822
8831
8828
8835
8839
8876
8884
8906
8908
8918
8924
8930
8936
8945
8959
8962
8981
8990
8992
8996
8998
9008
9035
9052
9060
9068
9074
9076
9103
9113
9126
9134
9136
9140
9142
9146
9154
9187
9206
9211
9217
9236
9242
9244
9250
9260
9271
9284
9293
9314
9323
9332
9338
9346
9362
9370
9401
9409
9415
9421
9431
9440
9448
9461
9469
9475
9508
9560
9563
9568
9571
9589
9587
9593
9599
9605
9608
9617
9613
9623
9634
9650
9662
9670
9667
9689
9692
9698
9704
9715
9719
9722
9731
9733
9730
9743
9757
9760
9770
9778
9805
9811
9820
9829
9839
9841
9847
9854
9862
9865
9926
9940
9952
3513
9964
9970
9988
10012
10051
10063
10084
10088
10092
10097
10102
10108
10114
10123
10126
10138
10144
10150
10152
10156
10165
10180
10192
10194
10201
10231
10237
10241
10243
10258
10264
10270
10276
10307
10306
10334
10358
10363
10375
10424
10432
10447
10484
10492
10499
10313
10505
10511
10518
10529
10535
10541
10543
10549
10558
10562
10570
10579
10577
10585
10588
10583
10591
10598
10607
10574
10619
10625
10642
10649
10666
10672
10678
10688
10700
10750
10759
10763
10765
10769
10771
10775
10777
10792
10798
10804
10825
10829
10831
10856
10870
10876
10907
10915
10919
10921
10942
10946
10952
10954
10951
10975
10999
10998
11009
11024
11027
11033
11039
11063
11069
11075
11081
11108
11104
11110
11123
11144
11158
11171
11278
11275
11324
11342
11348
11354
11375
11383
11395
11408
11411
11417
10528
11428
11432
11450
11461
11466
11535
11543
11549
11555
11570
11602
11615
11620
11632
11638
11644
11650
11652
11657
11668
9359
11689
11704
11713
11649
11717
11726
11724
11740
11750
11762
11774
11794
11809
11818
11822
11848
11854
11860
11950
11965
11971
11978
11987
11993
11999
12001
12043
12040
12055
12068
12074
12080
12086
12092
12098
12110
12116
12122
12128
12134
12158
12164
12170
12181
12193
11995
12232
12254
11771
12272
12298
12310
12320
12323
12332
12328
12350
12355
12374
12382
12394
12410
12425
12437
12454
12463
12473
12478
12484
12497
12502
12503
12523
12533
12535
12547
12563
12565
12571
12598
12604
12611
12622
12623
12658
12674
12745
12752
12754
12759
12773
12781
12832
12835
12847
12853
12875
12881
12890
12898
12928
12933
13028
13060
13066
13072
13078
13088
13093
13107
13142
13150
13153
11804
13165
13178
13184
13216
13224
13249
13255
13261
13267
13273
13288
13294
13300
13306
13313
13322
13328
13337
13339
13343
13366
13372
13378
13402
13400
13430
13447
13480
13493
13499
13505
13511
13517
13535
13547
13559
13592
13594
13598
13604
13609
13630
13655
13672
13676
13681
13687
13696
13715
13721
13727
13735
13753
13769
13780
13787
13789
13886
13888
13900
13913
13919
13927
13933
13945
13957
13966
13975
13987
14005
14014
14024
14087
14185
13972
14191
14228
14234
14248
14257
14260
14311
14335
14341
14348
14351
14359
14363
14389
14393
14407
14422
14425
14455
14463
14470
10094
14476
14480
14481
14486
935
14492
14498
14504
14506
14519
14539
14545
14551
14557
14569
14585
14597
14603
14656
14680
14686
14705
14704
14711
14720
14728
14743
14776
14795
14798
14803
14845
14849
14867
14888
14908
14936
14944
14960
14965
14970
14980
14983
14996
14998
15011
15017
15023
15029
15034
15043
15053
15061
15058
15067
15106
15115
15121
15127
15166
15173
15200
15226
15274
15305
15310
15316
15328
15347
15364
15424
15449
15457
15466
15472
15490
15493
15536
15542
15545
15551
15559
15566
15596
15604
15602
8785
15616
15629
15637
15683
7700
15688
15700
15714
15719
15724
15728
15739
15746
15760
15766
15772
15785
15787
15803
15808
15823
15832
15905
15985
15997
16015
16031
15973
16069
16112
16127
1104
16139
16156
16165
16175
16181
16184
16202
16205
16244
16246
16250
16252
16270
16273
16290
16294
16306
16316
16337
16343
16349
16355
11361
16361
10250
10246
16375
16381
16387
16396
16412
16418
16423
16441
16444
16495
16507
11746
16528
16568
16585
16589
16597
16601
16603
16622
16629
16643
16684
16696
16700
16702
16706
16717
16720
16735
16762
16766
16768
16769
16818
6042
16834
16840
16850
16852
16883
16889
16918
16939
16945
16970
16969
16996
17050
17062
17068
17080
17090
17098
17171
17177
17212
17218
17224
17233
17248
17255
17275
17292
17320
17366
17389
17416
17422
17434
17440
17446
17452
17458
17470
17476
17482
17488
17494
17506
17512
17518
17524
17572
17588
17618
17633
17636
17641
17650
17660
17666
17686
17692
17713
17720
17725
17737
17750
17761
17786
17792
17804
17815
17824
17830
17836
17863
17875
17881
17887
17897
17904
17914
17929
17938
17969
18001
18007
18034
18040
18046
18059
18065
18071
18082
18106
18121
18130
18136
18154
18166
18184
18196
18227
18241
18259
18271
18277
18293
18301
18307
18313
18328
18358
18364
18391
18397
18451
18470
18481
18494
18550
18581
18586
18599
18619
18625
18634
18640
18653
18664
18670
18701
18710
18727
18746
18760
18767
18773
18791
18803
18811
18815
18829
18901
18922
18928
18952
18967
18982
19018
19024
19030
19031
19030
19058
19094
19103
19109
19117
19132
19139
19205
19229
19250
19270
19268
19277
19291
1300
19327
19331
19340
19346
19351
19357
19363
19384
19394
19396
19400
19406
19414
19420
19430
19451
19478
19480
19484
19489
19493
19489
19499
19511
19513
19517
19519
19550
19561
19567
19573
19585
19603
19609
19660
19667
19690
19692
19744
19762
19822
19880
19897
19903
19939
19945
19964
19985
19993
19997
19999
20003
20017
20021
20023
20053
20059
20077
20081
20083
20087
20099
20134
20221
20236
20242
20254
20258
20288
20294
20383
20417
20423
20435
20444
20455
20461
20476
20485
20488
20494
20485
20528
20545
20587
20591
20593
20617
20638
20647
20686
20692
20702
20708
20749
20758
20773
20783
20788
20794
20804
20809
20831
20839
20843
20845
20849
20878
20902
20948
20957
20965
20971
20981
20764
21016
21050
21100
21118
21126
21061
21133
21146
21055
21164
21217
21229
21271
21280
21304
21322
19028
21355
21391
21403
21412
21489
21517
21571
21602
21608
21649
21671
21677
21683
21689
21695
21700
21710
21716
21722
21728
21740
21758
21764
21779
21797
21869
21920
21937
21943
21949
21956
21970
21991
21997
22000
22013
22063
22069
22075
22085
22091
22099
22121
22129
22135
22153
22162
22174
22180
22193
22199
22205
22211
22220
22226
22232
22255
22261
22267
22276
22289
22291
22300
22309
22325
22327
22331
22364
22370
22376
22391
22406
22436
22432
22507
22529
22535
22547
22553
22559
22564
22570
22597
22606
22610
22628
22633
22630
22639
22651
22657
22685
22754
22759
22774
22787
22819
22825
22840
22858
22909
22921
22955
22978
22987
22999
23003
23005
23044
23047
23063
23032
23062
23082
23089
23098
23095
23107
23122
23137
23135
23141
23143
23132
23155
23161
23159
23167
23173
23194
23212
23257
23287
23317
23314
23323
23321
23375
23405
23429
23503
23524
23546
23552
23563
23570
23578
23585
23593
23608
23633
23639
23645
23662
23668
23674
23689
23699
23707
23713
23728
23758
23767
23782
23806
23812
23818
23836
23842
23884
23890
23911
23914
23920
23947
23953
23974
24050
24059
24095
24115
24149
24154
24179
24181
24187
24211
24244
24253
24266
24296
24310
24346
24367
24431
24445
24451
24457
24469
24481
24526
24542
24569
24575
24584
24587
24631
24646
24652
24658
24665
24698
24749
9020
24758
24761
24779
24785
24791
24797
24809
24815
24821
24839
24845
24853
24904
24910
24995
25004
25031
25039
25045
25051
25057
25063
25072
25078
25100
25142
25150
25159
25165
25180
25195
25207
25214
25228
10340
25244
25250
25256
25273
25279
25336
25358
25360
25369
25409
25428
25453
25468
25481
25483
25493
25495
25499
25508
25514
25520
25526
25549
25559
25565
25571
25588
25603
25607
25621
25626
25640
25651
25661
25694
25714
25750
25758
25762
25789
25798
25816
25828
25831
