126
127
468
598
686
815
851
1087
1086
1109
1128
1246
1333
1568
1960
2405
2515
2883
2901
2975
2985
3283
3523
3681
3814
4076
4241
4273
4354
4548
4562
4693
4755
1879
4876
4900
4982
5475
5629
5641
234
5648
5658
5695
5713
5797
5902
5959
6096
6119
6190
6329
6577
6663
6724
6955
7028
7023
7263
7497
7630
7672
7778
7794
7841
8019
8146
8399
8397
8573
8571
8579
8611
8648
8651
8691
8826
8913
8985
254
9001
9052
9189
9210
9430
9431
9430
9612
9614
9649
9723
9859
10121
10131
10307
10338
10495
10517
10544
11121
11123
11173
11363
11497
11496
11591
11742
11752
11850
12024
12025
12024
12086
12180
12260
12487
12511
12512
12511
12618
12786
13230
13571
13681
14026
14094
14122
14235
14252
14311
14391
14424
4809
14425
14523
14754
14786
14828
14984
15076
15355
15449
15572
15652
15761
16163
16503
16747
16818
16854
17047
17158
17243
17487
17639
17731
17793
17901
17937
17939
18011
18407
18456
18520
18618
18710
18764
18793
18795
18966
19061
19103
19131
19176
19291
19533
19776
19835
20076
20083
20348
20560
20879
21124
21235
21264
21289
21295
21328
21368
21374
21406
21418
21544
21679
21755
21792
21793
21851
21898
22009
22106
22245
22249
22312
22483
22508
22582
23322
23324
23433
23550
23587
24409
24496
24585
24657
24910
25027
25334
25401
25568
25701
25719
25742
25745
25781
25821
25824
25908
25928
25978
26114
26391
26529
25733
26554
25908
26591
25742
26696
26879
26914
26942
27052
27370
27371
27370
27403
27626
27658
27796
28222
28505
28570
28782
28855
28867
28986
29006
29060
29058
29068
29773
29864
29922
30028
30260
30332
30344
30435
30813
30848
30874
30976
30997
31090
31111
31120
31121
31402
31407
31470
31474
31921
31923
32017
32028
32110
32243
32349
32470
32562
32679
32872
33087
33476
33778
33990
34128
34150
34283
34297
34389
34725
34733
34850
34985
35203
35291
35441
35440
35446
35949
35950
35951
36379
36669
36792
36793
36792
36925
37001
37064
37117
37118
37252
37483
37623
37840
38274
38703
38764
38860
39067
39150
39158
39216
39218
39406
39450
39471
39551
39596
39821
40186
40290
40348
40508
41069
41271
41398
41753
41849
41900
42349
42350
42478
42477
42509
42661
42827
42878
42929
43138
43139
43138
43402
43487
43658
43783
43837
44279
44284
44315
44433
44511
44513
44511
44525
44650
44673
44695
45135
45197
45211
35282
45460
45871
46182
46183
46211
46299
46327
46404
46465
46464
47273
47339
47344
47542
47654
47430
47660
47775
47826
47935
35259
48134
48323
48442
48604
48709
48859
49060
49225
49260
49316
49327
49401
49409
49465
49466
49624
49627
49636
49677
49678
49752
49768
49805
49850
49882
49896
50006
49762
50056
50223
50237
50180
50297
50313
50315
50349
50516
50556
50565
50699
50748
50334
50789
49848
47271
50917
51045
51085
51199
51573
51575
51787
52315
52552
53126
53821
53976
54156
54157
54199
54592
54860
54990
55099
55100
55756
56094
56109
56421
56476
56485
56526
56585
56843
56879
56877
57138
57142
57236
57264
57324
57336
57353
57480
57548
57588
57593
57610
57874
57888
58077
58454
59127
59216
59220
28021
59427
59568
59658
59665
59699
14828
59766
60008
60278
60648
12512
17487
60894
60944
61088
61219
61476
61733
61744
61991
62042
62041
62263
62280
62361
62444
62668
62754
62824
63038
63375
63378
63480
63511
63699
64709
64707
64763
64917
65063
65409
65454
65490
65619
65620
65874
65904
65927
66254
66295
66296
66877
66921
31068
66843
66930
66962
67058
67062
67219
67248
67273
67304
67525
67539
67136
67644
67652
67780
67842
67898
68021
68040
68204
68284
68430
68815
6437
69014
69036
69341
69347
69461
4876
69484
69548
69547
69550
69625
69721
69828
69864
70113
70315
70418
70679
70851
71000
71089
71344
71583
71733
71856
72020
72023
72145
72157
72209
72482
72510
72612
72627
72809
72885
72994
73670
74147
74384
74515
74583
74779
75133
75153
75325
75669
76401
76447
76517
76540
76779
76977
77377
77509
77536
77607
77613
77761
77957
77999
78289
78578
78643
78644
79280
79366
79487
79651
79803
79963
80018
80164
80175
80288
80522
80527
81027
81060
81153
81174
81393
81494
81496
81973
82197
82482
82721
82730
83019
83367
83558
84081
84164
84325
84436
84704
84746
84750
85295
85296
85344
86262
86338
86524
86537
86535
86891
26467
86961
86962
87361
87463
87568
56526
87856
87874
88167
88208
88372
88525
39185
88985
89254
90038
90943
90989
91063
63655
91398
91486
91920
92129
92250
92439
92520
92640
92648
92878
92984
92990
93036
93043
93269
93369
93377
93408
93497
48323
93542
93739
93813
93815
94159
94533
94561
94660
95013
95089
95126
95138
95186
95218
95241
95327
95325
95507
95516
95692
95994
96028
96047
96049
96400
96573
96654
96741
96802
96876
97291
97553
97687
97888
98084
98283
98487
98815
98929
99106
99107
99106
99227
99291
99718
99745
100313
100806
100816
100907
101303
71836
101519
101873
70857
101877
33643
102139
102167
102188
102304
102472
103052
103490
103593
103642
104077
1552
104167
104442
104701
104777
104813
104915
104933
105063
105122
105576
105791
105903
105904
106141
106207
106413
106487
106887
106930
106946
107193
107225
107319
107651
107662
107793
108267
108513
108791
109019
109179
87874
109201
109361
109698
109699
109776
110265
110752
9211
110855
111459
111538
111695
111905
111998
112380
112414
112538
112932
112942
113156
113332
113435
113434
113442
113448
113525
113529
113564
113583
92250
113641
113685
113735
114214
114225
114609
114713
114735
114756
114817
114818
114942
114944
114988
115312
115797
115921
116002
116065
117150
117346
117829
117874
118268
118306
118979
119187
119199
119738
119932
119978
120023
120867
120903
121050
121386
121403
121509
121530
121821
122812
122847
122966
123017
123412
123411
123854
124143
124144
124143
124231
125073
121289
125386
125709
126022
126218
126242
126320
126367
126366
126549
126837
126893
127124
127130
127304
127358
127457
127713
127774
127773
127788
127879
127935
128019
128025
128069
128231
128336
128467
128649
128699
128988
129277
129296
129763
129778
130107
130204
86523
130264
130324
130431
130433
130615
130673
130958
131063
131073
131254
131293
131301
131520
131565
131828
132029
132366
132596
132675
93377
132821
132951
132970
133045
133046
133071
133107
133117
133154
133160
133279
133295
133338
133368
133464
133599
133772
134546
134577
134579
134577
134851
134862
134896
135001
63253
135128
135240
135417
135422
135420
135747
135897
136295
136590
136846
137007
137106
137424
137571
137730
137764
137964
138035
138363
138668
138843
138968
139096
139146
139714
139924
139923
140095
140167
140410
140656
140997
141350
141384
141604
141685
141823
141865
142016
142258
142421
142622
142907
142959
143010
143172
143469
143471
144003
144391
144394
66254
145222
145243
145295
145538
145657
145916
145928
135020
146052
146115
146179
146225
146293
146310
146139
146314
146320
146348
146358
146418
146458
146584
17731
147006
147015
147069
147073
147366
147428
22508
147765
147842
148513
148619
148618
148733
148814
148900
149018
149035
149152
149469
149758
149821
96654
149843
149878
149911
150073
150077
150100
149837
150138
150242
143471
150435
150611
150800
150997
87325
151419
151523
152107
152181
152261
152536
152586
152625
152662
152757
153433
154916
155011
155028
155259
155544
156032
156228
156821
157134
157177
157237
157254
157327
157345
158112
158323
158356
158367
158386
158421
158457
158670
158677
158866
25498
107319
159204
159741
159893
160420
160516
161536
161609
44650
161671
162733
162852
162935
163100
57324
163606
163635
163606
163847
164112
164340
165474
165627
166049
166323
166418
166531
166696
15572
166747
166696
166779
167009
167221
167251
167399
167485
167486
167526
167613
167669
167924
167978
168344
168389
168420
168422
168445
168753
169385
169447
169346
169476
169510
169514
169520
169526
169520
169631
169753
169860
170046
170049
170111
170121
169952
170173
170229
170248
169860
170374
170406
170477
170525
170580
170638
139096
170757
170833
170935
159613
69347
170963
171437
171558
171609
171765
171769
171788
171805
171825
172197
172223
172227
172234
172244
172324
172408
172573
172591
172740
172756
173073
173106
173445
173661
173813
173934
174095
174510
174642
174644
174651
175320
175321
175597
175663
175681
176042
176920
177200
177281
177591
177765
177794
177847
177923
178207
178296
178401
179143
179918
179946
179948
180510
180578
180747
180970
181339
181380
181393
172924
181554
181602
181798
181876
181943
182073
182525
182582
182587
182684
182706
182936
183090
183136
183189
183198
183212
183215
183225
183238
183362
183372
183488
183645
184464
184629
184634
184933
184937
184977
185167
185580
49624
185767
186374
186696
186698
187128
187545
187572
187700
187892
188362
188451
188453
188508
142421
188516
188643
188770
188849
188957
189068
189455
190006
190005
190120
190501
190563
190567
191027
191038
191040
191044
191064
191076
67938
191344
191458
191816
192145
192161
192193
709
192213
192274
192449
192605
173106
192625
192795
151987
192839
192930
193614
193818
194275
195138
195416
195833
195930
195933
195998
196081
196226
196228
196279
196450
196566
196708
196803
197397
197620
197732
197756
197768
197756
197786
198114
198229
198562
198561
198686
198693
198698
198707
163635
198724
198744
198902
199641
199654
199796
199979
200130
200207
200375
200388
200413
200421
200422
200447
200620
201177
201210
201221
201255
201496
202253
202289
202298
202329
202367
202386
202367
202390
202442
202537
202540
202999
203228
203226
203232
203672
203827
204079
204109
204133
204330
205317
205650
205877
205879
205961
206313
206591
206590
206799
206901
206903
206913
207121
207120
207151
207167
207165
207444
16787
207463
208475
208702
208983
208984
208983
209088
209432
209445
209464
91454
209870
101198
209965
210074
210155
210205
211135
211221
211350
211881
212131
212402
212414
212412
213051
213400
213415
213414
213669
213813
213884
214337
214381
214406
214420
214444
214482
214484
214606
37289
214793
214875
215063
215266
17901
215300
215479
215840
216459
216464
216864
217150
217262
217272
217334
217389
217390
217393
217398
217450
52424
217499
217389
217504
217574
217486
217487
217625
17937
217703
217801
218111
218232
218234
218522
218610
218646
219155
219294
219457
220416
220643
221015
221172
221357
221402
222288
222314
222333
222503
222523
222669
223175
223626
223709
223797
224046
224762
224811
224824
224832
225213
225294
225295
225296
225654
225740
225752
225806
225824
225853
195225
226023
226088
226330
226976
226897
227002
227015
227050
212402
227068
227079
227089
227130
227175
227222
227224
227370
227427
227493
227555
227556
227700
227850
228161
228196
228206
228537
67760
59623
228799
228874
229047
229055
229291
145538
229421
229433
230055
230580
230655
230950
231199
231372
231660
231821
231846
231924
232268
232290
80288
232651
232665
232676
232881
94017
232951
233042
233047
233382
233422
233811
233909
234440
234570
107405
234867
235412
235492
131568
236037
236067
236129
236228
236615
236953
236985
237302
238285
238336
238360
238398
238432
238490
43820
86930
238523
238535
238533
238564
238593
238598
238641
238660
238722
229372
238751
238787
239010
239393
239394
239429
239609
239630
240220
52552
52553
240344
240475
240547
240575
240578
240918
241607
201496
241702
242398
242554
242555
242554
242651
242701
244044
244073
244118
244377
244484
244645
244861
244958
136838
244984
244996
244998
244999
244998
245174
245527
246034
246076
246093
246121
246281
246649
246686
247299
248177
248346
248375
248971
248976
249034
91242
249145
249345
249347
249408
249430
249627
249796
249806
249816
249941
250013
250003
249952
250152
250305
250372
70113
250858
250870
251182
251261
251301
251474
251508
251831
252424
252648
252917
252998
253270
253368
253610
253611
253920
253938
254071
254115
40300
254123
254591
255050
164871
256031
256042
257464
257871
257957
258003
258039
258410
258486
258591
259102
259251
260132
260250
260295
260499
260640
261419
261466
261485
261466
261541
159591
261586
261591
261883
261938
261975
262090
262242
262284
262506
262520
262551
262697
262721
262876
262967
263338
263485
263662
263809
263833
263881
263891
263914
263971
263881
264020
264102
264347
264475
264527
264680
264681
264752
264864
264865
213882
213884
264878
264889
264897
264919
264930
264931
264934
264938
265118
265267
265281
265284
265296
265373
265571
266079
69484
266135
266480
266593
267132
267491
267545
88156
267716
268210
268662
250967
268702
268707
269155
269368
269773
270026
270159
270563
270573
270581
270624
270812
271249
221593
271956
271997
272391
272520
75587
272728
273718
273744
227700
274489
274627
274635
274683
274948
275640
275649
275687
276508
276626
276644
276737
276771
277164
277173
225052
277235
277329
277400
277453
277851
214640
241642
214640
278274
278280
278633
278729
278780
279071
279321
279323
279596
280191
280360
280384
280604
280612
280632
281133
281330
282312
282686
282828
282839
282948
283012
283335
283387
283423
283720
283727
283994
284755
284850
284876
284939
284965
284993
284995
285109
285126
285137
285142
19773
285030
285420
285486
285517
285657
285687
285932
285941
2522
285932
286547
286663
286677
286709
286889
287437
287459
287485
21544
287709
287974
288793
288908
288998
289116
289230
289234
289410
289428
289410
289756
290044
290048
290357
290408
290533
290789
290862
291209
291646
291652
289082
291665
291808
291818
291834
291845
291849
291822
291855
291858
291885
291893
291988
292673
292700
292726
292735
293562
293655
293667
294597
294661
294837
295242
295360
295590
295724
296025
296110
296148
296251
296255
296294
296470
296828
297201
297366
213882
297395
298345
298833
298931
299064
299184
299808
299929
299989
