263
269
275
281
287
293
299
305
311
317
323
329
335
341
347
353
359
365
371
377
383
389
395
401
407
413
419
425
431
437
443
449
455
461
467
473
479
485
491
497
503
509
515
521
527
533
539
545
551
557
563
569
575
581
629
635
641
647
653
659
665
671
677
683
689
695
701
707
713
719
725
731
737
743
947
1144
1148
1150
1154
1156
1160
1162
1166
1168
1172
1174
1178
1180
1184
1186
1190
1192
1196
1198
1202
1204
1208
1210
1214
1216
1220
1222
1226
1228
1232
1234
1238
1240
1244
1246
1250
1252
1256
1258
1262
1264
1268
1270
1274
1276
1280
1286
1292
1298
1304
1310
1316
1526
1532
1538
1544
1550
1766
1772
1778
1784
1790
1796
1802
1808
1814
1820
1826
1832
1838
1844
1850
1856
1862
1868
1874
1880
1886
1892
1898
1904
1910
1916
1922
1928
1934
1940
1946
2006
2012
2018
2024
2030
2036
2042
2048
2054
2060
2066
2072
2078
2084
2090
2096
2102
2108
2114
2120
2126
2132
2138
2144
2150
2156
2162
2168
2174
2180
2186
2246
2252
2258
2264
2270
2276
2282
2288
2294
2300
2306
2312
2318
2324
2330
2336
2342
2348
2354
2360
2366
2372
2378
2384
2390
2396
2402
2408
2414
2420
2426
2486
2492
2498
2504
2510
2516
2522
2528
2534
2540
2546
2552
2558
2564
2570
2576
2582
2588
2594
2600
2606
2612
2618
2624
2630
2636
2642
2648
2654
2660
2726
2732
2738
2744
2750
2756
2762
2768
2774
2780
2786
2792
2798
2804
2810
2816
2822
2828
2834
2840
2846
2852
2858
2864
2870
2876
2882
2888
2894
2900
2966
2972
2978
2984
2990
2996
3002
3008
3014
3020
3026
3032
3038
3044
3050
3056
3062
3068
3074
3080
3086
3092
3098
3104
3110
3116
3122
3128
3206
3212
3218
3224
3230
3236
3242
3248
3254
3260
3266
3272
3278
3284
3290
3296
3302
3308
3314
3320
3326
3332
3338
3344
3350
3356
3362
3398
3404
3410
3416
3422
3428
3434
3440
3446
3452
3458
3464
3470
3476
3482
3488
3494
3500
3506
3512
3518
3524
3530
3536
3542
3548
3590
3596
3602
3608
3614
3620
3626
3632
3638
3644
3650
3656
3662
3668
3674
3680
3686
3692
3698
3704
3710
3716
3722
3728
3734
3782
3788
3794
3800
3806
3812
3818
3824
3830
3836
3842
3848
3854
3860
3866
3872
3878
3884
3890
3896
3902
3908
3914
3920
3974
3980
3986
3992
3998
4004
4010
4016
4022
4028
4034
4040
4046
4052
4058
4064
4070
4076
4082
4088
4094
4100
4106
4166
4172
4178
4184
4190
4196
4202
4208
4214
4220
4226
4232
4238
4244
4250
4256
4262
4268
4274
4280
4286
4292
4358
4364
4370
4376
4382
4388
4394
4400
4406
4412
4418
4424
4430
4436
4442
4448
4454
4460
4466
4472
4478
4550
4556
4562
4568
4574
4580
4586
4592
4598
4604
4610
4616
4622
4628
4634
4640
4646
4652
4658
4664
4742
4748
4754
4760
4766
4772
4778
4784
4790
4796
4802
4808
4814
4820
4826
4832
4838
4844
4850
4886
4892
4898
4904
4910
4916
4922
4928
4934
4940
4946
4952
4958
4964
4970
4976
4982
4988
5030
5036
5042
5048
5054
5060
5066
5072
5078
5084
5090
5096
5102
5108
5114
5120
5126
5174
5180
5186
5192
5198
5204
5210
5216
5222
5228
5234
5240
5246
5252
5258
5264
5318
5324
5330
5336
5342
5348
5354
5360
5366
5372
5378
5384
5390
5396
5402
5462
5468
5474
5480
5486
5492
5498
5504
5510
5516
5522
5528
5534
5606
5612
5618
5624
5630
5636
5642
5648
5654
5660
5666
6614
7310
7316
7322
7328
7334
7340
7346
7352
7358
7364
7370
7376
7382
7388
7394
7400
7406
7412
7418
7424
7430
7436
7442
7448
7454
7460
7466
7472
7478
7484
7490
7496
7502
7508
7514
7520
7526
7532
7538
7544
7550
7556
7562
7568
7574
7580
7586
7592
7598
7604
7610
7616
7622
7628
7634
7670
7676
7682
7688
7694
7700
7706
7712
7718
7724
7730
7736
7742
7748
7754
7760
7766
7772
7778
7784
7790
8197
8201
8203
8207
8209
8213
8215
8219
8221
8225
8227
8231
8233
8237
8239
8243
8245
8249
8251
8255
8257
8261
8263
8267
8269
8273
8275
8279
8281
8285
8287
8291
8293
8297
8299
8303
8305
8309
8311
8315
8317
8321
8323
8327
8329
8333
8875
8881
8887
8893
8899
8905
8911
8917
8923
8929
8935
8941
8947
8953
8959
8965
8971
8977
8983
8989
9031
9037
9043
9049
9055
9061
9067
9073
9079
9085
9091
9097
9103
9109
9115
9121
9127
9133
9139
9145
9151
9157
9163
9169
9175
9181
9187
9193
9199
9205
9211
9217
9223
9229
9235
9241
9247
9253
9259
9265
9271
9277
9283
9289
9295
9301
9307
9313
9319
9325
9331
9337
9343
9349
9355
9871
9877
9883
9889
9895
9901
9907
9913
10075
10081
10087
10093
10099
10105
10111
10117
10438
10444
10450
10456
10462
10468
10474
10480
10486
10492
10624
10630
10636
10642
10684
10690
10696
10804
10810
10816
10822
10828
10834
10840
10846
10852
10858
10978
10984
10990
10996
11002
11008
11014
11020
11044
11050
11056
11062
11068
11170
11176
11182
11188
11194
11200
11206
11212
11218
11224
11338
11344
11350
11356
11362
11368
11374
11380
11386
11392
11398
11404
11410
11416
11422
11428
11434
11440
11530
11536
11542
11548
11554
11560
11566
11572
11578
11584
11590
11704
11710
11716
11722
11728
11734
11740
11746
11752
11758
11764
11770
11776
11782
11788
11794
11800
11806
11896
11902
11908
11914
11920
11926
11932
11938
11944
11950
11956
12070
12076
12082
12088
12094
12100
12106
12112
12118
12124
12130
12136
12142
12148
12154
12160
12166
12172
12262
12268
12274
12280
12286
12292
12298
12304
12310
12316
12322
12430
12436
12442
12448
12454
12460
12466
12472
12478
12484
12490
12496
12502
12508
12514
12520
12526
12532
12538
12628
12634
12640
12646
12652
12658
12664
12670
12676
12682
12688
12796
12802
12808
12814
12820
12826
12832
12838
12844
12850
12856
12862
12868
12874
12880
12886
12892
12898
12904
12994
13000
13006
13012
13018
13024
13030
13036
13042
13048
13054
13162
13168
13174
13180
13186
13192
13198
13204
13210
13216
13222
13228
13234
13240
13246
13252
13258
13264
13270
13360
13366
13372
13378
13384
13390
13396
13402
13408
13414
13420
13528
13534
13540
13546
13552
13558
13564
13570
13576
13582
13588
13594
13600
13606
13612
13618
13624
13630
13636
13726
13732
13738
13744
13750
13756
13762
13768
13774
13780
13786
13894
13900
13906
13912
13918
13924
13930
13936
13942
13948
13954
13960
13966
13972
13978
13984
13990
13996
14002
14092
14098
14104
14110
14116
14122
14128
14134
14140
14146
14152
14260
14266
14272
14278
14284
14290
14296
14302
14308
14314
14320
14326
14332
14338
14344
14350
14356
14362
14368
14458
14464
14470
14476
14482
14488
14494
14500
14506
14512
14518
14626
14632
14638
14644
14650
14656
14662
14668
14674
14680
14686
14692
14698
14704
14710
14716
14722
14728
14734
14824
14830
14836
14842
14848
14854
14860
14866
14872
14878
14884
14992
14998
15004
15010
15016
15022
15028
15034
15040
15046
15052
15058
15064
15070
15076
15082
15088
15094
15100
15190
15196
15202
15208
15214
15220
15226
15232
15238
15244
15250
15358
15364
15370
15376
15382
15388
15394
15400
15406
15412
15418
15424
15430
15436
15442
15448
15454
15460
15466
15556
15562
15568
15574
15580
15586
15592
15598
15604
15610
15616
15724
15730
15736
15742
15748
15754
15760
15766
15772
15778
15784
15790
15796
15802
15808
15814
15820
15826
15832
15916
15922
15928
15934
15940
15946
15952
15958
15964
15970
15976
15982
16090
16096
16102
16108
16114
16120
16126
16132
16138
16144
16150
16156
16162
16168
16174
16180
16186
16192
16198
16282
16288
16294
16300
16306
16312
16318
16324
16330
16336
16342
16348
16456
16462
16468
16474
16480
16486
16492
16498
16504
16510
16516
16522
16528
16534
16540
16546
16552
16558
16564
16648
16654
16660
16666
16672
16678
16684
16690
16696
16702
16708
16714
16822
16828
16834
16840
16846
16852
16858
16864
16870
16876
16882
16888
16894
16900
16906
16912
16918
16924
16930
17014
17020
17026
17032
17038
17044
17050
17056
17062
17068
17074
17080
17188
17194
17200
17206
17212
17218
17224
17230
17236
17242
17248
17254
17260
17266
17272
17278
17284
17290
17296
17380
17386
17392
17398
17404
17410
17416
17422
17428
17434
17440
17446
17554
17560
17566
17572
17578
17584
17590
17596
17602
17608
17614
17620
17626
17632
17638
17644
17650
17656
17662
17746
17752
17758
17764
17770
17776
17782
17788
17794
17800
17806
17812
17920
17926
17932
17938
17944
17950
17956
17962
17968
17974
17980
17986
17992
17998
18004
18010
18016
18022
18028
18112
18118
18124
18130
18136
18142
18148
18154
18160
18166
18172
18178
18286
18292
18298
18304
18310
18316
18322
18328
18334
18340
18346
18352
18358
18364
18370
18376
18382
18388
18394
18478
18484
18490
18496
18502
18508
18514
18520
18526
18532
18538
18544
18652
18658
18664
18670
18676
18682
18688
18694
18700
18706
18712
18718
18724
18730
18736
18742
18748
18754
18760
18844
18850
18856
18862
18868
18874
18880
18886
18892
18898
18904
18910
19018
19024
19030
19036
19042
19048
19054
19060
19066
19072
19078
19084
19090
19096
19102
19108
19114
19120
19126
19216
19222
19228
19234
19240
19246
19252
19258
19264
19270
19276
19384
19390
19396
19402
19408
19414
19420
19426
19432
19438
19444
19450
19456
19462
19468
19474
19480
19486
19492
19582
19588
19594
19600
19606
19612
19618
19624
19630
19636
19642
19750
19756
19762
19768
19774
19780
19786
19792
19798
19804
19810
19816
19822
19828
19834
19840
19846
19852
19858
19948
19954
19960
19966
19972
19978
19984
19990
19996
20002
20008
20116
20122
20128
20134
20140
20146
20152
20158
20164
20170
20176
20182
20188
20194
20200
20206
20212
20218
20224
20314
20320
20326
20332
20338
20344
20350
20356
20362
20368
20482
20488
20494
20500
20506
20512
20518
20524
20530
20536
20542
20548
20554
20560
20566
20572
20578
20584
20680
20686
20692
20698
20704
20710
20716
20722
20728
20734
20848
20854
20860
20866
20872
20878
20884
20890
20896
20902
20908
20914
20920
20926
20932
20938
20944
20950
21046
21052
21058
21064
21070
21076
21082
21088
21094
21100
21220
21226
21232
21238
21244
21250
21256
21262
21268
21274
21280
21286
21292
21298
21304
21310
21316
21412
21418
21424
21430
21436
21442
21448
21454
21460
21466
21586
21592
21598
21604
21610
21616
21622
21628
21634
21640
21646
21652
21658
21664
21670
21676
21682
21778
21784
21790
21796
21802
21808
21814
21820
21826
21832
21958
21964
21970
21976
21982
21988
22024
22030
22036
22042
22150
22156
22162
22168
22174
22180
22186
22192
22198
22516
22522
22528
22534
22540
22546
22552
22558
22888
22894
22900
22906
22912
22918
23260
23266
23272
23278
25372
25378
25384
25390
25738
25744
25750
25756
25762
25768
25888
25894
25900
25906
25912
25918
25924
25930
25936
25942
26104
26110
26116
26122
26128
26134
26140
26248
26254
26260
26266
26272
26278
26284
26290
26296
26302
26308
26314
26464
26470
26476
26482
26488
26494
26500
26506
26608
26614
26620
26626
26632
26638
26644
26650
26656
26662
26668
26674
26680
26686
26830
26836
26842
26848
26854
26860
26866
26872
26878
26974
26980
26986
26992
26998
27004
27010
27016
27022
27028
27034
27040
27046
27052
27196
27202
27208
27214
27220
27226
27232
27238
27340
27346
27352
27358
27364
27370
27376
27382
27388
27394
27400
27406
27412
27418
27562
27568
27574
27580
27586
27592
27598
27604
27712
27718
27724
27730
27736
27742
27748
27754
27760
27766
27772
27778
27934
27940
27946
27952
27958
27964
28078
28084
28090
28096
28102
28108
28114
28120
28126
28132
28138
28144
28300
28306
28312
28318
28324
28330
28450
28456
28462
28468
28474
28480
28486
28492
28498
28504
28666
28672
28678
28684
28690
28696
28816
28822
28828
28834
28840
28846
28852
28858
28864
28870
29032
29038
29044
29050
29056
29062
29182
29188
29194
29200
29206
29212
29218
29224
29230
29236
29398
29404
29410
29416
29422
29428
29548
29554
29560
29566
29572
29578
29584
29590
29596
29602
29764
29770
29776
29782
29788
29794
29908
29914
29920
29926
29932
29938
29944
29950
29956
29962
29968
29974
30130
30136
30142
30148
30154
30160
30274
30280
30286
30292
30298
30304
30310
30316
30322
30328
30334
30340
30496
30502
30508
30514
30520
30526
30640
30646
30652
30658
30664
30670
30676
30682
30688
30694
30700
30706
30862
30868
30874
30880
30886
30892
30898
31006
31012
31018
31024
31030
31036
31042
31048
31054
31060
31066
31072
31222
31228
31234
31240
31246
31252
31258
31264
31366
31372
31378
31384
31390
31396
31402
31408
31414
31420
31426
31432
31438
31588
31594
31600
31606
31612
31618
31624
31630
31732
31738
31744
31750
31756
31762
31768
31774
31780
31786
31792
31798
31804
31954
31960
31966
31972
31978
31984
31990
31996
32098
32104
32110
32116
32122
32128
32134
32140
32146
32152
32158
32164
32170
32320
32326
32332
32338
32344
32350
32356
32362
32464
32470
32476
32482
32488
32494
32500
32506
32512
32518
32524
32530
32536
32686
32692
32698
32704
32710
32716
32722
32728
32830
32836
32842
32848
32854
32860
32866
32872
32878
32884
32890
32896
32902
33052
33058
33064
33070
33076
33082
33088
33094
33196
33202
33208
33214
33220
33226
33232
33238
33244
33250
33256
33262
33268
33418
33424
33430
33436
33442
33448
33454
33460
33562
33568
33574
33580
33586
33592
33598
33604
33610
33616
33622
33628
33634
33784
33790
33796
33802
33808
33814
33820
33826
33928
33934
33940
33946
33952
33958
33964
33970
33976
33982
33988
33994
34000
34150
34156
34162
34168
34174
34180
34186
34192
34294
34300
34306
34312
34318
34324
34330
34336
34342
34348
34354
34360
34366
34372
34516
34522
34528
34534
34540
34546
34552
34558
34660
34666
34672
34678
34684
34690
34696
34702
34708
34714
34720
34726
34732
34738
34882
34888
34894
34900
34906
34912
34918
34924
35026
35032
35038
35044
35050
35056
35062
35068
35074
35080
35086
35092
35098
35104
35242
35248
35254
35260
35266
35272
35278
35284
35290
35392
35398
35404
35410
35416
35422
35428
35434
35440
35446
35452
35458
35464
35470
35608
35614
35620
35626
35632
35638
35644
35650
35656
35758
35764
35770
35776
35782
35788
35794
35800
35806
35812
35818
35824
35830
35974
35980
35986
35992
35998
36004
36010
36016
36022
36124
36130
36136
36142
36148
36154
36160
36166
36172
36178
36184
36190
36196
36202
36340
36346
36352
36358
36364
36370
36376
36382
36388
36484
36490
36496
36502
36508
36514
36520
36526
36532
36538
36544
36550
36556
36562
36568
36706
36712
36718
36724
36730
36736
36742
36748
36754
36760
36850
36856
36862
36868
36874
36880
36886
36892
36898
36904
36910
36916
36922
36928
36934
37072
37078
37084
37090
37096
37102
37108
37114
37120
37126
37216
37222
37228
37234
37240
37246
37252
37258
37264
37270
37276
37282
37288
37294
37300
37438
37444
37450
37456
37462
37468
37474
37480
37486
37492
37498
37582
37588
37594
37600
37606
37612
37618
37624
37630
37636
37642
37648
37654
37660
37666
37798
37804
37810
37816
37822
37828
37834
37840
37846
37852
37858
37864
37948
37954
37960
37966
37972
37978
37984
37990
37996
38002
38008
38014
38020
38026
38032
38164
38170
38176
38182
38188
38194
38200
38206
38212
38218
38224
38230
38308
38314
38320
38326
38332
38338
38344
38350
38356
38362
38368
38374
38380
38386
38392
38398
38404
38530
38536
38542
38548
38554
38560
38566
38572
38578
38584
38590
38596
38674
38680
38686
38692
38698
38704
38710
38716
38722
38728
38734
38740
38746
38752
38758
38764
38770
38896
38902
38908
38914
38920
38926
38932
38938
38944
38950
38956
38962
39040
39046
39052
39058
39064
39070
39076
39082
39088
39094
39100
39106
39112
39118
39124
39130
39136
39262
39268
39274
39280
39286
39292
39298
39304
39310
39316
39322
39328
39406
39412
39418
39424
39430
39436
39442
39448
39454
39460
39466
39472
39478
39484
39490
39496
39502
39628
39634
39640
39646
39652
39658
39664
39670
39676
39682
39688
39694
39772
39778
39784
39790
39796
39802
39808
39814
39820
39826
39832
39838
39844
39850
39856
39862
39868
39994
40000
40006
40012
40018
40024
40030
40036
40042
40048
40054
40060
40144
40150
40156
40162
40168
40174
40180
40186
40192
40198
40204
40210
40216
40222
40228
40234
40360
40366
40372
40378
40384
40390
40396
40402
40408
40414
40420
40426
40510
40516
40522
40528
40534
40540
40546
40552
40558
40564
40570
40576
40582
40588
40594
40600
40726
40732
40738
40744
40750
40756
40762
40768
40774
40780
40786
40792
40876
40882
40888
40894
40900
40906
40912
40918
40924
40930
40936
40942
40948
40954
40960
40966
41092
41098
41104
41110
41116
41122
41128
41134
41140
41146
41152
41158
41242
41248
41254
41260
41266
41272
41278
41284
41290
41296
41302
41308
41314
41320
41326
41332
41458
41464
41470
41476
41482
41488
41494
41500
41506
41512
41518
41524
41608
41614
41620
41626
41632
41638
41644
41650
41656
41662
41668
41674
41680
41686
41692
41698
41824
41830
41836
41842
41848
41854
41860
41866
41872
41878
41884
41890
41974
41980
41986
41992
41998
42004
42010
42016
42022
42028
42034
42040
42046
42052
42058
42064
42190
42196
42202
42208
42214
42220
42226
42232
42238
42244
42250
42256
42262
42334
42340
42346
42352
42358
42364
42370
42376
42382
42388
42394
42400
42406
42412
42418
42424
42430
42550
42556
42562
42568
42574
42580
42586
42592
42598
42604
42610
42616
42622
42628
42700
42706
42712
42718
42724
42730
42736
42742
42748
42754
42760
42766
42772
42778
42784
42790
42796
42802
42916
42922
42928
42934
42940
42946
42952
42958
42964
42970
42976
42982
42988
42994
43000
43066
43072
43078
43084
43090
43096
43102
43108
43114
43120
43126
43132
43138
43144
43150
43156
43162
43168
43174
43216
43222
43228
43234
43240
43246
43276
43282
43288
43294
43300
43306
43312
43318
43324
43330
43336
43342
43348
43354
43360
43366
43372
43426
43432
43438
43444
43450
43456
43462
43468
43474
43480
43486
43492
43498
43504
43510
43516
43522
43528
43534
43540
43546
43552
43558
43564
43570
43576
43582
43588
43594
43600
43606
43612
43618
43624
43630
43636
43642
43648
43654
43660
43666
43672
43678
43684
43690
43696
43702
43708
43714
43720
43726
43732
43738
43744
43786
43792
43798
43804
43810
43816
43822
43828
43834
43840
43846
43852
43858
43864
43870
43876
43882
43888
43894
43900
43906
43912
43918
43924
43930
43936
43942
43948
43954
43960
43966
43972
43978
43984
43990
43996
44002
44008
44014
44020
44026
44032
44038
44044
44050
44056
44062
44068
44074
44080
44086
44092
44098
44104
44110
44116
44140
44146
44152
44158
44164
44170
44176
44182
44188
44194
44200
44206
44212
44218
44224
44230
44236
44242
44248
44254
44260
44266
44272
44278
44284
44290
44296
44302
44308
44314
44320
44326
44332
44338
44344
44350
44356
44362
44368
44374
44380
44386
44392
44398
44404
44410
44416
44422
44428
44434
44440
44446
44452
44458
44464
44470
44476
44482
44488
44494
44500
44506
44512
44518
44524
44530
44536
44542
44548
44554
44560
44566
44572
44578
44584
44590
44596
44602
44608
44614
44620
44626
44632
44638
44644
44650
44656
44662
44668
44674
44680
44686
44692
44698
44704
44710
44716
44722
44728
44734
44740
44746
44752
44758
44764
44770
44776
44782
44788
44794
44800
44806
44812
44818
44824
44830
44836
44842
44848
44854
44860
44866
44872
44878
44884
44890
44896
44902
44908
44914
44920
44926
44932
44938
44944
44950
44956
44962
44968
44974
44980
44986
44992
44998
45004
45010
45016
45022
45028
45034
45040
45046
45052
45058
45064
45070
45076
45082
45088
45094
45100
45106
45112
45118
45124
45130
45136
45142
45148
45154
45160
45166
45172
45178
45184
45190
45196
45202
45208
45214
45220
45226
45232
45238
45244
45250
45256
45262
45268
45274
45280
45286
45292
45298
45304
45310
45316
45322
45328
45334
45340
45346
45352
45358
45364
45370
45376
45382
45388
45394
45400
45406
45412
45418
45424
45430
45436
45442
45448
45454
45460
45466
45472
45478
45484
45490
45496
45502
45508
45514
45520
45526
45532
45538
45544
45652
45658
45664
45670
45676
45682
45688
45694
45700
45706
47338
47344
47698
47704
47710
47716
47860
47866
47872
48064
48070
48076
48082
48214
48220
48226
48232
48238
48244
48250
48256
48262
48430
48436
48442
48448
48454
48574
48580
48586
48592
48598
48604
48610
48616
48622
48628
48634
48796
48802
48808
48814
48820
48934
48940
48946
48952
48958
48964
48970
48976
48982
48988
48994
49000
49156
49162
49168
49174
49180
49186
49192
49300
49306
49312
49318
49324
49330
49336
49342
49348
49354
49360
49366
49522
49528
49534
49540
49546
49552
49558
49666
49672
49678
49684
49690
49696
49702
49708
49714
49720
49726
49732
49882
49888
49894
49900
49906
49912
49918
49924
50026
50032
50038
50044
50050
50056
50062
50068
50074
50080
50086
50092
50098
50248
50254
50260
50266
50272
50278
50284
50290
50392
50398
50404
50410
50416
50422
50428
50434
50440
50446
50452
50458
50464
50614
50620
50626
50632
50638
50644
50650
50656
50758
50764
50770
50776
50782
50788
50794
50800
50806
50812
50818
50824
50830
50980
50986
50992
50998
51004
51010
51016
51022
51124
51130
51136
51142
51148
51154
51160
51166
51172
51178
51184
51190
51196
51346
51352
51358
51364
51370
51376
51382
51388
51490
51496
51502
51508
51514
51520
51526
51532
51538
51544
51550
51556
51562
51712
51718
51724
51730
51736
51742
51748
51754
51760
51850
51856
51862
51868
51874
51880
51886
51892
51898
51904
51910
51916
51922
51928
51934
52072
52078
52084
52093
52099
52105
52111
52117
52123
52129
52135
52141
52147
52153
52159
52165
52171
52177
52183
52189
52195
52201
52207
52213
52219
52327
52333
52339
52628
52634
52640
52646
52652
52658
52664
52670
52676
52681
52687
52693
52699
52705
52711
52717
52801
52807
52813
52819
52825
52831
52837
52843
52849
52855
52861
52867
52873
52879
52885
53017
53023
53035
53041
53047
53053
53059
53065
53071
53077
53083
53089
53095
53101
53107
53113
53119
53125
53131
53137
53143
53149
53251
53257
53263
53269
53275
53558
53564
53570
53576
53582
53588
53594
53600
53605
53611
53617
53623
53629
53635
53641
53713
53719
53725
53731
53737
53743
53749
53755
53761
53767
53773
53779
53785
53791
53797
53803
53809
53929
53941
53947
53953
53959
53965
53971
53977
53983
53989
53995
54001
54007
54013
54019
54025
54031
54037
54043
54139
54145
54151
54157
54163
54169
54175
54452
54458
54464
54470
54476
54482
54488
54493
54499
54505
54511
54517
54523
54529
54589
54595
54601
54607
54613
54619
54625
54631
54637
54643
54649
54655
54661
54667
54673
54679
54685
54691
54697
54703
54709
54715
54721
54727
54733
54739
54745
54751
54757
54763
54769
54775
54793
54799
54811
54817
54823
54829
54835
54841
54847
54853
54859
54865
54871
54877
54883
54889
54895
54901
54997
55003
55009
55015
55021
55027
55033
55039
55310
55316
55322
55328
55334
55340
55345
55351
55357
55363
55369
55375
55381
55423
55429
55435
55441
55447
55453
55459
55465
55471
55477
55483
55489
55495
55501
55507
55513
55519
55525
55531
55537
55543
55549
55555
55561
55567
55573
55579
55585
55591
55597
55603
55609
55615
55621
55627
55633
55645
55651
55657
55663
55669
55675
55681
55687
55693
55699
55705
55711
55717
55723
55819
55825
55831
55837
55843
55849
55855
55861
55867
56132
56138
56144
56150
56156
56161
56167
56173
56179
56185
56191
56197
56203
56209
56215
56221
56227
56233
56239
56245
56251
56257
56263
56269
56275
56281
56287
56293
56299
56305
56311
56317
56323
56329
56335
56341
56347
56353
56359
56365
56371
56377
56383
56389
56395
56401
56407
56413
56419
56425
56431
56443
56449
56455
56461
56467
56473
56479
56485
56491
56497
56503
56509
56605
56611
56617
56623
56629
56635
56641
56647
56653
56659
56671
56677
56683
56689
56695
56701
56707
56713
56719
56725
56731
56827
56833
56839
56845
56851
56857
56863
56869
56875
56881
56899
56905
56911
56917
56923
56929
56935
56941
56947
56953
57049
57055
57061
57067
57073
57079
57085
57091
57097
57103
57109
57127
57133
57139
57145
57151
57157
57163
57169
57175
57271
57277
57283
57289
57295
57301
57307
57313
57319
57325
57331
57355
57361
57367
57373
57379
57385
57391
57397
57493
57499
57505
57511
57517
57523
57529
57535
57541
57547
57553
57583
57589
57595
57601
57607
57613
57619
57715
57721
57727
57733
57739
57745
57751
57757
57763
57769
57775
57781
57811
57817
57823
57829
57835
57841
57937
57943
57949
57955
57961
57967
57973
57979
57985
57991
57997
58003
58039
58045
58051
58057
58063
58159
58165
58171
58177
58183
58189
58195
58201
58207
58213
58219
58225
58231
58466
58472
58478
58484
58489
58495
58501
58507
58513
58519
58525
58531
58537
58543
58549
58555
58561
58567
58573
58579
58585
58591
58597
58603
58609
58615
58621
58627
58633
58639
58645
58651
58657
58663
58669
58675
58681
58687
58693
58699
58711
58717
58723
58729
58819
58825
58831
58837
58843
58849
58855
58861
58867
58873
58879
58885
58891
59105
59111
59117
59123
59128
59134
59140
59146
59152
59158
59164
59170
59176
59182
59188
59194
59200
59206
59212
59218
59224
59230
59236
59242
59248
59254
59260
59266
59272
59278
59284
59290
59296
59302
59308
59314
59320
59332
59338
59344
59428
59434
59440
59446
59452
59458
59464
59470
59476
59482
59488
59494
59500
59696
59702
59708
59713
59719
59725
59731
59737
59743
59749
59755
59761
59767
59773
59779
59785
59791
59797
59803
59809
59815
59821
59827
59833
59839
59845
59851
59857
59863
59869
59875
59881
59887
59899
59983
59989
59995
60001
60007
60013
60019
60025
60031
60037
60043
60049
60055
60061
60233
60239
60244
60250
60256
60262
60268
60274
60280
60286
60292
60298
60304
60310
60316
60322
60328
60334
60340
60346
60352
60358
60364
60370
60376
60382
60388
60394
60400
60484
60490
60496
60502
60508
60514
60520
60526
60532
60538
60544
60550
60556
60562
60572
60578
60584
60590
60596
60602
60608
60614
60620
60626
60632
60638
60644
60650
60656
60662
60668
60674
60680
60686
60692
60698
60704
60710
60716
60721
60727
60733
60739
60745
60751
60757
60763
60769
60775
60781
60787
60793
60799
60805
60931
60937
60943
60949
60955
60961
60967
60973
60979
60985
60991
60997
61003
61013
61019
61025
61031
61037
61043
61049
61055
61061
61067
61073
61079
61085
61091
61097
61103
61109
61115
61121
61127
61133
61139
61144
61150
61156
61162
61168
61174
61180
61186
61192
61198
61204
61210
61324
61330
61336
61342
61348
61354
61360
61366
61372
61378
61384
61390
61400
61406
61412
61418
61424
61430
61436
61442
61448
61454
61460
61466
61472
61478
61484
61490
61496
61502
61508
61513
61519
61525
61531
61537
61543
61549
61555
61561
61567
61573
61663
61669
61675
61681
61687
61693
61699
61705
61711
61717
61723
61733
61739
61745
61751
61757
61763
61769
61775
61781
61787
61793
61799
61805
61811
61817
61823
61828
61834
61840
61846
61852
61858
61864
61870
61876
61882
61948
61954
61960
61966
61972
61978
61984
61990
61996
62002
62012
62018
62024
62030
62036
62042
62048
62054
62060
62066
62072
62078
62084
62089
62095
62101
62107
62113
62119
62125
62131
62137
62179
62185
62191
62197
62203
62209
62215
62221
62227
62237
62243
62249
62255
62261
62267
62273
62279
62285
62291
62296
62302
62308
62314
62320
62326
62332
62338
62356
62362
62368
62374
62380
62386
62392
62398
62408
62414
62420
62426
62432
62438
62444
62449
62455
62461
62467
62473
62479
62491
62497
62503
62509
62515
62525
62531
62537
62543
62548
62554
62560
62572
62578
62588
62675
62681
62687
62692
62698
62704
62710
62716
62722
62806
62812
62818
62842
62848
63880
63887
