2
10
15
42
62
72
95
109
145
209
233
234
245
254
258
382
384
389
391
396
439
454
527
670
684
704
757
766
782
789
794
795
797
810
859
861
914
915
926
937
955
975
1057
1068
1088
1110
1115
1119
1123
1161
1185
1212
1239
1259
1261
1277
1284
1301
1302
1330
1336
1360
1364
1381
1383
1384
1399
1417
1430
1445
1453
1487
1492
1502
1505
1510
1511
1514
1526
1542
1544
1553
1558
1561
1585
1588
1604
1617
1629
1646
1668
1698
1699
1698
1707
1711
1733
1757
1775
1785
1798
1800
1804
1822
1825
1835
1844
1846
1879
1883
1902
1922
1946
1951
1967
1986
1994
2005
2007
2035
2047
2063
2069
2096
2112
2125
2138
2145
2156
2164
2186
2194
2218
2220
2184
2240
2242
2245
2268
2285
2286
2291
2301
2337
2391
2406
2409
2415
2422
2427
2428
2427
2432
2450
2455
2469
2477
2505
2518
2539
2538
2541
2546
2549
2547
2560
2563
2569
2571
2579
2580
2591
2598
2170
2605
2616
2618
2619
2625
2630
2632
2655
2675
2681
2682
2691
2692
2691
2694
2699
2700
2729
2747
2748
2750
2752
2760
2761
2773
2775
2779
2783
2785
2789
2792
2794
2798
2803
2842
2864
2878
2888
2890
2908
2922
2923
2930
2933
2938
2946
2957
2960
2966
2972
2973
2978
2982
2997
2653
3012
3015
3026
3027
3032
3033
3049
3058
3031
3066
3071
3073
3083
3084
3087
3096
3106
3124
3169
3184
3200
3204
3215
3218
3233
3243
3247
3256
3264
3273
3278
3300
3303
3335
3347
3353
3356
3364
3366
3369
3375
3376
3380
3388
3398
3407
3408
3418
3419
3418
3436
3435
3440
3441
3454
3456
3470
3482
3487
3504
3521
3528
3529
3534
3537
3547
3553
3554
3569
3571
3572
3571
3576
3595
3608
3610
3612
3617
3629
3636
3637
3641
3646
3652
3659
3668
3667
3669
3675
3680
3699
3705
3717
3724
3754
3758
3760
3763
3418
3769
3772
3782
3785
3788
3790
3793
3800
3803
3804
3810
3817
3822
3489
3834
3846
3851
3854
3857
3864
3868
3876
3879
3893
3913
3922
3924
3932
3933
3949
3953
3969
3973
3980
3989
3987
4010
4024
3727
4028
4064
4067
4073
4074
4079
4082
4083
3813
4104
4139
4145
4148
4157
4187
4203
4211
4215
4220
4234
4236
4259
4262
4271
4269
4281
4285
4284
4287
4295
4296
4300
4310
4317
4321
4331
4337
4343
4346
4344
4358
4376
4408
4433
4442
4443
4459
4458
4462
3351
4466
4467
4475
4468
4478
4481
4501
4511
4512
4513
4523
4525
4528
4532
4534
4539
4546
4550
4571
4580
4615
4622
4656
4667
4678
4681
4691
4692
4695
4700
4705
4744
4760
4762
4765
4764
4770
4780
4794
4801
4802
4818
4838
4841
4844
4845
4849
4850
4852
4869
4871
4872
4875
4872
4874
4880
4882
4885
4893
4895
4899
4909
4206
4919
4921
4927
4932
4937
4939
4943
4949
4955
4985
5036
5054
5055
5059
5061
5074
5079
5099
5111
5127
5128
5142
5145
5153
5165
5170
5174
5222
5225
5273
5308
5312
5331
5339
5340
5345
5343
5351
5352
5358
5361
5376
5390
5395
5398
5401
5409
5412
5415
5436
5441
5496
5507
5508
5512
5540
5554
5556
5560
5562
5567
5568
5588
5600
5607
5615
5664
5694
5705
5716
5736
5791
5814
5815
5817
5823
5847
5853
5855
5864
5814
5867
5875
5876
5877
5879
5887
5908
5919
5920
5922
5930
5939
5980
5984
5992
6018
6027
6028
6027
6056
6060
6065
6068
6094
6097
6101
6122
6126
5694
6129
6132
6137
6138
6143
6155
6156
6161
6164
6165
6186
6199
6205
6208
6211
6233
6239
6240
6243
6240
6254
6258
6263
6293
6259
6258
6294
6297
6300
6354
6415
6443
6444
6447
6451
6456
6480
6492
6496
6498
6508
6510
6521
6539
6570
6604
6629
6635
6643
6654
6677
6678
6682
6684
6688
6720
6735
6746
6767
6772
6776
6777
6780
6784
6801
6852
6891
6895
6896
6907
6916
6920
6950
6965
6967
6971
6982
6988
7000
7007
7011
7023
7029
7039
7041
7054
7061
7067
7073
7074
7090
7093
7105
7108
7110
7115
7116
7122
7125
7130
7134
7135
6160
7148
7157
7161
7180
7199
7205
7223
7227
7236
7237
7258
7262
7267
7269
7277
7270
7290
7306
7305
7309
7311
7316
7327
7340
7345
7355
7379
7388
7401
7426
7442
7449
7462
7483
7486
7489
7506
7519
7523
7525
7537
7540
7543
7553
7566
7580
7598
7608
7620
7649
7657
7658
7657
7659
7661
7667
7693
7696
7720
7729
7736
7742
7759
7760
7764
7770
7768
7784
7795
7837
7841
7847
7850
7852
7856
7892
7893
7896
7907
7936
7939
7956
7979
7993
7998
8001
8006
8011
8032
8034
8038
8042
8050
8051
8069
8077
8093
8095
8110
8116
8124
8138
8143
8150
8156
8162
8165
8173
8178
8186
8190
8203
8228
8230
8247
8256
8260
8271
8276
8280
8306
8309
8321
8325
8331
8334
8352
8358
8364
8366
8398
8399
8427
8435
8467
8478
8485
8506
8522
8531
8533
8537
8541
8551
8561
8574
8581
8589
8593
8597
8599
8603
8605
8607
8613
8636
8644
8646
8649
8651
8660
8666
8668
8524
8677
8705
8710
8712
8725
8727
8732
8733
8737
8739
8750
8749
8755
8762
8772
8777
8790
8808
8856
8863
8871
8881
8885
8907
8913
8924
8930
8937
8942
8948
8949
8973
8979
8986
9003
9011
9012
9019
9028
9029
9030
9031
9041
9044
9055
9058
9067
9043
9077
9078
9092
9101
9109
9113
9115
9116
9119
9132
9135
9142
9148
9151
9169
9186
9204
9215
9216
9224
9225
9226
9233
9248
9249
9264
9281
9282
9285
9286
9285
9290
9295
9312
9323
9334
9351
9355
9362
9340
9363
9374
9377
9379
9385
9387
9392
9397
9401
9407
9409
9416
9419
9420
9424
9423
9426
9430
9466
9100
9491
9497
9524
9527
9529
9532
9548
9550
9560
9563
9577
9580
9584
9585
9592
9600
9605
9621
9635
9636
9643
9661
9666
9672
9686
9684
9692
9697
9700
9708
9711
9712
9718
9725
9726
9737
9739
9751
9759
9767
9787
9789
9803
9806
9808
9815
9828
9832
9836
9849
9852
9895
9910
9375
9914
9940
9939
9944
9948
9949
9969
9976
9978
10005
10013
10017
10032
10053
9759
10065
10089
10100
10104
10110
10056
10115
10118
10133
10142
10143
10149
10161
10178
10179
10193
10206
10224
10231
10241
10246
10250
10257
10274
10275
10292
10301
10302
10313
10316
10327
10348
10352
10361
10030
10363
10368
10373
10385
10388
10406
10405
10409
10415
10420
10439
10440
10468
10479
10500
10518
10576
10580
10581
10585
10587
10604
10620
10625
10629
10635
10638
10640
10638
10643
10647
10652
10655
10653
10657
10661
10662
10667
10679
10689
10709
10712
10718
10720
10722
10371
10733
10739
10745
10749
10775
10795
10753
10798
10800
10807
10817
10818
10847
10857
10861
10874
10883
10882
10894
10897
10911
10915
10919
10921
10925
10927
10931
10942
10982
10985
11016
11034
11039
11053
11055
11063
11061
11067
11077
10720
11081
11105
11122
11140
11144
11168
11175
11186
11189
11221
11233
11237
11276
11274
11281
11289
11298
11302
11350
11353
11359
11371
11375
11381
11384
11391
11392
11426
11436
11441
11474
11502
11506
11510
11509
11513
11522
11577
11610
11614
11618
11626
11629
11637
11678
11684
11719
11732
11734
11741
11740
11743
11747
11749
11775
11777
11778
11779
11788
11809
11818
11825
11827
11830
11866
11883
11899
11909
11907
11921
11922
11151
11935
11952
11970
11975
12046
12056
12062
12063
12079
12091
10531
12095
12109
12111
12117
12128
12132
12136
12145
12162
12182
12207
12211
12246
12257
12259
12266
12324
12332
12356
12379
12383
12432
12442
12452
12451
12458
12475
12481
12482
12481
12537
12571
12612
12618
12662
12686
12693
12757
12761
12802
12840
12844
12855
12869
12877
12881
12879
12897
12926
12928
12952
12970
12973
12990
12994
13009
13031
13055
13067
13072
13081
13085
13097
13104
13109
13133
13152
13159
13158
13173
13185
13197
13204
13208
13220
13239
13255
13254
13268
13277
13289
13295
13306
13309
13325
13324
13328
13335
13376
13382
13388
13402
13406
13415
13421
13428
13445
13447
13458
13465
13466
13475
13485
13503
13510
13512
13529
13543
13544
13543
13562
13576
13595
13600
13607
13611
13637
13658
13663
13666
13674
13687
13712
13715
13723
13752
13763
13770
13776
13779
13789
13795
13807
13806
13809
13837
12952
13867
11296
13872
13899
13905
13921
13925
13946
13948
13952
13970
13976
13980
13994
14011
14013
14030
14039
14042
14046
14049
14053
14063
14066
14087
14089
14093
14102
14110
14117
14120
14123
14125
14134
14141
14144
14160
14173
14177
14190
14194
14199
14200
14199
14203
14220
14226
14232
14264
14339
14343
14344
14029
14363
14381
14384
14391
14404
14406
14417
14419
14422
14426
14447
14434
14448
14463
14469
14471
14472
14478
14491
14503
14516
14539
14565
14566
14582
14594
14597
14599
14598
14615
14618
14627
14649
14652
14657
14652
14663
14668
14672
14673
14689
14694
14706
14717
14729
14732
14737
14789
14790
14499
14802
14834
14846
14850
14514
14855
14856
14864
14866
14879
14891
14899
14902
14904
14911
14915
14932
14890
14935
14941
14944
14945
14951
14954
14958
14963
14973
14999
15005
15024
15036
15050
15051
15058
15004
15060
15061
15060
15063
15087
15092
15104
15129
14472
15138
15149
15151
15157
15160
15164
15163
15177
15178
15177
15189
15204
15211
15213
15231
14877
15242
15252
15255
15265
15269
15274
15280
15286
15290
15288
15295
15298
15297
15304
15311
15313
15319
15329
15332
15339
15379
15381
15382
15381
15393
15396
15399
15432
15436
15440
15442
15452
15455
15456
15459
15462
15463
15476
15495
15500
15502
15527
15533
15535
15534
15545
15553
15555
15559
15565
15569
15575
15581
15589
15565
15592
15591
15601
12840
15605
15610
15624
15639
15327
15646
15649
15659
15666
15669
15674
15679
15686
15690
15691
15695
15702
15704
15705
15706
15710
15718
15722
15725
15727
15731
15763
15766
15765
15769
15770
15773
15774
15775
15814
15816
15817
15816
15839
15840
15841
15843
15844
15848
15862
15869
15868
15872
15874
15878
15882
15896
15898
15899
15898
15905
15904
15907
15911
15918
15933
15938
15941
15947
15948
15955
15967
15970
15969
15973
15978
15981
16002
16007
16034
16036
16045
16047
16052
16054
15940
16058
16012
16060
16079
16082
16085
16088
16091
16095
16101
16120
16124
16123
16126
16127
16129
16131
16132
16134
16142
16140
16143
15438
15440
16157
16160
16162
16165
16169
16168
16175
16186
16196
16198
16202
16205
16211
16217
16219
16223
16225
16227
16230
16237
16241
16247
16248
16255
16259
16260
16268
16274
16275
16279
16282
16291
16298
16319
16321
16325
16338
16350
16357
16374
16377
16389
16409
16407
16411
16418
16374
16421
16427
16433
16443
16444
16451
16454
16456
16460
16455
16462
16465
16469
16472
16473
16478
16480
16481
16490
16489
16493
16495
16450
16505
16510
16520
16535
16546
16551
16556
16567
16566
16573
16583
16589
16587
16590
16601
16604
16615
16620
16643
16650
16653
16656
16673
16707
16711
16721
16719
16730
16656
16733
16732
16735
16737
16738
16737
16742
16753
16784
16786
16785
16793
16794
16809
16814
16822
16821
16824
16834
16837
16843
16842
16857
16868
16866
16873
16877
16880
16882
16881
16884
16898
16900
16904
16906
16913
16915
16918
16919
16934
16941
16945
16946
16951
16432
16957
16961
16962
16966
16968
16351
16982
16996
17000
17005
17016
17032
17053
16912
17059
17062
17064
17069
17013
17078
17098
17127
17128
17127
17130
17134
17135
17143
17149
17152
17154
17158
16489
17173
16542
17177
17179
17185
17191
17194
17204
17210
17213
17229
17230
17245
17249
17247
17251
17254
17257
17262
16398
17271
17276
17277
17278
17294
16785
17298
17313
17321
17330
17329
17356
17361
17367
17377
17378
17380
17383
17393
17396
17397
17402
17405
17404
17407
17413
17415
17428
17427
17441
17443
17447
17448
17453
17455
17459
17483
17494
17498
17499
17503
17506
17511
17515
17517
17542
17545
17548
17552
17551
17553
17581
17584
17594
17600
17602
16834
17609
17611
17615
17622
17623
17627
17629
17633
17638
17642
17641
17643
17647
17646
17650
17672
17677
17676
17680
17679
17683
17690
17693
17704
17708
17715
17729
17727
17731
17735
17748
17759
17765
17767
17770
17769
17778
17808
17812
17814
17825
17831
17837
17852
17871
17888
17934
17956
17961
17972
17901
17974
17983
18004
18014
18016
18019
18022
18026
18028
18043
18046
18045
18049
18053
18062
18065
18071
18075
18103
18118
18124
18126
18133
18171
18176
18187
18191
18194
18204
16639
18205
18218
18232
18236
18239
18241
18245
18240
18248
18250
17443
18260
18290
18296
18298
18301
18305
18307
18315
18317
18315
18320
18323
18335
16870
18339
18344
18347
18350
18348
18356
18362
18366
18379
18386
18388
18407
18408
18416
18418
18421
18425
18428
18455
18473
18472
18474
18478
18481
18482
18485
18483
18487
18490
18494
18495
18499
18502
18505
18509
18520
18535
18534
18537
18545
18560
18562
18565
18569
18572
18577
18579
18584
18596
18601
18608
18609
18619
18623
18622
18635
18637
18559
18646
18655
18659
18679
18699
18704
18706
18708
18713
18715
18717
18722
18727
18735
17812
18736
18745
18751
18753
18757
18763
18771
18779
18793
18794
18793
18796
18811
18815
18817
18842
18832
18847
18856
18860
18864
18872
18878
18890
18892
17271
18897
18901
18908
18922
18930
18937
18940
18946
18947
18946
18949
18951
18962
18963
18967
18970
18980
19003
19013
19017
19031
19033
19094
19103
19105
19108
19113
19120
19124
19145
19148
19168
19171
19181
19183
19184
19195
19198
19205
19216
19012
19220
19222
19234
19250
19261
17560
17561
19263
19276
19280
19286
19289
19290
19299
19303
19322
19320
19325
19324
19335
19340
19345
19348
19349
19351
19354
19357
19359
19375
19379
19381
19385
19387
19389
19404
19410
19417
19421
19423
19426
19425
19429
19430
19432
19438
19445
19449
19457
19458
19463
19466
19467
19472
19483
16941
19486
19490
19502
19500
19505
19509
19511
19509
19514
19519
19521
19524
19526
19528
19532
19534
19537
19540
19542
19550
19553
19556
19558
19560
19566
19568
19566
19571
19570
19572
19577
19580
19585
19590
19594
19598
18529
18454
19599
19606
19607
19606
19613
19618
19625
19627
18565
19635
19640
19643
19642
19646
19644
19648
19653
19662
19667
19676
19678
19681
19687
19697
19703
19654
19653
19704
19705
19704
19711
19721
18679
19723
19727
19729
19733
19731
19734
19741
19751
19758
19766
19765
18348
19782
19795
19797
19801
19808
19806
19811
19810
19815
19825
19827
19832
19830
19839
19843
19853
19863
19867
19869
19877
19880
19883
19885
19894
19895
19901
19902
19906
19910
19919
19869
19922
19921
19926
19930
19882
19883
19932
19937
19935
19946
19954
19955
19958
19959
19961
19959
19964
19976
19981
19985
19999
20002
20004
20006
20008
20015
20017
20021
20031
20048
20049
20053
20066
20072
20087
20085
20099
20097
20105
20106
20110
20113
18544
20116
20120
20121
20127
20097
20132
20133
20138
20052
20141
20145
20156
20157
20165
20176
20181
20184
20193
20197
20201
20216
20219
20221
20225
20230
20239
20241
20245
20248
19383
20252
20191
20255
20256
20257
20263
20269
20273
20282
20295
20300
20302
20303
20309
19527
20311
20313
20318
20319
20329
20333
20335
20339
20346
20351
20359
20361
20364
19611
20368
20377
20380
20385
20389
18408
20396
20398
20408
20416
20418
20420
20418
20422
20424
20432
20436
20441
20440
20446
20458
20462
20464
20468
20474
20482
20407
20491
20490
20493
20497
20501
20496
20525
20530
20535
20540
20545
20555
20556
20558
20561
20560
17838
17840
20565
20573
20575
20579
20581
20584
20588
20591
20592
20605
20612
20614
20621
20643
20640
20649
20657
20659
20662
20666
20667
20678
20680
20431
20682
20687
20690
20697
18079
20717
20718
20723
20735
20736
20737
20736
20741
20743
20747
20662
20749
20754
20764
20774
20777
20779
20785
20788
20794
20797
20807
20809
20808
20813
20815
20818
20820
20826
20829
20035
20836
20839
20838
20846
20845
20847
20859
20864
20878
20880
20891
20898
20902
20904
20912
20914
20913
20925
20930
20929
20933
20932
20934
20955
20965
20969
20967
20985
20989
20932
20933
20993
20995
20998
21004
21006
21014
21021
21025
21029
21035
21038
21039
21058
21062
21065
21066
21071
21074
21089
21091
21093
21097
21109
21116
21120
21124
21123
21131
21140
21138
21149
21022
21157
21169
21172
21173
21172
19561
21174
21178
21191
21193
21203
21214
21218
21220
21233
21234
21239
21242
21244
21257
21260
21263
21265
21268
21274
21283
21289
21292
21295
21302
21305
21307
21310
21323
21329
21330
21334
21335
21343
21347
21350
21365
21370
21372
21376
21375
21380
21381
21390
21396
21401
21400
21402
21405
21409
21410
21419
21431
21432
21435
21451
21455
21453
21456
21453
21459
21463
21473
21474
21493
21497
21498
21508
21511
21512
21513
21517
21520
21522
21539
21538
21547
21548
21547
21551
21557
21559
21581
21583
21585
21586
21591
21600
21604
21632
21635
21637
20778
21641
21643
21646
21650
21656
21661
21668
21670
21678
21692
21694
21703
21705
21714
21716
21719
21717
21722
21723
21725
21729
21733
21739
21750
21757
21761
21756
21788
21794
21804
21811
21814
21818
21828
21836
21845
21848
21853
21865
21869
21872
21873
21883
20164
21892
21899
21901
21905
21909
21913
21915
21920
21925
21871
21932
21941
21942
21950
21952
21956
21967
21971
21966
21973
21977
21972
21983
21985
21990
21996
21997
22002
22007
22009
21844
22025
22026
22029
22034
22047
22052
22054
22058
22056
22059
22067
22071
22081
22080
22085
22092
22093
22092
22136
22138
22142
22145
22148
22159
22171
22176
22186
22205
22213
22235
22238
22236
22262
22276
22285
22295
22293
22297
22301
22303
22321
22322
22325
22328
22334
22346
22352
22353
22357
22360
22363
22366
22368
22374
22378
22385
22386
22402
22405
22420
22423
22433
22436
22438
22442
22445
22456
22466
22472
22479
22481
22479
22482
22486
22490
22492
22486
22495
22501
22512
22523
22525
22549
21666
22564
22571
22574
22583
22585
22598
22605
22610
22616
22618
22622
22641
22647
22648
22664
22671
22683
22690
22703
22706
22709
22003
22711
22715
22710
22718
22720
22731
22742
22750
22759
22763
22765
22769
22784
22782
22789
22815
22817
22857
22868
20953
20200
22881
22886
22892
22896
22901
22907
22926
22933
22937
22940
22943
22946
22949
22955
21181
22973
22971
22976
22997
22998
22999
23005
23007
23008
23007
23018
23020
23024
23026
23028
23037
23041
23044
23064
23070
23075
23077
23081
23083
21979
23087
22980
23088
23091
23094
23099
23117
23125
23129
21895
23135
23138
23144
23147
23148
23156
23154
23165
22357
23169
23179
23183
23182
23185
23192
23195
23198
23204
23222
23223
23231
23233
23237
23266
21396
21398
23270
23273
23276
23279
23280
23318
23321
23326
23332
23336
23341
23343
23347
23350
22329
23354
23369
23375
23378
23384
23389
23395
23402
23407
23406
23417
23419
23442
23450
23462
23495
23513
23511
23564
23571
23572
23582
23583
23584
23587
23591
23595
23601
23602
23605
23609
23613
23614
23613
23619
23622
23623
23627
23628
23632
23636
23638
23637
23646
23654
23660
23659
23666
23669
23694
23703
23716
23732
23748
23753
23793
23801
23802
23815
23824
23827
23831
23834
23832
23840
23839
23843
23844
23851
23855
23870
23892
23897
23898
23895
23901
23906
23911
23913
23916
23919
22812
22814
23925
20428
20530
23927
20530
23931
23935
23941
23943
23950
23954
23952
23955
23956
23955
23963
23966
23967
23970
23974
23977
23981
21339
23984
23989
23994
23997
23999
23997
24002
23178
24008
24012
24014
24018
24019
24018
24039
24043
24045
24051
24067
24071
24086
24091
24095
24105
24127
24129
24134
24146
24170
24178
24227
23932
24235
24241
24253
24258
24259
24264
24265
24277
24281
24290
24293
23359
24299
24302
24300
24305
24313
24317
24320
24329
23715
24332
24333
24341
24342
24351
24356
24352
24363
24371
24369
22873
22874
24372
24378
24381
24385
24388
24392
24396
24398
24410
24417
22942
24429
24444
24448
24452
24455
24458
24477
24484
24487
24494
24503
24507
24512
24530
24540
24551
24553
24559
24563
24562
24565
24594
24607
24611
24614
24623
24626
24629
24631
24637
24640
24646
24451
24648
24653
23704
24666
24668
24666
24669
24675
24687
24688
24687
24695
24696
24704
23856
24702
24707
24710
24713
24722
24724
24732
24737
24735
24738
24743
24741
24754
24755
24770
24776
24799
24829
24842
24861
24875
24874
24880
24885
24891
24895
24902
24901
24912
24918
24926
24924
24937
24943
24944
24960
24429
24965
24968
24977
24186
24993
24994
24997
25005
25008
25039
25042
25048
25051
25055
25061
25076
25098
25100
25102
25051
25104
25105
25104
25108
25111
25118
25128
25136
25139
25138
25151
25157
23241
25166
25172
24685
25174
25173
25176
23988
25177
25190
25191
25194
25205
25210
25214
25217
25223
25206
25226
25227
25231
25233
25241
25243
25245
25246
25254
25224
25263
25279
25283
25285
25288
24879
24880
25306
25310
25311
25318
25349
25350
25353
25361
25362
25367
25371
25373
25380
25385
25386
25396
25416
25427
25434
25439
25443
25407
25448
25456
25464
25473
25476
25473
25486
25490
25488
25492
25496
25509
25530
25531
25537
25547
25546
25550
25549
25553
25556
25557
25563
25564
25571
25580
25586
25588
25592
25594
25600
25599
25615
25186
25185
25619
25621
25624
25632
25637
25640
25643
25646
25645
25649
25653
25656
25660
24408
25661
25662
25663
25662
25667
25669
25679
25684
25306
25691
25692
25709
25714
25728
25730
25728
25384
25738
25752
25757
25764
25769
25775
25778
25781
25784
25799
25801
25803
25811
25810
25835
25839
25840
25839
25849
25854
25876
25878
25882
25889
25887
25895
25903
25911
25915
25919
25922
25928
25940
25951
25963
25966
25965
25975
25985
25990
25993
25204
26010
26018
26024
26025
26030
26033
26035
26043
26054
26056
26058
26081
26082
26093
26092
26110
26130
26154
26158
26168
26176
26180
26184
26189
26198
26197
26207
26215
26222
26230
26234
26236
26255
26259
26264
26283
26285
26283
26302
26318
26319
26329
26343
26351
26354
26363
26377
26380
26382
26401
26405
26408
26425
26428
26432
26434
26447
26453
26456
26457
26460
26462
26463
26155
26470
26474
26488
26491
26495
26506
26511
26523
26537
26553
26568
26573
26582
26594
26597
26271
26599
26604
26612
26621
26629
26633
26638
26646
26665
26677
26678
26688
26693
26692
26695
26698
26711
26714
26723
26735
26739
26753
26752
26755
26772
26788
26789
26788
26831
26834
26839
26852
26853
26859
26865
26868
25668
26871
26876
26878
26880
26888
26912
26920
26922
26932
26935
26950
26960
26962
26965
26973
26974
26980
26988
26996
27005
27009
27018
27022
27021
27027
27053
27063
27068
27073
27077
26961
27083
27087
27098
27101
27104
27109
27113
27115
27127
27130
27134
27136
27139
26740
27151
27160
27164
27166
27189
27192
27203
27212
27235
27237
27250
25213
25214
27253
27255
27259
27273
27281
27296
27298
27297
27305
27306
27318
27319
27323
27325
27329
27332
27335
27340
27345
27350
27356
27363
27370
27377
27420
27427
27435
27444
27445
27457
27459
27468
27475
27491
27497
27521
27526
27548
27551
27557
27589
27595
27609
27613
27644
27670
27678
27715
27725
27731
27732
27737
27739
27749
27799
27804
27814
27823
27835
27842
27851
27856
27862
27866
27869
27874
27876
27898
27901
27902
27904
27905
27924
27949
28002
28037
28046
28104
28121
28132
28131
28139
28163
28164
28184
28187
28208
28210
28211
28212
28216
28221
28232
28241
28268
28272
28275
28279
28292
28293
28297
28327
28339
28343
28346
28349
28360
28379
28387
28398
28402
28413
28427
28429
28436
28463
28485
28486
28529
28533
28538
28554
28570
28583
28593
28609
28626
28629
28632
28646
28652
28664
28678
28718
28720
28728
28733
28739
28746
28751
28754
28756
28760
28784
28787
28788
28797
28823
28828
28839
28851
28854
28855
28885
28898
28936
28940
28952
28953
28976
28978
28984
29012
29052
29053
29078
29081
29087
29090
29095
29107
29114
29116
29123
29124
29127
29144
29145
29155
29159
29176
29202
29206
29205
29225
29237
29240
29239
29248
29252
29266
29313
29140
29320
29338
29342
29349
29353
29365
29375
29395
29420
29421
29439
29446
29464
29471
29473
29477
29484
29500
29508
29511
29513
29522
29525
29535
29554
29575
29579
29584
29621
29632
29635
29637
29644
29665
29669
29672
29681
29689
29701
29705
29724
29749
29790
29810
29844
29847
29849
29850
29864
29866
29884
29883
29892
29922
29923
29931
29932
29941
29954
29953
29655
29969
29999
30002
29550
30005
30034
30044
30046
30053
30055
30063
30068
30077
30079
30099
30105
30118
30123
30143
30146
30151
30160
30165
30168
30184
30193
30255
30278
30297
30306
30310
30324
30329
30331
30338
30344
30358
30362
30411
30429
30437
30455
30453
30456
30460
30462
30473
30476
30489
30493
30500
30502
30506
30509
30524
30537
30542
30545
30546
30547
30546
30550
30554
30577
30578
30577
30614
30616
30631
30641
30644
30683
30689
30693
30718
30725
30728
30729
30744
30755
30759
30765
30766
30770
30765
30773
30795
30809
30818
30837
30841
30843
30415
30848
30851
30852
30860
30862
30872
30875
30884
30901
30903
30911
30920
30940
30970
30974
30986
30984
30987
30990
31013
31033
31043
31061
31074
31093
31102
31103
31105
31107
31108
31135
31142
31154
31156
31161
31168
31172
31171
31173
31174
31186
31188
31189
31193
31196
31199
31200
31205
31214
31228
31232
31233
31237
31244
31275
31279
31291
31293
31298
31307
31366
31368
31407
31418
31425
31442
31453
31457
31471
31511
31516
31532
31531
31537
31552
31559
31560
31566
31575
31576
31580
31582
31585
31588
31592
31596
31603
31604
31603
31612
31579
31633
31635
31640
31643
31664
31666
31699
31701
31718
31729
31748
31758
31790
31791
31800
31892
31893
31141
31895
31902
31909
31913
31916
31930
31941
31964
31965
31973
31974
31977
31983
31988
31989
31997
32011
32017
32025
32058
32084
32087
32089
32097
32110
32136
32141
32144
32151
32180
32190
32195
31873
32210
32211
32214
32243
32253
31558
32256
32270
32273
32275
32280
32283
32293
32300
32309
32310
32315
32317
32324
32325
32332
32334
32335
32334
32343
32350
32353
32357
32384
32399
32406
32422
32435
32437
32442
32446
32451
32461
32465
32466
32467
32471
32507
32520
32525
32526
32560
32563
32567
32571
32585
32598
32612
32614
32621
32625
32646
32659
32658
32673
32678
32692
32693
32701
32703
32704
32706
32710
32658
32723
32729
32760
32775
32782
31458
31800
32787
32799
32829
32858
32860
32889
32893
32898
32903
32919
32920
32932
32936
32940
32954
32953
32961
32975
32976
32977
32976
32993
33003
33008
33051
33054
33070
33085
33098
33129
33158
33160
32710
32658
33164
33165
33168
33194
33197
33199
33214
33236
33246
33252
33267
33214
33272
33321
33332
33339
32628
33343
33347
33351
33356
33379
33382
33386
33406
33425
33436
33440
33446
33459
33462
33484
33491
33495
33503
33510
33518
33525
33542
33558
33566
33567
33570
33578
33643
33646
33650
33680
33682
33717
33727
33732
33255
33735
33781
33789
32509
33790
33801
33802
33806
33809
33832
33837
33854
33856
33855
33858
33863
33871
33876
33891
33895
33902
33915
33932
33947
33949
33968
33978
33983
33985
33987
33992
33993
34040
34068
34087
34091
34104
34126
34129
34138
34151
34165
34167
34174
34189
34193
34197
34223
34225
34229
34232
34238
34246
34283
34307
34315
34319
34317
34333
34343
34361
34367
34378
34386
34390
34392
34395
34407
34421
34428
34438
34442
34475
34476
34481
34484
34485
34489
34490
34489
34491
34496
34500
34505
34509
34529
34541
34566
34605
34608
34613
34614
34618
34624
34637
34638
34644
34656
34671
34672
34688
34692
34700
34701
34704
34714
34718
34731
34736
34737
34745
34775
34787
34791
34811
34824
34841
34843
34847
34853
34380
34858
34859
34860
34862
34886
34889
34901
34909
34931
34939
34953
34959
34970
34973
34985
34989
34486
34994
34993
34995
35000
35036
35052
35058
35062
35072
35086
35117
35140
35144
35145
35151
35159
35161
35177
35189
35191
35195
35208
35223
35235
35240
35267
35304
35317
35320
35331
35335
35350
35358
35362
35370
35375
35379
35414
35419
35421
35425
35435
35448
35454
35478
35481
35494
35502
35509
35514
35525
35530
35608
35642
35681
35688
35721
35752
35767
35779
35778
35791
35801
35807
35810
35827
35834
35854
35860
35299
35897
35903
35904
35906
35945
35955
35957
35955
35962
35969
35974
35980
35983
35984
35986
36007
36009
36010
36023
36024
36026
36028
36043
36046
36050
36049
36064
36093
36101
36127
36126
36137
36157
36159
36167
36176
36177
36192
36199
36206
36209
36222
36246
36277
36283
36323
36325
36329
36350
36349
36354
36357
36362
36364
36377
36382
36385
36386
36385
36403
36404
36433
36439
36443
36446
36447
36454
36490
36494
36527
36529
36531
36534
36556
36558
36578
36613
36629
36631
36635
36636
36646
36668
36684
36687
36689
36704
36710
36737
36778
36780
36785
36788
36791
36822
36828
36833
36843
36848
36863
36871
36875
36880
36882
36892
36897
36901
36904
36910
36924
36928
36930
36944
36957
36976
36978
36999
37013
37019
37030
37033
37035
37040
37041
37055
37056
37057
37059
37061
37066
37081
37084
37083
37105
37104
37119
37158
37163
37162
37172
37185
37190
37191
37196
37200
37216
37240
37239
37246
36892
37251
37256
37258
37268
37270
37284
37291
37290
37295
37296
37315
36982
37322
37336
37354
37367
37373
37389
37421
37419
37449
37450
37456
37458
37462
37465
37466
37465
37479
37518
37525
37524
37527
37537
37541
37543
37573
37582
37589
37597
37290
37600
37607
37619
37622
37633
37667
37674
37687
36664
37689
37709
37719
37728
37750
37753
37766
37768
37770
37764
37775
36886
37782
37788
37795
37798
37805
37806
37815
37820
37825
37832
37853
37851
37865
37886
37894
37898
37900
37902
37907
37918
37955
37960
37963
37972
37980
37981
37995
38004
38013
38018
38042
38049
38050
38054
38060
38063
38065
38066
38067
38079
38084
38088
38101
38106
38111
38113
38130
38133
38162
38180
38181
38178
38186
38187
38201
38207
38211
38212
38215
38224
38236
38251
38266
38283
38288
38290
38292
38299
38307
38309
38310
38325
38334
38375
38398
38412
38419
38443
38445
38448
38453
38462
38464
38483
38484
38496
38506
38529
38539
38546
38549
38568
38590
38601
38602
38621
38613
38629
38651
38653
38667
38670
38697
38700
38705
38714
38720
38737
38762
38760
38763
38764
38769
38831
38832
38836
38835
38855
38857
38860
38868
38873
38879
38902
38904
38909
38912
38920
38926
38956
38957
38956
38974
38982
38997
39007
39028
38283
39047
39049
39067
39096
39109
39145
39191
39205
39220
39222
39246
39249
39246
39254
39259
39277
39301
39326
39329
39355
39372
39377
39422
39457
39448
39498
39502
39527
39563
39565
39568
39570
39681
39705
39708
39720
39748
39765
39789
39794
39795
39799
39803
39805
39827
39830
39836
39855
39865
39883
39887
39911
39921
39946
39910
39986
39987
39996
39999
40022
40033
40037
40038
40073
40114
40137
40142
40144
40151
40157
40162
40187
40200
40218
40229
40283
40286
40288
40319
40351
40353
40374
40379
40393
40403
40417
40442
40474
40481
40543
40546
40558
40561
40577
40610
40624
40628
40637
40639
40671
40721
40740
40795
40798
40812
40815
40858
40903
41041
41393
41398
41425
41436
41462
41472
41498
41525
41533
41911
41915
41919
41938
41958
41965
42127
42130
42453
42460
42506
42513
42570
42775
42822
42865
42868
42991
43047
43058
42513
43063
43152
43200
43202
43342
43350
43353
43505
43508
43512
43515
43579
43623
43630
43668
43684
43695
43722
43830
43848
43946
43953
43974
44027
44117
44120
44127
1121
44129
1197
44134
44146
44178
44188
44206
44243
44322
44332
44360
44135
44361
44406
44449
44458
44484
44487
44496
44540
44548
44551
44559
44565
44622
44623
44649
44664
44543
44676
44684
44685
1713
44758
44773
44782
44790
44800
44809
44844
44848
44847
44855
44916
44920
44919
44928
44953
44956
44962
44965
45016
45019
45027
45117
45124
45127
45198
45224
45227
45234
45241
45269
45281
45290
45298
41878
45308
45376
45403
45434
45439
45448
45497
45512
45520
45529
45532
44565
45558
45567
45575
45585
45618
45621
45657
45711
45736
45739
45774
1670
1689
45835
45837
45835
45855
45864
45879
45882
45898
45909
45933
45936
45945
46037
46073
46091
46125
46134
46150
46159
46170
46177
46180
46204
46240
46243
46260
46314
46377
46402
46469
46473
46476
46493
46496
46555
46582
46609
46618
46621
46627
46654
46719
46737
46745
46748
46791
46798
46827
46870
1690
2036
46873
45838
45835
46891
46908
46944
46996
47040
47086
47140
47167
47180
47205
47222
47252
47257
47295
47304
47319
47322
47338
47347
2191
47419
47422
47430
47486
47491
47500
47503
47518
47554
47565
2267
47574
47581
47734
47772
47778
47834
47851
47896
47934
47940
47943
47988
47997
48012
48015
48022
48034
48048
46819
48049
48052
48085
2441
48088
48120
45835
45838
48123
48132
2451
48159
48177
48186
48212
48283
48294
48314
48319
48382
48385
48390
48395
48393
48404
3480
48410
2218
48408
3009
48418
48445
48448
48454
48483
48503
48510
48555
48561
48564
2600
48571
48573
48580
48583
48599
47350
48627
48645
48653
48652
48656
48647
48661
48664
48697
48735
2657
48742
48771
48778
48788
48791
48806
47420
48813
3924
48816
48834
48843
3034
48841
48852
48860
48863
48888
48896
48940
48953
48961
49029
49048
49051
49084
49087
49095
49102
49105
49120
49123
49133
49147
49150
49164
49167
49176
49264
49267
49291
49294
49392
49399
49435
49438
49463
49500
49507
49524
3876
49533
49536
49534
49543
2927
49562
49560
49570
49581
49608
49634
49633
2957
2956
49660
48656
49670
49686
2632
49713
49716
49718
2655
49750
49761
2999
49776
49786
49797
3013
49804
3642
49806
49812
49815
49831
49851
49859
49858
49862
49867
49869
2691
49887
49896
49915
49939
49861
49950
49965
49968
49976
49977
3723
50022
50028
50033
50055
50058
47854
50067
3105
50083
50086
50130
50157
50191
50272
50275
50274
50283
3168
50317
50337
50355
50363
3520
50362
50379
50390
50420
50454
50462
50499
50510
4740
50533
50562
3266
50589
50667
50670
50735
50857
3367
50860
50868
50861
50866
3027
50877
50886
50895
50893
50896
50903
50929
2287
2286
3389
47572
50929
50932
47629
50949
50994
51001
51003
51001
51083
2745
51093
51100
51111
51120
51127
51130
51135
51138
51136
51156
51173
3802
51209
51218
51219
51237
51244
51247
51282
51300
51309
51319
51326
51325
51336
51352
51209
51355
51372
3536
51328
51381
51399
51406
51409
51425
51550
51579
51590
51606
51617
51662
51667
51678
51686
51696
4365
51703
51706
51721
51730
51733
51766
51769
51792
51795
51806
51820
51838
51867
51882
51884
51892
51931
51939
51946
49796
52011
52027
52030
52045
3419
52048
52049
52054
52065
3767
52072
52075
52080
47629
52083
4903
52092
3771
52099
52102
52109
52127
52130
52135
52138
52147
52155
52171
52174
52182
52209
52216
52219
52227
52236
52244
51247
52288
52308
52324
52327
52362
52372
1359
52407
52497
52504
52505
52504
52542
52549
52552
52559
52576
52603
52630
52667
52668
3968
52677
3971
51614
52685
52731
52837
51949
52840
52839
52845
52847
52864
52938
52967
4464
52965
52974
52982
52975
52992
53000
53003
53026
53028
53053
53082
53089
53100
4884
53172
53173
53180
53187
53183
53196
53207
53217
4151
53226
53237
53332
53376
53385
53469
53487
53543
53576
4707
53579
53595
53610
53623
53631
53639
53658
53668
53693
53718
52134
53737
53748
53777
53804
53865
53874
53881
53971
53989
4443
54062
54072
54073
54079
54099
4445
54145
54151
54161
54171
54169
54189
4872
4874
54205
54277
54306
54333
4523
54340
54349
54352
54378
54387
54394
54403
54495
54503
54610
54621
54719
54722
54764
54772
54799
54802
54803
5098
54808
54819
54846
54855
54881
54891
54883
54908
53639
54925
54927
54936
54852
54990
54997
55051
55054
55059
55062
55080
55105
55149
55152
55221
55224
55268
55277
55285
55296
5313
55305
55316
4438
55332
55359
55376
54161
55386
4872
4874
5346
4872
5343
55393
54188
55395
55393
54172
55383
55411
53873
55414
55420
53099
52049
55422
55448
55458
55446
55456
55465
55474
55475
5875
55474
55492
55511
55546
4928
55547
55563
55566
55585
55620
55613
55718
55737
55755
55845
55935
55945
55950
55960
55973
55987
55990
56007
56025
56060
56059
56070
56099
56113
56124
56130
56133
56140
56151
56152
56151
56160
5132
5616
56178
56196
56202
56205
56212
56229
56261
56275
56438
6949
6950
56683
56688
56709
56763
56772
56780
56782
56790
56798
56799
56806
56808
56806
56823
56826
56844
56842
56850
56853
56854
56860
5366
56872
56898
56923
56950
56959
56968
57006
57015
57050
57077
57096
57124
57202
57258
57293
57296
57301
57304
57339
57355
57386
57408
57427
57430
57435
6154
57438
57445
57456
57467
57474
57485
57561
57571
57608
57618
57616
57787
57852
57878
57881
57916
57996
58014
58093
58097
58138
58141
58209
58212
58218
58221
6853
58219
58239
58275
58311
58328
58329
58336
58354
5814
6907
6454
56698
58358
58209
58210
58367
58394
5386
58401
5879
58426
58400
55546
58429
58437
58471
58482
58489
58492
58516
58527
58536
58553
58634
58705
58708
58824
58867
58947
58950
58961
58984
59013
59029
59056
59074
59082
59084
59092
59112
59123
59139
59145
59155
59174
59184
59195
59211
59220
59221
59220
59235
59237
59235
59262
59265
59272
59290
6176
59317
59328
59343
59346
59355
59362
59352
59380
59398
59417
59487
59489
59490
59497
59499
59508
59515
59528
59535
59518
59542
59246
59545
59544
59552
59561
59578
59634
59643
6293
59649
59652
59659
58004
59670
59832
60010
60075
60092
60102
60108
60111
60118
60121
60127
60135
60156
60163
60166
60199
60210
60246
60253
60256
60264
60273
60329
8286
60352
60355
60380
60383
60387
60390
60477
60480
60532
60577
60642
60686
60721
60729
60804
6680
60814
6123
60820
60829
60832
60847
60856
60876
60930
60946
60984
6740
61001
61003
7270
61020
7270
61081
61101
61107
61110
61117
61238
61243
61299
61317
61323
61326
5818
61324
61440
61443
61463
61486
60130
61488
61585
61612
61616
6238
6239
61620
61630
61666
61686
61711
6151
6983
61732
61740
61749
61765
61768
61803
61836
61839
60360
61846
61857
61883
61935
61982
61992
62028
62035
62038
62046
62071
62080
61962
62083
7612
7065
7067
62127
62135
62136
62145
62160
62163
62172
62173
62226
62234
62244
62269
62272
62305
62308
62325
62327
62349
62352
62360
62363
60850
59192
62388
62451
62475
62478
62552
62566
62569
62577
62575
62594
62578
62595
62606
62611
62640
62683
62686
62719
62730
62749
62786
62802
62831
62898
62930
62937
62970
62973
63047
62831
63114
63117
63126
63135
63141
63151
63154
63187
7475
63214
63223
63226
63232
63235
63241
63277
63295
63322
63340
63394
63441
63447
63465
63468
63496
63511
63557
63585
63591
63594
63601
7613
63602
63605
63629
63657
7524
63674
63693
63736
63747
63818
63836
62173
63837
8277
63873
63891
63907
62552
63910
63925
63928
63936
63971
63974
8808
63980
63982
63997
64043
64046
64062
64079
64080
64125
64188
64195
64197
64257
64260
64279
64304
64316
64321
64331
64449
64455
64458
64465
64564
64573
64576
64638
64636
64690
64693
64717
64744
64764
64773
64798
64801
64861
64864
64872
64879
64882
64905
64908
64953
64962
64981
64989
64996
64999
65007
65014
65062
65069
65098
65097
65106
8115
65113
65116
65115
65124
65185
65194
65197
65223
65241
65259
8165
65284
65287
65310
65315
65340
65347
65437
65455
65458
65511
65538
65539
65538
65545
8261
65583
65591
8704
65601
8326
65599
62173
65607
65610
65617
65321
65628
65671
65690
65693
65700
65745
65743
65763
8335
65761
65772
65770
65826
65833
65851
65862
65872
65881
65925
8387
65962
66051
66157
66158
66178
66201
66210
66213
66220
66229
66232
66283
66337
66364
66367
66377
66393
8543
66400
66403
66418
66438
66465
66471
66474
66489
66492
66499
66517
66520
66528
66544
8594
66547
66557
66588
66600
66606
66609
66616
66637
66651
55468
66663
66671
66529
66692
66697
66706
66708
66706
66705
66709
66717
8649
66751
66760
66764
66769
66340
66780
66789
66796
66799
66870
66878
66895
66898
66905
8257
66908
66906
8714
65536
66915
66943
66951
8729
66962
9420
66969
66967
66975
66979
66987
67021
67024
67030
67040
67068
8734
67086
67084
67094
67122
67129
66984
67137
67156
67166
67194
67335
67338
67354
67411
67444
67455
67473
67491
67499
67509
67543
67561
67572
66548
67600
67614
67617
67689
67696
67714
67723
8987
8989
67723
67726
67727
67734
67732
67727
67779
67786
67822
67825
67849
9029
67852
67860
67853
67858
67860
67894
9044
67920
67930
67933
67938
67939
67938
67942
67950
67966
67897
66706
66705
67969
67968
67977
68028
68031
68033
66878
68038
66881
66880
68058
68065
66906
68076
68095
68111
68110
68120
68128
68131
68166
68175
68194
68209
68212
68211
68218
68221
68272
68320
68335
68345
68382
68400
68418
68438
8905
68445
68497
68514
66210
68517
8481
9251
68606
68609
68613
68622
68685
68688
68695
68703
68706
68713
68787
68785
68820
68830
9356
68841
68839
67852
68849
68885
68902
68905
68913
68919
8542
68920
68922
68931
9384
9389
68939
67969
68940
9392
68956
68969
68974
68987
68992
69001
69020
9724
69030
69037
8766
8767
69040
69039
69048
69055
69054
69058
69066
9434
10029
69102
69111
9449
69120
69163
68068
69165
69175
69200
9787
69225
69284
69289
69298
69307
69327
69335
69342
8398
69361
69372
69387
69415
69418
69441
9580
69446
69496
69525
69541
69544
69577
69630
9937
69633
69635
69640
69648
69651
69658
69678
10230
69694
9709
9708
69697
69739
9659
9658
69748
69783
69786
69797
9700
69813
69821
69740
69856
69865
69876
69884
69894
69892
67969
69900
69903
9466
69901
9100
9466
69938
69941
69948
9728
69975
69982
70018
70047
69972
70054
70064
70126
70137
70161
70189
70208
70254
70261
70264
70290
70314
70324
70386
70389
70423
70434
70495
70551
70576
70585
70588
70612
70614
70639
70666
70677
70693
70738
9948
9949
70756
70785
69842
70800
70818
70821
70855
69065
70866
70890
70893
70926
70929
70044
70935
70938
70890
70965
71034
12324
71037
71100
71144
71179
71217
71235
71250
71253
71307
71350
71353
71388
71442
71458
71486
71503
71513
71511
71523
71538
71541
71666
71685
71668
71728
71730
71741
71749
71800
71822
71846
70858
70857
70855
71849
71847
71854
71874
71880
71883
9711
69165
71890
71893
71911
71997
72024
72025
72028
72034
72061
72074
72079
72090
72177
72180
72187
72196
72207
72216
72270
72285
72295
72321
72324
71342
72358
72376
72440
69698
72443
72466
72493
72496
72513
72528
72531
72538
72546
72549
72556
72578
72600
72628
72675
10637
72677
11035
72681
71673
72692
72719
72728
72736
72753
72792
72800
72810
72925
72928
72933
72936
69900
9100
71880
72934
71880
72965
73014
10419
10420
73017
73060
73062
73088
73150
73153
73152
73159
73162
73194
73204
73221
73224
73378
73401
73528
73531
73582
73591
73594
73620
73771
73818
73826
73872
73873
73883
73881
73890
73897
73914
73932
73942
72816
73950
73953
10722
73970
72638
73971
11069
74077
74081
74094
74097
74098
74103
74131
74185
74203
74214
74266
74340
74385
74455
74458
74474
71345
74477
74484
74502
74589
74591
74589
74599
74608
11284
74611
74617
74637
74644
74653
74671
74680
74683
74727
74733
74736
74824
11354
74842
74869
74878
74881
74915
11379
74916
74943
74988
75026
75041
75075
75096
75148
75150
75193
75195
75193
75201
12162
75222
75247
75256
75276
75293
11881
75292
75295
75426
75436
75462
75498
75501
75508
75519
75543
75553
75580
75584
75588
75591
75600
75598
75607
75610
75643
75646
75681
75688
75769
75817
11063
75823
75835
75879
75913
75916
75922
75986
10419
75988
75994
75997
76012
76032
76048
76104
76102
76105
76113
76165
76192
76219
76222
76241
76247
76246
76255
76258
76366
76383
76419
76411
76488
76493
11610
76545
76570
11936
76599
76605
76608
76623
76680
76867
76903
76906
76924
76936
76946
76953
76999
77035
72361
77038
77045
77089
77092
77093
77107
77110
77144
77170
77200
77226
77253
77273
77298
77306
77331
77358
77388
77505
77534
77539
77720
77721
77728
77739
77820
77847
77944
78034
78051
78054
78078
78079
78109
77038
77037
78133
78178
78187
78197
78199
12694
78227
78241
78259
78262
78366
78423
78468
78591
78594
78601
78612
78619
78627
78630
78693
78812
78837
78872
78875
78999
79107
79275
79278
79320
79323
79332
79342
79384
79387
79392
79397
79446
12888
79449
79451
79529
79534
79606
79609
79655
79660
79669
79672
13639
79725
79732
79759
79762
79777
79780
79941
79966
79969
79974
80121
80208
80211
80227
80230
80263
80271
80274
80281
80292
80329
80334
80337
80343
80346
80362
80365
80469
80515
80518
80560
80659
80662
80668
80671
80704
80713
80723
80805
80857
80895
80930
80933
80950
81002
81027
81030
81046
81082
81117
81127
13459
81139
13485
81164
81167
81201
81252
81255
81279
81329
14121
81361
81374
81373
81381
13547
81433
81444
81469
81472
81542
81545
81552
81658
81667
81678
81703
81716
81732
81739
81757
81796
81805
81811
81820
81910
81913
81930
81937
81966
81984
82002
82009
82031
82055
82053
82065
82074
82108
82111
82126
82161
82162
82161
82164
82173
82175
82200
82281
82342
74656
82345
82359
82362
82388
80885
82391
82407
82423
82458
82461
82468
82504
82507
81695
82553
82622
82683
82729
82774
82785
82873
82876
82893
82900
14266
82903
82904
82984
83008
83018
83019
83046
83071
83074
83108
83143
83146
83171
83174
83179
83233
83263
83323
83326
83334
83344
83350
83353
83377
83421
83433
83442
14229
83477
83504
83507
83539
83620
83639
83685
83692
83756
83759
83773
83775
83776
83775
83791
83818
83874
83919
83953
83961
83964
83992
83998
84001
84007
84043
84054
14438
84063
84080
83403
84090
84088
84099
84135
14465
84159
84162
84177
83759
84180
84214
83106
84250
84285
84358
84361
84411
84441
14893
84485
84483
84488
84486
84495
84530
84541
84584
84587
84620
84630
14630
84632
84648
84654
84675
84681
84684
84690
84672
84693
84702
14706
84713
84699
84745
84748
84755
84762
84765
84792
84799
84816
84825
84828
84846
84864
14708
14757
84898
84901
84952
84980
84983
85017
85113
85116
85145
85167
85172
85251
85267
85284
84056
85294
85311
85312
85311
85324
85331
85339
85377
85420
85438
85450
85455
85458
85467
85474
85477
85484
85519
85528
85539
85546
85557
85564
85567
85574
85577
84699
84701
85620
85640
85657
85664
80723
85753
15060
85757
85762
85761
85764
85818
85851
85854
85879
85896
85899
85909
85915
85756
15059
85918
14961
85924
15138
85926
15138
85757
85932
84623
84621
85935
86007
86015
86018
86044
86077
86130
86131
86160
15400
15868
86178
86196
86202
86234
85415
86241
86269
86275
86278
86295
86310
86313
86320
86358
86382
86403
86412
86410
86413
86412
86439
85374
86437
86448
86455
15457
86502
86511
15257
84629
86518
15260
16576
86518
86522
85761
86530
86581
86584
86610
15290
86626
15223
15222
15296
83109
86634
86635
86637
86638
86635
86653
86656
86664
86680
15314
86683
86726
86724
86727
15329
86734
86763
16345
86792
86808
86878
86881
86886
86922
22233
86925
86934
86940
86943
15139
86941
87042
15297
15434
87051
87067
87096
87114
86459
87112
87123
87129
87133
87141
87159
87170
87193
87211
87231
87242
87247
87323
87328
87341
87346
87345
87374
87377
87382
87400
87401
87403
87408
87418
87427
15563
87436
87439
87446
87449
16380
87454
87485
87499
87511
87510
87517
87520
87525
87544
87555
87562
87565
87571
87574
87618
87663
87679
87682
87692
87708
87750
87752
87753
87763
87769
87778
87781
87789
87796
87797
87800
87816
87817
87826
87843
87859
87905
87912
87917
14961
14963
87915
14961
87922
15433
87925
87935
17463
87951
87949
86683
87967
88007
88030
88042
88058
88068
88066
88075
88131
88176
15812
15611
17379
17380
88183
88056
88194
88249
88263
88264
88266
15814
88264
88275
88273
88294
88327
88330
88346
88345
88349
16539
88363
88366
88365
88371
88374
88389
88392
88438
86278
86277
88456
87052
88462
88465
88464
88471
15911
15910
88474
15876
88480
88483
88491
88497
88488
88393
88500
88507
88534
88545
87228
88543
88570
88597
88606
88617
88642
16035
88644
88651
87095
88654
88653
88651
88660
88544
88677
88680
88686
88677
88689
15978
88696
88743
88749
88752
88777
88780
16059
88785
88788
88795
88849
88852
88851
88879
88884
88887
87871
88897
88903
88906
88916
88921
88920
88929
88932
88977
88994
87572
88995
89014
89031
89038
89046
89049
89056
87565
89067
16109
89087
89092
89101
89110
89114
89119
89123
89113
89114
89128
16130
16131
16132
16130
89132
89139
89113
89137
89132
88994
89145
89157
89163
15004
15005
85753
89172
89175
89227
89230
89238
87764
89236
89245
16169
16168
89249
89256
89263
89267
86576
89299
89317
89335
89338
89364
89375
89390
89398
89399
89408
89416
89424
89427
89433
89436
89434
89452
89487
89490
89526
89519
89541
89544
89571
89578
89581
89587
16404
89589
89590
89598
89614
89617
16554
89624
89625
89667
89694
15769
89704
16322
89705
89707
89757
89760
89776
89785
89793
89796
89636
89812
21928
89816
89865
15129
89868
89875
89878
18322
89877
89888
89906
89910
16426
89913
16391
89931
89956
89974
89977
89985
90037
90045
90072
90075
16405
16404
90073
90091
90109
90108
90112
90111
90118
90127
90130
90136
90139
90165
90181
90185
15562
90192
90211
90226
90094
90229
90228
90234
90237
90254
90257
90271
90274
90282
90297
90333
90336
90343
90352
90363
16541
16539
90365
90369
90372
90379
90382
90388
90399
90460
90346
90463
90469
17449
90504
90516
90541
90544
90586
90589
90597
90606
90613
90658
90544
90678
90687
90693
90711
90714
16614
90721
90797
90855
90865
90867
90874
90877
90885
90921
90938
90941
90949
90954
90955
90954
90957
90990
90993
91000
91027
91045
91056
91072
17536
91081
91084
91099
91117
91125
91128
91135
91164
91173
91174
91180
17515
91184
89424
91189
16186
91198
91206
91207
20346
91218
91243
91246
91252
91255
91270
91317
91333
91343
16260
91351
91360
16874
91405
91423
91441
91120
91444
91454
89581
91477
91481
91480
91486
91489
91496
91495
91530
15723
91533
91531
91534
91533
91540
16934
87912
91566
90072
90073
91569
16443
16943
16443
91576
16945
91587
91594
91597
91596
91612
91632
89064
91639
91642
91648
91647
91650
89794
91722
91729
89968
91732
91731
91739
91749
18198
91756
18966
91758
91774
91782
16389
91785
91783
91791
91794
91795
89784
89785
91803
17021
17017
91839
91840
91900
91480
91903
91918
91929
91927
91615
91935
91938
91940
91945
91983
92000
91917
91999
17087
92010
92061
92064
92081
92108
92127
19330
92125
86726
92127
92136
92147
92146
92152
17138
92165
92170
92191
92190
92188
92197
92200
92215
92217
92218
92215
92260
92263
92278
92289
92296
17186
92299
92290
92307
92305
92314
17192
92317
92308
92326
92334
92361
92386
92398
92415
17225
17646
92430
92433
16537
92460
92467
92476
90409
92479
92484
92487
92494
90207
92497
92503
92506
92512
92529
92532
92530
92559
92575
92577
17361
92620
92624
92637
92640
92695
92728
92731
92782
92791
92817
92820
92829
17358
92838
92847
17369
92872
17377
17380
17378
19500
92876
92881
88175
92883
92876
92881
16083
92890
92893
90841
92937
17399
90661
90660
92953
92956
92962
17408
91368
92965
92980
92983
92991
93000
93006
93009
17423
93025
93028
93027
93043
93070
93073
93088
93090
93088
90473
93087
93106
93109
93117
93135
18256
93223
93226
21082
93233
93243
17502
93250
93242
93252
93259
16810
17507
93276
93279
93290
93297
93306
93332
93349
93367
15736
17543
93367
93370
87952
87951
93376
93379
18922
93388
93395
93398
16819
93403
93116
93405
93412
93475
93488
93519
93529
93557
93555
93560
93558
17606
93569
93574
18601
93578
18597
17784
93587
93592
93609
93628
93627
93631
93630
93655
19491
93665
93667
93674
93675
93682
93685
93684
93691
93555
93700
93709
93712
93731
93765
93766
93772
93521
93775
93774
93781
93539
93783
93790
17684
93537
93793
93801
93828
93854
93856
93873
93882
17714
18042
93898
93909
93919
93920
93919
93924
16321
93927
93936
93937
93952
93988
94032
94042
17768
94046
94051
19299
94060
94077
94078
94080
94078
91792
94095
94098
94107
18519
94122
94125
94169
94177
94180
94188
94320
94330
94404
94429
94449
18759
94456
94494
94548
94595
94602
94609
94612
94638
94663
17975
94046
94666
94043
94682
92191
94683
17981
94685
94690
94693
94698
94708
94745
94753
17179
94756
94762
94782
94789
94790
19078
19168
94789
19078
94792
18141
94798
94807
94779
94815
94818
94825
94815
94828
18024
94845
94870
93881
94873
94879
94882
94888
94901
94887
94941
94968
93830
94971
18077
94978
18080
94998
95050
95053
95095
95098
95113
95121
95124
95140
95143
95169
95178
95250
95256
95302
95305
95358
95365
95368
95373
95376
95382
95385
95373
95392
95437
95446
95464
95463
95467
95473
95486
95491
95494
95500
95509
95522
95608
95644
22045
95648
17502
95655
95662
18308
95652
95690
93665
95693
95691
95716
95725
95727
95744
91354
95747
19452
95745
95753
95763
95770
95780
93361
95790
95799
95797
95807
95815
95833
95841
95844
95869
18377
95897
20376
21239
95905
95923
95970
95978
95979
18413
95990
95995
95994
95997
96004
96003
96017
96031
96076
96084
96103
96168
96175
96184
18481
96187
93685
96195
96202
18488
18751
18217
18488
96205
96211
18491
96214
96224
96231
96247
18503
96248
96256
96301
94106
96303
96328
96106
96346
96345
96348
96354
96373
96386
96418
18560
96421
96422
96421
96427
96436
96439
96438
96444
96447
96472
18578
18577
96480
96483
96499
96534
96537
96544
96563
96566
96570
96573
96600
96598
96601
19678
96607
96647
96652
96679
96706
96778
96781
96780
96825
96840
96843
96859
96867
96886
18816
96889
96897
96908
19725
96906
96912
96922
96903
96925
96951
96966
96976
18726
96979
96988
96994
95395
96996
97002
97005
97012
97014
97023
97030
97033
97056
18775
97061
97066
97079
97123
97124
97123
97129
97158
97174
97187
97192
18714
97194
97201
97239
97237
97282
97285
97319
97318
97327
97335
97338
97365
97376
20031
97375
97380
97383
97408
97417
18893
96251
97428
97436
17079
97437
19788
97444
97447
97463
97507
18923
18922
97508
97510
97527
97545
18756
97552
97554
97561
18941
97570
97583
97358
97588
97596
97599
18953
97606
97632
97635
19969
19921
97633
97642
17004
86410
86412
97645
97651
97682
97732
97744
97750
97753
97797
97806
97824
97840
97843
97975
97974
97984
98039
98056
98068
98092
98095
98101
98121
98186
98200
98245
97978
98254
98257
98264
95053
95052
92479
98265
19175
17245
98267
98265
17245
98285
88906
98283
88906
98290
98301
18534
98317
97078
98326
98329
98335
98338
98354
98380
98389
98392
98391
98399
98407
98410
98443
98446
98445
98470
98482
98490
19250
97510
21201
98498
22080
98497
98518
98524
93424
16266
98527
98526
98524
16266
98564
98569
98579
98634
98643
96503
98670
98697
98708
98731
19331
98732
21847
98735
98748
98751
18199
98749
98762
98776
98778
98785
19348
19349
98788
18567
98794
98797
98796
98803
94872
98805
98806
98803
94872
98812
19447
98815
98823
98830
98841
98866
98869
98884
19382
98902
98913
98937
98947
98955
98958
98973
98983
98992
98994
99010
19424
99013
99028
99032
99037
98762
99040
99055
99058
99064
99066
18328
99064
99074
99082
19350
99092
98579
99093
99102
99117
99120
99128
99131
99140
99147
99174
99190
19416
99199
99209
99002
99219
99245
96473
99246
99257
99273
99298
99308
99309
99320
99325
99328
20395
99334
99343
99347
99352
99356
95904
99361
99364
99369
99372
99379
99381
99392
99410
99425
99426
19562
19617
99435
99444
99446
19566
99444
99454
96206
96996
99460
99468
20441
99471
99489
99496
19586
99497
99505
99513
18517
99516
99523
99525
99533
96331
96330
99536
20119
99534
99540
99543
99550
99559
99563
99562
21918
99568
99578
99586
99595
99425
99597
96421
99425
99615
99624
99622
99625
99624
99634
99635
99648
99667
16321
99670
17729
99675
20407
99680
99678
99685
20407
19649
99703
96527
99712
99732
99775
99784
99793
99802
19824
99833
99848
20554
99706
99847
99856
17088
99859
99858
99874
99903
18679
99562
99910
99923
99921
19727
99928
19730
99918
99941
99939
99957
99936
99964
99981
99984
99995
100000
100037
21364
100036
100072
100080
100089
100092
100099
100110
100121
100126
100137
19799
100139
100137
100144
19802
19804
19803
100147
100148
100153
100155
100164
19808
96888
100172
100171
100174
100180
100188
100191
100207
100210
100216
100227
100229
100245
100263
100270
19844
100332
100335
100342
19868
100343
100345
20223
100350
19876
97447
100353
100360
100369
100373
100396
19886
20268
19886
100399
100217
100218
100424
20902
100423
19894
19895
20902
19894
100432
100445
100449
100459
100472
100504
100508
21060
100507
100514
100524
100531
100390
100534
100533
100542
100550
97562
100551
100560
100569
100577
100596
100620
100648
21060
100650
18964
100507
100659
100677
100687
100710
100713
100729
100738
100747
100750
92281
100755
100757
100758
20004
20006
20007
20006
100765
100778
100792
100795
100802
100830
100839
20033
100841
100839
100846
20036
100873
100893
100900
100899
100903
100902
100937
100945
20069
100946
100948
100955
101003
101010
101046
101064
101074
17421
101080
101083
101089
101098
101109
101118
101145
101152
20138
101170
101173
101181
101207
101217
101233
101236
101286
101289
20183
101291
101295
21042
20218
21044
101298
101300
101314
101325
101332
101335
101341
101370
101379
101395
101404
101403
98805
101406
101413
101425
101430
101449
101458
101461
101466
101469
101467
101470
101476
101485
20249
101486
101485
101489
101495
21118
101497
101504
101514
101523
101530
99434
101533
101532
101539
101548
19884
101550
101557
17128
101585
101628
101631
101651
95657
99032
101674
101685
101703
101710
101719
17695
101728
101741
101746
101749
101774
101784
101793
95053
101799
101818
101821
101829
101838
101836
101845
101854
101872
101901
101899
101919
20393
101921
101927
101926
101935
101955
101966
101989
21642
101991
102002
102000
102007
102018
20426
102025
102028
99436
102034
102051
20434
20435
102054
102065
102115
20459
19606
102116
102133
102136
102144
102151
102164
102180
102178
102187
102198
101722
102213
102214
102225
102232
102231
96331
102234
102241
102250
20504
20503
102253
102259
102260
19867
102259
102295
102297
102303
102305
102303
102324
102331
102028
102340
20536
102351
102344
102349
102362
102368
102371
102376
102384
102387
102403
102404
20555
102407
102414
20558
99849
102406
102407
102425
22449
102424
102461
102466
102475
102479
102465
102484
102483
100170
100182
102487
102486
102493
102506
102492
102522
102556
102559
21553
102583
102593
102594
23358
102602
102650
100080
102655
102672
102675
102685
102693
102711
102718
102729
102727
102736
102740
102717
102747
20669
102781
102784
102783
101993
102789
102792
102837
20699
102839
102843
102861
102864
102909
102924
102929
102944
102952
102954
102965
102970
102980
102730
102988
103008
20756
103015
103017
103015
101997
103026
94257
103024
103033
103032
100271
103036
103042
20768
103078
103077
103096
103105
103123
103132
20798
103133
103159
103167
103168
103170
103171
103177
20808
103186
103189
103195
103206
103046
103224
103233
103234
103249
103258
20835
103260
103280
103375
103374
103378
103383
103386
103395
103402
103405
103440
103447
20903
103455
103458
103451
103478
103494
103521
20927
103528
20930
103529
20929
20930
103531
21140
103537
20068
20069
103540
103548
103555
20939
98280
103558
103600
101344
103608
103611
103618
103627
103636
20830
20035
103647
98788
103694
103708
103540
20349
103710
103711
103540
103721
103726
21943
103744
21002
20097
103753
103756
103764
103774
103791
103799
103809
103807
103816
103819
103820
103819
103834
103837
103852
103855
103860
21037
21038
103863
20181
21041
21039
103879
103869
103890
103915
103918
103941
103944
103961
103987
103996
21086
104014
104017
104025
104017
104032
21098
102141
104035
20466
104043
104061
104068
20236
104071
104077
21113
104080
104090
19513
104098
104106
21122
104098
104112
101504
104113
101504
104122
104142
104149
102240
20119
104152
104160
104186
104212
104221
21161
21235
104248
104249
104248
104258
104257
21172
19561
99334
104261
102020
104265
104267
104265
104268
104275
104284
104287
24483
104295
104296
104295
104305
20319
20321
104310
104313
104320
104139
104323
21132
104340
104351
104374
104377
104385
104383
104396
104412
104438
104445
104448
104225
104459
101871
104468
104473
104476
104518
21260
101930
21260
104521
101927
101926
20396
104528
104536
104545
20479
21269
21268
104548
102181
104554
104555
104563
21275
21274
102195
104566
20484
104576
104583
104590
104593
104598
104601
104617
104620
104619
104628
104626
101926
104654
104662
104657
104671
104681
104554
104682
104691
104698
104726
104729
20461
104736
104743
21335
104746
102136
104616
104754
104763
104000
104761
104770
104780
104783
104789
104834
104833
104851
104859
104862
104869
104871
104882
104889
104916
104942
104941
104952
21404
102349
104958
104961
104968
104990
104995
105039
105042
105058
105094
105096
105105
105111
105112
105114
105102
20580
105111
105112
105123
21450
105130
105138
105220
21494
105237
105240
105275
105282
105285
105283
105282
105292
105294
105301
105303
105304
105309
22530
105312
21516
105319
105332
105355
105366
105382
21547
22486
101997
105386
105395
105400
105413
105418
21560
105490
105516
105519
105526
21592
105537
105539
105546
105553
105564
105635
105652
105651
105661
105667
21832
105670
105669
105675
105678
105679
105721
105724
105748
105749
105751
105756
105757
105759
105820
105830
105829
105838
105847
105855
105858
105882
20878
105885
21716
103377
105891
105895
105911
24105
105912
105918
105921
21728
105927
105930
105928
105937
21736
105940
105946
105948
103189
105946
105954
103405
105957
105955
103405
105964
20887
105990
105993
106000
106008
106012
106056
106099
106155
106162
106180
106190
106193
106224
106227
106236
106234
106261
106270
106279
21846
106283
106290
106297
102123
106300
106308
106333
106336
106352
106355
106390
106405
106414
21893
106425
106423
106441
106451
106459
106477
21100
106480
104044
106485
106488
106499
106497
106506
106513
106354
106522
106531
106562
106566
106569
106580
104022
21091
106589
106596
106594
106597
106614
106621
106639
20233
106642
106657
106656
106660
106659
106666
106675
106693
106692
23841
106695
106702
104099
106705
104096
104095
106710
21988
106713
106719
106731
101165
106729
106740
21282
106747
106746
106749
106747
106746
106750
23631
106746
23732
106756
21136
22002
106765
20506
20507
106768
102262
106811
106827
106830
106873
106881
106884
106895
23022
106900
22055
22054
106278
106917
106920
106912
106929
106940
106947
106956
106963
106966
21993
106974
106981
22082
107019
104349
104351
107017
24105
104351
107017
107030
107100
107116
106883
107147
107152
107142
107162
107174
107179
107199
107215
107218
107251
22172
22171
23596
107251
107271
107287
107296
22187
107297
107299
107300
107305
107370
107379
23233
107377
23233
107422
107441
26608
107448
107467
107522
107525
107543
107576
104554
107593
107622
107655
107701
22639
107705
24610
107730
107741
23343
107750
107755
107763
107766
107775
22346
107799
107802
107809
20967
102253
107812
107822
107836
107839
107844
107847
107872
107875
107898
107901
107709
104782
107899
107936
107944
22403
102421
107945
107944
23449
107953
22406
107597
107998
108033
105114
108044
108055
108071
108074
108090
22451
108132
108142
108186
108189
105120
108187
108196
22487
105382
108197
108199
108206
108209
108214
108216
102002
108214
108223
108279
108304
22523
108333
108344
108376
108385
108407
108430
108461
108484
108520
108523
108538
108549
21645
22607
108565
108583
108596
108610
108646
108648
105751
107705
108657
22450
108664
108675
108673
108682
108690
108693
108700
108722
108747
108763
22679
108780
21721
21722
108783
108847
108857
108855
108862
108861
108865
108864
108879
108884
108889
108897
108900
22080
108909
108916
108919
108910
108924
108927
108934
108979
108996
109006
109019
109082
109089
109096
109099
109105
109123
109134
109149
23961
23963
104868
23963
104869
104868
109152
21375
109176
106354
109276
109287
109285
109302
109305
103558
19179
109331
103603
109332
23703
109342
109348
21853
109366
109374
109402
109419
109422
109438
109448
109458
109485
109541
109545
109555
21883
109574
109595
109618
109646
109671
109674
109701
109726
109736
109744
109747
109752
109753
109755
106283
109752
109781
109789
109799
109800
109807
109818
109845
109852
109855
109861
109906
109926
109941
109944
109951
23075
109960
109959
109962
109969
109978
106678
109981
109987
109995
109998
110000
110017
110016
110025
23099
22010
110027
110023
110034
110043
23105
23103
105358
110070
110104
23126
109797
110115
110123
110178
110196
23931
110212
110232
110240
110243
110266
110269
107147
107145
110268
110275
23183
110284
110322
110337
110339
110337
110377
110396
24000
110403
110428
110430
21268
110454
110457
106985
110527
110564
110574
110583
110589
110657
110725
110728
110752
110755
110420
110760
110763
110779
110782
110797
110808
110869
110889
110950
110949
110952
110981
110986
110997
111051
111060
23439
111076
24235
111080
108092
111168
111269
111267
23513
102839
111319
111381
111426
111438
111444
111447
111454
111455
111454
111465
23579
111476
111480
111483
111481
111493
111516
111519
107255
111517
111528
111534
111537
22612
111544
111547
111571
23619
111573
111583
22683
111591
111598
111615
111617
26166
111618
23772
111625
111627
108855
111643
111646
111654
111661
111669
22597
22598
111672
108523
105671
111697
111707
111710
23656
24444
111717
111734
111746
111751
111769
111778
111782
111813
109302
111816
22857
22859
111843
111841
111868
111877
111879
111923
111926
111624
111975
22951
111978
23750
111987
112011
109649
112020
112050
112113
112133
26253
112147
112155
112158
112165
112173
112177
112192
112210
112213
112220
112227
21979
112230
112249
112266
112264
21996
112282
17740
112285
112290
112293
112302
112337
108676
108675
112340
112338
22648
112410
112408
112421
112428
112430
112437
23903
112473
112427
112482
112488
112491
112500
112509
112511
112516
23930
24004
112520
112527
112545
112552
112563
112579
112582
112589
22344
22346
107775
112590
23954
24258
112590
112596
21993
112599
24637
112597
24637
112606
23960
23955
112614
112616
112614
112617
104868
112644
112660
112673
104760
112696
112699
112707
112716
112722
25230
112727
112725
23997
112731
112741
112758
112761
112779
112780
112786
112789
112695
23196
23990
112795
112804
112823
112840
112851
112858
112860
112887
112894
112930
112950
112958
112975
108200
108199
112985
113002
23845
113012
113022
113049
113065
113110
113113
113118
113141
113165
113168
113229
113263
113266
24796
113289
113292
110040
113299
113408
112528
113411
113420
113434
113436
113452
24242
113453
113506
113508
112589
22346
113509
113508
112589
22346
113514
113523
113525
113526
24639
113527
22321
24266
22321
107701
113560
24016
24278
113589
113606
25414
113609
24289
113623
24299
22806
113631
23617
23618
113634
22683
113645
113660
113668
113677
113680
113690
113726
113733
113734
113740
113750
113753
113784
113823
113838
24943
113843
113841
113847
113850
113865
113868
113879
113884
113893
113911
113753
113931
113942
113949
113958
23696
113985
24419
113994
114018
113883
114021
24431
114066
114104
114162
114165
24480
114172
114174
114181
114190
114193
114208
24494
114225
114239
114255
114266
23853
114264
114334
112112
114337
114343
114351
114354
114363
114370
114388
114399
114406
114409
114408
114416
113246
114419
112259
114424
114505
109351
114541
114550
114559
114568
114572
114180
114588
114596
114594
114622
114625
114624
114640
24630
114649
114651
110225
114667
114670
24082
24083
112852
112975
114669
114678
114689
114732
114741
114768
112418
114784
114795
114811
114822
114839
24678
24680
114842
112299
114867
114869
24713
24258
112590
114867
114893
114901
114904
114941
114940
114956
26980
114991
24754
115029
115058
113019
115081
115110
115117
115121
115130
113019
115209
115253
115297
107619
115306
24862
115317
115324
115337
115335
115343
115351
115369
24906
115372
115386
115389
115396
115405
115407
113730
115414
115426
115432
115436
115452
115477
115485
115488
24891
24920
115503
106283
20272
109752
115506
23007
21846
115540
115543
113847
115558
24943
25687
24943
24944
115567
24947
113456
115596
112850
115611
115612
115614
115611
115612
115622
115639
115638
115658
115657
115661
110171
113289
115693
24989
25564
23595
25899
115697
115710
115713
115720
115746
114068
115749
114065
115758
25010
115839
115846
25040
115855
115864
115873
115868
115882
115885
115956
112337
116025
116037
116044
25140
116046
116053
116062
116061
116073
25115
116084
116091
116118
116124
114792
116127
116136
116147
116154
116156
116163
112220
116187
116190
116198
116243
114787
116246
116251
25143
116261
116262
25178
116264
116269
116287
116286
116306
116307
116313
116316
116323
116342
116341
113525
116349
24265
114559
116352
116359
25211
25210
113509
113508
116388
116395
113524
116406
116412
25308
116415
116422
116433
116450
25696
116458
116461
116467
116466
116470
116476
116493
116496
116403
116502
116540
116550
116557
25277
116566
24535
25280
116569
116579
116584
116586
116593
116601
116604
116647
115953
116650
116657
115314
116558
116557
116658
116664
116667
116678
116683
116673
116696
116701
116719
116784
24861
24862
116793
116811
116844
116874
115300
22295
116881
116882
115404
115405
113730
116881
113730
116885
25777
116889
116892
116917
116920
116928
116943
116946
116955
116971
116982
117007
117016
25430
24891
116885
117025
117036
117054
117060
117063
116952
117081
117091
117097
117106
117123
117126
117135
117153
117169
117187
117198
117205
117252
117286
117289
117313
117321
117324
117322
117325
117340
117341
117343
117360
117367
117380
117379
117403
25959
25581
25582
117405
117420
25707
117423
115697
117421
115697
111518
117457
117468
117477
117493
117522
117529
117539
117550
117574
116290
117576
117592
117630
117632
117630
117664
117668
24946
24947
117693
117699
117702
117709
25660
27283
117713
25042
25043
117717
25218
25220
116461
117720
117718
116461
117721
117720
117718
117736
114893
117754
25243
25676
117772
117781
116649
116650
117783
117792
115562
117790
117792
117838
117853
117857
117861
117864
117871
24091
24092
117874
113005
113004
116646
117902
117915
116493
117918
25728
117925
117947
117987
117990
118015
118023
118026
118034
118032
118037
118052
25426
118055
118060
118107
118127
26535
118132
118141
118150
25808
118154
118140
118168
118221
118224
118232
118240
118249
25836
118251
118249
25836
118268
118285
25853
118293
118314
118330
118357
26287
118361
118370
118378
118392
118429
24954
25901
118438
25519
25904
25903
118441
117289
118465
116846
118468
26788
118467
118474
118483
118493
118557
118582
118591
118611
118618
118627
25686
24943
118630
116360
118645
118654
118657
118685
116120
118692
118699
118702
118708
118710
118745
118746
118761
118799
118809
118817
118838
118845
118852
118863
118892
118897
118919
116430
118955
118962
118964
118969
119009
119014
119052
119059
119068
119087
119115
119121
119124
119196
119197
118073
119203
119231
25590
119234
119232
119257
119275
119278
119283
26182
119286
119303
119328
119338
119367
119401
119409
119419
119439
119437
119440
119447
119495
119502
119511
119519
119547
119572
119585
119590
119635
117856
119637
119684
119691
119700
119708
119716
119754
119760
119763
119764
119772
119792
119808
119863
119869
119877
119880
119887
119932
119935
119951
120004
120007
120013
120012
120031
120113
119951
120123
119193
120139
120152
120166
120175
120220
120223
25738
25739
120247
120250
120310
120313
120341
120393
116081
115847
120438
120526
120529
120537
120543
120544
120547
120553
120590
120609
25305
26627
25715
24091
120634
120643
120646
117539
120671
120674
120679
120688
120699
120724
120761
120760
120764
120771
120795
120798
120808
120814
120823
118973
118964
120888
27010
120899
120906
120935
120942
120948
120951
26428
120967
120989
120071
120994
121025
26815
121032
26130
121050
121059
121111
25912
25911
121119
121122
121246
121257
121318
121371
121374
121437
121489
121497
121500
121394
121516
121525
121534
121561
121579
121582
121617
121626
121635
121695
121698
121718
121745
121758
121761
121795
121798
121804
121812
120682
121815
121840
121851
121867
121921
27078
121934
121958
121961
121968
121976
121984
121995
122024
122066
122074
122110
122127
122137
122140
122146
27140
122147
122150
122182
27152
120948
120949
122208
122227
122274
122320
122336
122344
122380
122438
122442
120881
121798
122452
122482
122488
122496
122499
122509
122525
122535
122555
122578
122582
122604
122622
122652
122659
122694
122704
122723
122726
122740
122749
122752
122758
122761
122766
122769
122780
122824
122839
122850
122866
122884
122940
122956
122991
122994
123001
123010
123037
123064
123067
28738
123066
123075
123073
123082
123091
123095
123100
123108
123111
123113
123147
123203
123208
123265
123270
123273
123298
123307
123327
123361
123383
123398
123496
123499
123500
123505
123508
123514
123558
123567
123571
123570
123662
123739
123765
123768
123775
123820
123855
123858
123865
123941
123946
123982
124000
124054
124074
124099
124102
124129
124146
124171
124174
124182
124198
124201
124226
124308
124315
124328
27894
124351
124359
124362
124372
124416
124423
124435
27609
124576
124737
124747
124819
124841
31668
124868
124902
124954
124957
125062
125065
125124
125127
125128
125127
125144
125154
125181
125183
125252
125305
125360
125363
121097
125370
125377
125380
125388
125404
125426
28293
125538
125541
125547
125550
125559
125593
125610
125613
125655
125676
125683
125703
125710
125538
125713
125756
125804
125809
125845
125858
125928
125935
125938
126119
126186
126189
126196
126222
126225
126243
126317
126393
126403
126423
126439
126442
126468
126476
126532
126538
126556
126559
126592
126612
126621
126630
126763
126774
126846
126889
126888
126900
126944
126954
126983
127071
127095
127098
127125
127199
127213
127251
127284
127287
127293
127296
29641
127303
127321
127384
127395
127397
127465
127639
127658
127699
127702
127762
29012
127843
127888
127891
127906
127973
127979
127997
128007
128023
128051
128061
128077
128149
128169
128194
128203
128223
128260
28851
128278
128286
128337
128340
128347
128350
128405
128447
128455
128473
128518
128521
128530
128521
128600
128625
128662
128670
128673
128689
128692
128700
128736
128743
128771
128781
128788
128791
128824
128845
128852
128891
128896
128914
128990
128994
128997
129004
129033
129048
129049
129048
129067
127765
29085
129070
129116
129121
129143
129175
129183
129188
129193
129220
129229
129258
129303
29525
129312
129384
129391
129454
29553
129457
30505
129456
129472
129481
129583
129593
29967
129616
129629
30448
129634
129645
129652
129661
129664
129681
129688
129698
129699
129724
129727
129796
129799
129807
129832
129906
129976
129988
130047
130057
130074
130077
130084
130101
130104
130157
130156
130237
130272
130275
29849
130281
130284
130327
130345
130381
130390
130399
130410
130527
130552
130555
130583
130587
130634
130677
130733
130736
31189
31188
129381
130786
130789
130859
130858
130867
130889
130912
130923
130941
130950
29649
130961
130966
131013
131028
131046
131076
131083
30115
131086
131077
131100
131149
131156
131165
131173
131182
131185
131212
131227
131226
131230
131238
131256
131176
131281
131300
131301
131308
131355
131420
131499
131506
131515
131523
131526
131622
131632
131659
131662
131717
131722
131731
131767
131803
131813
131823
131829
131938
131947
131964
131967
132021
132030
132038
132064
132095
132100
30432
132109
132112
132117
30088
132120
132145
132181
132192
132199
30492
30493
132210
132208
132211
132237
132235
132245
132244
132248
30472
132256
30123
132336
132345
132370
132382
132559
132586
132622
132625
132659
132786
132804
132810
29899
132813
132824
30669
132864
132883
132886
132945
132955
132963
132966
132973
132984
133008
133018
133026
31174
133029
132995
133027
133037
133036
30765
133083
133090
133162
133174
133210
133218
133238
133242
133245
133252
133255
133263
133256
133274
133287
30484
133290
133315
133343
133369
133379
133389
133396
133440
133443
133460
133470
133481
133521
133540
133550
133553
30547
133633
133675
30983
133683
30508
133695
133704
133755
133758
133785
133803
133819
133828
133831
133856
133954
133953
134035
30307
31103
134038
131653
134044
134052
134053
134061
134134
31136
31138
31102
134137
134145
134138
134143
134170
134206
134214
134217
134233
134234
134236
134253
134246
134245
134280
134287
134299
134298
134309
134334
134343
134369
134395
134413
134416
134426
134433
134440
134539
134566
134595
134602
134613
134624
134694
134704
134809
134827
134835
134830
134837
134838
31370
31725
134845
31366
134853
134856
134863
134871
134874
134889
134955
135006
133913
135009
133910
135027
135105
135108
135142
135151
135154
135270
31514
31515
135277
135269
135280
135279
135304
135333
31536
135340
135343
135351
135378
135376
135385
135388
135394
135396
135414
135459
135475
135487
135495
135503
135515
135522
135539
135565
135601
135628
31636
135631
135639
135647
133649
135656
135693
135727
135738
135829
135909
135916
135954
135961
135964
136008
136015
31759
31763
136042
136060
136100
136104
136107
136097
136125
136134
135105
136179
136232
136316
136332
136338
136341
136350
136351
136366
136403
136404
31892
136412
31539
31541
136413
136439
136451
136456
136455
136459
136475
136478
136485
136492
136495
136494
136503
136529
136554
136557
136549
135440
136575
136602
136630
136646
136656
136662
136665
136680
136683
136691
136701
136708
136735
136762
136771
136780
136783
136800
136808
136837
136843
136873
136991
136996
137022
137025
137079
137097
137124
137158
32144
137275
137301
136351
137304
137313
32195
137347
137350
32241
137357
137367
137355
137365
137376
137446
137484
137493
137502
32258
137504
137502
137529
137549
33312
137571
137574
137583
32285
137501
137583
137599
137608
137611
137617
137627
137625
137638
137657
137664
137689
137699
137709
137734
137733
137736
137734
137763
137772
137779
137782
137728
137791
137834
136808
135656
137850
137927
137952
137950
137995
32423
136131
137995
138060
138133
138139
138159
138256
32191
32190
32510
32509
33790
138259
137305
137304
138278
138294
138302
138312
33280
138310
138337
138395
138399
138409
138419
138418
138422
138485
138490
32588
138508
32594
138528
32600
32598
138530
138555
138571
138579
138606
138615
138618
32630
138527
32283
138643
138661
138664
138672
138706
138708
138714
138723
138714
138750
136725
138753
138760
138769
138771
138796
138808
137728
138832
135719
138843
138849
138852
32407
138862
138896
138924
138933
139021
139075
32783
139076
139079
139092
139095
139191
139194
139212
139218
139221
32831
139211
32467
139228
139273
139308
139372
139385
139392
139398
139401
139408
139428
139448
34012
139462
139488
139491
139492
32677
139608
139642
139659
139669
139714
139740
139743
139789
139887
139893
139965
140002
140021
140038
140118
140121
140191
140211
140220
140227
140236
140271
140282
140285
140312
140318
140371
140472
138259
140488
140487
140490
140499
32820
33257
140499
140508
140532
140535
140543
140560
140578
140596
140688
140697
140705
140748
140751
138615
138528
140749
140758
140771
140784
140787
140803
140866
140869
140875
140878
140947
141005
141068
141093
141100
141108
141111
141122
141181
141219
141271
141284
141302
141309
141390
141406
141409
141425
141435
141444
141453
141470
141516
141595
141606
141641
141658
141661
141667
141670
141775
141776
141882
141892
141923
141927
141930
140496
141928
141939
141966
142072
136774
142075
142081
142101
33850
142128
142189
142218
142225
142245
142256
142279
142296
142297
142324
142342
142353
142359
142362
142422
142425
142462
142479
142486
142523
142559
142576
142579
142630
142657
142668
142679
142684
142695
142713
142821
142827
140748
142830
142866
142938
142939
143043
143089
143116
143143
143155
143215
143224
143232
143235
143261
143296
143299
143325
143368
143399
141571
143397
143404
143467
143470
143498
143505
143532
143559
143648
143651
143674
143677
143714
143721
143728
143731
143766
143791
143800
143803
143828
143858
143863
143874
143899
143902
143910
143916
143919
143926
143955
143990
143993
144026
144029
142422
144053
144072
144079
144162
144169
140748
140749
144172
34032
144178
144186
144187
144189
144207
144234
144261
144325
144350
144432
144546
144558
144573
144576
144431
144602
144638
144645
144648
144666
144675
144702
144747
144748
144807
144810
144834
144837
144845
144863
144864
35241
144871
144874
144924
144942
144944
144942
144945
145006
145026
145053
143648
145106
145195
145206
145231
145240
145250
145258
145261
145260
145266
145306
145314
34395
145324
145359
145377
145423
145530
145593
145610
145637
145649
145698
145701
145702
145719
145816
145828
145890
145990
146027
146081
146106
146169
146175
146178
35150
35691
146187
146175
146207
146212
146268
146275
146278
146302
146347
146358
146373
146392
146400
146403
144587
146437
146512
146535
146583
146626
146629
146646
146680
146727
146779
146782
146808
146817
144326
146815
146827
146833
146841
146844
146868
146871
146881
146989
146997
147004
147007
147024
35432
35958
147040
147067
147078
147123
147168
147177
147214
147239
147240
35504
147242
147247
147250
147256
147259
147276
147305
147322
147375
147544
147591
147616
147645
147688
147735
147746
147770
147795
147798
147805
147861
147897
148023
148030
148102
148105
148140
148157
148210
148222
148268
148291
148290
148303
148309
148312
148445
148446
35904
148453
146807
148455
148554
148571
148581
148598
148601
148608
148615
148651
148654
148671
148669
35334
148678
35980
35979
35984
148681
148672
148671
148687
35987
35998
35997
148687
148690
148691
148697
148723
148725
148734
147239
148743
148750
148753
148796
37321
148805
148806
36026
36027
148813
148816
148824
148833
148858
148861
148879
148912
148931
148932
149113
149190
149220
149255
149265
149310
149317
149326
147797
149445
149469
149472
149571
149578
149581
149586
149724
149779
149785
149788
149793
36604
149798
149802
149821
36365
36364
36373
149824
149850
149848
149875
149878
149877
149876
149887
148691
148725
149896
149904
149922
149920
149923
149929
149824
149932
149931
149824
149938
36400
149941
149932
149949
150012
36428
36432
150028
150011
149878
149876
150031
150030
150039
36437
36438
150046
150038
150049
150048
150075
150084
150091
150094
150102
150109
150112
150122
150127
150199
150257
150270
150308
150324
150327
150336
150390
150408
150436
150461
150462
150541
150568
150579
150589
150614
150632
150641
149354
150651
150658
150725
150775
150786
150787
150797
150842
150840
150849
150847
150867
150948
150955
150554
151018
151027
151038
151063
35506
36779
151066
151074
151072
151091
151075
151093
151218
151225
151226
37189
151225
151228
151236
36836
37191
151263
151278
151281
151335
151341
151342
149923
151341
151345
151351
36875
36874
36877
151362
151360
149931
149824
149825
149932
151369
36433
36432
150012
151380
36884
151389
151387
151390
151405
36893
36895
151408
151416
151409
151425
151423
151432
151435
151436
151443
151462
151470
151479
151497
151513
151524
151533
151540
151588
151594
36922
151597
151602
151605
151622
151632
151652
151657
151668
151675
151769
151775
151819
151822
151829
151839
151847
151857
151884
151899
151902
151908
151899
151900
151911
37059
151918
151919
151927
151930
151956
151967
151972
37717
151981
151991
151994
152037
37103
152156
152208
37160
152216
152215
37163
152259
152289
152300
152307
37193
37191
152299
152314
152318
152210
152323
152370
152377
37217
152380
152386
152388
152381
152386
151354
151355
152381
152449
152451
36881
36432
37770
152467
151408
152469
152470
151408
152469
152476
152487
152495
152503
152515
152523
152534
152539
152548
152559
152568
152575
152583
152586
152602
152601
152605
152619
152622
37298
152637
152649
152674
152677
152696
151382
152737
152775
152784
152802
152836
152849
152892
153038
153070
153078
153081
37447
153097
37457
153105
153108
153101
153115
153117
153128
152993
152991
153150
153226
153250
153249
153252
153288
153304
153315
153325
153324
153333
153335
153350
153358
153361
153369
37547
153376
153448
153466
153475
153484
153487
153522
153523
153529
37601
153530
153532
37620
38206
153619
153622
153647
153648
153664
153667
153718
153754
153772
153775
153790
153793
153798
153801
153845
153880
153891
153918
153972
153979
37751
153999
154008
154028
154001
154033
154044
154042
37239
154055
154069
154077
154055
154053
154080
37784
154052
151390
154095
153249
153250
154098
37506
154107
154114
154132
154142
154152
37808
154179
154204
154231
154242
154251
37842
154260
154267
154270
154278
154286
154406
154424
154437
154440
154442
154458
154467
154469
154483
154486
154494
154518
154594
154609
154645
154653
154665
154671
154674
37675
154672
154719
154746
154773
154781
154788
154852
154878
154881
154026
154879
154889
154907
154910
154919
154928
37579
154935
154941
154971
154979
154989
154995
154997
154995
155036
155052
155095
155121
155124
155133
38135
155170
155202
155270
155275
155284
152619
155292
155331
155348
155347
155367
155377
155401
155404
38551
155437
155440
155450
155455
155485
155536
38270
155554
155583
155599
155540
155619
155626
38300
153983
152993
155629
153980
155657
155664
38289
38312
155698
155700
155706
155697
155709
38322
38327
154023
155733
155736
38336
155738
155754
155796
155799
155844
155852
155860
155882
155904
155907
155923
155959
155967
155098
155097
155970
155986
38131
38420
155989
155125
156058
156061
156069
156078
156106
156121
156186
156193
156219
156222
156247
156258
156285
156321
156339
156346
156349
156382
156393
156400
156420
156428
156429
38886
156438
156483
156490
156534
156535
156537
156535
156555
156562
156571
156573
156593
156609
156616
156634
156651
156670
156672
156688
156708
156735
156778
156805
156822
156825
156834
38698
156876
156915
156940
156942
156958
157003
157013
38484
157014
157023
157021
38484
157030
157041
157155
157158
157173
157220
38203
157230
157237
38508
157240
157239
157248
157295
157309
157356
157375
157382
157392
157446
157454
157489
157493
157500
157507
38586
157632
157642
157651
157654
157680
38626
157705
157722
157725
157740
157743
157804
157813
157807
157871
157877
157903
157993
158004
158022
158031
158051
158056
158083
158092
158164
158181
158227
158230
158245
158283
158303
158310
158319
158335
158389
158392
158445
158469
158472
158481
158499
158506
158509
158542
158551
158560
158563
156570
158589
158632
39277
158661
158714
158776
158797
158832
158866
158920
158996
157929
159048
159073
159109
159228
159235
159298
159308
159325
159333
159336
39532
159424
159433
159436
159441
159444
159451
39571
159477
159480
159766
157880
159769
159774
39679
159777
159769
159846
158001
159849
159891
159894
159937
159947
159968
159973
160026
160029
160119
160129
160144
160171
160208
160296
160299
160300
160299
160324
160327
159454
160346
160351
160414
160425
39894
39899
39865
160452
160453
160452
160459
160567
160462
160569
160695
160722
160731
160747
160801
160848
160913
160929
161044
161047
161071
161074
161100
161156
161161
161215
161242
161291
161296
161331
161334
161407
161457
161460
160296
161565
161588
161602
161853
161856
161892
161899
161902
160688
161908
161936
161939
162151
162358
162367
162403
162412
162447
162450
162604
162641
162765
162783
162808
162893
162898
