1
3
7
9
14
15
18
24
31
34
38
40
44
47
48
52
56
58
61
65
71
72
75
78
83
84
88
92
93
98
103
108
112
117
122
124
126
130
132
137
138
142
148
152
153
158
159
163
167
168
173
174
177
182
183
191
194
196
199
203
205
208
211
215
217
219
223
225
228
232
235
237
241
245
248
251
252
257
260
262
265
268
272
274
277
279
284
286
293
295
299
301
304
306
309
316
318
322
324
329
330
333
338
339
343
345
348
352
354
357
363
366
370
372
375
382
386
387
395
397
400
404
406
410
419
421
423
427
432
438
443
444
449
454
459
465
470
471
476
482
484
487
490
492
497
498
502
505
508
512
514
516
519
524
527
528
533
534
537
542
543
547
549
553
557
558
562
566
567
572
573
576
579
582
586
588
592
596
597
600
603
607
611
612
616
619
622
625
628
634
636
639
644
646
649
653
654
657
662
663
666
669
674
677
678
683
684
688
691
693
697
699
704
707
708
711
714
719
722
723
726
729
732
737
740
742
746
747
751
754
757
760
766
770
773
775
779
782
783
787
790
792
796
799
803
804
809
810
814
817
819
823
826
830
831
836
837
844
847
849
853
855
858
862
864
869
871
875
876
881
884
885
890
892
895
898
902
904
907
909
913
916
918
925
929
934
936
939
943
945
950
951
956
957
960
965
966
971
972
975
978
982
984
987
993
996
1000
1002
1005
1011
1016
1019
1020
1025
1027
1030
1034
1036
1039
1042
1044
1050
1055
1058
1062
1067
1070
1072
1075
1079
1081
1085
1089
1094
1097
1099
1102
1106
1108
1111
1115
1118
1120
1124
1126
1129
1131
1135
1137
1140
1144
1147
1151
1153
1155
1159
1161
1164
1168
1173
1177
1179
1184
1185
1188
1193
1194
1199
1201
1205
1207
1209
1214
1220
1223
1224
1229
1232
1234
1236
1241
1243
1245
1250
1251
1256
1258
1262
1264
1267
1271
1273
1276
1280
1282
1285
1287
1292
1294
1301
1303
1305
1309
1311
1315
1317
1320
1324
1328
1330
1333
1337
1339
1341
1349
1352
1358
1363
1367
1369
1371
1376
1381
1385
1387
1390
1392
1396
1398
1401
1405
1407
1416
1420
1422
1427
1428
1431
1436
1437
1442
1444
1446
1449
1455
1460
1463
1464
1467
1472
1473
1477
1479
1484
1486
1488
1493
1494
1497
1504
1506
1514
1515
1518
1522
1524
1527
1532
1534
1536
1539
1545
1550
1551
1557
1562
1568
1569
1572
1578
1581
1586
1588
1590
1593
1599
1604
1605
1611
1616
1622
1624
1628
1629
1637
1639
1641
1648
1650
1654
1656
1661
1663
1667
1669
1672
1676
1678
1682
1684
1688
1690
1697
1699
1701
1706
1711
1715
1717
1719
1727
1730
1736
1741
1743
1746
1752
1757
1759
1764
1770
1775
1776
1783
1785
1789
1791
1794
1799
1802
1808
1810
1812
1817
1823
1827
1832
1833
1838
1840
1845
1851
1856
1857
1864
1866
1870
1872
1875
1880
1883
1889
1891
1893
1898
1904
1908
1913
1914
1919
1922
1924
1927
1930
1932
1937
1938
1942
1945
1948
1952
1954
1956
1959
1964
1967
1968
1973
1974
1977
1982
1983
1987
1989
1993
1997
1998
2002
2006
2007
2012
2014
2017
2020
2023
2026
2030
2032
2034
2037
2041
2044
2048
2051
2053
2056
2060
2063
2064
2068
2071
2074
2077
2080
2082
2086
2090
2093
2095
2098
2102
2104
2107
2111
2112
2115
2118
2122
2124
2129
2132
2134
2137
2140
2142
2147
2148
2151
2154
2157
2160
2165
2166
2169
2172
2175
2178
2183
2186
2188
2191
2195
2198
2199
2203
2206
2208
2211
2216
2219
2221
2223
2228
2231
2233
2236
2238
2243
2245
2247
2250
2255
2258
2260
2263
2265
2270
2272
2274
2277
2282
2284
2287
2291
2293
2297
2302
2304
2308
2311
2315
2316
2321
2324
2325
2330
2331
2335
2338
2344
2347
2351
2353
2356
2358
2362
2365
2369
2372
2374
2378
2383
2385
2389
2391
2394
2397
2400
2405
2406
2411
2412
2415
2418
2421
2424
2427
2431
2433
2436
2439
2442
2445
2449
2451
2456
2459
2460
2465
2466
2470
2476
2479
2482
2484
2488
2490
2493
2497
2499
2504
2507
2510
2513
2514
2521
2524
2526
2531
2534
2537
2540
2541
2548
2551
2555
2558
2559
2562
2566
2570
2573
2575
2578
2580
2584
2588
2591
2593
2596
2599
2602
2604
2608
2611
2615
2617
2621
2624
2629
2633
2634
2638
2642
2645
2647
2650
2654
2655
2660
2663
2664
2668
2672
2673
2678
2680
2684
2685
2691
2694
2697
2702
2705
2707
2711
2713
2716
2720
2721
2725
2729
2730
2734
2737
2741
2743
2747
2750
2753
2755
2758
2760
2764
2766
2770
2773
2777
2779
2783
2784
2789
2790
2794
2796
2800
2804
2807
2809
2812
2816
2817
2821
2825
2826
2831
2834
2836
2839
2841
2845
2847
2851
2854
2858
2862
2867
2872
2876
2877
2881
2885
2886
2889
2893
2895
2899
2903
2904
2907
2911
2913
2917
2921
2923
2927
2928
2934
2939
2941
2945
2946
2950
2954
2957
2958
2961
2964
2967
2971
2975
2976
2979
2983
2985
2989
2995
2997
3000
3004
3008
3009
3012
3016
3020
3021
3025
3029
3030
3033
3037
3039
3043
3049
3051
3054
3058
3062
3065
3068
3069
3073
3077
3078
3083
3085
3089
3090
3096
3099
3102
3107
3110
3112
3116
3118
3122
3123
3126
3130
3133
3137
3139
3143
3144
3148
3151
3155
3159
3162
3167
3168
3172
3174
3178
3182
3183
3186
3190
3192
3196
3200
3201
3204
3208
3211
3215
3218
3220
3224
3225
3231
3235
3239
3242
3243
3248
3249
3253
3257
3258
3262
3264
3268
3272
3274
3278
3281
3282
3285
3289
3292
3296
3299
3301
3305
3306
3312
3316
3320
3323
3324
3329
3330
3334
3338
3339
3343
3345
3349
3353
3355
3359
3364
3367
3369
3373
3375
3382
3384
3389
3391
3395
3396
3401
3404
3406
3410
3412
3415
3418
3422
3424
3427
3429
3436
3438
3443
3445
3449
3454
3456
3462
3465
3470
3471
3476
3477
3482
3485
3487
3491
3492
3495
3498
3502
3504
3507
3513
3516
3520
3522
3525
3531
3536
3539
3541
3545
3547
3550
3554
3556
3561
3564
3569
3570
3575
3578
3581
3582
3587
3590
3592
3595
3599
3601
3605
3608
3609
3614
3617
3619
3622
3626
3628
3635
3637
3641
3643
3647
3653
3655
3659
3661
3665
3670
3673
3677
3679
3681
3684
3688
3691
3693
3697
3701
3704
3705
3710
3712
3714
3719
3725
3727
3731
3733
3737
3738
3743
3746
3747
3752
3753
3756
3762
3767
3769
3771
3774
3777
3782
3783
3788
3789
3793
3796
3800
3802
3805
3809
3811
3816
3823
3825
3833
3835
3839
3841
3845
3847
3850
3852
3856
3859
3863
3865
3869
3871
3873
3878
3880
3887
3889
3893
3895
3899
3904
3908
3914
3916
3920
3922
3926
3927
3931
3934
3936
3939
3943
3947
3948
3953
3955
3957
3962
3965
3969
3974
3975
3980
3981
3984
3989
3990
3995
3996
3999
4005
4010
4012
4014
4017
4021
4023
4028
4029
4033
4035
4038
4042
4044
4047
4053
4056
4061
4062
4065
4070
4075
4077
4081
4083
4087
4089
4092
4096
4098
4101
4107
4110
4115
4116
4119
4124
4129
4131
4135
4137
4141
4143
4148
4151
4152
4157
4158
4161
4167
4172
4174
4176
4179
4182
4187
4188
4193
4194
4198
4202
4204
4207
4212
4219
4221
4225
4228
4230
4234
4236
4240
4243
4247
4249
4251
4256
4258
4262
4266
4271
4272
4277
4278
4281
4286
4287
4292
4293
4296
4302
4307
4309
4311
4315
4319
4322
4324
4328
4330
4336
4340
4343
4344
4349
4351
4353
4358
4359
4362
4367
4368
4373
4374
4377
4383
4388
4390
4392
4396
4400
4403
4405
4409
4411
4417
4421
4424
4425
4430
4432
4434
4439
4444
4447
4451
4453
4455
4459
4461
4465
4469
4470
4477
4479
4483
4487
4488
4492
4494
4498
4501
4503
4507
4509
4512
4517
4518
4522
4526
4527
4531
4535
4537
4541
4548
4553
4556
4557
4562
4564
4568
4569
4574
4575
4578
4582
4586
4588
4592
4593
4597
4601
4603
4606
4610
4612
4615
4617
4622
4624
4631
4633
4635
4639
4641
4645
4649
4650
4654
4660
4662
4669
4671
4674
4680
4684
4691
4693
4697
4699
4703
4714
4718
4720
4722
4726
4730
4731
4737
4744
4746
4750
4752
4755
4760
4761
4765
4769
4770
4773
4777
4779
4783
4785
4789
4791
4794
4799
4800
4803
4808
4811
4812
4817
4818
4821
4825
4829
4830
4835
4836
4839
4843
4845
4848
4854
4857
4862
4864
4866
4869
4875
4880
4881
4887
4891
4898
4899
4902
4908
4911
4916
4918
4920
4923
4929
4934
4935
4941
4945
4952
4953
4958
4961
4962
4967
4969
4973
4974
4979
4980
4983
4987
4991
4993
4997
4998
5002
5006
5008
5012
5014
5018
5020
5027
5029
5031
5040
5047
5049
5052
5058
5062
5069
5070
5074
5076
5080
5082
5086
5090
5094
5099
5100
5105
5106
5111
5114
5120
5122
5126
5127
5132
5133
5138
5139
5143
5147
5149
5153
5155
5162
5164
5166
5171
5175
5180
5181
5186
5187
5192
5195
5201
5203
5207
5208
5213
5214
5219
5220
5224
5228
5230
5234
5236
5243
5245
5247
5251
5255
5258
5260
5264
5266
5270
5272
5274
5279
5281
5285
5288
5290
5297
5299
5301
5305
5307
5312
5314
5316
5320
5323
5327
5329
5333
5335
5339
5340
5344
5349
5353
5355
5359
5363
5366
5368
5372
5374
5377
5381
5383
5387
5389
5393
5395
5399
5401
5405
5407
5411
5412
5416
5419
5421
5425
5427
5433
5438
5442
5449
5451
5455
5459
5460
5468
5469
5472
5477
5478
5482
5485
5489
5492
5498
5500
5502
5507
5509
5511
5516
5517
5521
5525
5528
5530
5539
5543
5545
5549
5551
5555
5558
5562
5567
5568
5572
5576
5579
5580
5585
5588
5590
5592
5597
5599
5601
5606
5607
5612
5614
5618
5619
5623
5627
5628
5633
5635
5637
5642
5643
5648
5649
5652
5657
5658
5663
5666
5667
5670
5675
5676
5681
5684
5686
5688
5693
5695
5699
5702
5703
5708
5709
5714
5715
5719
5723
5726
5728
5732
5734
5737
5740
5744
5746
5749
5751
5756
5758
5760
5765
5767
5771
5773
5775
5779
5783
5784
5792
5794
5797
5801
5803
5807
5813
5816
5822
5827
5829
5834
5836
5838
5845
5847
5852
5854
5856
5860
5863
5867
5869
5873
5875
5879
5880
5884
5889
5893
5895
5900
5902
5905
5909
5911
5913
5917
5921
5924
5926
5930
5935
5937
5941
5945
5946
5957
5960
5966
5968
5970
5977
5979
5985
5990
5999
6003
6007
6011
6014
6016
6025
6029
6031
6035
6037
6041
6044
6048
6053
6054
6058
6061
6065
6067
6071
6073
6075
6080
6082
6086
6088
6090
6095
6097
6099
6103
6106
6110
6112
6116
6118
6122
6123
6127
6132
6136
6138
6141
6148
6150
6154
6156
6162
6167
6171
6178
6180
6183
6189
6194
6197
6198
6201
6206
6207
6211
6214
6218
6221
6227
6229
6231
6236
6238
6240
6245
6246
6250
6252
6255
6261
6265
6267
6274
6276
6280
6282
6285
6290
6292
6294
6299
6300
6305
6306
6309
6314
6315
6319
6321
6326
6328
6330
6335
6336
6339
6346
6348
6356
6357
6362
6364
6366
6371
6372
6377
6378
6381
6386
6387
6392
6395
6396
6399
6404
6405
6410
6411
6418
6420
6424
6426
6431
6432
6435
6440
6441
6446
6452
6455
6465
6468
6472
6474
6477
6482
6484
6486
6489
6495
6500
6501
6506
6507
6511
6515
6516
6520
6522
6525
6531
6535
6537
6544
6546
6550
6552
6555
6560
6562
6564
6569
6570
6573
6580
6582
6590
6591
6595
6597
6601
6603
6607
6614
6617
6627
6630
6634
6636
6639
6644
6648
6653
6657
6663
6668
6669
6673
6677
6678
6682
6684
6687
6693
6697
6699
6706
6708
6712
6714
6717
6722
6724
6726
6731
6732
6735
6742
6744
6752
6753
6757
6759
6763
6765
6769
6776
6779
6790
6794
6795
6803
6805
6807
6814
6816
6820
6822
6827
6829
6833
6834
6838
6842
6843
6850
6852
6856
6858
6863
6864
6867
6872
6873
6878
6880
6882
6885
6891
6896
6899
6901
6903
6908
6910
6914
6917
6918
6923
6924
6929
6930
6934
6938
6941
6943
6947
6949
6952
6956
6958
6962
6964
6966
6971
6973
6977
6980
6982
6985
6989
6991
6995
7001
7004
7010
7015
7017
7022
7024
7026
7034
7039
7043
7045
7047
7051
7055
7058
7060
7064
7069
7071
7074
7080
7085
7091
7094
7100
7102
7104
7111
7113
7119
7124
7133
7137
7141
7143
7146
7152
7156
7158
7165
7167
7171
7173
7176
7181
7183
7185
7190
7191
7195
7200
7206
7211
7212
7219
7221
7225
7227
7230
7235
7238
7244
7246
7248
7255
7257
7261
7263
7268
7269
7272
7277
7278
7283
7285
7287
7290
7296
7301
7302
7307
7310
7322
7326
7331
7332
7337
7340
7342
7344
7349
7351
7355
7356
7361
7367
7371
7376
7377
7382
7385
7389
7394
7395
7400
7402
7406
7409
7415
7417
7419
7424
7427
7433
7435
7438
7443
7449
7454
7455
7462
7464
7468
7470
7473
7478
7481
7487
7489
7491
7498
7500
7504
7506
7511
7512
7515
7520
7521
7526
7528
7530
7533
7539
7544
7545
7550
7553
7565
7569
7574
7575
7580
7583
7585
7587
7592
7594
7598
7599
7604
7610
7614
7619
7620
7625
7628
7632
7637
7638
7643
7645
7649
7652
7658
7660
7662
7667
7670
7676
7678
7682
7687
7690
7697
7705
7708
7712
7714
7716
7728
7734
7742
7747
7749
7754
7757
7763
7766
7772
7774
7778
7784
7792
7797
7802
7804
7806
7813
7818
7823
7828
7831
7838
7843
7846
7850
7856
7858
7862
7865
7872
7878
7884
7887
7894
7900
7902
7908
7914
7918
7920
7926
7932
7936
7938
7941
7948
7953
7958
7963
7969
7971
7976
7983
7986
7991
7993
8006
8010
8013
8018
8020
8033
8037
8042
8044
8048
8050
8054
8059
8062
8065
8067
8072
8074
8082
8088
8093
8098
8101
8108
8113
8116
8119
8121
8126
8128
8132
8135
8137
8140
8142
8146
8148
8152
8154
8163
8169
8178
8184
8188
8190
8196
8202
8206
8208
8217
8223
8228
8233
8239
8241
8245
8247
8251
8253
8258
8264
8268
8273
8278
8285
8291
8295
8300
8305
8312
8319
8330
8336
8348
8350
8354
8360
8365
8368
8372
8378
8380
8384
8395
8397
8402
8404
8408
8418
8425
8430
8439
8445
8451
8459
8460
8465
8474
8476
8481
8486
8488
8491
8493
8498
8506
8510
8516
8527
8530
8534
8540
8542
8551
8564
8566
8570
8582
8586
8591
8597
8608
8610
8615
8622
8627
8638
8640
8643
8650
8656
8658
8661
8668
8674
8676
8682
8688
8694
8700
8706
8713
8718
8724
8728
8730
8733
8740
8746
8748
8752
8754
8758
8760
8767
8770
8772
8777
8782
8784
8787
8794
8800
8802
8806
8808
8812
8814
8821
8823
8830
8835
8844
8850
8856
8864
8865
8870
8879
8883
8887
8889
8894
8902
8905
8907
8912
8919
8929
8940
8947
8953
8955
8958
8963
8965
8979
8985
8991
8996
8998
9003
9014
9018
9023
9026
9039
9044
9046
9060
9066
9072
9077
9079
9084
9095
9099
9104
9107
9122
9124
9128
9134
9139
9142
9145
9148
9152
9155
9162
9165
9168
9171
9175
9178
9188
9193
9196
9199
9202
9206
9209
9212
9215
9220
9222
9226
9229
9232
9235
9243
9246
9249
9252
9255
9258
9264
9268
9271
9273
9276
9282
9286
9289
9297
9300
9303
9306
9310
9319
9321
9325
9328
9331
9334
9338
9344
9348
9351
9355
9365
9371
9375
9378
9382
9392
9398
9401
9404
9407
9410
9416
9419
9422
9428
9430
9434
9437
9440
9448
9453
9458
9461
9465
9468
9471
9478
9482
9488
9491
9494
9497
9504
9507
9510
9513
9520
9523
9526
9537
9540
9543
9546
9551
9556
9566
9569
9571
9574
9577
9580
9590
9596
9599
9602
9607
9610
9613
9616
9620
9623
9626
9632
9637
9644
9650
9653
9656
9659
9662
9665
9668
9671
9677
9680
9683
9691
9696
9700
9702
9708
9711
9714
9721
9725
9739
9744
9747
9750
9753
9756
9763
9766
9769
9781
9784
9787
9790
9793
9795
9798
9804
9808
9811
9816
9819
9822
9829
9832
9835
9838
9841
9844
9847
9852
9858
9862
9865
9870
9873
9876
9883
9886
9889
9892
9895
9898
9901
9909
9912
9915
9918
9925
9928
9931
9942
9945
9948
9951
9956
9967
9970
9973
9976
9985
9988
9991
9994
9997
9999
10004
10010
10015
10022
10036
10041
10044
10047
10050
10055
10060
10063
10066
10087
10094
10097
10100
10104
10107
10110
10117
10122
10125
10128
10131
10136
10141
10144
10147
10168
10175
10178
10181
10185
10188
10191
10198
10202
10204
10208
10211
10214
10220
10226
10230
10238
10244
10248
10258
10268
10276
10279
10281
10287
10292
10295
10298
10303
10314
10317
10320
10323
10329
10332
10337
10342
10347
10350
10355
10357
10364
10366
10371
10376
10384
10400
10406
10410
10417
10420
10423
10426
10430
10438
10441
10443
10451
10454
10457
10460
10465
10472
10475
10478
10481
10487
10491
10501
10512
10519
10522
10524
10530
10537
10540
10542
10546
10548
10554
10557
10560
10564
10572
10575
10580
10585
10590
10593
10598
10603
10608
10618
10621
10623
10626
10639
10645
10648
10650
10658
10662
10672
10675
10677
10680
10693
10699
10702
10704
10712
10719
10722
10725
10728
10734
10737
10742
10747
10752
10755
10760
10762
10769
10773
10780
10795
10798
10801
10804
10809
10816
10819
10821
10829
10834
10837
10839
10843
10845
10850
10861
10868
10871
10875
10879
10887
10890
10895
10896
10901
10915
10931
10942
10949
10952
10956
10960
10968
10971
10976
10977
10982
10996
11012
11019
11022
11030
11041
11050
11066
11073
11076
11084
11090
11096
11104
11120
11127
11130
11138
11144
11150
11156
11162
11168
11176
11186
11202
11210
11216
11220
11226
11229
11242
11245
11249
11257
11266
11271
11277
11282
11285
11289
11293
11300
11306
11312
11318
11332
11334
11346
11349
11356
11361
11367
11373
11376
11381
11383
11392
11397
11403
11408
11422
11424
11427
11440
11442
11445
11455
11463
11466
11471
11472
11477
11480
11483
11487
11491
11498
11500
11505
11510
11516
11527
11534
11540
11544
11554
11567
11580
11598
11606
11613
11616
11624
11630
11636
11644
11662
11672
11688
11696
11702
11706
11724
11730
11734
11739
11752
11768
11771
11775
11779
11786
11792
11798
11804
11818
11822
11826
11831
11842
11849
11856
11859
11867
11873
11879
11887
11905
11916
11931
11937
11940
11953
11955
11958
11971
11974
11978
11986
11995
12000
12006
12009
12012
12025
12031
12036
12042
12049
12054
12060
12063
12066
12079
12085
12090
12096
12103
12108
12116
12121
12126
12132
12137
12151
12153
12156
12169
12175
12180
12186
12191
12205
12220
12228
12234
12238
12241
12243
12246
12259
12265
12268
12270
12276
12279
12282
12295
12301
12306
12312
12319
12324
12330
12337
12350
12355
12358
12360
12364
12366
12382
12390
12400
12403
12417
12427
12430
12432
12438
12441
12444
12457
12463
12468
12474
12481
12486
12492
12499
12512
12517
12520
12522
12526
12528
12544
12549
12561
12564
12571
12576
12582
12588
12591
12596
12598
12607
12612
12618
12623
12637
12639
12642
12655
12657
12660
12670
12678
12681
12686
12687
12692
12695
12698
12702
12706
12713
12717
12722
12733
12742
12755
12768
12786
12796
12807
12822
12828
12831
12844
12858
12864
12868
12873
12886
12900
12903
12916
12922
12927
12933
12940
12945
12951
12954
12957
12967
12976
12981
12987
12992
12995
12999
13003
13012
13017
13023
13028
13042
13044
13047
13060
13064
13067
13071
13075
13082
13093
13100
13111
13118
13122
13127
13138
13145
13156
13162
13166
13174
13181
13184
13188
13192
13197
13200
13210
13219
13224
13230
13235
13238
13242
13246
13255
13260
13266
13271
13285
13287
13290
13303
13307
13310
13314
13318
13325
13336
13343
13354
13361
13365
13370
13381
13388
13399
13405
13409
13417
13424
13427
13431
13435
13444
13446
13451
13452
13462
13470
13483
13489
13498
13502
13504
13506
13516
13524
13533
13542
13564
13578
13582
13596
13600
13618
13624
13634
13636
13641
13657
13669
13681
13684
13696
13708
13714
13716
13722
13732
13734
13740
13750
13752
13758
13768
13771
13776
13785
13789
13794
13804
13806
13812
13827
13849
13853
13863
13867
13876
13880
13882
13884
13903
13912
13914
13920
13930
13938
13949
13950
13958
13966
13968
13974
13983
13993
13995
14001
14010
14014
14028
14032
14037
14044
14055
14070
14092
14096
14100
14118
14122
14136
14140
14145
14154
14172
14176
14190
14194
14199
14208
14232
14254
14258
14268
14272
14282
14284
14299
14307
14327
14328
14336
14341
14352
14367
14371
14389
14393
14399
14404
14408
14415
14424
14428
14433
14448
14452
14470
14474
14480
14485
14489
14496
14505
14509
14514
14524
14526
14532
14544
14550
14562
14568
14573
14575
14578
14586
14596
14608
14615
14616
14622
14635
14649
14655
14661
14667
14673
14677
14683
14686
14690
14692
14694
14701
14713
14724
14730
14735
14740
14748
14758
14777
14778
14784
14793
14805
14811
14818
14821
14839
14851
14856
14874
14878
14886
14892
14898
14904
14910
14916
14922
14925
14928
14932
14946
14955
14965
14979
14982
14986
15000
15009
15019
15040
15054
15060
15066
15072
15078
15082
15088
15092
15094
15097
15109
15118
15136
15153
15169
15183
15191
15192
15200
15213
15217
15227
15229
15232
15244
15250
15264
15272
15273
15281
15294
15298
15308
15310
15313
15325
15336
15342
15347
15349
15355
15360
15366
15373
15379
15383
15390
15396
15401
15406
15408
15414
15420
15427
15433
15437
15444
15450
15460
15462
15468
15478
15480
15486
15493
15496
15504
15516
15524
15534
15540
15548
15561
15569
15570
15578
15586
15605
15606
15612
15622
15624
15630
15637
15643
15651
15663
15685
15689
15693
15699
15705
15712
15715
15724
15727
15733
15738
15746
15756
15765
15775
15789
15793
15799
15803
15806
15808
15812
15820
15822
15828
15835
15841
15846
15858
15864
15871
15874
15894
15902
15912
15918
15930
15936
15941
15946
15948
15954
15960
15967
15973
15977
15979
15982
15990
16002
16010
16020
16026
16040
16042
16044
16049
16063
16068
16075
16081
16085
16091
16092
16098
16108
16110
16116
16123
16129
16137
16143
16150
16156
16161
16173
16179
16184
16189
16191
16197
16203
16210
16216
16220
16222
16225
16237
16245
16253
16259
16269
16277
16290
16298
16299
16307
16315
16332
16338
16344
16360
16364
16369
16386
16392
16398
16414
16418
16423
16441
16444
16453
16456
16462
16467
16475
16485
16495
16498
16510
16516
16521
16532
16533
16539
16548
16552
16566
16575
16585
16602
16608
16614
16630
16634
16639
16654
16657
16674
16694
16695
16701
16708
16710
16731
16739
16747
16764
16770
16776
16792
16796
16801
16816
16819
16836
16856
16857
16863
16878
16900
16904
16908
16914
16920
16927
16930
16939
16942
16948
16953
16961
16971
16980
16990
17004
17008
17014
17018
17021
17023
17027
17034
17041
17047
17052
17059
17062
17082
17090
17100
17106
17113
17116
17128
17136
17144
17150
17160
17174
17176
17178
17183
17197
17202
17209
17215
17219
17223
17229
17235
17251
17255
17260
17277
17283
17287
17305
17309
17311
17315
17320
17324
17332
17335
17344
17347
17353
17358
17366
17376
17387
17388
17394
17401
17407
17412
17419
17425
17433
17439
17446
17452
17457
17464
17476
17486
17487
17495
17500
17504
17509
17513
17520
17526
17530
17548
17552
17554
17558
17563
17567
17575
17578
17587
17590
17596
17601
17609
17619
17630
17631
17637
17644
17650
17655
17662
17668
17676
17682
17689
17695
17700
17707
17719
17729
17730
17738
17743
17747
17752
17756
17764
17766
17772
17783
17784
17792
17802
17812
17818
17826
17842
17856
17881
17887
17893
17905
17911
17926
17930
17934
17942
17944
17951
17953
17964
17974
17980
17988
18004
18018
18033
18045
18060
18085
18103
18106
18124
18130
18136
18154
18168
18184
18195
18211
18222
18238
18249
18265
18286
18292
18298
18310
18316
18332
18338
18340
18347
18349
18357
18382
18400
18403
18409
18421
18434
18440
18445
18451
18467
18475
18484
18490
18502
18515
18521
18526
18532
18548
18556
18565
18576
18586
18594
18611
18612
18630
18640
18647
18648
18665
18666
18672
18682
18684
18690
18701
18702
18720
18730
18732
18736
18739
18744
18751
18762
18774
18787
18792
18805
18811
18822
18830
18845
18846
18854
18856
18864
18882
18907
18913
18919
18924
18937
18955
18976
18979
18985
18989
18994
18998
19005
19021
19027
19032
19039
19045
19051
19057
19060
19064
19066
19068
19076
19078
19085
19087
19098
19138
19147
19156
19170
19180
19187
19188
19205
19206
19212
19222
19230
19246
19249
19260
19280
19296
19306
19310
19331
19332
19340
19342
19350
19368
19383
19395
19413
19423
19430
19431
19448
19449
19455
19461
19468
19474
19480
19491
19501
19507
19513
19516
19521
19534
19540
19551
19559
19571
19595
19601
19605
19613
19626
19642
19648
19653
19660
19666
19671
19684
19705
19708
19714
19718
19723
19727
19738
19744
19759
19762
19777
19780
19788
19804
19815
19831
19842
19864
19875
19883
19906
19921
19924
19939
19942
19947
19950
19954
19966
19977
19993
20004
20026
20037
20045
20068
20083
20086
20101
20104
20122
20128
20134
20139
20152
20170
20191
20194
20200
20204
20209
20213
20220
20236
20242
20247
20254
20260
20266
20272
20276
20278
20282
20284
20291
20293
20326
20335
20344
20365
20380
20383
20392
20398
20404
20414
20430
20440
20444
20462
20486
20492
20496
20504
20517
20533
20539
20544
20551
20557
20563
20575
20596
20599
20605
20609
20614
20618
20623
20627
20630
20632
20636
20644
20653
20660
20679
20690
20691
20704
20709
20722
20728
20739
20747
20760
20776
20782
20787
20794
20800
20806
20818
20839
20842
20848
20852
20857
20861
20866
20870
20873
20875
20879
20887
20896
20903
20922
20933
20934
20947
20952
20965
20971
20982
20990
21004
21006
21012
21024
21042
21059
21062
21068
21070
21078
21084
21092
21101
21116
21124
21132
21138
21148
21157
21166
21169
21174
21181
21190
21204
21223
21229
21238
21244
21250
21253
21264
21278
21294
21300
21308
21337
21349
21361
21367
21384
21397
21403
21409
21433
21438
21451
21457
21463
21476
21482
21490
21494
21498
21506
21528
21542
21544
21547
21551
21553
21563
21572
21577
21586
21602
21610
21618
21624
21634
21643
21652
21660
21676
21690
21709
21724
21730
21736
21743
21764
21780
21786
21794
21813
21825
21845
21853
21861
21867
21875
21898
21904
21910
21919
21928
21939
21952
21958
21967
21973
21979
21982
21993
22006
22012
22021
22027
22033
22039
22045
22051
22056
22078
22097
22103
22113
22126
22132
22138
22162
22167
22180
22186
22192
22197
22205
22218
22222
22261
22270
22275
22281
22305
22313
22330
22345
22351
22357
22364
22380
22384
22423
22432
22437
22443
22467
22475
22492
22507
22513
22519
22526
22552
22564
22576
22582
22599
22612
22618
22624
22648
22653
22666
22672
22678
22691
22697
22706
22712
22730
22732
22735
22739
22741
22751
22760
22765
22774
22795
22810
22819
22830
22843
22858
22864
22870
22877
22897
22903
22912
22918
22924
22930
22936
22942
22946
22970
22976
22988
22994
23006
23018
23036
23053
23058
23071
23077
23083
23089
23095
23101
23107
23111
23113
23117
23119
23126
23128
23137
23140
23146
23170
23179
23189
23213
23219
23231
23237
23249
23261
23279
23296
23301
23314
23320
23326
23332
23338
23344
23350
23354
23356
23360
23362
23369
23371
23380
23383
23389
23413
23422
23435
23438
23444
23446
23450
23468
23470
23477
23479
23486
23516
23528
23534
23540
23542
23545
23549
23551
23561
23570
23575
23584
23597
23600
23606
23608
23612
23630
23632
23639
23641
23654
23662
23670
23676
23688
23694
23702
23704
23707
23711
23713
23723
23732
23737
23746
23762
23770
23774
23794
23803
23816
23824
23832
23838
23850
23856
23870
23878
23886
23892
23904
23910
23920
23923
23928
23935
23944
23958
23978
23986
24032
24040
24048
24054
24079
24084
24090
24114
24122
24140
24170
24186
24193
24199
24205
24216
24248
24260
24278
24302
24310
24318
24324
24336
24342
24350
24380
24403
24408
24415
24420
24428
24439
24445
24456
24463
24469
24475
24486
24511
24516
24529
24535
24541
24554
24560
24577
24601
24612
24650
24678
24727
24732
24744
24752
24770
24776
24781
24786
24799
24805
24811
24817
24823
24829
24842
24854
24872
24892
24896
24900
24905
24908
24929
24930
24938
24944
24974
24986
24992
25001
25004
25010
25012
25020
25026
25034
25043
25054
25057
25063
25069
25078
25087
25091
25096
25112
25120
25159
25166
25168
25174
25180
25189
25217
25220
25226
25228
25232
25250
25252
25259
25261
25274
25282
25290
25296
25308
25314
25322
25324
25327
25331
25333
25343
25352
25357
25366
25378
25381
25386
25393
25402
25416
25429
25436
25438
25444
25450
25459
25490
25498
25506
25512
25544
25552
25556
25565
25576
25585
25651
25706
25718
25736
25760
25768
25776
25782
25794
25800
25808
25838
25865
25871
25889
25919
25931
25937
25949
25957
25961
25981
25990
26003
26011
26019
26025
26037
26043
26051
26053
26056
26060
26062
26086
26095
26110
26116
26122
26131
26140
26151
26165
26173
26212
26217
26223
26247
26255
26266
26271
26277
26301
26309
26327
26357
26373
26380
26386
26392
26403
26428
26433
26439
26445
26453
26463
26471
26494
26535
26542
26548
26554
26565
26590
26595
26601
26607
26615
26625
26633
26643
26650
26656
26662
26673
26697
26704
26716
26727
26764
26788
26799
26837
26865
26913
26920
26926
26932
26943
26968
26979
26999
27003
27011
27029
27059
27078
27121
27135
27190
27196
27205
27211
27217
27243
27255
27263
27304
27358
27406
27418
27427
27440
27460
27466
27475
27481
27487
27493
27499
27505
27515
27545
27564
27568
27580
27589
27607
27623
27631
27676
27682
27691
27697
27703
27724
27729
27735
27741
27749
27759
27767
27790
27831
27838
27844
27850
27861
27892
27904
27913
27926
27946
27952
27961
27967
27973
27979
27985
27991
28001
28031
28048
28053
28060
28065
28073
28084
28090
28101
28108
28114
28120
28131
28156
28161
28174
28180
28186
28199
28205
28222
28246
28257
28295
28323
28372
28377
28389
28397
28415
28421
28426
28431
28444
28450
28456
28462
28468
28474
28487
28499
28517
28538
28544
28562
28592
28604
28610
28618
28621
28627
28633
28642
28651
28655
28660
28676
28684
28723
28730
28732
28738
28744
28753
28783
28789
28795
28804
28813
28824
28831
28838
28840
28846
28852
28861
28885
28890
28896
28920
28928
28946
28954
28958
28967
28978
28987
29053
29101
29106
29112
29118
29126
29136
29144
29167
29208
29215
29221
29227
29238
29263
29268
29280
29288
29306
29312
29316
29323
29329
29335
29346
29378
29390
29408
29437
29461
29472
29510
29538
29594
29606
29624
29642
29672
29684
29690
29696
29726
29738
29744
29753
29759
29777
29807
29819
29825
29831
29855
29861
29873
29879
29891
29921
29945
29957
29975
29992
29997
30009
30017
30035
30041
30045
30052
30058
30064
30075
30107
30119
30137
30166
30190
30201
30239
30267
30323
30335
30353
30371
30401
30413
30419
30425
30455
30467
30473
30482
30488
30506
30536
30548
30554
30560
30584
30590
30602
30608
30620
30650
30674
30686
30704
30721
30723
30730
30732
30742
30746
30747
30756
30763
30767
30768
30780
30787
30791
30794
30795
30807
30813
30820
30824
30827
30828
30840
30849
30856
30860
30863
30866
30867
30879
30888
30894
30901
30905
30908
30911
30912
30924
30936
30942
30949
30953
30956
30959
30962
30963
30975
30987
30993
30999
31006
31010
31013
31016
31019
31020
31032
31044
31047
31052
31062
31068
31075
31079
31082
31085
31088
31095
31101
31109
31113
31125
31131
31137
31144
31148
31151
31154
31157
31164
31167
31172
31182
31196
31200
31212
31218
31225
31229
31232
31235
31238
31239
31242
31247
31257
31271
31275
31278
31281
31289
31299
31305
31311
31318
31322
31325
31328
31331
31343
31344
31359
31364
31368
31382
31386
31401
31407
31414
31418
31421
31424
31427
31430
31434
31437
31445
31455
31469
31478
31485
31490
31497
31512
31517
31524
31530
31537
31541
31544
31547
31553
31559
31566
31569
31577
31590
31601
31610
31614
31625
31635
31640
31656
31662
31669
31673
31676
31679
31682
31694
31703
31706
31707
31728
31733
31748
31749
31764
31769
31785
31791
31798
31802
31805
31808
31811
31817
31823
31833
31841
31868
31871
31872
31889
31901
31911
31914
31922
31940
31943
31956
31962
31969
31973
31976
31979
31982
31994
32000
32015
32027
32030
32040
32054
32072
32082
32096
32123
32129
32135
32147
32150
32159
32163
32172
32178
32185
32189
32192
32195
32204
32217
32222
32246
32249
32259
32267
32279
32285
32300
32315
32327
32328
32346
32352
32359
32363
32366
32369
32372
32384
32408
32411
32414
32441
32447
32453
32462
32472
32480
32507
32510
32511
32531
32535
32546
32565
32571
32578
32582
32585
32588
32591
32603
32612
32621
32648
32654
32657
32672
32675
32697
32714
32720
32726
32741
32751
32774
32777
32778
32784
32791
32795
32798
32801
32804
32822
32837
32852
32867
32876
32877
32897
32903
32921
32924
32937
32945
32960
32985
32991
32998
33002
33005
33008
33014
33020
33026
33050
33053
33059
33080
33104
33107
33114
33129
33134
33144
33151
33155
33158
33161
33164
33170
33185
33206
33212
33230
33257
33263
33269
33287
33290
33305
33320
33330
33342
33348
33355
33359
33362
33365
33374
33377
33395
33413
33425
33440
33449
33467
33494
33500
33506
33527
33533
33539
33540
33549
33556
33560
33563
33566
33578
33605
33608
33620
33644
33656
33671
33681
33687
33694
33698
33701
33704
33707
33725
33752
33758
33764
33770
33785
33797
33824
33827
33842
33866
33879
33886
33890
33893
33896
33902
33911
33926
33935
33953
33968
34001
34007
34013
34019
34038
34045
34049
34052
34055
34076
34079
34091
34118
34121
34145
34151
34163
34198
34202
34205
34208
34211
34214
34241
34247
34253
34274
34280
34292
34325
34328
34348
34352
34355
34358
34379
34391
34403
34409
34442
34448
34454
34463
34478
34499
34520
34523
34526
34547
34550
34565
34586
34595
34604
34637
34643
34649
34661
34691
34694
34697
34709
34730
34733
34745
34790
34793
34796
34805
34820
34835
34865
34871
34877
34886
34910
34916
34928
34955
34976
34979
34997
35009
35042
35048
35054
35063
35090
35108
35120
35141
35144
35159
35201
35228
35234
35240
35249
35267
35279
35327
35330
35354
35372
35378
35399
35405
35438
35489
35507
35531
35570
35576
36926
36932
36935
36941
36950
36947
36959
36956
36968
36965
36962
36977
36974
36971
36998
36986
36983
36980
36968
37010
37013
36995
36992
36989
36977
37010
37007
37016
37004
37001
36998
36986
37007
37019
37007
37010
37013
36995
37022
37007
37016
37004
37001
37025
37007
37019
37010
37028
37022
37016
37031
37007
37025
37034
37037
