0
3
5
6
7
8
9
11
15
16
18
19
23
24
25
31
32
33
39
40
41
44
46
48
49
50
55
56
60
63
67
69
74
75
76
82
83
86
87
88
90
91
96
97
99
101
102
106
109
110
111
112
113
115
117
118
120
121
122
127
131
132
133
136
137
149
150
151
152
157
160
161
164
168
170
175
176
179
180
181
183
187
188
189
194
195
196
202
203
205
206
207
208
211
214
215
216
217
229
230
231
232
233
234
235
237
238
241
242
254
256
258
259
270
272
274
281
282
283
284
285
293
294
295
296
297
301
304
306
307
310
311
312
320
323
324
325
326
327
328
329
344
346
347
348
363
364
365
366
367
368
369
376
377
382
383
384
385
386
387
388
406
407
408
409
410
411
416
417
418
419
420
421
422
423
424
425
426
427
430
431
432
433
434
435
443
444
445
446
447
448
449
450
451
452
453
458
459
460
463
464
466
475
476
487
489
490
491
492
493
494
495
497
498
499
500
501
502
504
507
508
510
511
512
513
514
515
516
517
518
521
523
524
527
541
542
543
544
545
546
552
553
554
557
558
559
560
561
568
570
571
576
579
581
599
604
605
606
607
608
611
612
613
614
615
616
617
618
619
620
623
624
625
627
628
631
634
635
640
641
644
648
650
655
656
659
660
661
662
663
667
668
669
671
673
674
675
676
678
682
683
685
686
687
688
691
694
695
696
697
699
700
709
710
711
712
713
714
715
716
717
718
736
738
739
757
758
759
760
761
762
763
764
765
773
784
786
787
790
791
792
805
806
807
808
809
810
821
824
826
827
828
829
830
843
844
845
846
847
848
849
862
863
864
865
866
867
868
870
871
886
887
888
889
890
891
896
897
898
899
900
901
902
903
904
905
906
907
910
911
912
913
914
915
922
923
924
926
927
928
929
930
931
932
933
943
945
946
967
968
969
970
971
972
973
974
975
976
977
978
979
980
981
982
983
984
987
988
991
992
993
994
995
996
998
1001
1003
1004
1005
1006
1007
1008
1018
1021
1022
1023
1024
1026
1033
1034
1037
1038
1039
1040
1041
1048
1050
1051
1084
1085
1086
1087
1088
1091
1092
1093
1094
1095
1096
1097
1098
1100
1103
1104
1105
1106
1107
1108
1120
1121
1122
1123
1124
1125
1134
1135
1144
1146
1147
1150
1151
1152
1165
1166
1167
1168
1169
1170
1177
1178
1179
1180
1181
1182
1183
1184
1185
1186
1187
1188
1189
1190
1191
1201
1202
1203
1204
1205
1206
1207
1208
1209
1215
1221
1222
1223
1224
1225
1226
1227
1228
1230
1237
1246
1247
1248
1249
1250
1251
1253
1256
1257
1258
1259
1260
1261
1262
1263
1264
1265
1266
1267
1270
1271
1274
1275
1282
1283
1284
1285
1286
1287
1288
1289
1290
1291
1292
1293
1298
1299
1301
1327
1328
1329
1330
1331
1332
1333
1334
1335
1336
1337
1338
1339
1340
1341
1342
1343
1345
1347
1348
1351
1352
1353
1354
1355
1356
1362
1363
1364
1367
1368
1408
1409
1410
1411
1415
1416
1417
1418
1419
1444
1446
1453
1454
1457
1472
1476
1477
1478
1479
1481
1482
1483
1484
1485
1486
1487
1488
1489
1490
1491
1492
1493
1494
1495
1496
1497
1498
1516
1517
1520
1521
1522
1523
1528
1529
1532
1533
1536
1537
1552
1554
1555
1558
1559
1560
1561
1562
1563
1569
1570
1571
1572
1573
1574
1575
1576
1577
1578
1589
1590
1597
1598
1601
1602
1609
1610
1615
1616
1617
1618
1619
1620
1621
1622
1623
1624
1625
1626
1627
1629
1630
1632
1657
1658
1674
1675
1678
1679
1680
1681
1682
1683
1686
1687
1692
1693
1729
1730
1731
1732
1733
1734
1736
1737
1738
1739
1740
1741
1742
1743
1744
1745
1746
1747
1748
1749
1768
1769
1770
1771
1772
1786
1787
1788
1789
1790
1791
1792
1793
1794
1795
1796
1797
1798
1799
1800
1801
1802
1803
1804
1806
1807
1812
1815
1860
1861
1864
1865
1866
1867
1868
1869
1870
1872
1873
1874
1875
1877
1880
1881
1884
1888
1889
1890
1891
1892
1893
1894
1895
1896
1897
1898
1899
1900
1901
1902
1903
1904
1905
1906
1907
1908
1909
1910
1911
1912
1913
1914
1915
1916
1917
1918
1919
1920
1921
1922
1923
1927
1930
1931
1932
1933
1934
1935
1938
1940
1941
1942
1943
1944
1945
1946
1947
1967
1968
1970
1971
1972
1973
1974
1975
1976
1977
1978
1979
1980
1981
1982
1984
1985
1986
1987
1988
1989
1990
1991
1992
1993
1994
1995
1996
1997
1998
1999
2000
2001
2014
2015
2017
2020
2029
2030
2031
2032
2033
2037
2039
2040
2066
2067
2068
2069
2080
2103
2104
2105
2106
2107
2108
2109
2110
2111
2112
2113
2114
2115
2116
2117
2118
2121
2122
2123
2124
2127
2128
2129
2130
2131
2132
2133
2134
2135
2136
2137
2138
2139
2140
2143
2144
2145
2146
2147
2148
2153
2154
2157
2158
2160
2161
2162
2163
2164
2165
2166
2167
2168
2171
2172
2173
2174
2175
2176
2177
2178
2179
2180
2181
2182
2183
2184
2185
2186
2187
2188
2189
2190
2191
2192
2193
2194
2195
2196
2201
2202
2203
2204
2205
2206
2209
2210
2211
2212
2213
2214
2219
2220
2221
2223
2224
2263
2264
2265
2266
2267
2268
2269
2270
2273
2274
2275
2276
2277
2278
2279
2280
2293
2294
2295
2296
2299
2300
2301
2302
2303
2304
2311
2312
2313
2314
2315
2316
2317
2318
2319
2320
2321
2322
2323
2324
2325
2344
2346
2347
2350
2351
2352
2353
2354
2355
2368
2370
2371
2375
2378
2379
2380
2381
2452
2453
2454
2455
2456
2457
2458
2459
2460
2465
2466
2473
2474
2475
2476
2477
2478
2479
2480
2481
2482
2483
2484
2485
2486
2487
2488
2489
2490
2491
2492
2493
2494
2495
2496
2497
2498
2501
2502
2509
2510
2511
2512
2513
2514
2515
2516
2517
2518
2521
2522
2523
2524
2525
2526
2542
2543
2546
2551
2556
2557
2561
2564
2565
2566
2568
2571
2572
2575
2576
2579
2580
2581
2582
2583
2585
2586
2587
2588
2589
2591
2592
2593
2594
2595
2596
2598
2599
2602
2603
2604
2605
2606
2607
2608
2611
2614
2615
2616
2617
2619
2620
2629
2630
2631
2632
2633
2634
2635
2636
2637
2638
2656
2657
2658
2659
2661
2677
2678
2679
2680
2681
2682
2683
2684
2685
2704
2706
2707
2709
2710
2711
2712
2725
2726
2727
2728
2729
2730
2741
2742
2743
2744
2745
2746
2747
2748
2749
2750
2751
2761
2762
2763
2764
2765
2766
2767
2768
2769
2782
2783
2784
2785
2786
2787
2788
2790
2791
2806
2807
2808
2809
2810
2811
2816
2817
2818
2819
2820
2821
2822
2823
2824
2825
2826
2827
2830
2831
2832
2833
2834
2835
2842
2843
2844
2846
2848
2849
2850
2851
2852
2853
2865
2866
2887
2888
2889
2890
2891
2892
2893
2894
2895
2896
2897
2898
2899
2900
2901
2902
2903
2904
2905
2907
2908
2911
2912
2913
2914
2915
2916
2918
2921
2923
2924
2925
2926
2927
2928
2938
2941
2942
2944
2946
2953
2954
2957
2958
2959
2968
2969
2970
2971
2976
3004
3005
3006
3007
3008
3011
3012
3013
3014
3015
3016
3017
3018
3023
3024
3025
3027
3028
3031
3032
3033
3040
3041
3042
3043
3044
3045
3054
3055
3064
3066
3067
3070
3071
3072
3085
3086
3087
3088
3089
3090
3097
3098
3099
3100
3101
3102
3103
3104
3105
3106
3107
3108
3109
3110
3111
3121
3122
3123
3124
3125
3126
3127
3128
3129
3134
3135
3140
3141
3142
3143
3144
3145
3146
3147
3148
3150
3151
3166
3167
3168
3169
3170
3171
3173
3176
3177
3178
3179
3180
3181
3182
3183
3184
3185
3186
3187
3190
3191
3192
3194
3195
3201
3202
3203
3204
3205
3206
3207
3208
3209
3210
3211
3212
3213
3218
3219
3247
3248
3249
3250
3251
3252
3253
3254
3255
3256
3257
3258
3259
3260
3261
3262
3263
3264
3265
3266
3267
3268
3269
3271
3272
3273
3274
3275
3276
3283
3284
3287
3288
3328
3329
3330
3331
3334
3335
3336
3337
3338
3339
3366
3373
3374
3375
3391
3392
3398
3399
3400
3401
3402
3404
3405
3406
3407
3408
3409
3410
3411
3412
3413
3414
3415
3416
3417
3421
3436
3437
3440
3441
3442
3443
3448
3449
3450
3451
3452
3453
3472
3474
3475
3478
3479
3480
3481
3482
3483
3490
3491
3492
3493
3494
3495
3496
3497
3498
3517
3518
3519
3521
3522
3530
3535
3536
3537
3538
3539
3540
3541
3542
3543
3544
3545
3546
3547
3548
3549
3550
3551
3552
3592
3594
3595
3598
3599
3600
3601
3602
3603
3604
3606
3607
3612
3613
3649
3650
3651
3652
3653
3654
3655
3656
3657
3658
3659
3660
3661
3662
3663
3664
3665
3666
3667
3668
3669
3688
3689
3690
3691
3692
3706
3707
3708
3709
3710
3711
3712
3713
3714
3715
3716
3717
3718
3719
3720
3721
3722
3724
3726
3727
3732
3735
3778
3780
3781
3782
3783
3784
3785
3786
3787
3788
3789
3790
3791
3792
3793
3794
3795
3800
3808
3809
3810
3811
3812
3813
3814
3815
3816
3817
3818
3819
3820
3821
3822
3823
3824
3825
3826
3827
3828
3829
3830
3831
3832
3833
3834
3835
3836
3837
3838
3839
3840
3841
3842
3843
3847
3850
3851
3852
3853
3854
3855
3856
3857
3858
3859
3860
3861
3862
3863
3864
3865
3866
3867
3887
3890
3891
3892
3893
3894
3895
3896
3897
3898
3899
3900
3901
3902
3903
3904
3905
3906
3907
3908
3909
3910
3911
3912
3913
3914
3915
3916
3917
3918
3919
3920
3921
3933
3934
3935
3937
3938
3949
3950
3951
3952
3953
3954
3959
3960
3985
3986
3987
3988
3989
3990
4021
4022
4023
4024
4025
4026
4027
4028
4029
4030
4031
4032
4033
4034
4035
4036
4037
4038
4039
4040
4041
4042
4043
4044
4047
4048
4049
4050
4051
4052
4053
4054
4055
4056
4057
4058
4059
4060
4061
4062
4063
4064
4065
4066
4067
4068
4071
4073
4074
4078
4081
4082
4083
4084
4085
4086
4088
4091
4092
4093
4094
4095
4096
4097
4098
4099
4100
4101
4102
4103
4104
4105
4106
4107
4108
4109
4110
4111
4112
4113
4114
4115
4116
4122
4123
4124
4125
4126
4129
4130
4131
4132
4133
4134
4139
4140
4141
4142
4143
4144
4146
4183
4184
4185
4186
4187
4188
4189
4190
4192
4193
4194
4195
4196
4197
4198
4199
4200
4213
4214
4216
4219
4220
4221
4222
4223
4224
4231
4232
4233
4234
4235
4236
4237
4238
4239
4240
4241
4242
4243
4244
4245
4264
4266
4267
4270
4271
4272
4273
4274
4275
4288
4290
4291
4298
4372
4373
4374
4375
4376
4377
4378
4379
4380
4383
4384
4385
4386
4393
4394
4395
4396
4397
4398
4399
4400
4401
4402
4403
4404
4405
4406
4407
4408
4409
4410
4411
4412
4413
4414
4415
4416
4417
4418
4421
4422
4429
4430
4431
4432
4433
4434
4435
4436
4437
4438
4441
4442
4443
4444
4445
4446
4462
4463
4466
4480
4481
4484
4485
4492
4494
4495
4500
4501
4504
4506
4507
4510
4511
4512
4515
4525
4526
4527
4528
4529
4530
4537
4538
4539
4540
4541
4542
4543
4544
4545
4546
4547
4548
4549
4550
4551
4554
4561
4562
4563
4564
4565
4566
4567
4568
4569
4575
4580
4581
4582
4583
4584
4585
4586
4587
4588
4590
4591
4596
4597
4599
4606
4607
4608
4609
4610
4611
4612
4613
4614
4615
4616
4617
4618
4619
4620
4621
4622
4623
4624
4625
4626
4627
4630
4631
4634
4635
4642
4643
4644
4645
4646
4647
4648
4649
4650
4651
4652
4653
4658
4659
4660
4661
4662
4687
4688
4689
4690
4691
4692
4693
4694
4695
4696
4697
4698
4699
4700
4701
4702
4703
4704
4705
4706
4707
4708
4709
4710
4711
4712
4713
4714
4715
4716
4724
4727
4728
4768
4769
4770
4771
4774
4775
4776
4777
4778
4779
4782
4785
4831
4832
4833
4834
4835
4836
4837
4838
4839
4840
4841
4842
4843
4844
4845
4846
4847
4848
4849
4850
4851
4852
4853
4854
4855
4856
4857
4877
4880
4881
4912
4914
4915
4918
4919
4920
4921
4922
4923
4929
4930
4931
4932
4933
4934
4935
4936
4937
4938
4958
4975
4976
4977
4978
4979
4980
4981
4982
4983
4984
4985
4986
4987
4988
4989
4990
4991
4992
5025
5032
5034
5035
5038
5039
5040
5041
5042
5043
5044
5045
5046
5047
5050
5052
5053
5085
5088
5089
5090
5091
5092
5093
5094
5095
5096
5097
5098
5099
5100
5101
5102
5103
5104
5105
5106
5107
5108
5109
5146
5147
5148
5149
5150
5151
5152
5153
5154
5155
5156
5157
5158
5159
5160
5161
5162
5163
5164
5166
5167
5170
5171
5172
5173
5174
5175
5218
5219
5220
5221
5222
5223
5224
5225
5226
5227
5228
5229
5230
5231
5232
5233
5234
5235
5241
5244
5245
5248
5249
5251
5252
5253
5254
5255
5256
5257
5258
5259
5260
5261
5262
5263
5264
5265
5266
5267
5268
5269
5270
5271
5272
5273
5274
5275
5276
5277
5278
5279
5280
5281
5282
5283
5290
5291
5292
5293
5294
5295
5296
5297
5298
5299
5300
5301
5302
5303
5304
5305
5306
5307
5327
5328
5329
5330
5331
5332
5333
5334
5335
5338
5339
5340
5341
5344
5345
5346
5347
5348
5349
5350
5351
5352
5353
5354
5355
5356
5357
5358
5359
5360
5361
5374
5375
5389
5390
5392
5395
5396
5397
5398
5399
5400
5425
5426
5429
5430
5461
5462
5463
5464
5465
5466
5467
5468
5469
5470
5471
5472
5473
5474
5475
5476
5477
5478
5479
5480
5481
5482
5483
5484
5485
5486
5487
5488
5489
5490
5491
5492
5493
5494
5495
5496
5497
5498
5499
5500
5501
5502
5503
5504
5505
5506
5507
5508
5509
5510
5511
5512
5513
5514
5517
5518
5521
5522
5523
5524
5525
5526
5533
5534
5535
5536
5537
5538
5539
5540
5541
5542
5543
5544
5545
5546
5547
5548
5549
5550
5551
5552
5555
5556
5563
5565
5566
5569
5570
5571
5572
5573
5574
5575
5576
5577
5579
5580
5581
5582
5583
5584
5585
5616
5623
5624
5625
5626
5627
5628
5629
5630
5633
5634
5635
5636
5639
5640
5659
5660
5661
5662
5663
5664
5671
5672
5673
5674
5675
5676
5677
5678
5679
5680
5681
5682
5683
5704
5706
5707
5710
5711
5712
5713
5714
5715
5718
5728
5730
5731
5812
5813
5814
5815
5816
5817
5818
5819
5820
5821
5822
5823
5824
5825
5826
5833
5834
5835
5836
5837
5838
5839
5840
5841
5842
5843
5844
5845
5846
5847
5848
5849
5850
5851
5852
5853
5854
5855
5856
5857
5858
5861
5862
5869
5870
5872
5873
5874
5875
5876
5877
5878
5881
5882
5883
5884
5885
5886
5894
5898
5899
5900
5901
5920
5921
5922
5923
5924
5925
5926
5927
5928
5929
5930
5931
5932
5933
5934
5935
5936
5937
5962
5963
5964
5965
5966
5967
5982
5983
5992
5994
5995
5998
5999
6000
6001
6002
6003
6010
6011
6012
6013
6014
6015
6016
6017
6018
6055
6056
6057
6058
6059
6060
6061
6062
6063
6064
6065
6066
6067
6068
6069
6070
6071
6072
6093
6094
6097
6098
6099
6100
6101
6102
6103
6104
6105
6106
6107
6108
6109
6110
6111
6112
6113
6114
6115
6116
6117
6118
6119
6120
6121
6122
6123
6124
6125
6126
6127
6129
6130
6131
6132
6133
6134
6135
6163
6164
6165
6166
6167
6168
6169
6170
6171
6172
6173
6174
6175
6176
6177
6178
6179
6180
6181
6182
6183
6184
6185
6186
6187
6188
6189
6206
6207
6221
6222
6223
6224
6225
6226
6227
6228
6229
6230
6231
6232
6233
6234
6235
6236
6237
6238
6239
6240
6241
6242
6243
6244
6246
6247
6252
6254
6255
6268
6269
6272
6298
6299
6300
6301
6302
6303
6304
6305
6306
6307
6308
6309
6310
6311
6312
6313
6314
6315
6317
6320
6321
6325
6328
6329
6330
6331
6332
6333
6334
6335
6336
6337
6338
6339
6340
6341
6342
6343
6344
6345
6346
6347
6348
6349
6350
6351
6352
6353
6354
6355
6356
6357
6358
6359
6360
6361
6362
6363
6370
6371
6372
6373
6374
6375
6378
6379
6382
6383
6384
6385
6386
6387
6404
6405
6406
6407
6408
6409
6410
6411
6412
6413
6414
6415
6416
6417
6418
6419
6420
6421
6422
6423
6424
6425
6426
6427
6428
6429
6430
6431
6432
6433
6434
6435
6436
6437
6438
6439
6440
6441
6454
6455
6456
6457
6458
6459
6463
6541
6542
6543
6544
6545
6546
6547
6548
6549
6550
6551
6552
6553
6554
6555
6556
6557
6558
6559
6560
6561
6562
6563
6564
6565
6566
6567
6568
6571
6572
6573
6574
6575
6576
6577
6578
6579
6580
6581
6582
6583
6584
6585
6586
6587
6588
6589
6591
6592
6594
6595
6596
6597
6598
6601
6602
6603
6604
6605
6606
6609
6610
6613
6614
6615
6616
6617
6618
6619
6620
6621
6622
6623
6624
6625
6626
6627
6628
6629
6630
6644
6649
6650
6652
6653
6654
6661
6662
6663
6664
6665
6666
6740
6743
6784
6785
6786
6787
6790
6791
6792
6793
6794
6795
6807
6808
6809
6810
6811
6812
6813
6814
6815
6816
6817
6818
6819
6826
6828
6829
6894
6899
6900
6901
6902
6905
6906
6919
6920
6921
6922
6923
6924
6930
6931
6932
6973
6974
6975
6976
6977
6978
6979
6988
6989
6992
6994
6995
6996
6997
6998
6999
7001
7002
7004
7005
7006
7007
7008
7009
7012
7013
7014
7015
7016
7017
7018
7019
7020
7021
7022
7023
7024
7025
7026
7027
7028
7029
7030
7031
7032
7033
7034
7035
7036
7037
7038
7039
7040
7041
7042
7043
7044
7045
7046
7047
7048
7049
7050
7051
7052
7053
7054
7057
7108
7109
7110
7111
7112
7113
7120
7121
7122
7123
7124
7125
7126
7127
7128
7129
7130
7131
7140
7141
7144
7145
7146
7147
7148
7149
7152
7153
7156
7157
7158
7159
7164
7165
7168
7169
7171
7172
7192
7216
7217
7218
7219
7222
7223
7224
7225
7226
7227
7234
7235
7236
7237
7238
7239
7240
7241
7242
7243
7244
7245
7246
7247
7248
7249
7250
7251
7264
7265
7270
7271
7272
7273
7274
7275
7276
7277
7278
7279
7280
7281
7282
7283
7284
7285
7286
7287
7288
7289
7290
7291
7292
7293
7294
7295
7296
7327
7328
7330
7351
7352
7353
7354
7355
7356
7359
7360
7363
7364
7365
7366
7367
7368
7387
7388
7389
7390
7391
7392
7405
7406
7407
7408
7409
7410
7411
7412
7413
7414
7415
7416
7417
7418
7419
7420
7421
7422
7423
7424
7425
7426
7427
7428
7429
7430
7431
7432
7433
7434
7435
7436
7437
7438
7439
7440
7443
7444
7446
7447
7448
7449
7450
7451
7452
7457
7458
7531
7532
7533
7534
7578
7582
7583
7584
7585
7586
7587
7594
7595
7596
7597
7598
7599
7600
7601
7602
7603
7604
7605
7608
7610
7611
7614
7615
7618
7619
7620
7621
7622
7623
7628
7629
7636
7637
7638
7640
7641
7747
7748
7749
7750
7751
7752
7753
7754
7755
7756
7757
7758
7761
7762
7763
7764
7767
7769
7770
7771
7772
7773
7774
7775
7776
7777
7778
7779
7780
7781
7782
7783
7784
7785
7786
7787
7788
7789
7790
7791
7792
7793
7794
7795
7796
7797
7798
7799
7800
7801
7802
7803
7804
7805
7806
7807
7808
7809
7864
7865
7866
7867
7868
7869
7870
7871
7874
7875
7876
7877
7878
7879
7906
7907
7910
7918
7919
7920
7921
7922
7923
7924
7925
7926
7927
7928
7929
7930
7931
7932
7933
7934
7935
7936
7937
7938
7939
7940
7941
7942
7943
7944
7945
7946
7947
7948
7949
7950
7951
7952
7953
7954
7955
7956
7957
7958
7959
7960
7961
7962
7963
7964
7965
7966
7967
7968
7969
7974
7975
7978
7980
7981
7982
7983
7996
7998
7999
8003
8006
8007
8140
8141
8142
8143
8148
8149
8152
8153
8154
8155
8156
8157
8158
8159
8160
8161
8162
8163
8164
8165
8166
8167
8168
8169
8172
8173
8175
8176
8177
8178
8179
8180
8181
8182
8183
8184
8185
8186
8187
8189
8192
8193
8200
8201
8202
8203
8204
8212
8213
8224
8225
8226
8227
8228
8229
8230
8231
8232
8233
8234
8235
8236
8237
8238
8239
8240
8241
8242
8243
8244
8245
8246
8247
8248
8249
8250
8251
8252
8253
8254
8255
8256
8257
8258
8259
8260
8261
8262
8263
8264
8265
8266
8267
8268
8269
8270
8271
8272
8273
8274
8275
8276
8277
8278
8279
8280
8281
8282
8283
8284
8285
8286
8287
8288
8289
8290
8291
8292
8293
8294
8295
8296
8297
8298
8299
8300
8301
8302
8303
8304
8305
8306
8307
8308
8309
8310
8311
8312
8313
8314
8315
8316
8317
8318
8319
8320
8321
8322
8323
8324
8325
8326
8327
8328
8329
8330
8331
8334
8335
8342
8343
8350
8351
8352
8353
8354
8355
8356
8357
8358
8359
8360
8361
8362
8363
8364
8365
8366
8367
8370
8373
8374
8375
8376
8377
8379
8380
8381
8382
8383
8384
8385
8386
8387
8388
8389
8390
8391
8392
8393
8394
8395
8396
8397
8398
8399
8400
8401
8402
8403
8459
8462
8463
8464
8465
8467
8470
8471
8472
8473
8474
8475
8476
8477
8478
8479
8480
8481
8482
8483
8484
8485
8486
8487
8488
8489
8490
8491
8492
8493
8494
8495
8496
8497
8498
8499
8500
8501
8502
8503
8504
8505
8508
8509
8512
8513
8514
8515
8516
8517
8518
8519
8520
8521
8522
8523
8524
8525
8526
8527
8528
8529
8530
8531
8532
8533
8534
8535
8536
8537
8538
8539
8540
8541
8542
8543
8544
8545
8546
8547
8548
8549
8550
8551
8552
8553
8554
8555
8556
8557
8558
8559
8560
8561
8562
8563
8564
8565
8600
8601
8602
8603
8604
8605
8606
8607
8612
8613
8616
8617
8620
8621
8622
8628
8647
8648
8649
8650
8651
8652
8653
8654
8655
8656
8657
8658
8659
8660
8661
8662
8671
8672
8677
8678
8679
8680
8681
8682
8689
8690
8757
8759
8760
8761
8762
8765
8766
8767
8768
8769
8770
8772
8797
8798
8868
8869
8870
8871
8872
8874
8875
8876
8877
8878
8879
8880
8881
8882
8883
8884
8885
8886
8887
8888
8889
8890
8891
8892
8893
8894
8895
8896
8897
8898
8899
8900
8901
8902
8903
8904
8905
8906
8907
8908
8909
8910
8911
8912
8913
8914
8915
8916
8919
8920
8922
8923
8924
8925
8926
8927
8928
8929
8930
8932
8933
8934
8941
8942
8943
8944
8945
8946
8947
8948
8951
8952
8953
8954
8955
8956
8957
8958
8959
8960
8961
8962
8963
8964
8965
8966
8967
8968
8969
8970
8971
8972
8973
8974
8977
8978
8979
8980
8981
8982
8988
8989
8990
8991
8992
8993
8994
8995
8996
8997
8998
8999
9000
9001
9002
9003
9004
9005
9006
9015
9016
9019
9020
9021
9022
9023
9024
9031
9032
9033
9034
9035
9036
9037
9038
9041
9042
9043
9044
9045
9046
9047
9048
9049
9050
9051
9052
9053
9054
9055
9056
9057
9058
9059
9060
9061
9062
9064
9065
9066
9073
9074
9075
9076
9077
9078
9079
9080
9081
9082
9083
9084
9085
9086
9087
9088
9089
9090
9091
9092
9093
9094
9095
9096
9097
9098
9099
9100
9101
9102
9103
9104
9105
9106
9107
9108
9109
9110
9111
9112
9113
9114
9115
9116
9117
9118
9119
9120
9121
9122
9123
9124
9125
9126
9127
9128
9129
9130
9131
9132
9133
9134
9135
9136
9137
9138
9139
9140
9141
9142
9143
9144
9145
9146
9147
9148
9149
9150
9163
9164
9167
9168
9169
9170
9171
9172
9173
9175
9176
9177
9178
9179
9180
9187
9188
9189
9190
9191
9192
9193
9194
9195
9196
9197
9198
9199
9200
9201
9202
9203
9204
9210
9213
9214
9217
9218
9219
9220
9221
9222
9225
9226
9229
9230
9231
9232
9233
9234
9240
9349
9350
9351
9352
9353
9354
9355
9356
9357
9358
9359
9360
9361
9362
9363
9364
9365
9366
9367
9368
9369
9370
9371
9372
9375
9378
9379
9380
9381
9382
9383
9384
9385
9386
9387
9388
9389
9390
9393
9394
9397
9398
9399
9400
9401
9402
9407
9415
9416
9417
9418
9439
9440
9441
9442
9443
9444
9445
9446
9449
9450
9457
9458
9459
9460
9461
9462
9463
9464
9465
9466
9467
9468
9469
9470
9471
9472
9473
9474
9485
9486
9493
9494
9495
9496
9497
9498
9499
9500
9501
9502
9503
9504
9505
9506
9507
9508
9509
9510
9511
9512
9513
9514
9515
9516
9517
9518
9519
9520
9521
9522
9523
9524
9525
9526
9527
9528
9529
9530
9531
9532
9533
9534
9535
9536
9537
9574
9575
9592
9594
9595
9598
9599
9600
9601
9602
9603
9610
9611
9612
9613
9614
9615
9616
9617
9618
9619
9620
9621
9622
9623
9624
9625
9626
9627
9664
9665
9666
9667
9670
9671
9673
9674
9675
9683
9686
9694
9695
9696
9697
9698
9700
9701
9702
9703
9710
9916
9917
9918
9919
9920
9921
9922
9923
9924
9925
9926
9927
9928
9929
9930
9931
9932
9933
9934
9935
9936
9937
9938
9939
9940
9941
9942
9955
9956
9959
9960
9979
9980
9981
9982
9983
9984
9985
9986
9987
9988
9989
9990
9991
9992
9993
9994
9995
9996
9997
9998
9999
10000
10001
10002
10003
10004
10005
10006
10007
10008
10009
10010
10011
10012
10013
10014
10015
10016
10017
10018
10019
10020
10021
10022
10023
10024
10025
10026
10027
10028
10029
10030
10031
10032
10033
10034
10035
10036
10037
10038
10039
10040
10041
10042
10043
10044
10045
10046
10047
10048
10049
10050
10051
10052
10054
10055
10056
10063
10064
10065
10066
10067
10068
10087
10088
10089
10090
10091
10092
10093
10094
10095
10096
10097
10098
10099
10100
10101
10102
10103
10104
10105
10106
10107
10108
10109
10110
10111
10112
10113
10114
10115
10116
10119
10122
10123
10124
10125
10126
10127
10128
10129
10130
10131
10132
10133
10134
10135
10136
10137
10138
10139
10140
10186
10187
10188
10189
10190
10191
10196
10197
10198
10199
10200
10201
10206
10207
10210
10211
10214
10222
10224
10225
10228
10229
10232
10340
10363
10365
10389
10392
10417
10419
10448
10449
10452
10456
10477
10479
10483
10485
10488
10491
10493
10494
10495
10499
10503
10516
10520
10521
10522
10523
10528
10530
10532
10534
10535
10538
10540
10542
10543
10544
10545
10561
10562
10565
10566
10569
10570
10573
10574
10575
10576
10581
10583
10585
10587
10588
10591
10592
10593
10606
10608
10609
10610
10611
10616
10618
10620
10621
10624
10626
10627
10628
10632
10634
10635
10636
10637
10638
10644
10645
10648
10649
10652
10661
10663
10665
10667
10668
10669
10673
10674
10677
10678
10679
10680
10681
10687
10689
10691
10692
10693
10694
10699
10700
10701
10702
10703
10704
10705
10711
10712
10713
10714
10717
10718
10721
10723
10724
10732
10733
10736
10737
10738
10739
10744
10745
10746
10750
10752
10753
10756
10757
10758
10762
10763
10764
10768
10769
10770
10774
10776
10778
10779
10782
10783
10784
10791
10792
10795
10796
10799
10800
10801
10805
10806
10807
10808
10809
10810
10811
10819
10821
10822
10823
10824
10829
10830
10833
10834
10837
10839
10841
10842
10845
10847
10849
10850
10851
10852
10853
10854
10855
10856
10857
10868
10869
10872
10874
10876
10878
10879
10880
10881
10886
10888
10889
10892
10893
10894
10895
10896
10897
10898
10899
10900
10910
10911
10912
10916
10917
10920
10921
10922
10926
10927
10928
10929
10930
10935
10937
10939
10941
10942
10943
10944
10949
10951
10952
10953
10957
10959
10961
10962
10963
10964
10969
10970
10971
10975
10976
10977
10978
10979
10985
10987
10988
10989
10990
10991
10992
10993
10994
10995
10996
10997
10998
10999
11010
11012
11014
11015
11018
11020
11021
11022
11023
11024
11030
11032
11033
11036
11038
11040
11041
11042
11043
11046
11047
11048
11049
11050
11051
11055
11057
11058
11059
11060
11065
11066
11067
11071
11073
11074
11077
11078
11079
11080
11081
11082
11083
11091
11093
11094
11097
11099
11100
11103
11104
11105
11109
11110
11111
11113
11114
11115
11116
11117
11118
11119
11120
11122
11123
11126
11127
11130
11132
11133
11134
11135
11136
11142
11143
11144
11145
11148
11150
11152
11153
11154
11156
11157
11158
11159
11160
11161
11162
11170
11171
11172
11173
11174
11180
11181
11182
11183
11184
11185
11186
11187
11188
11189
11190
11191
11195
11197
11198
11199
11200
11203
11205
11207
11208
11209
11210
11211
11212
11217
11219
11220
11221
11222
11225
11226
11227
11228
11229
11230
11231
11232
11233
11234
11236
11237
11238
11240
11242
11243
11244
11245
11246
11247
11248
11249
11250
11258
11259
11261
11262
11263
11264
11265
11266
11267
11268
11269
11270
11271
11272
11273
11274
11275
11276
11277
11278
11279
11280
11281
11282
11283
11284
11285
11286
11287
11288
11289
11290
11291
11292
11293
11294
11295
11296
11297
11298
11299
11300
11301
11302
11303
11304
11305
11306
11307
11308
11309
11310
11311
11312
11313
11314
11315
11316
11317
11318
11319
11320
11321
11322
11323
11324
11325
11326
11327
11328
11329
11330
11331
11332
11333
11334
11335
11336
11341
11342
11343
11344
11345
11346
11347
11348
11349
11350
11351
11352
11353
11354
11355
11356
11357
11358
11359
11360
11361
11362
11363
11364
11365
11366
11367
11368
11369
11370
11371
11372
11373
11374
11375
11376
11377
11378
11379
11380
11381
11382
11383
11384
11385
11386
11387
11388
11389
11390
11391
11392
11393
11394
11395
11396
11397
11398
11399
11400
11401
11402
11403
11404
11405
11406
11407
11408
11409
11410
11411
11412
11413
11414
11419
11420
11421
11422
11423
11424
11425
11426
11427
11428
11429
11430
11431
11432
11433
11434
11435
11436
11437
11438
11439
11440
11441
11442
11443
11444
11445
11446
11447
11448
11449
11450
11451
11452
11453
11454
11455
11456
11457
11458
11459
11460
11461
11462
11463
11464
11465
11466
11467
11468
11469
11470
11471
11472
11473
11474
11475
11476
11477
11478
11479
11480
11481
11482
11483
11486
11487
11488
11489
11490
11491
11492
11493
11494
11495
11496
11497
11498
11499
11500
11501
11502
11503
11504
11505
11506
11507
11508
11509
11510
11511
11512
11513
11514
11515
11516
11517
11518
11519
11520
11521
11522
11523
11524
11525
11526
11527
11528
11529
11530
11531
11532
11533
11534
11535
11536
11537
11538
11539
11540
11541
11542
11543
11544
11545
11546
11547
11548
11549
11550
11551
11552
11553
11554
11555
11556
11557
11558
11559
11560
11561
11562
11563
11564
11565
11566
11567
11568
11569
11570
11571
11572
11573
11574
11575
11576
11577
11578
11579
11580
11581
11582
11583
11584
11585
11586
11587
11588
11589
11590
11591
11592
11593
11594
11595
11596
11597
11598
11599
11600
11601
11602
11603
11604
11605
11606
11607
11608
11609
11610
11611
11612
11613
11614
11615
11616
11617
11618
11619
11620
11621
11622
11623
11624
11625
11626
11627
11628
11629
11630
11631
11632
11633
11634
11635
11636
11637
11638
11639
11640
11641
11642
11643
11644
11645
11646
11647
11648
11649
11650
11651
11652
11653
11654
11655
11656
11657
11658
11659
11660
11661
11662
11663
11664
11665
11666
11667
11668
11669
11670
11671
11672
11673
11674
11675
11676
11677
11678
11679
11680
11681
11682
11683
11684
11685
11686
11687
11688
11689
11690
11691
11692
11693
11694
11695
11696
11697
11698
11699
11700
11701
11702
11703
11704
11705
11706
11707
11708
11709
11710
11711
11712
11713
11714
11715
11716
11717
11718
11719
11720
11721
11722
11723
11724
11725
11726
11727
11728
11729
11730
11731
11732
11733
11734
11735
11736
11737
11738
11739
11740
11741
11742
11743
11744
11745
11746
11747
11748
11749
11750
11751
11752
11753
11754
11755
11756
11757
11758
11759
11760
11761
11762
11763
11764
11765
11766
11767
11768
11769
11770
11771
11772
11773
11774
11775
11776
11777
11778
11779
11780
11781
11782
11783
11784
11785
11786
11787
11788
11789
11790
11791
11792
11793
11794
11795
11796
11797
11798
11799
11800
11801
11802
11803
11804
11805
11806
11807
11808
11809
11810
11811
11812
11813
11814
11815
11816
11817
11818
11819
11820
11821
11822
11823
11824
11825
11826
11827
11828
11829
11830
11831
11832
11833
11834
11835
11836
11837
11838
11839
11840
11841
11842
11843
11844
11845
11846
11847
11848
11849
11850
11851
11852
11853
11854
11855
11856
11857
11858
11859
11860
11861
11862
11863
11864
11865
11866
11867
11868
11869
11870
11871
11872
11873
11874
11875
11876
11877
11878
11879
11880
11881
11882
11883
11884
11885
11886
11887
11888
11889
11890
11891
11892
11893
11894
11895
11896
11897
11898
11899
11900
11901
11902
11903
11904
11905
11906
11907
11908
11909
11910
11911
11912
11913
11914
11915
11916
11917
11918
11919
11920
11921
11922
11923
11924
11925
11926
11927
11928
11929
11930
11931
11932
11933
11934
11935
11936
11937
11938
11939
11940
11941
11942
11943
11944
11945
11946
11947
11948
11949
11950
11951
11952
11953
11954
11955
11956
11957
11958
11959
11960
11961
11962
11963
11964
11965
11966
11967
11968
11969
11970
11971
11972
11973
11974
11975
11976
11977
11978
11979
11980
11981
11982
11983
11984
11985
11986
11987
11988
11989
11990
11991
11992
11993
11994
11995
11996
11997
11998
11999
12000
12001
12002
12003
12004
12005
12006
12007
12008
12009
12010
12011
12012
12013
12014
12015
12016
12017
12018
12019
12020
12021
12022
12023
12024
12025
12026
12027
12028
12029
12030
12031
12032
12033
12034
12035
12036
12037
12038
12039
12040
12041
12042
12043
12044
12045
12046
12047
12048
12049
12050
12051
12052
12053
12054
12055
12056
12057
12058
12059
12060
12061
12062
12063
12064
12065
12066
12067
12068
12069
12070
12071
12072
12073
12074
12075
12076
12077
12078
12079
12080
12081
12082
12083
12084
12085
12086
12087
12088
12089
12090
12091
12092
12093
12094
12095
12096
12097
12098
12099
12100
12101
12102
12103
12104
12105
12106
12107
12108
12109
12110
12111
12112
12113
12114
12115
12116
12117
12118
12119
12120
12121
12122
12123
12124
12125
12126
12127
12128
12129
12130
12131
12132
12133
12134
12135
12136
12137
12138
12139
12140
12141
12142
12143
12144
12145
12146
12147
12148
12149
12150
12151
12152
12153
12154
12155
12156
12157
12158
12159
12160
12161
12162
12163
12164
12165
12166
12167
12168
12169
12170
12171
12172
12173
12174
12175
12176
12177
12178
12179
12180
12181
12182
12183
12184
12185
12186
12187
12188
12189
12190
12191
12192
12193
12194
12195
12196
12197
12198
12199
12200
12201
12202
12203
12204
12205
12206
12207
12208
12209
12210
12211
12212
12213
12214
12215
12216
12217
12218
12219
12220
12221
12222
12223
12224
12225
12226
12227
12228
12229
12230
12231
12232
12233
12234
12235
12236
12237
12238
12239
12240
12241
12242
12243
12244
12245
12246
12247
12248
12249
12250
12251
12252
12253
12254
12255
12256
12257
12258
12259
12260
12261
12262
12263
12264
12265
12266
12267
12268
12269
12270
12271
12272
12273
12274
12275
12276
12277
12278
12279
12280
12281
12282
12283
12284
12285
12286
12287
12288
12289
12290
12291
12292
12293
12294
12295
12296
12297
12298
12299
12300
12301
12302
12303
12304
12305
12306
12307
12308
12309
12310
12311
12312
12313
12314
12315
12316
12317
12318
12319
12320
12321
12321
12322
12322
12323
12324
12325
12326
12327
12327
12328
12328
12329
12330
12331
12332
12332
12333
12336
12346
12347
12348
12349
7054
0
7972
1
7297
2
2561
3
2567
4
9187
5
7
6
9
8
2797
10
5502
11
6209
12
22
13
280
14
48
15
2823
16
7459
17
2617
18
33
19
2878
20
6470
21
310
23
7405
24
2595
25
2676
26
6389
27
2667
28
9647
29
62
30
2958
31
2659
32
35
34
9295
36
38
37
9133
39
8513
40
6055
41
766
42
104
43
2593
44
210
45
3453
46
6073
47
137
49
7919
50
793
51
4944
52
2622
53
4961
54
4853
55
3018
56
4907
57
2991
58
2613
59
254
60
3588
61
5043
63
9332
64
5060
65
126
66
9170
67
5087
68
120
69
3681
70
2771
71
3805
72
5129
73
4066
74
8913
75
5171
76
145
77
1210
78
6316
79
4345
80
2755
81
1120
82
6425
83
2779
84
1480
85
5350
86
3819
87
3843
88
130
89
2833
90
96
91
4210
92
5309
93
2845
94
154
95
2849
97
4426
98
2764
99
3948
100
4048
101
5390
102
5414
103
1300
105
6559
106
8099
107
6856
108
1150
109
6595
110
2866
111
1570
112
2785
113
6191
114
2787
115
3039
116
7937
117
6577
118
997
119
5576
121
3012
122
8423
123
6721
124
1015
125
9611
127
6803
128
2839
129
5728
131
4224
132
4245
133
2965
134
138
135
2971
136
2975
139
8585
140
6937
141
143
142
2803
144
7495
146
3010
147
9223
148
150
149
152
151
2857
153
7441
155
3037
156
9061
157
159
158
8477
160
4525
161
7072
162
470
163
2791
164
780
165
5973
166
4531
167
7234
168
569
169
7955
170
7315
171
3115
172
2872
173
5111
174
3045
175
4404
176
3063
177
4323
178
2926
179
824
180
6108
181
7612
182
3124
183
5062
184
839
185
6153
186
5089
187
848
188
6180
189
7883
190
4973
191
5199
192
4886
193
5550
194
4705
195
3141
196
593
197
3750
198
1216
199
5460
200
5216
201
6330
202
5345
203
3172
204
4847
205
6384
206
4923
207
307
208
548
209
5303
211
5604
212
5021
213
5234
214
620
215
8539
216
3795
217
5757
218
5378
219
8666
220
5442
221
4967
222
3228
223
1514
224
3993
225
1303
226
6287
227
1240
228
6573
229
5478
230
3253
231
4934
232
3259
233
2153
234
3147
235
4467
236
2685
237
1222
238
5891
239
2207
240
3201
241
4386
242
2703
243
1276
244
5810
245
2261
246
6735
247
5723
248
3307
249
5285
250
6780
251
5049
252
349
253
5699
255
5639
256
1568
257
9673
258
4200
259
6449
260
1294
261
6870
262
5010
263
3352
264
5177
265
336
266
4371
267
5586
268
4389
269
1444
270
6951
271
4992
272
3379
273
5339
274
330
275
4452
276
5532
277
4470
278
1471
279
514
281
8161
282
3407
283
9106
284
3413
285
3418
286
484
287
3424
288
6190
289
8836
290
3244
291
2777
292
5297
293
3732
294
4588
295
3858
296
7149
297
7173
298
532
299
3463
300
432
301
9268
302
3467
303
8530
304
583
305
3478
306
9727
308
3343
309
8890
311
3494
312
3499
313
405
314
3505
315
6460
316
3511
317
1844
318
2864
319
8659
320
3975
321
4669
322
4071
323
500
324
3535
325
4446
326
7043
327
5539
328
3547
329
3553
331
4365
332
7205
333
5593
334
3565
335
2837
337
5693
338
4137
339
4723
340
4254
341
7554
342
7575
343
3595
344
564
345
9664
346
459
347
3604
348
3610
350
2006
351
353
352
6031
354
3775
355
4179
356
5610
357
536
358
3640
359
539
360
362
361
6130
363
3937
364
4125
365
5556
366
518
367
3667
368
521
369
7821
370
4524
371
1126
372
7833
373
3685
374
503
375
7875
376
3689
377
8071
378
5186
379
3700
380
390
381
7929
382
4692
383
9124
384
5537
385
8908
386
5465
387
3724
388
589
389
3731
391
9781
392
3737
393
4570
394
5236
395
6273
396
3679
397
3697
398
6208
399
8091
400
3619
401
8854
402
5447
403
6293
404
4480
406
5333
407
3409
408
5920
409
3894
410
8175
411
3699
412
7000
413
5128
414
5194
415
4840
416
5224
417
4648
418
8247
419
3864
420
5295
421
8289
422
3841
423
8307
424
544
425
1144
426
8319
427
9376
428
3845
429
3853
430
448
431
4881
433
451
434
3863
435
8415
436
3869
437
9286
438
5591
439
3880
440
525
441
3889
442
616
443
453
444
5223
445
10024
446
3899
447
4611
449
3211
450
3919
452
8577
454
3646
455
9745
456
5744
457
6455
458
8628
460
1153
461
8634
462
8658
463
3950
464
8800
465
5429
466
3961
467
471
468
3967
469
3974
472
7097
473
5449
474
4660
475
5479
476
6516
477
3946
478
3958
479
6469
480
8111
481
5776
482
3433
483
3769
485
6280
486
4510
487
5515
488
3496
489
6010
490
3721
491
5147
492
3960
493
7270
494
5389
495
5437
496
4930
497
5467
498
3717
499
5146
501
5545
502
3522
504
3723
505
4461
506
7961
507
5473
508
4087
509
6973
510
7949
511
5497
512
3415
513
3715
515
6226
516
4111
517
4117
519
2519
520
3648
522
4129
523
4380
524
4136
526
4141
527
6892
528
8435
529
5641
530
3469
531
3877
533
6388
534
4165
535
4171
537
2438
538
3621
540
9599
541
5711
542
3847
543
4272
545
9390
546
3879
547
5308
549
5599
550
8339
551
5629
552
4774
553
9462
554
4260
555
5691
556
9504
557
4243
558
9519
559
1186
560
9525
561
4249
562
574
563
5016
565
577
566
4259
567
4267
568
579
570
5628
571
7259
572
5746
573
4746
575
3337
576
4297
578
8597
580
5857
581
3487
582
3931
584
6442
585
587
586
3739
588
6085
590
4363
591
3771
592
5200
594
5455
595
8015
596
5764
597
7471
598
4384
599
601
600
1375
602
9903
603
9199
604
606
605
608
607
6912
609
4369
610
6661
611
4378
612
614
613
3901
615
6067
617
4444
618
3933
619
5362
621
5752
622
8501
623
5845
624
7417
625
4465
626
628
627
1357
629
10146
630
9037
631
633
632
635
634
6993
636
4450
637
6607
638
4459
639
8465
640
2575
641
5944
642
2048
643
3727
644
3060
645
4498
646
2577
647
5998
648
2345
649
7967
650
6025
651
4555
652
3970
653
3671
654
3087
655
10002
656
3093
657
9759
658
4132
659
3104
660
4543
661
6124
662
4564
663
4518
664
3119
665
4558
666
4551
667
3128
668
4567
669
7895
670
2138
671
7064
672
2596
673
7415
674
2635
675
3150
676
2417
677
3421
678
4576
679
3243
680
1580
681
4608
682
3905
683
6322
684
3177
685
4620
686
3186
687
4624
688
2282
689
6376
690
3195
691
7469
692
2641
693
4645
694
2498
695
1552
696
6441
697
3342
698
1679
699
8678
700
7307
701
2623
702
3231
703
4684
704
3502
705
4663
706
4674
707
4600
708
4689
709
3707
710
6565
711
3258
712
6583
713
7356
714
3267
715
10191
716
3538
717
4582
718
4720
719
7734
720
3285
721
9948
722
3556
723
4636
724
4738
725
7653
726
4743
727
4283
728
6727
729
3312
730
4755
731
3320
732
4759
733
6772
734
3327
735
4771
736
4783
737
1678
738
6819
739
4773
740
4654
741
4788
742
3360
743
6862
744
3357
745
4798
746
6891
747
9305
748
4168
749
4804
750
4815
751
3387
752
6943
753
3384
754
4825
755
6972
756
9143
757
4114
758
4831
759
7025
760
2180
761
896
762
6309
763
5936
764
6624
765
2090
767
4867
768
6200
769
953
770
7107
771
3703
772
3857
773
4884
774
7916
775
4890
776
7196
777
1273
778
2234
779
3465
781
5990
782
6678
783
7222
784
2387
785
4921
786
7250
787
1052
788
7269
789
7286
790
977
791
6552
792
6296
794
4948
795
6467
796
4954
797
5059
798
3964
799
8693
800
4965
801
8699
802
4971
803
7862
804
6620
805
10128
806
4984
807
4852
808
4990
809
7457
810
6674
811
9885
812
5002
813
4906
814
5008
815
7511
816
3883
817
4253
818
5019
819
8456
820
5025
821
7592
822
1405
823
3597
825
7600
826
6458
827
5047
828
7628
829
5053
830
5086
831
4956
832
3618
833
7718
834
7683
835
5070
836
3635
837
5074
838
3642
840
5055
841
3645
842
7799
843
7764
844
5097
845
3662
846
5101
847
3669
849
7836
850
6054
851
3678
852
5110
853
6050
854
3687
855
7889
856
7119
857
8214
858
2812
859
7115
860
3705
861
7943
862
6558
863
8997
864
2899
865
6242
866
2905
867
5167
868
2405
869
5170
870
5967
871
1076
872
6849
873
875
874
5188
876
8061
877
8070
878
6218
879
8105
880
8097
881
9834
882
2992
883
3774
884
8124
885
5220
886
3893
887
8160
888
3043
889
5232
890
8564
891
3798
892
7010
893
3804
894
5134
895
4846
897
5257
898
6434
899
5262
900
3906
901
1555
902
8295
903
8322
904
2270
905
3840
906
5272
907
1031
908
6714
909
5293
910
8366
911
5296
912
7125
913
5302
914
6345
915
8429
916
7524
917
9429
918
2947
919
7520
920
3885
921
5329
922
2486
923
5332
924
8151
925
1103
926
6930
927
5344
928
6315
929
8538
930
3915
931
6311
932
3921
933
8591
934
8583
935
10077
936
3019
937
3936
938
8610
939
8637
940
3945
941
5380
942
8672
943
7362
944
8943
945
2893
946
7358
947
3966
948
5410
949
5954
950
5413
951
6048
952
4870
954
956
955
5431
957
8790
958
8799
959
6479
960
5445
961
7070
962
8835
963
3423
964
8853
965
6290
966
5463
967
6017
968
8889
969
3072
970
8907
971
8915
972
4041
973
7277
974
4047
975
5395
976
4933
978
4059
979
6206
980
4065
981
5152
982
5509
983
9024
984
4077
985
10173
986
5524
987
5158
988
5530
989
6980
990
5535
991
7016
992
9105
993
3405
994
9123
995
6236
996
9149
998
5560
999
5905
1000
5563
1001
9186
1002
5572
1003
9930
1004
5575
1005
6102
1006
5584
1007
6899
1008
5589
1009
7178
1010
9267
1011
3459
1012
9285
1013
6398
1014
9311
1016
5614
1017
5824
1018
5617
1019
9348
1020
5625
1021
4271
1022
9375
1023
3837
1024
5637
1025
9698
1026
4203
1027
6368
1028
4209
1029
5314
1030
5284
1032
5662
1033
6812
1034
5667
1035
4284
1036
1681
1037
9510
1038
9528
1039
4242
1040
5677
1041
5689
1042
9554
1043
5692
1044
7530
1045
5698
1046
6750
1047
5707
1048
6008
1049
5710
1050
9366
1051
4924
1053
5722
1054
6720
1055
9672
1056
4293
1057
6716
1058
4299
1059
5742
1060
7232
1061
9726
1062
3477
1063
9744
1064
6452
1065
5760
1066
7988
1067
9780
1068
3729
1069
1176
1070
9807
1071
4338
1072
6260
1073
4344
1074
5206
1075
5176
1077
9888
1078
9879
1079
4362
1080
5794
1081
4368
1082
9906
1083
9933
1084
4377
1085
5812
1086
5616
1087
4383
1088
5827
1089
9978
1090
1368
1091
9996
1092
5841
1093
8474
1094
10023
1095
3891
1096
1170
1097
10050
1098
4419
1099
6422
1100
4425
1101
5368
1102
5338
1104
10131
1105
10122
1106
4443
1107
5875
1108
4449
1109
10149
1110
10176
1111
4458
1112
5893
1113
5562
1114
4464
1115
5908
1116
10221
1117
1350
1118
10239
1119
1624
1121
5926
1122
5218
1123
5932
1124
4981
1125
2062
1127
7818
1128
5945
1129
5950
1130
5422
1131
5959
1132
3460
1133
3726
1134
5966
1135
3462
1136
5972
1137
5974
1138
1642
1139
4493
1140
1542
1141
5986
1142
4999
1143
2359
1145
8304
1146
5999
1147
6004
1148
5719
1149
6013
1151
5461
1152
7677
1154
8625
1155
6026
1156
7674
1157
6032
1158
6040
1159
3682
1160
3969
1161
6047
1162
3684
1163
2774
1164
2727
1165
10044
1166
5935
1167
3543
1168
10041
1169
2733
1171
9801
1172
5989
1173
3561
1174
9798
1175
6094
1177
3592
1178
4131
1179
6101
1180
3594
1181
6107
1182
6109
1183
4538
1184
1674
1185
7758
1187
9516
1188
6125
1189
7755
1190
6131
1191
6139
1192
3637
1193
4517
1194
7675
1195
3639
1196
6152
1197
6154
1198
4553
1199
1719
1200
6166
1201
3664
1202
4550
1203
7756
1204
3666
1205
6179
1206
6181
1207
4562
1208
1746
1209
2724
1211
6196
1212
5185
1213
6202
1214
7392
1215
2695
1217
6214
1218
6267
1219
6220
1220
7131
1221
2164
1223
6232
1224
6618
1225
6238
1226
5521
1227
7127
1228
2431
1229
6223
1230
3446
1231
6256
1232
5791
1233
6265
1234
2796
1235
3420
1236
6272
1237
8075
1238
6275
1239
2805
1241
6286
1242
6528
1243
6292
1244
8121
1245
6301
1246
3916
1247
3176
1248
1253
1249
3918
1250
2852
1251
2814
1252
7872
1254
6323
1255
1491
1256
4606
1257
6337
1258
8390
1259
3194
1260
1271
1261
3482
1262
7248
1263
1559
1264
2296
1265
4619
1266
1562
1267
6364
1268
5656
1269
8374
1270
7170
1272
1947
1274
4618
1275
2740
1277
6394
1278
6672
1279
6400
1280
7536
1281
8482
1282
2512
1283
6438
1284
3209
1285
6418
1286
5872
1287
6424
1288
2811
1289
6430
1290
5254
1291
4642
1292
6440
1293
2859
1295
6448
1296
6825
1297
6454
1298
8607
1299
6463
1301
5428
1302
2722
1304
6475
1305
6510
1306
6481
1307
7374
1308
7370
1309
1515
1310
6484
1311
3527
1312
7104
1313
7094
1314
6508
1315
2877
1316
3501
1317
6515
1318
8804
1319
6518
1320
1322
1321
4673
1323
7105
1324
8858
1325
6536
1326
6544
1327
7283
1328
3257
1329
1334
1330
4037
1331
2114
1332
2895
1333
8655
1335
6566
1336
1578
1337
4687
1338
2901
1339
2154
1340
7926
1341
6584
1342
9021
1343
4070
1344
2907
1345
10233
1346
6241
1347
4083
1348
10230
1349
6616
1351
7040
1352
3537
1353
2725
1354
9128
1355
6626
1356
2208
1358
6969
1359
3386
1360
9183
1361
4124
1362
7532
1363
9990
1364
6403
1365
3581
1366
9987
1367
6670
1369
7202
1370
3555
1371
2731
1372
9290
1373
6680
1374
2262
1376
6888
1377
3359
1378
9345
1379
4178
1380
6706
1381
4294
1382
3311
1383
1388
1384
4296
1385
2978
1386
2949
1387
8412
1389
6728
1390
1929
1391
4741
1392
6742
1393
9578
1394
3326
1395
1403
1396
3608
1397
7626
1398
1685
1399
4754
1400
1688
1401
9562
1402
7572
1404
2343
1406
4753
1407
9616
1408
1569
1409
6816
1410
3335
1411
7266
1412
7256
1413
6802
1414
2946
1415
6808
1416
5659
1417
4768
1418
6818
1419
1421
1420
4772
1422
7267
1423
9749
1424
6833
1425
6841
1426
8012
1427
3356
1428
1433
1429
3569
1430
7509
1431
2994
1432
8088
1434
6863
1435
1821
1436
4786
1437
1646
1438
3003
1439
4787
1440
1649
1441
4735
1442
6890
1443
6895
1445
6906
1446
6904
1447
3009
1448
4167
1449
6911
1450
9236
1451
6914
1452
6922
1453
8498
1454
3383
1455
1460
1456
3551
1457
7455
1458
3021
1459
8574
1461
6944
1462
1983
1463
4813
1464
1628
1465
3030
1466
4814
1467
1631
1468
4717
1469
6971
1470
6976
1472
6987
1473
6985
1474
3036
1475
4113
1476
6992
1477
9074
1478
6995
1479
2176
1481
7006
1482
5251
1483
7012
1484
5533
1485
7018
1486
6298
1487
7024
1488
8229
1489
3166
1490
7036
1492
6613
1493
7042
1494
7428
1495
3271
1496
1617
1497
2598
1498
2086
1499
1831
1500
4594
1501
7066
1502
5443
1503
2772
1504
7073
1505
8058
1506
8048
1507
7087
1508
3744
1509
7090
1510
6526
1511
7096
1512
8742
1513
7111
1516
3850
1517
3702
1518
2780
1519
3852
1520
7124
1521
7129
1522
3148
1523
3704
1524
7914
1525
6251
1526
3137
1527
7147
1528
7148
1529
3464
1530
7194
1531
7156
1532
7171
1533
7162
1534
2230
1535
4630
1536
7172
1537
7174
1538
5587
1539
5957
1540
1936
1541
3053
1543
1939
1544
4888
1545
7198
1546
6667
1547
7204
1548
7482
1549
3289
1550
1635
1551
2383
1553
8286
1554
7228
1556
5740
1557
2826
1558
8292
1560
8282
1561
6339
1563
7252
1564
6823
1565
7258
1566
9633
1567
7273
1571
5494
1572
7279
1573
6541
1574
7285
1575
8958
1576
3247
1577
2625
1579
2074
1581
4675
1582
6295
1583
3776
1584
2861
1585
7316
1586
8787
1587
8777
1588
7330
1589
3987
1590
2804
1591
1845
1592
7680
1593
7670
1594
8094
1595
8084
1596
7354
1597
8651
1598
3963
1599
2867
1600
4703
1601
9022
1602
7372
1603
3229
1604
3965
1605
8697
1606
6494
1607
3224
1608
7390
1609
2903
1610
3686
1611
7860
1612
8984
1613
3131
1614
2637
1615
10116
1616
4711
1618
10113
1619
7418
1620
7047
1621
4099
1622
6062
1623
9104
1625
7436
1626
3027
1627
10047
1629
10037
1630
6924
1632
2643
1633
9873
1634
4729
1636
9870
1637
7472
1638
7209
1639
4153
1640
6080
1641
9266
1643
7490
1644
3000
1645
9804
1647
9794
1648
6843
1650
7516
1651
4246
1652
3882
1653
2840
1654
4248
1655
7529
1656
7534
1657
3283
1658
3884
1659
8454
1660
6656
1661
3197
1662
7552
1663
7553
1664
3596
1665
7590
1666
7561
1667
7573
1668
7567
1669
4762
1670
7574
1671
6092
1672
2332
1673
3098
1675
2335
1676
5023
1677
9501
1680
6457
1682
3938
1683
2960
1684
9507
1686
9497
1687
6744
1689
2858
1690
2007
1691
7761
1692
7751
1693
8580
1694
8570
1695
1697
1696
4955
1698
8095
1699
4739
1700
9346
1701
6023
1702
8119
1703
1705
1704
4951
1706
7682
1707
7687
1708
2939
1709
3641
1710
7725
1711
4169
1712
9309
1713
2246
1714
5069
1715
2249
1716
6137
1717
2257
1718
3113
1720
2260
1721
5068
1722
1724
1723
5054
1725
8581
1726
4721
1727
9184
1728
6122
1729
8605
1730
1732
1731
5050
1733
7763
1734
7768
1735
2921
1736
3668
1737
7806
1738
4115
1739
9147
1740
2192
1741
5096
1742
2195
1743
6164
1744
2203
1745
3122
1747
2206
1748
5095
1749
7810
1750
2574
1751
4486
1752
7820
1753
4520
1754
1764
1755
5938
1756
7832
1757
7834
1758
8059
1759
7840
1760
7819
1761
6038
1762
2149
1763
3080
1765
2152
1766
4969
1767
7864
1768
7108
1769
4612
1770
7874
1771
3436
1772
1782
1773
7882
1774
2795
1775
7888
1776
8211
1777
7894
1778
8031
1779
2692
1780
1810
1781
4876
1783
1813
1784
4882
1785
7918
1786
2630
1787
4699
1788
7928
1789
4688
1790
2117
1791
7936
1792
2912
1793
7942
1794
8994
1795
7948
1796
9084
1797
7954
1798
2888
1799
7960
1800
9048
1801
7966
1802
8868
1803
2564
1804
2401
1805
1815
1806
4492
1807
7984
1808
5758
1809
5956
1811
3442
1812
3052
1814
8008
1816
6838
1817
8014
1818
9849
1819
3346
1820
8029
1822
3796
1823
7085
1824
8033
1825
8195
1826
3695
1827
8044
1828
7831
1829
3154
1830
4864
1832
8060
1833
8207
1834
8063
1835
5197
1836
3806
1837
8077
1838
3158
1839
8080
1840
7651
1841
4792
1842
8090
1843
8098
1846
2882
1847
8104
1848
9831
1849
8110
1850
8814
1851
1853
1852
8122
1854
7681
1855
7310
1856
3161
1857
8137
1858
3886
1859
8165
1860
8141
1861
3888
1862
8150
1863
8225
1864
8153
1865
5227
1866
3812
1867
8167
1868
3780
1869
8173
1870
8174
1871
3920
1872
8562
1873
8182
1874
6439
1875
8027
1876
8189
1877
7897
1878
3746
1879
8203
1880
3810
1881
8209
1882
3754
1883
8212
1884
7873
1885
8069
1886
8219
1887
8227
1888
3784
1889
8201
1890
8231
1891
8159
1892
8237
1893
8245
1894
8246
1895
8537
1896
8249
1897
8254
1898
8287
1899
8263
1900
2834
1901
3914
1902
8544
1903
3854
1904
8364
1905
8278
1906
8317
1907
4912
1908
8288
1909
4918
1910
8294
1911
8296
1912
2266
1913
4504
1914
8306
1915
8308
1916
5623
1917
5992
1918
8318
1919
8320
1920
8293
1921
8326
1922
8305
1923
8332
1924
6703
1925
8338
1926
9444
1927
3301
1928
7109
1930
1984
1931
1941
1932
3437
1933
1987
1934
8265
1935
2693
1937
3448
1938
4877
1940
1991
1942
6334
1943
3820
1944
1994
1945
3178
1946
8404
1948
7513
1949
4747
1950
8414
1951
3571
1952
1962
1953
8422
1954
2930
1955
8428
1956
9426
1957
8434
1958
9246
1959
2737
1960
2215
1961
5011
1963
2218
1964
5017
1965
8135
1966
2482
1967
1977
1968
3779
1969
8470
1970
5839
1971
1997
1972
2807
1973
3790
1974
2000
1975
5219
1976
8494
1978
6919
1979
8500
1980
10092
1981
3373
1982
2603
1985
5261
1986
4607
1988
1998
1989
2818
1990
5353
1992
3816
1993
5260
1995
6299
1996
3167
1999
5230
2001
8566
2002
7732
2003
4819
2004
8576
2005
8584
2008
2981
2009
8590
2010
10074
2011
8596
2012
9705
2013
2015
2014
8608
2016
7762
2017
7607
2018
3215
2019
8620
8620
2020
4513
2021
8627
2022
6019
2023
8633
2024
8635
2025
8788
2026
8641
2027
8626
2028
8647
2029
7351
2030
4693
2031
8657
2032
3517
2033
2043
2034
8665
2035
2876
2036
8671
2037
8940
2038
8677
2039
8760
2040
2719
2041
2053
2042
4957
2044
2056
2045
4963
2046
2573
2047
2058
2049
4519
2050
5953
2051
3981
2052
6037
2054
3523
2055
3079
2057
7101
2059
4009
2060
8714
2061
8834
2063
8750
2064
8758
2065
4039
2066
7328
2067
8762
2068
8924
2069
3956
2070
8773
2071
8632
2072
3235
2073
4945
2075
8789
2076
8936
2077
8792
2078
5440
2079
4049
2080
8806
2081
3239
2082
8115
2083
4336
2084
8840
2085
9815
2087
3767
2088
8738
2089
5452
2091
3983
2092
7069
2093
4005
2094
9827
2095
8846
2096
5458
2097
4346
2098
8860
2099
3245
2100
8866
2101
4075
2102
8894
2103
8870
2104
9032
2105
3719
2106
8954
2107
8882
2108
5470
2109
4055
2110
8896
2111
4023
2112
9044
2113
5476
2115
4085
2116
6546
2118
8756
2119
8918
2120
8680
2121
3989
2122
8932
2123
4053
2124
8938
2125
3997
2126
8941
2127
8656
2128
8798
2129
8948
2130
8956
2131
4027
2132
8930
2133
8960
2134
8888
2135
8966
2136
9080
2137
7951
2139
4097
2140
6205
2141
3533
2142
8992
2143
4105
2144
8995
2145
7927
2146
9122
2147
9002
2148
2720
2150
3529
2151
8864
2155
10167
2156
7969
2157
4025
2158
10164
2159
9038
2160
7965
2161
4033
2162
6602
2163
8906
2165
9056
2166
3032
2167
9062
2168
10236
2169
10226
2170
9076
2171
3398
2172
7953
2173
4057
2174
9110
2175
8978
2177
3713
2178
7424
2179
5542
2181
3545
2182
7015
2183
4095
2184
8990
2185
9116
2186
5548
2187
4067
2188
9130
2189
3275
2190
2678
2191
2551
2193
4834
2194
7770
2196
3029
2197
2520
2198
10218
2199
10208
2200
10119
2201
10109
2202
2762
2204
3655
2205
2579
2209
9924
2210
2220
2211
4537
2212
9921
2213
9200
2214
6091
2216
3577
2217
3097
2219
3005
2221
9224
2222
9993
2223
9983
2224
9238
2225
3371
2226
8439
2227
4201
2228
9272
2229
9410
2231
3875
2232
7478
2233
5596
2235
3563
2236
7177
2237
4149
2238
9422
2239
9278
2240
5602
2241
4211
2242
9292
2243
3293
2244
2669
2245
2470
2247
4807
2248
7689
2250
3002
2251
2439
2252
9975
2253
9965
2254
9876
2255
9866
2256
2753
2258
3628
2259
9595
2263
4264
2264
9380
2265
4266
2267
9365
2268
9440
2269
5632
2271
4217
2272
8311
2273
4185
2274
9388
2275
9389
2276
4298
2277
9696
2278
9397
2279
6817
2280
9242
2281
8437
2283
4151
2284
6367
2285
4215
2286
9424
2287
4159
2288
9427
2289
8413
2290
9284
2291
9434
2292
8343
2293
4189
2294
9416
2295
9374
2297
9452
2298
9460
2299
9461
2300
9671
2301
9464
2302
9469
2303
9502
2304
9478
2305
2966
2306
4292
2307
9678
2308
4250
2309
9552
2310
9493
2311
9523
2312
5038
2313
9503
2314
5044
2315
9509
2316
9511
2317
4546
2318
9518
2319
6118
2320
9524
2321
9526
2322
9508
2323
9532
2324
9517
2325
7514
2326
2362
2327
2337
2328
3572
2329
2365
2330
9480
2331
2738
2333
3583
2334
5012
2336
2369
2338
6739
2339
4225
2340
2372
2341
3313
2342
9350
2344
2355
2346
4184
2347
6007
2348
4278
2349
2375
2350
2942
2351
4195
2352
2378
2353
5624
2354
7263
2356
4306
2357
9605
2358
9725
2360
9641
2361
2648
2363
5666
2364
4742
2366
2376
2367
2953
2368
5731
2370
4221
2371
5665
2373
6704
2374
3302
2377
5635
2379
8601
2380
4417
2381
9731
2382
10058
2384
3929
2385
9629
2386
5749
2388
4280
2389
7231
2390
4302
2391
10070
2392
9737
2393
5755
2394
4427
2395
9751
2396
3344
2397
2399
2398
9785
2400
4535
2402
9799
2403
9845
2404
5767
2406
4352
2407
7987
2408
4320
2409
6077
2410
9883
2411
2413
2412
5005
2414
9806
2415
8810
2416
8113
2418
4007
2419
6259
2420
4350
2421
9829
2422
4015
2423
9832
2424
8089
2425
8852
2426
9839
2427
8019
2428
4324
2429
9821
2430
9779
2432
9857
2433
7463
2434
9946
2435
2437
2436
2441
2440
9886
2442
9805
2443
4997
2444
9871
2445
6685
2446
9902
2447
9904
2448
9976
2449
9910
2450
6889
2451
9191
2452
2454
2453
2456
2455
9931
2457
9994
2458
5573
2459
9922
2460
2462
2461
5615
2463
9877
2464
4727
2465
9988
2466
9961
2467
9901
2468
3367
2469
5611
2471
9977
2472
6653
2473
9928
2474
2476
2475
5581
2477
9995
2478
2480
2479
10028
2481
4529
2483
10042
2484
10088
2485
5848
2487
4433
2488
8473
2489
4401
2490
6059
2491
10126
2492
2494
2493
4987
2495
10049
2496
9701
2497
8599
2499
4304
2500
6421
2501
4431
2502
10072
2503
4312
2504
10075
2505
8575
2506
9743
2507
10082
2508
8505
2509
4405
2510
10064
2511
10022
2513
10100
2514
7409
2515
10189
2516
2518
2517
2522
2521
10129
2523
10048
2524
4979
2525
10114
2526
6631
2527
10145
2528
10147
2529
10219
2530
10153
2531
6970
2532
9029
2533
2535
2534
2537
2536
10174
2538
10237
2539
5519
2540
10165
2541
2543
2542
5561
2544
10120
2545
4709
2546
10231
2547
10204
2548
10144
2549
3394
2550
5557
2552
10220
2553
6599
2554
10171
2555
2557
2556
5527
2558
10238
2559
8461
2560
4488
2562
8702
2563
2566
2565
4506
2568
9593
2569
7971
2570
4515
2571
4554
2572
10001
2576
9758
2578
2581
2580
4548
2582
4563
2583
4559
2584
2586
2585
4568
2587
2589
2588
7899
2590
8972
2591
7057
2592
7408
2594
9809
2597
4599
2599
2627
2600
7298
2601
2605
2602
4614
2604
2611
2606
2608
2607
9404
2609
4632
2610
7462
2612
4644
2614
10052
2615
7216
2616
2660
2618
7595
2619
8682
2620
7300
2621
4683
2624
4680
2626
4686
2628
2632
2629
4695
2631
4701
2633
7355
2634
10190
2636
4716
2638
4719
2639
7733
2640
9947
2642
4734
2644
4737
2645
7652
2646
2650
2647
4749
2649
2655
2651
2653
2652
4764
2654
4770
2656
4782
2657
7594
2658
4785
2661
2665
2662
2666
2663
4794
2664
9298
2668
4812
2670
2674
2671
2675
2672
4821
2673
9136
2677
4839
2679
7029
2680
9098
2681
2816
2682
6317
2683
6058
2684
4860
2686
8828
2687
4866
2688
5184
2689
2873
2690
6488
2691
2781
2694
2701
2696
2698
2697
9260
2699
4902
2700
6076
2702
4914
2704
9719
2705
4920
2706
6338
2707
2972
2708
6785
2709
7290
2710
2897
2711
6560
2712
4941
2713
8120
2714
4947
2715
5427
2716
4953
2717
5058
2718
2868
2721
2775
2723
10127
2726
4986
2728
4989
2729
6923
2730
9884
2732
5004
2734
5007
2735
6842
2736
2841
2739
2745
2741
2743
2742
5034
2744
5040
2746
8606
2747
5046
2748
6743
2749
5052
2750
5085
2751
9335
2752
7714
2754
2760
2756
2758
2757
5079
2759
9173
2761
7795
2763
2769
2765
2767
2766
5106
2768
7075
2770
5121
2773
7893
2776
6319
2778
7947
2782
8900
2783
6580
2784
6598
2786
5166
2788
9773
2789
6225
2790
2996
2792
6857
2793
7886
2794
5196
2798
6266
2799
8109
2800
7334
2801
6859
2802
2809
2806
5226
2808
2853
2810
5250
2813
5247
2815
5253
2817
2822
2819
2851
2820
2848
2821
7237
2824
9368
2825
5283
2827
2951
2828
6722
2829
5292
2830
8264
2831
6370
2832
6371
2835
8433
2836
6724
2838
5328
2842
10016
2843
6406
2844
3023
2846
6938
2847
5352
2850
8595
2854
7631
2855
6940
2856
7318
2860
5388
2862
8676
2863
6562
2865
5409
2869
5421
2870
6486
2871
5424
2874
8669
2875
5439
2879
6509
2880
2884
2881
5451
2883
5457
2885
6527
2886
2890
2887
5469
2889
5475
2891
6545
2892
5493
2894
5490
2896
5496
2898
7391
2900
5508
2902
6578
2904
10172
2906
5526
2908
5529
2909
6986
2910
2914
2911
5541
2913
5547
2915
6617
2916
5553
2917
7769
2918
5559
2919
5904
2920
6632
2922
5571
2923
9929
2924
6405
2925
5583
2927
6905
2928
2932
2929
5595
2931
5601
2933
6671
2934
5607
2935
7688
2936
5613
2937
5823
2938
6686
2940
2944
2941
5631
2943
2979
2945
5655
2948
5652
2950
5658
2952
2957
2954
2977
2955
2974
2956
7615
2959
5685
2961
5688
2962
9479
2963
6766
2964
6767
2967
5706
2968
5718
2969
6784
2970
5721
2973
5730
2976
2983
2980
5748
2982
5754
2984
6824
2985
2989
2986
2990
2987
5766
2988
5790
2993
5787
2995
5793
2997
7498
2998
9314
2999
5805
3001
9226
3004
5820
3006
5835
3007
3011
3008
3016
3013
3017
3014
5847
3015
5871
3020
5868
3022
5874
3024
7444
3025
9152
3026
5886
3028
9064
3031
5901
3033
5916
3034
3038
3035
5929
3040
7430
3041
3788
3042
4485
3044
5940
3046
8744
3047
5946
3048
5113
3049
3971
3050
5411
3051
3735
3054
8007
3055
3061
3056
5985
3057
4903
3058
7484
3059
4503
3062
5994
3064
9635
3065
6000
3066
5275
3067
4268
3068
5708
3069
6016
3070
4031
3071
6021
3073
7676
3074
6027
3075
5382
3076
6033
3077
5065
3078
3978
3081
8736
3082
3675
3083
7827
3084
4983
3085
10043
3086
6066
3088
6069
3089
6072
3090
5001
3091
9800
3092
6084
3094
6087
3095
6090
3096
4140
3099
9222
3100
3105
3101
6117
3102
5035
3103
6120
3106
7757
3107
6126
3108
5679
3109
6132
3110
5092
3111
7721
3112
6160
3114
3120
3116
6162
3117
5080
3118
7802
3121
6187
3123
3129
3125
6189
3126
5107
3127
6199
3130
3428
3132
4868
3133
4061
3134
5501
3135
6217
3136
3758
3138
5198
3139
4581
3140
6235
3142
9050
3143
4109
3144
5549
3145
4587
3146
9851
3149
6255
3151
4340
3152
5780
3153
5191
3155
3751
3156
8055
3157
4579
3159
6289
3160
4019
3162
5459
3163
3503
3164
4943
3165
3411
3168
7035
3169
3909
3170
8529
3171
4851
3173
6324
3174
5131
3175
8401
3179
3867
3180
8403
3181
3187
3182
3184
3183
9446
3185
4205
3188
5645
3189
6372
3190
5307
3191
6378
3192
6381
3193
6397
3196
4163
3198
5603
3199
4641
3200
6408
3202
10094
3203
6414
3204
6417
3205
4421
3206
5861
3207
6433
3208
3912
3210
3213
3212
6451
3214
4316
3216
5756
3217
3602
3218
5042
3219
6466
3220
3509
3221
4949
3222
6478
3223
4001
3225
5441
3226
4668
3227
4875
3230
6498
3232
6501
3233
6525
3234
5434
3236
3994
3237
8784
3238
4666
3240
3242
3241
4603
3246
7294
3248
3498
3249
7296
3250
3711
3251
7935
3252
4938
3254
6567
3255
5392
3256
5514
3260
6585
3261
5149
3262
6591
3263
6594
3264
5523
3265
10232
3266
6606
3268
6609
3269
6612
3270
7051
3272
3417
3273
7053
3274
4585
3276
6633
3277
5568
3278
6639
3279
6642
3280
6645
3281
6648
3282
9989
3284
6660
3286
6663
3287
6666
3288
7213
3290
3471
3291
7215
3292
4639
3294
6687
3295
5622
3296
6693
3297
6696
3298
6699
3299
6702
3300
3849
3303
8349
3304
4287
3305
9663
3306
5289
3308
6729
3309
5311
3310
9589
3314
4263
3315
9591
3316
3321
3317
3319
3318
6768
3322
5703
3323
6774
3324
6777
3325
6786
3328
4929
3329
6792
3330
6795
3331
6798
3332
6822
3333
6811
3334
4290
3336
3339
3338
3341
3340
4657
3345
8023
3347
3741
3348
8025
3349
3361
3350
3358
3351
5181
3353
6864
3354
5203
3355
3363
3362
6898
3364
4145
3365
5585
3366
5830
3368
4390
3369
9972
3370
4806
3372
8509
3374
3903
3375
8511
3376
3388
3377
3385
3378
5343
3380
6945
3381
5365
3382
3390
3389
6979
3391
4091
3392
5531
3393
5911
3395
4471
3396
10215
3397
4833
3399
7009
3400
9086
3401
3800
3402
5240
3403
4103
3404
7027
3406
3786
3408
6300
3410
7045
3412
4101
3414
6615
3416
8816
3419
4013
3422
6193
3425
7080
3426
7830
3427
7089
3429
7099
3430
6503
3431
4011
3432
3435
3434
3693
3438
7881
3439
3861
3440
8385
3441
5173
3443
3733
3444
3730
3445
7143
3447
5299
3449
3859
3450
3856
3451
6373
3452
3456
3454
9248
3455
4633
3457
4157
3458
7185
3461
7207
3466
4155
3468
6669
3470
7218
3472
9707
3473
7224
3474
7227
3475
4310
3476
7239
3479
7242
3480
8316
3481
4922
3483
7261
3484
6800
3485
4308
3486
3489
3488
7276
3490
4043
3491
5483
3492
7288
3493
4029
3495
6543
3497
4605
3500
7314
3504
6462
3506
7323
3507
8631
3508
7332
3510
5205
3512
7341
3513
8118
3514
7347
3515
7650
3516
8662
3518
3954
3519
8664
3520
4704
3521
5416
3524
3976
3525
3973
3526
7386
3528
5512
3530
4072
3531
4069
3532
7404
3534
10115
3536
7419
3539
5878
3540
3544
3541
5925
3542
4855
3546
7446
3548
7449
3549
10125
3550
4991
3552
9872
3554
7473
3557
5797
3558
3562
3559
5979
3560
4909
3564
7500
3566
7503
3567
9882
3568
5009
3570
3873
3573
8421
3574
4257
3575
9573
3576
5578
3578
4138
3579
4135
3580
7548
3582
5695
3584
4255
3585
4252
3586
6769
3587
3590
3589
4765
3591
7581
3593
7596
3598
4659
3599
7602
3600
7605
3601
7611
3603
7617
3605
7620
3606
9522
3607
5048
3609
5367
3611
7638
3612
8604
3613
7644
3614
7731
3615
3617
3616
4740
3620
3624
3622
7343
3623
6024
3625
3627
3626
5620
3629
4180
3630
4177
3631
3636
3632
3634
3633
7716
3638
3644
3643
4722
3647
3651
3649
7640
3650
6123
3652
3654
3653
5566
3656
4126
3657
4123
3658
3663
3659
3661
3660
7797
3665
3672
3670
4489
3673
4523
3674
3677
3676
5941
3680
7851
3683
3690
3688
4615
3691
7110
3692
7891
3694
3756
3696
5139
3698
7905
3701
3708
3706
4702
3709
4691
3710
7945
3712
4107
3714
5157
3716
7963
3718
4035
3720
5163
3722
9761
3725
4328
3728
5958
3734
8017
3736
4326
3738
6840
3740
3745
3742
4573
3743
8043
3747
4861
3748
7082
3749
3753
3752
6211
3755
8073
3757
8079
3759
3762
3760
7349
3761
4795
3763
3765
3764
8107
3766
4017
3768
5211
3770
3773
3772
8133
3777
3781
3778
3897
3782
8493
3783
5923
3785
8163
3787
8169
3789
5335
3791
3895
3792
3892
3793
6409
3794
7003
3797
8199
3799
8205
3801
3803
3802
5137
3807
3811
3808
4843
3809
4849
3813
3817
3814
4651
3815
7219
3818
5305
3821
3865
3822
3862
3823
3907
3824
3904
3825
3828
3826
7244
3827
4915
3829
3831
3830
3834
3832
9356
3833
4507
3835
4193
3836
3839
3838
5995
3842
8341
3844
4191
3846
6705
3848
8355
3851
5294
3855
4880
3860
6336
3866
3870
3868
4750
3871
7515
3872
8431
3874
4161
3876
5319
3878
8445
3881
10004
3887
4409
3890
5222
3896
8503
3898
4407
3900
6921
3902
4610
3908
5256
3910
8535
3911
8541
3913
8553
3917
3924
3922
7646
3923
4822
3925
3927
3926
8593
3928
4314
3930
5373
3932
3935
3934
8619
3939
3941
3940
4516
3942
3944
3943
6022
3947
3951
3949
4696
3952
7353
3953
8674
3955
3999
3957
5400
3959
8688
3962
4491
3968
8718
3972
6039
3977
3982
3979
5943
3980
4873
3984
3988
3985
4662
3986
8772
3990
4942
3991
7325
3992
3996
3995
6472
3998
8802
4000
8808
4002
4006
4003
7059
4004
8826
4008
4863
4010
8838
4012
8844
4014
6283
4016
8856
4018
8862
4020
4024
4021
4512
4022
8880
4026
6012
4028
8892
4030
8898
4032
5151
4034
8910
4036
5477
4038
7272
4040
8928
4042
8934
4044
4046
4045
5398
4050
4054
4051
4932
4052
4936
4056
4575
4058
8982
4060
8988
4062
4064
4063
5155
4068
4074
4073
10166
4076
9036
4078
9039
4079
5895
4080
4084
4081
6231
4082
5161
4086
6975
4088
9069
4089
10170
4090
9078
4092
4096
4093
7005
4094
9096
4098
4845
4100
9108
4102
9114
4104
6229
4106
9126
4108
9132
4110
9138
4112
5555
4116
5880
4118
9159
4119
10143
4120
9165
4121
10188
4122
4128
4127
9923
4130
9201
4133
5814
4134
6093
4139
6894
4142
9231
4143
9927
4144
9240
4146
4150
4147
7167
4148
9258
4152
4899
4154
9270
4156
9276
4158
6391
4160
9288
4162
9294
4164
9300
4166
5609
4170
5799
4172
9321
4173
9900
4174
9327
4175
9945
4176
4182
4181
4186
4183
4275
4187
9627
4188
5277
4190
9378
4192
9384
4194
5713
4196
4273
4197
4270
4198
6787
4199
4629
4202
9414
4204
9420
4206
4208
4207
5317
4212
4216
4213
6357
4214
5287
4218
4222
4219
4777
4220
7597
4223
5701
4226
4261
4227
4258
4228
4285
4229
4282
4230
4233
4231
7622
4232
5041
4234
4236
4235
4238
4237
4549
4239
4241
4240
6121
4244
9543
4247
5690
4251
5015
4256
6741
4262
4509
4265
9609
4269
5627
4274
4279
4276
5997
4277
4927
4281
4745
4286
5661
4288
9669
4289
9675
4291
9687
4295
4303
4300
7221
4301
9717
4305
4917
4307
9729
4309
9735
4311
6445
4313
9747
4315
9753
4317
4321
4318
7977
4319
4536
4322
5169
4325
9783
4327
9789
4329
4332
4330
7505
4331
6078
4333
4335
4334
4593
4337
9819
4339
9825
4341
4343
4342
5209
4347
4351
4348
6249
4349
5179
4353
4356
4354
9329
4355
7464
4357
4359
4358
4361
4360
4998
4364
4367
4366
6688
4370
4373
4372
9192
4374
4376
4375
5574
4379
4382
4381
4728
4385
5608
4387
9323
4388
4392
4391
4395
4393
9233
4394
6654
4396
4398
4397
4402
4399
8463
4400
4530
4403
5331
4406
10026
4408
10032
4410
4413
4411
7451
4412
6060
4414
4416
4415
4647
4418
10062
4420
10068
4422
4424
4423
5371
4428
4432
4429
6411
4430
5341
4434
4437
4435
9167
4436
7410
4438
4440
4439
4442
4441
4980
4445
4448
4447
6634
4451
4454
4453
9030
4455
4457
4456
5520
4460
4463
4462
4710
4466
5554
4468
9161
4469
4473
4472
4476
4474
9071
4475
6600
4477
4479
4478
6064
4481
8145
4482
8468
4483
4528
4484
8716
4487
8706
4490
4495
4494
4497
4496
6082
4499
7975
4500
5982
4501
4534
4502
9607
4505
9597
4508
8874
4511
6142
4514
4522
4521
10009
4526
6063
4527
9766
4532
6081
4533
4540
4539
4542
4541
9190
4544
6114
4545
6169
4547
6157
4552
4557
4556
6159
4560
6184
4561
4566
4565
6186
4569
8986
4571
8037
4572
8976
4574
6253
4577
6279
4578
4591
4580
6604
4583
6630
4584
4708
4586
9823
4589
6252
4590
9813
4592
7061
4595
4597
4596
6278
4598
7312
4601
6540
4602
7302
4604
4613
4609
6333
4616
8516
4617
4631
4621
4623
4622
9418
4625
4635
4626
6360
4627
9408
4628
6387
4634
6658
4637
6684
4638
4726
4640
10066
4643
10056
4646
6412
4649
8253
4650
4653
4652
7609
4655
6837
4656
7599
4658
8766
4661
6496
4664
6522
4665
4672
4667
6529
4670
6495
4671
7304
4676
4678
4677
6521
4679
4682
4681
6539
4685
4694
4690
6576
4697
7922
4698
7363
4700
10198
4706
6603
4707
7412
4712
4714
4713
6629
4715
7741
4718
9955
4724
6657
4725
7466
4730
4732
4731
6683
4733
7660
4736
4748
4744
6738
4751
9650
4752
4763
4756
4758
4757
4767
4760
6762
4761
6783
4766
6826
4769
6790
4775
9468
4776
4779
4778
4781
4780
6836
4784
4793
4789
4791
4790
6873
4796
4800
4797
6691
4799
6882
4801
4803
4802
6918
4805
9302
4808
4810
4809
6917
4811
4820
4816
4818
4817
6954
4823
4827
4824
6637
4826
6963
4828
4830
4829
6999
4832
9140
4835
4837
4836
6998
4838
9112
4841
8235
4842
9102
4844
8241
4848
6321
4850
7440
4854
4978
4856
7413
4857
7062
4858
8842
4859
8832
4862
6201
4865
6197
4869
6499
4871
8754
4872
6492
4874
4879
4878
7913
4883
5141
4885
7139
4887
7193
4889
4901
4891
4893
4892
6377
4894
9274
4895
4905
4896
6380
4897
9264
4898
7188
4900
7197
4904
7494
4908
4996
4910
7467
4911
9733
4913
9723
4916
7251
4919
6796
4925
9645
4926
6789
4928
8964
4931
8970
4935
6564
4937
7305
4939
6297
4940
6468
4946
6464
4950
7654
4952
8690
4958
4960
4959
6590
4962
8696
4964
5402
4966
7382
4968
7859
4970
5123
4972
7400
4974
6619
4975
10135
4976
6623
4977
5933
4982
7439
4985
7458
4988
6673
4993
9892
4994
6677
4995
5987
5000
7493
5003
7512
5006
5014
5013
8453
5018
5321
5020
7544
5022
7589
5024
5033
5026
5028
5027
6773
5029
5037
5030
6776
5031
7584
5032
7593
5036
6459
5039
7629
5045
7735
5051
5057
5056
6698
5061
7339
5063
6036
5064
5067
5066
5078
5071
5073
5072
5082
5075
7707
5076
7719
5077
7728
5081
5084
5083
6644
5088
7636
5090
6135
5091
5094
5093
5105
5098
5100
5099
5109
5102
7788
5103
7800
5104
7809
5108
5949
5112
5125
5114
7854
5115
5117
5116
5119
5118
5948
5120
6049
5122
6053
5124
7863
5126
6194
5127
6327
5130
5143
5132
7908
5133
8197
5135
8223
5136
5239
5138
7114
5140
7118
5142
7917
5144
6212
5145
6588
5148
8904
5150
8980
5153
9006
5154
5500
5156
9034
5159
9060
5160
5518
5162
7980
5164
9787
5165
9777
5168
7999
5172
5175
5174
9861
5178
6861
5180
5183
5182
8039
5187
7078
5189
8053
5190
5193
5192
6219
5195
7345
5201
6867
5202
7338
5204
9817
5207
9843
5208
5779
5210
5213
5212
5215
5214
8129
5217
5225
5221
5931
5228
8480
5229
8561
5231
5357
5233
6413
5235
7011
5237
8196
5238
7007
5241
5243
5242
5245
5244
8222
5246
5249
5248
8240
5252
6431
5255
5259
5258
5351
5263
5265
5264
7223
5266
7240
5267
8533
5268
7226
5269
5271
5270
9382
5273
6003
5274
9372
5276
5279
5278
5281
5280
6002
5282
9456
5286
6726
5288
8358
5290
8367
5291
8377
5298
5301
5300
8395
5304
6375
5306
6732
5310
5323
5312
8448
5313
9412
5315
9438
5316
5644
5318
7519
5320
7523
5322
8457
5324
6392
5325
8466
5326
10030
5327
10020
5330
8485
5334
5337
5336
10104
5340
6942
5342
5355
5346
8520
5347
5359
5348
8556
5349
8547
5354
6310
5356
6314
5358
8565
5360
6428
5361
7642
5363
6948
5364
7635
5366
10060
5369
10086
5370
5860
5372
5375
5374
5377
5376
8615
5379
6030
5381
5384
5383
5386
5385
6029
5387
6570
5391
5404
5393
8691
5394
8926
5396
8952
5397
5482
5399
7357
5401
7361
5403
8700
5405
6473
5406
8709
5407
5955
5408
5951
5412
8728
5415
5418
5417
5420
5419
8753
5423
5426
5425
8768
5430
7321
5432
8782
5433
5436
5435
6480
5438
7067
5444
5450
5446
8822
5448
7071
5453
8102
5454
6291
5456
6014
5462
5468
5464
8876
5466
6018
5471
7958
5472
8916
5474
7278
5480
8925
5481
7274
5484
5486
5485
5488
5487
8951
5489
5492
5491
8969
5495
6207
5498
8979
5499
5504
5503
5506
5505
9005
5507
6589
5510
9016
5511
6582
5513
10180
5516
9033
5517
6239
5522
9059
5525
6981
5528
7013
5534
5540
5536
9092
5538
7017
5543
7940
5544
6237
5546
9141
5551
9150
5552
10192
5558
6643
5564
9178
5565
6636
5567
9195
5569
9937
5570
9214
5577
5580
5579
6900
5582
7175
5588
5594
5590
9254
5592
7179
5597
8426
5598
6399
5600
9303
5605
9312
5606
9949
5612
6697
5618
9340
5619
6690
5621
5630
5626
8313
5633
9614
5634
9695
5636
5735
5638
6791
5640
6369
5642
9411
5643
6365
5646
5648
5647
5650
5649
9437
5651
5654
5653
9455
5657
6809
5660
5664
5663
5729
5668
5670
5669
7601
5671
7618
5672
9667
5673
7604
5674
5676
5675
6129
5678
5681
5680
5683
5682
6128
5684
9546
5686
9555
5687
9565
5694
5697
5696
9583
5700
6771
5702
9600
5704
6009
5705
6005
5709
9619
5712
5715
5714
5717
5716
9644
5720
5733
5724
9654
5725
5737
5726
9690
5727
9681
5732
6715
5734
6719
5736
9699
5738
6806
5739
7229
5741
5747
5743
9713
5745
7233
5750
8588
5751
6453
5753
7985
5759
5765
5761
5763
5762
7989
5768
5772
5769
6086
5770
7501
5771
6089
5773
5775
5774
6261
5777
9816
5778
6257
5781
5783
5782
5785
5784
9842
5786
5789
5788
9860
5792
9325
5795
7476
5796
9318
5798
5801
5800
5803
5802
7475
5804
5807
5806
5809
5808
6692
5811
9204
5813
5816
5815
5818
5817
9203
5819
5822
5821
5826
5825
9319
5828
9970
5829
5832
5831
6662
5833
9229
5834
6665
5836
5838
5837
8471
5840
5846
5842
5844
5843
8475
5849
5853
5850
6068
5851
7447
5852
6071
5854
5856
5855
6423
5858
10059
5859
6419
5862
5864
5863
5866
5865
10085
5867
5870
5869
10103
5873
9163
5876
7422
5877
9156
5879
5882
5881
5884
5883
7421
5885
5888
5887
5890
5889
6638
5892
9042
5894
5897
5896
5899
5898
9041
5900
5903
5902
5907
5906
9157
5909
10213
5910
5913
5912
6608
5914
9067
5915
6611
5917
5919
5918
7426
5921
8157
5922
7434
5924
8488
5927
8143
5928
8491
5930
7432
5934
6057
5937
8740
5939
8748
5942
7841
5947
8746
5952
5961
5960
5963
5962
5965
5964
5969
5968
5971
5970
7480
5975
5977
5976
7488
5978
7979
5980
7186
5981
7982
5983
7189
5984
7486
5988
6075
5991
9631
5993
9639
5996
8327
6001
9637
6006
8886
6011
8872
6015
7666
6020
8642
6028
6143
6034
6138
6035
6042
6041
6044
6043
6046
6045
6052
6051
10033
6056
7429
6061
7431
6065
10010
6070
9790
6074
7483
6079
7485
6083
9767
6088
6096
6095
6098
6097
6100
6099
6104
6103
6106
6105
6111
6110
9194
6112
7582
6113
9197
6115
7585
6116
7747
6119
9533
6127
6170
6133
6165
6134
7711
6136
6141
6140
6145
6144
6147
6146
6149
6148
6151
6150
6156
6155
7717
6158
7720
6161
7792
6163
6168
6167
6172
6171
6174
6173
6176
6175
6178
6177
6183
6182
7798
6185
7801
6188
7077
6192
7403
6195
8035
6198
9013
6203
7402
6204
8067
6210
7142
6213
8050
6215
6277
6216
7996
6221
7141
6222
6247
6224
9046
6227
9120
6228
9054
6230
7048
6233
6628
6234
9052
6240
6597
6243
7126
6244
9847
6245
7130
6246
9855
6248
7138
6250
7140
6254
9853
6258
6263
6262
8052
6264
6269
6268
6271
6270
8074
6274
8078
6276
7333
6281
8850
6282
7336
6284
8132
6285
6538
6288
8131
6294
6303
6302
6305
6304
6307
6306
6320
6308
6313
6312
8215
6318
8213
6325
8208
6326
7031
6328
8524
6329
7034
6331
8527
6332
8387
6335
6341
6340
6343
6342
6374
6344
6347
6346
6349
6348
6351
6350
7235
6352
9442
6353
6363
6354
7238
6355
9450
6356
6383
6358
7246
6359
6386
6361
7249
6362
9448
6366
7157
6379
8399
6382
8402
6385
9282
6390
7547
6393
7210
6395
6682
6396
9211
6401
7546
6402
6652
6404
10090
6407
10098
6410
8183
6415
6429
6416
10096
6420
6427
6426
8251
6432
8532
6435
6437
6436
7630
6443
9741
6444
7633
6446
8618
6447
6835
6450
8617
6456
7320
6461
8764
6465
8796
6471
7385
6474
8779
6476
6520
6477
8725
6482
7384
6483
6490
6485
7369
6487
7373
6489
7106
6491
7381
6493
7383
6497
7095
6500
6530
6502
7091
6504
6506
6505
8781
6507
6512
6511
6514
6513
8803
6517
8807
6519
6524
6523
6532
6531
6534
6533
8857
6535
8861
6537
7280
6542
6548
6547
6550
6549
6563
6551
6554
6553
6556
6555
8903
6557
8944
6561
8942
6568
8937
6569
7292
6571
7930
6572
7295
6574
7933
6575
8998
6579
9023
6581
8996
6586
8991
6587
7364
6592
9012
6593
10222
6596
9049
6601
9051
6605
10199
6610
7037
6614
6622
6621
9127
6625
9131
6627
9185
6635
10154
6640
6960
6641
7742
6646
9174
6647
7531
6649
9979
6650
7535
6651
7543
6655
7545
6659
9956
6664
7199
6668
6676
6675
9289
6679
9293
6681
9347
6689
9911
6694
6879
6695
7661
6700
9336
6701
6708
6707
6710
6709
6712
6711
6725
6713
6718
6717
9430
6723
9428
6730
9423
6731
8345
6733
9658
6734
8348
6736
9661
6737
9575
6740
6746
6745
6748
6747
6770
6749
6752
6751
6754
6753
6756
6755
7613
6757
6765
6758
7616
6759
6779
6760
7624
6761
6782
6763
7627
6764
7562
6775
9587
6778
9590
6781
7268
6788
9398
6793
6807
6794
7257
6797
6827
6799
7253
6801
6805
6804
9466
6810
9666
6813
6815
6814
6821
6820
6829
6828
6831
6830
9748
6832
9752
6834
8009
6839
6845
6844
6847
6846
6860
6848
6851
6850
6853
6852
6855
6854
9835
6858
9833
6865
9828
6866
8021
6868
6880
6869
8024
6871
6883
6872
7496
6874
9313
6875
6885
6876
7499
6877
9316
6878
7507
6881
7510
6884
6887
6886
9228
6893
9967
6896
6916
6897
6902
6901
9969
6903
6908
6907
6910
6909
9235
6913
9239
6915
8495
6920
6926
6925
6928
6927
6941
6929
6932
6931
6934
6933
6936
6935
10078
6939
10076
6946
10071
6947
8507
6949
6961
6950
8510
6952
6964
6953
7442
6955
9151
6956
6966
6957
7445
6958
9154
6959
7453
6962
7456
6965
6968
6967
9066
6974
10210
6977
6997
6978
6983
6982
10212
6984
6989
6988
6991
6990
9073
6994
9077
6996
9082
7001
8193
7002
9090
7004
8233
7008
9088
7014
8548
7019
7021
7020
8551
7022
7032
7023
8239
7026
8155
7028
8555
7030
8558
7033
7039
7038
7050
7041
7438
7044
9100
7046
7411
7049
7414
7052
8812
7055
7065
7056
8820
7058
8051
7060
8054
7063
8818
7068
7837
7074
7086
7076
8049
7079
7835
7081
8045
7083
8032
7084
8034
7088
7093
7092
8752
7098
8830
7100
7103
7102
7113
7112
7117
7116
7121
7120
7123
7122
7998
7128
7133
7132
7135
7134
7137
7136
7145
7144
8376
7146
7151
7150
7153
7152
7155
7154
7159
7158
7161
7160
9244
7163
7165
7164
9252
7166
7169
7168
9250
7176
7991
7180
8368
7181
7191
7182
7994
7183
8371
7184
8002
7187
8005
7190
8375
7192
8378
7195
7201
7200
7212
7203
7492
7206
9262
7208
7465
7211
7468
7214
9703
7217
9711
7220
8255
7225
9709
7230
8323
7236
8283
7241
8321
7243
8279
7245
8398
7247
7255
7254
9643
7260
9721
7262
7265
7264
8922
7271
8962
7275
7282
7281
7293
7284
8968
7287
8884
7289
8912
7291
7308
7299
7311
7301
8780
7303
8783
7306
8128
7309
8130
7313
8638
7317
7329
7319
8778
7322
8636
7324
8774
7326
8761
7327
8763
7331
8125
7335
8096
7337
7671
7340
8123
7342
7667
7344
8085
7346
7655
7348
8081
7350
8648
7352
7360
7359
7366
7365
7368
7367
8727
7371
7376
7375
7378
7377
7380
7379
7388
7387
9015
7389
7394
7393
7396
7395
7398
7397
8983
7399
8987
7401
10105
7406
7416
7407
10136
7420
9097
7423
7433
7425
9099
7427
9103
7435
9107
7437
10132
7443
10038
7448
10130
7450
10034
7452
8506
7454
9862
7460
7470
7461
9893
7474
9259
7477
7487
7479
9261
7481
9265
7489
9269
7491
9889
7497
9795
7502
9887
7504
9791
7506
8020
7508
7518
7517
7522
7521
7526
7525
7528
7527
9213
7533
7538
7537
7540
7539
7542
7541
7550
7549
9564
7551
7556
7555
7558
7557
7560
7559
7564
7563
7566
7565
7569
7568
7571
7570
9206
7576
9556
7577
7587
7578
9209
7579
9559
7580
9217
7583
9220
7586
9563
7588
9566
7591
7608
7598
9470
7603
8614
7606
8616
7610
9529
7614
9498
7619
9527
7621
9494
7623
9586
7625
8611
7632
8582
7634
7752
7637
8609
7639
7748
7641
8571
7643
7736
7645
8567
7647
7649
7648
7657
7656
7659
7658
7663
7662
7665
7664
7669
7668
7673
7672
7679
7678
7685
7684
9339
7686
7691
7690
7693
7692
7695
7694
7697
7696
7699
7698
7701
7700
9296
7702
7710
7703
9299
7704
7724
7705
9307
7706
7727
7708
9310
7709
9331
7712
7722
7713
9334
7715
9338
7723
9341
7726
7730
7729
7738
7737
7740
7739
7744
7743
7746
7745
7750
7749
7754
7753
7760
7759
7766
7765
9177
7767
7772
7771
7774
7773
7776
7775
7778
7777
7780
7779
7782
7781
9134
7783
7791
7784
9137
7785
7805
7786
9145
7787
7808
7789
9148
7790
9169
7793
7803
7794
9172
7796
9176
7804
9179
7807
8701
7811
7813
7812
8704
7814
7824
7815
7817
7816
8708
7822
7852
7823
8711
7825
7855
7826
7829
7828
7839
7838
7843
7842
7845
7844
8720
7846
9007
7847
7857
7848
8723
7849
9010
7850
8731
7853
8734
7856
9014
7858
9017
7861
8350
7865
7867
7866
8353
7868
7878
7869
7871
7870
8357
7876
7906
7877
8360
7879
7909
7880
7885
7884
8042
7887
8221
7890
8065
7892
8041
7896
8191
7898
8369
7900
7990
7901
7911
7902
8372
7903
7993
7904
8380
7907
8383
7910
7997
7912
8000
7915
7921
7920
7932
7923
7925
7924
8911
7931
8914
7934
7939
7938
9095
7941
9004
7944
9118
7946
9094
7950
8974
7952
7957
7956
8879
7959
9058
7962
8902
7964
8878
7968
9028
7970
9757
7973
7983
7974
9765
7976
8003
7978
8006
7981
9763
7986
8001
7992
8004
7995
8011
8010
8022
8013
9859
8016
9775
8018
8188
8026
8036
8028
8190
8030
8194
8038
8198
8040
8047
8046
8057
8056
8206
8062
8210
8064
8076
8066
8218
8068
8220
8072
8083
8082
8087
8086
8093
8092
8101
8100
8825
8103
9841
8106
8848
8108
8824
8112
9811
8114
8117
8116
8127
8126
8458
8134
8144
8136
8139
8138
8164
8140
8168
8142
8147
8146
8149
8148
8224
8152
8228
8154
8166
8156
8236
8158
8238
8162
8171
8170
8484
8172
8177
8176
8179
8178
8181
8180
8185
8184
8187
8186
8202
8192
8230
8200
8232
8204
8217
8216
8234
8226
8243
8242
8252
8244
8536
8248
8540
8250
8257
8256
8259
8258
8261
8260
8394
8262
8267
8266
8269
8268
8271
8270
8273
8272
8275
8274
8277
8276
8281
8280
8285
8284
8291
8290
9352
8297
8299
8298
9360
8300
9602
8301
8303
8302
9622
8309
9358
8310
9625
8312
8315
8314
8325
8324
8329
8328
8331
8330
9682
8333
8335
8334
9685
8336
8346
8337
9454
8340
9370
8342
9689
8344
9692
8347
8512
8351
8361
8352
8515
8354
8381
8356
8384
8359
8519
8362
8392
8363
8522
8365
8379
8370
8382
8373
8531
8386
8397
8388
8534
8389
8400
8391
8542
8393
8545
8396
9538
8405
8407
8406
9541
8408
8418
8409
8411
8410
9545
8416
8446
8417
9548
8419
8449
8420
8425
8424
9257
8427
9436
8430
9280
8432
9256
8436
9406
8438
9557
8440
9205
8441
8451
8442
9560
8443
9208
8444
9568
8447
9571
8450
9212
8452
9215
8455
10000
8459
8469
8460
10008
8462
8489
8464
8492
8467
10006
8472
8549
8476
8487
8478
8552
8479
8490
8481
8560
8483
8563
8486
8497
8496
8508
8499
10102
8502
10018
8504
8523
8514
8526
8517
8543
8518
8546
8521
8554
8525
8557
8528
8559
8550
8569
8568
8573
8572
8579
8578
8587
8586
9716
8589
10084
8592
9739
8594
9715
8598
10054
8600
8603
8602
8613
8612
8622
8621
8624
8623
8630
8629
8640
8639
8644
8643
8646
8645
8650
8649
8661
8652
8654
8653
8689
8660
8692
8663
8668
8667
8771
8670
8950
8673
8794
8675
8770
8679
8920
8681
9008
8683
8719
8684
8694
8685
9011
8686
8722
8687
8726
8695
8729
8698
8712
8703
8715
8705
8732
8707
8735
8710
8743
8713
8745
8717
8730
8721
8733
8724
8827
8737
8747
8739
8829
8741
8833
8749
8837
8751
8917
8755
8765
8757
8919
8759
8923
8767
8927
8769
8776
8775
8786
8785
8935
8791
8939
8793
8805
8795
8947
8797
8949
8801
9808
8809
8819
8811
9810
8813
8839
8815
8843
8817
9814
8821
9818
8823
8841
8831
9826
8845
9830
8847
8859
8849
9838
8851
9840
8855
9025
8863
8873
8865
9027
8867
8893
8869
8897
8871
9031
8875
9035
8877
8953
8881
8957
8883
8895
8885
8965
8887
8967
8891
9043
8899
9047
8901
9055
8905
9057
8909
8931
8921
8959
8929
8961
8933
8946
8945
8963
8955
9079
8971
9083
8973
8985
8975
9091
8977
9093
8981
9115
8989
9117
8993
9000
8999
9121
9001
9125
9003
9018
9009
9020
9019
10159
9026
10181
9040
9053
9045
10177
9063
9075
9065
10227
9068
10175
9070
10223
9072
9089
9081
9109
9085
9113
9087
9111
9101
9129
9119
9144
9135
10211
9139
10214
9142
9175
9146
10150
9153
10121
9155
10209
9158
10148
9160
10205
9162
10110
9164
10193
9166
10106
9168
9180
9171
9182
9181
9916
9188
9198
9189
9218
9193
9221
9196
9938
9202
9216
9207
9219
9210
9934
9225
9237
9227
9984
9230
9932
9232
9980
9234
9403
9241
9251
9243
9405
9245
9271
9247
9275
9249
9409
9253
9413
9255
9273
9263
9421
9277
9425
9279
9291
9281
9433
9283
9435
9287
9306
9297
9968
9301
9971
9304
9337
9308
9907
9315
9878
9317
9966
9320
9905
9322
9962
9324
9867
9326
9950
9328
9863
9330
9342
9333
9344
9343
9592
9349
9359
9351
9354
9353
9379
9355
9383
9357
9362
9361
9364
9363
9439
9367
9443
9369
9381
9371
9451
9373
9453
9377
9386
9385
9618
9387
9392
9391
9394
9393
9396
9395
9400
9399
9402
9401
9417
9407
9445
9415
9447
9419
9432
9431
9449
9441
9458
9457
9467
9459
9670
9463
9674
9465
9472
9471
9474
9473
9476
9475
9582
9477
9482
9481
9484
9483
9486
9485
9488
9487
9490
9489
9492
9491
9496
9495
9500
9499
9506
9505
9513
9512
9515
9514
9521
9520
9531
9530
9535
9534
9537
9536
9646
9539
9549
9540
9649
9542
9569
9544
9572
9547
9653
9550
9580
9551
9656
9553
9567
9558
9570
9561
9665
9574
9585
9576
9668
9577
9588
9579
9676
9581
9679
9584
9603
9594
9606
9596
9623
9598
9626
9601
9634
9604
9636
9608
9683
9610
9621
9612
9686
9613
9624
9615
9694
9617
9697
9620
9718
9628
9638
9630
9720
9632
9724
9640
9728
9642
9657
9648
9660
9651
9677
9652
9680
9655
9688
9659
9691
9662
9693
9684
10051
9700
9710
9702
10053
9704
9730
9706
9734
9708
10057
9712
10061
9714
9732
9722
10069
9736
10073
9738
9750
9740
10081
9742
10083
9746
9755
9754
9764
9756
9784
9760
9788
9762
9769
9768
9771
9770
9844
9772
9848
9774
9786
9776
9856
9778
9858
9782
9793
9792
9797
9796
9803
9802
9822
9812
9850
9820
9852
9824
9837
9836
9854
9846
9865
9864
9869
9868
9875
9874
9881
9880
9891
9890
9895
9894
9897
9896
9899
9898
9909
9908
9913
9912
9915
9914
9918
9917
9920
9919
9926
9925
9936
9935
9940
9939
9942
9941
9944
9943
9952
9951
9954
9953
9958
9957
9960
9959
9964
9963
9974
9973
9982
9981
9986
9985
9992
9991
9998
9997
10007
9999
10027
10003
10031
10005
10012
10011
10014
10013
10087
10015
10091
10017
10029
10019
10099
10021
10101
10025
10036
10035
10040
10039
10046
10045
10065
10055
10093
10063
10095
10067
10080
10079
10097
10089
10108
10107
10112
10111
10118
10117
10124
10123
10134
10133
10138
10137
10140
10139
10142
10141
10152
10151
10156
10155
10158
10157
10161
10160
10163
10162
10169
10168
10179
10178
10183
10182
10185
10184
10187
10186
10195
10194
10197
10196
10201
10200
10203
10202
10207
10206
10217
10216
10225
10224
10229
10228
10235
10234
10242
10240
10246
10241
10245
10243
10251
10244
10253
10247
10250
10248
10258
10249
10261
10252
10259
10254
10257
10255
10267
10256
10270
10260
10272
10262
10268
10263
10266
10264
10278
10265
10282
10269
10284
10271
10281
10273
10279
10274
10277
10275
10291
10276
10295
10280
10297
10283
10299
10285
10294
10286
10292
10287
10290
10288
10306
10289
10310
10293
10313
10296
10315
10298
10311
10300
10309
10301
10307
10302
10305
10303
10323
10304
10327
10308
10330
10312
10332
10314
10334
10316
10328
10317
10326
10318
10324
10319
10322
10320
10342
10321
10346
10325
10352
10329
10355
10331
10357
10333
10353
10335
10347
10336
10345
10337
10343
10338
10341
10339
10363
10340
10368
10344
10386
10348
10373
10349
10351
10350
10376
10354
10378
10356
10380
10358
10374
10359
10372
10360
10366
10361
10364
10362
10392
10365
10396
10367
10370
10369
10397
10371
10402
10375
10405
10377
10407
10379
10403
10381
10401
10382
10395
10383
10393
10384
10387
10385
10421
10388
10417
10389
10391
10390
10422
10394
10399
10398
10431
10400
10434
10404
10436
10406
10438
10408
10432
10409
10428
10410
10420
10411
10418
10412
10446
10413
10444
10414
10416
10415
10449
10419
10424
10423
10466
10425
10458
10426
10459
10427
10430
10429
10464
10433
10468
10435
10470
10437
10465
10439
10463
10440
10457
10441
10450
10442
10445
10443
10451
10447
10483
10448
10487
10453
10455
10454
10488
10456
10461
10460
10501
10462
10507
10467
10509
10469
10511
10471
10502
10472
10500
10473
10486
10474
10484
10475
10480
10476
10518
10478
10503
10479
10482
10481
10528
10485
10490
10489
10498
10492
10534
10495
10497
10496
10535
10499
10550
10504
10506
10505
10553
10508
10555
10510
10551
10512
10539
10513
10531
10514
10529
10515
10527
10517
10524
10519
10566
10522
10562
10523
10526
10525
10570
10530
10549
10533
10537
10536
10585
10538
10548
10541
10587
10545
10547
10546
10594
10552
10596
10554
10598
10556
10586
10557
10584
10558
10571
10559
10563
10560
10580
10564
10572
10567
10579
10568
10616
10569
10627
10576
10578
10577
10604
10582
10628
10583
10649
10588
10590
10589
10653
10595
10655
10597
10650
10599
10639
10600
10625
10601
10617
10602
10615
10603
10619
10605
10612
10607
10661
10611
10614
10613
10643
10622
10631
10623
10681
10624
10630
10629
10642
10633
10717
10637
10718
10638
10641
10640
10670
10646
10651
10647
10723
10652
10725
10654
10727
10656
10722
10657
10695
10658
10682
10659
10662
10660
10672
10664
10686
10666
10696
10671
10683
10675
10688
10676
10746
10680
10685
10684
10697
10690
10758
10694
10706
10698
10708
10707
10710
10709
10743
10715
10735
10716
10720
10719
10779
10721
10783
10724
10785
10726
10780
10728
10777
10729
10754
10730
10747
10731
10742
10734
10792
10739
10741
10740
10765
10748
10751
10749
10830
10753
10767
10755
10760
10759
10773
10761
10797
10766
10772
10771
10781
10775
10842
10776
10854
10782
10856
10784
10858
10786
10846
10787
10838
10788
10831
10789
10793
10790
10798
10794
10828
10802
10832
10803
10812
10804
10814
10813
10816
10815
10818
10817
10825
10820
10874
10824
10827
10826
10866
10835
10840
10836
10900
10837
10844
10843
10922
10845
10865
10848
10927
10855
10929
10857
10923
10859
10918
10860
10901
10861
10875
10862
10864
10863
10871
10867
10883
10870
10877
10873
10915
10882
10919
10884
10887
10885
10902
10890
10903
10891
10953
10899
10905
10904
10907
10906
10909
10908
10914
10913
10964
10917
10948
10924
10938
10925
10994
10926
10996
10928
10998
10930
10980
10931
10960
10932
10954
10933
10936
10934
10947
10940
10946
10945
10956
10950
10972
10955
10968
10958
11030
10959
10966
10965
10983
10967
11011
10973
10984
10974
11040
10979
10982
10981
11003
10986
11047
10995
11049
10997
11041
10999
11039
11000
11031
11001
11013
11002
11005
11004
11007
11006
11009
11008
11028
11016
11029
11017
11025
11019
11027
11026
11064
11034
11037
11035
11100
11038
11113
11043
11045
11044
11115
11048
11117
11050
11111
11051
11098
11052
11075
11053
11069
11054
11063
11056
11062
11061
11092
11068
11072
11070
11084
11076
11086
11085
11088
11087
11090
11089
11108
11095
11112
11096
11102
11101
11107
11106
11174
11110
11182
11114
11184
11116
11181
11118
11154
11119
11145
11120
11128
11121
11140
11124
11129
11125
11139
11131
11138
11137
11147
11141
11178
11146
11151
11149
11163
11155
11165
11164
11167
11166
11169
11168
11176
11175
11194
11177
11196
11179
11226
11180
11228
11183
11230
11185
11222
11186
11212
11187
11198
11188
11193
11192
11216
11201
11204
11202
11213
11206
11215
11214
11224
11218
11260
11223
11292
11227
11294
11229
11287
11231
11277
11232
11269
11233
11238
11234
11239
11235
11251
11241
11267
11250
11253
11252
11255
11254
11257
11256
11271
11261
11266
11265
11290
11274
11291
11275
11281
11280
11289
11288
11345
11293
11347
11295
11342
11296
11332
11297
11306
11298
11304
11300
11320
11303
11312
11308
11319
11311
11318
11317
11334
11322
11353
11333
11336
11335
11338
11337
11340
11339
11398
11346
11392
11348
11377
11349
11369
11350
11357
11351
11365
11358
11367
11359
11364
11363
11389
11372
11375
11373
11382
11381
11393
11383
11388
11387
11448
11399
11438
11400
11434
11401
11420
11402
11425
11403
11406
11404
11414
11413
11416
11415
11418
11417
11432
11424
11436
11426
11431
11430
11461
11441
11453
11442
11501
11449
11498
11450
11472
11451
11455
11452
11460
11459
11468
11463
11495
11467
11473
11469
11481
11480
11483
11482
11485
11484
11494
11487
11493
11492
11510
11499
11537
11506
11527
11507
11514
11508
11523
11515
11524
11516
11522
11521
11532
11528
11567
11531
11538
11534
11546
11545
11548
11547
11550
11549
11554
11553
11585
11563
11571
11564
11566
11565
11573
11569
11583
11576
11587
11577
11582
11581
11630
11596
11605
11597
11602
11598
11613
11601
11614
11606
11612
11611
11622
11621
11624
11623
11626
11625
11637
11628
11644
11636
11653
11638
11643
11642
11657
11651
11667
11658
11661
11659
11666
11665
11671
11669
11681
11680
11683
11682
11685
11684
11704
11687
11698
11696
11703
11702
11710
11706
11721
11713
11722
11714
11720
11719
11735
11733
11743
11742
11745
11744
11747
11746
11757
11749
11756
11755
11765
11759
11780
11775
11782
11776
11791
11784
11808
11790
11798
11792
11800
11799
11802
11801
11828
11812
11831
11829
11839
11835
11855
11843
11857
11856
11859
11858
12309
12309
12308
12314
12314
12310
12312
12311
12317
12313
12320
12320
12316
12316
12315
12323
12319
12319
12323
12319
12318
12326
12326
12322
12322
12321
12326
12322
12322
12321
12321
12320
12316
12329
12329
12325
12325
12329
12325
12325
12324
12324
12329
12325
12324
12323
12323
12319
12328
12327
12333
12332
12332
12328
12328
12327
12327
12326
12322
12321
12322
12322
12326
12326
12327
12328
12332
12333
12338
12338
12337
12337
12338
12338
12337
12337
12336
12336
12338
12338
12337
12337
12336
12336
12331
12331
12338
12338
12337
12337
12336
12336
12331
12331
12330
12330
12338
12337
12337
12336
12336
12331
12331
12330
12330
12338
12337
12336
12331
12330
12329
12329
12325
12325
12324
12334
12328
12328
12332
12332
12333
12333
12334
12334
12335
12335
12337
12337
12338
12338
12339
12327
12328
12328
12332
12332
12333
12333
12334
12335
12337
12338
12339
12340
12340
12339
12339
12340
12340
12339
12339
12340
12340
12339
12339
12340
12339
12339
12332
12332
12333
12333
12334
12334
12335
12335
12337
12337
12338
12338
12339
12339
12340
12340
12341
12341
12328
12332
12332
12333
12333
12334
12334
12335
12335
12337
12337
12338
12338
12339
12339
12340
12341
12342
12342
12341
12341
12342
12342
12341
12341
12340
12340
12339
12339
12338
12338
12337
12337
12335
12342
12341
12341
12342
12341
12341
12344
12344
12343
12343
12344
12343
12343
12344
12343
12342
12342
12341
12341
12340
12340
12339
12339
12338
12338
12337
12337
12336
12345
12345
12344
12344
12343
12343
12342
12342
12341
12341
12340
12340
12339
12339
12338
12338
12337
12337
12335
12335
12346
12345
12345
12288
8620
2020
12349
10452
10667
10591
10692
10618
10705
10626
10704
10648
10703
10663
10762
10668
10702
10673
10701
10687
10700
10689
10795
10693
10712
10711
10811
10732
10810
10750
10809
10752
10868
10763
10808
10774
10807
10778
10878
10796
10898
10829
10920
10834
10897
10839
10896
10849
10951
10869
10895
10872
10894
10876
10969
10879
10993
10916
11014
10921
10992
10937
10991
10949
11032
10952
10990
10957
10989
10961
11066
10970
11055
10971
11083
11010
11093
11015
11082
11020
11122
11033
11081
11036
11080
11046
11130
11057
11079
11065
11142
11067
11162
11091
11171
11094
11189
11104
11161
11109
11199
11123
11160
11126
11159
11132
11207
11133
11205
11135
11219
11143
11158
11148
11248
11170
11249
11172
11262
11190
11237
11191
11247
11195
11272
11200
11246
11203
11283
11208
11278
11209
11245
11217
11301
11220
11244
11225
11329
11258
11310
11259
11314
11263
11305
11264
11328
11270
11354
11273
11331
11276
11327
11282
11360
11284
11356
11285
11343
11286
11326
11299
11370
11302
11325
11307
11384
11313
11379
11315
11368
11316
11394
11330
11380
11341
11396
11344
11412
11352
11422
11355
11427
11361
11419
11362
11411
11366
11439
11371
11410
11374
11433
11376
11409
11378
11456
11385
11454
11386
11444
11391
11465
11395
11446
11397
11479
11421
11486
11423
11489
11428
11471
11429
11478
11435
11497
11437
11511
11440
11477
11443
11502
11445
11504
11447
11518
11457
11513
11458
11476
11462
11529
11466
11555
11488
11551
11490
11526
11491
11544
11496
11552
11500
11559
11503
11561
11505
11543
11509
11574
11512
11542
11517
11578
11519
11570
11520
11541
11525
11599
11530
11584
11536
11608
11556
11604
11557
11591
11558
11593
11560
11589
11562
11620
11568
11619
11572
11632
11575
11639
11579
11629
11580
11618
11586
11641
11588
11617
11590
11646
11592
11648
11594
11635
11595
11654
11600
11662
11609
11656
11610
11677
11627
11676
11631
11699
11633
11678
11634
11697
11640
11690
11645
11692
11647
11689
11649
11679
11650
11675
11652
11711
11655
11674
11660
11716
11663
11708
11664
11741
11686
11723
11688
11727
11691
11729
11693
11724
11694
11709
11695
11752
11700
11750
11701
11740
11705
11739
11707
11766
11712
11738
11715
11777
11717
11760
11718
11768
11726
11770
11728
11764
11730
11761
11731
11751
11732
11786
11748
11803
11753
11788
11754
11797
11758
11796
11762
11809
11763
11823
11767
11814
11769
11816
11771
11810
11772
11789
11773
11779
11774
11820
11778
11795
11781
11794
11783
11836
11787
11849
11804
11832
11805
11807
11806
11848
11811
11851
11813
11861
11815
11842
11817
11833
11818
11821
11819
11847
11822
11869
11824
11867
11825
11827
11826
11846
11830
11845
11834
11888
11837
11854
11838
11877
11841
11893
11850
11853
11852
11881
11860
11883
11862
11878
11863
11868
11864
11904
11865
11874
11866
11914
11870
11911
11871
11873
11872
11903
11875
11887
11876
11902
11879
11920
11880
11923
11882
11921
11884
11912
11885
11895
11886
11933
11889
11896
11890
11897
11891
11901
11892
11931
11894
11905
11899
11907
11906
11909
11908
11947
11910
11919
11913
11964
11915
11948
11916
11918
11917
11957
11922
11959
11924
11949
11925
11932
11926
11946
11927
11930
11928
11945
11929
11973
11934
11970
11935
11937
11936
11940
11938
11944
11939
11950
11942
11952
11951
11954
11953
11995
11955
11980
11956
11984
11958
11981
11960
11971
11961
11966
11962
11967
11963
12003
11965
11994
11968
11978
11969
11993
11972
12018
11974
12008
11975
11977
11976
11988
11979
11992
11982
12012
11983
12014
11985
12009
11986
12005
11987
11996
11990
11998
11997
12000
11999
12034
12001
12006
12002
12027
12004
12033
12007
12021
12010
12044
12011
12047
12013
12045
12015
12028
12016
12020
12017
12053
12019
12032
12022
12025
12023
12031
12024
12039
12029
12063
12035
12059
12036
12038
12037
12041
12040
12043
12042
12070
12046
12072
12048
12060
12049
12055
12050
12079
12051
12056
12052
12086
12054
12078
12057
12062
12058
12077
12061
12100
12064
12091
12065
12067
12066
12075
12068
12095
12071
12092
12073
12088
12074
12081
12080
12083
12082
12110
12084
12089
12085
12115
12087
12109
12090
12103
12093
12121
12094
12123
12096
12116
12097
12102
12098
12108
12099
12128
12101
12106
12104
12112
12111
12114
12113
12139
12117
12140
12118
12120
12119
12147
12122
12141
12124
12130
12125
12138
12126
12131
12127
12155
12129
12137
12132
12135
12133
12136
12134
12143
12142
12145
12144
12160
12146
12162
12148
12157
12149
12152
12150
12171
12151
12170
12153
12158
12154
12178
12156
12169
12159
12184
12161
12179
12163
12177
12164
12167
12165
12168
12166
12173
12172
12175
12174
12190
12176
12197
12180
12201
12181
12183
12182
12203
12185
12192
12186
12196
12187
12193
12188
12195
12189
12210
12191
12198
12194
12200
12199
12215
12202
12212
12204
12207
12205
12221
12206
12220
12208
12213
12209
12227
12211
12219
12214
12229
12216
12226
12217
12222
12218
12224
12223
12238
12225
12244
12228
12243
12230
12233
12231
12237
12232
12236
12234
12239
12235
12241
12240
12253
12242
12255
12245
12248
12246
12252
12247
12251
12249
12257
12250
12262
12254
12261
12256
12259
12258
12268
12260
12272
12263
12266
12264
12267
12265
12270
12269
12277
12271
12275
12273
12276
12274
12279
12278
12282
12280
12284
12281
12285
12283
12287
12286
12292
12289
12296
12293
12300
12297
12304
12301
12309
12308
12308
12305
12314
12310
12310
12309
12308
12320
12316
12316
12315
12315
12314
12310
12315
12316
12316
12320
12320
12321
12322
12326
12340
12339
12338
12338
12337
12337
12336
12336
12331
12331
12330
12330
12329
12329
12325
12342
12341
12340
12340
12339
12339
12338
12338
12337
12337
12336
12336
12331
12331
12330
12346
12345
12344
12344
12343
12343
12342
12342
12341
12341
12340
12340
12339
12339
12338
12338
12337
12346
12346
12345
12345
12344
12344
12343
12343
12342
12342
12341
12341
12340
12340
12339
12339
12338
12338
12337
12337
12335
12335
12334
12334
12333
12332
12345
12346
12348
12347
12347
12348
12347
12347
12342
12343
12343
12344
12344
12345
12345
12346
12346
12347
12347
12348
12343
12344
12345
12345
12346
12346
12347
12347
12348
12348
12347
12347
12346
12346
12345
12345
12344
12344
12343
12343
12342
12342
12341
12341
12340
12340
12339
12339
12338
12338
12337
12337
12335
12335
12334
12334
12333
12333
12332
12332
12328
12348
12347
12346
12346
12345
12345
12344
12344
12343
12343
12342
12342
12341
12341
12340
12340
12339
12339
12338
12338
12337
12337
12335
12335
12334
