44
69
87
110
123
146
173
213
242
277
276
336
413
439
479
525
536
614
657
660
665
680
688
716
723
750
775
783
797
802
830
799
884
893
905
908
916
935
941
957
961
971
979
988
1011
1019
1031
1046
1058
1065
1067
1065
1078
1080
1077
1094
1096
1094
1098
1100
1098
1109
1115
1120
1124
1133
1154
1175
1189
1201
1232
1241
1242
1248
1254
1263
1268
1270
1268
1289
1301
1304
1310
1333
1341
1345
1348
1350
1379
1386
1406
1441
1469
1474
1476
1482
1492
1494
1499
1516
1512
1540
1558
1566
1593
1598
1611
1301
1621
1627
1649
1709
1711
1736
1741
1745
1777
1781
1803
1807
1835
1830
1889
1904
1909
1930
1943
1984
2008
2009
2026
2085
2094
2100
2123
2137
2153
2154
2193
2309
2319
2350
2366
2384
2388
2394
2403
2429
2435
2471
2477
2480
2494
2496
2504
2513
2522
2527
2581
2584
2596
2598
2613
2625
2640
2646
2658
2660
2658
2695
2714
2716
2727
2781
2795
2805
2813
2831
2837
2880
2890
2899
2933
2960
3010
3017
3022
3029
3092
3113
3122
3119
3149
3152
3157
3170
3188
3226
3228
3251
3272
3271
3273
3335
3349
3321
3370
3384
3392
3400
3419
3445
3455
3461
3469
3510
3535
3549
3558
3570
3572
3570
3585
3595
3606
3625
3641
3649
3705
3378
3734
3744
3756
3772
3778
3784
3804
3821
3819
3864
3934
3994
4043
4041
4058
4125
4145
4163
4172
4244
4268
4274
4280
4320
4341
4346
4352
4385
4392
4452
4484
4510
4515
4533
4566
4573
4613
4633
4644
4655
4659
4676
4697
4706
4715
4724
4743
4788
4791
4948
4980
4983
4987
5054
5086
5088
5054
5091
5097
5180
5207
5220
5250
5285
5307
5360
5363
5393
5402
5426
5432
5447
5463
5474
5513
5514
5515
5533
5534
5533
5543
5549
5555
5582
5597
5635
5639
5648
5653
5673
5675
5673
5682
5706
5710
5675
5673
5729
5747
5765
122
5763
5789
5792
5789
5819
5900
5905
5931
5965
5966
5965
5970
5985
6003
6038
6066
6131
6162
6368
6376
6381
6385
6384
6401
6525
6551
6598
6752
6757
6827
6830
6833
6844
6897
6909
6925
6990
7039
7067
7070
7067
7113
7150
7238
7235
7244
7243
7258
7275
7283
7289
7322
7334
7335
7337
7335
7351
7368
7394
7395
7411
7421
7448
7446
7471
7480
7492
7496
7507
7519
7526
7529
7543
7544
7548
7558
7560
7570
7583
7598
7616
7628
7667
7680
7743
7755
7784
7801
7804
7825
7834
7886
7889
7902
7925
7937
8022
8024
8038
8070
8072
8082
8134
8171
8177
8179
8186
8195
8218
8220
8232
8233
8252
8262
8302
8303
8328
8343
8363
8372
8375
8386
8375
8423
8441
8447
8505
8510
8519
8516
8525
8563
8600
8624
8622
8630
8635
8638
8648
8667
8671
8672
8671
8667
8633
8677
8684
8677
8678
8697
8705
8751
8771
8823
8864
8892
8893
8892
8900
8920
8933
8930
8942
8957
8984
8999
9008
9014
9032
9123
9129
9170
9180
9194
9199
9206
9207
9212
9291
9298
9301
9387
9415
9429
9445
9481
9496
9524
9526
9537
9544
9549
9557
9586
9595
9611
9610
9624
9642
9650
9660
9670
9673
9682
9693
9697
9693
9721
9727
9728
9727
9732
9741
9793
9806
9818
9833
9925
9932
9941
9950
9962
10024
10035
10057
10065
10074
10100
10104
10106
10123
10128
10145
10157
10132
10178
10180
10199
10249
10266
10275
10286
10296
10300
10314
10318
10340
10352
10360
10365
10375
10374
10381
10384
10390
10397
10411
10408
10432
10445
10444
10467
10468
10485
10503
10507
10540
10545
10595
10598
10606
10608
10612
10630
10639
10640
10639
10646
10664
10668
10690
10704
10739
10763
10778
10892
10690
10916
10941
10971
10983
10992
10991
11004
11015
11010
11028
11045
11058
11138
11219
11229
11253
11270
11278
11304
11348
11361
11377
11379
11427
11450
11463
11469
11210
11474
11213
11490
11481
11508
11547
11557
11565
11576
11594
11599
11612
11623
11634
11613
11642
11680
11681
11699
11707
11722
11736
11743
11766
11773
11775
11813
11828
11845
11848
11858
11861
7280
11869
11872
11878
11903
11906
11917
11915
11936
11931
11957
11967
11978
12075
12108
12110
12119
12121
12075
12133
12174
12177
12196
12217
12222
12224
12229
12233
12259
12268
12272
12274
12277
12289
12293
12295
12293
12298
12266
12301
12312
12331
12334
12335
12342
12407
12408
12421
12423
12468
12472
12473
12472
12480
12498
12507
12521
12533
12535
12566
12570
12574
12581
12582
12632
12665
12671
12719
12782
12801
12812
12816
12821
12858
12884
12923
12966
12980
13007
13021
13030
13039
13051
13065
13069
13071
13080
13106
13153
13165
13181
13197
13205
13210
13223
13244
13247
13253
13242
13252
13260
13268
13289
13301
13312
13169
13329
13395
13420
13434
13444
13478
13490
13500
13502
13523
13530
13541
13553
13559
13268
13568
13564
13574
13584
13602
13608
13646
13669
13688
13699
13718
13725
13728
13739
13754
13766
13807
13826
13830
13832
13844
13873
13952
14013
14027
14030
14105
14116
14214
14236
14268
14270
14268
14273
14274
14283
14302
14312
14322
14336
14364
14381
14393
14421
14435
14442
14473
14490
14510
14512
14510
14521
14542
14541
14553
14562
14586
14619
14642
14624
14660
14664
14671
14718
14755
14760
14768
14780
14779
14786
14803
14806
14807
14852
14855
14695
14866
14893
14974
14995
15058
15059
15068
15084
15090
15115
15122
15124
15130
15139
15160
15164
15160
15194
15209
15217
15218
15221
15199
15227
15290
15344
15373
15368
15377
15387
15389
15411
15425
15492
15585
15615
15631
15643
15712
15719
15806
15803
15839
15887
15890
15386
15380
15901
15906
15911
15903
15914
15923
15941
15953
15989
15994
16012
16038
16057
16162
16160
16178
16191
16199
16236
16255
16278
16289
16310
16373
16387
16404
16352
16409
16433
16445
16446
16489
16510
16538
16556
16570
16577
16621
16647
16674
16682
16689
16700
16712
16739
16742
16739
16774
16786
16829
16845
16917
16927
16944
16907
16969
16978
16989
17009
17035
17059
17070
17096
17145
17164
17168
17172
17180
17212
17222
17228
17324
17336
17358
17382
17399
17384
17439
17441
17439
17448
17477
17496
17507
17506
17508
17506
17507
17516
17531
17620
17625
17650
17681
17700
17816
17822
17879
17884
17905
17906
17952
18017
18021
18053
18058
18098
18108
18146
18212
18247
18246
18264
18294
18303
18331
18335
18353
18385
18395
18401
18403
18418
18421
18428
18437
18443
18446
18456
18461
18456
18479
18480
18498
18506
18509
18525
18554
18556
18567
18572
18596
18597
18603
18648
18669
18681
18735
18737
18735
18767
18780
18787
18800
18805
18831
18859
18863
18603
18894
18903
18934
18937
18979
18930
18934
18986
19012
19025
19027
19039
19044
19046
19049
19058
19061
19114
19143
19147
19217
19238
19250
19286
19282
19296
19346
19370
19384
19427
19442
19444
19448
19469
19478
19484
19496
19561
19580
19608
19629
19651
19669
19675
19670
19694
19696
19697
19739
19755
19760
19769
19777
18564
19793
19811
19859
19851
19864
19871
19898
19913
19912
19931
19936
19942
19916
19955
19971
18683
19988
20003
20009
20015
20035
20042
20048
20064
20070
20123
20155
20172
20210
20244
20253
20262
20312
20315
20312
20327
20319
20348
20366
20370
20382
20391
20402
20411
20450
20507
20514
20553
20556
20567
20588
20621
20654
20668
20671
20692
20695
20705
20707
20717
20725
20731
20743
20777
20783
20810
20813
20831
20897
20922
20942
20945
20953
20951
20937
20972
21012
21014
21012
21025
21029
21031
21038
21040
21065
21076
21084
21115
21123
21121
21129
21135
21165
21172
21190
21211
21230
21244
21254
21251
21286
21289
21296
21325
21344
21353
21205
21362
21413
21419
21421
21428
21438
21445
21438
21449
21482
21469
21499
21521
21519
21529
21541
21550
21542
21565
21568
21575
21580
21592
21599
21622
21632
21631
21634
21637
21667
21663
21675
21714
21740
21747
21773
21776
21799
21813
21830
21857
21932
21965
21956
21974
21972
21984
21994
22008
22011
22019
22023
22037
22042
22051
22058
22068
22072
22075
22072
22094
22119
22133
22157
22179
22257
22262
22280
22283
22305
22310
22361
22368
22386
22365
22450
22451
22462
22481
22516
22532
22537
22545
22628
22645
22661
22721
22749
22751
22744
22768
22802
22799
22813
22819
22813
22824
22829
22864
22868
22892
22900
22908
22917
23000
23024
23042
23049
23051
23054
23072
23085
23097
23099
23097
23111
23117
23134
23159
23167
23168
23167
23179
23198
23206
23211
23262
23261
23279
23278
23304
23311
23326
23327
23326
23354
23358
23378
23390
23396
23413
23414
23434
23453
23471
23480
23489
23507
23522
23523
23550
23559
23561
23559
23575
23579
23575
23582
23575
23618
23636
23604
23751
23756
23774
23775
23777
23804
23795
23816
23837
23843
23841
23858
23882
23883
23896
23908
23938
23977
23992
24010
24025
24032
24047
24075
24080
24082
24083
24098
24113
24152
24170
24200
24205
24237
24238
24235
24237
24261
24275
24282
24307
24315
24335
24376
24383
24395
24402
24395
24434
24464
24487
24502
24524
24543
24277
24541
24586
24632
24630
24659
24699
24722
24727
24746
24754
24777
24812
24820
24826
24830
24847
24861
24865
24874
24873
24878
24879
24892
24912
24925
24946
24971
24974
24971
24980
24991
24993
24995
24993
25014
25025
25031
25040
25037
25046
25064
25060
25073
25077
25085
25127
25133
25172
25181
25220
25221
25247
25298
25303
25306
25329
25370
25380
25408
25418
25485
25501
25517
25529
25542
25558
25557
25637
25652
25679
25685
25691
25717
25729
25726
25757
25761
25793
25795
25793
25797
25818
25844
25859
25860
25884
25926
25950
25968
25985
26001
26027
26019
26029
26039
26052
26054
26072
26093
26029
26101
26107
26137
26139
26160
26171
26190
26221
26224
26249
26259
26273
26280
26299
26308
26312
26334
26379
26384
26388
26411
26432
26460
26190
26492
26490
26537
26563
26591
26610
26612
26647
26653
26723
26725
26735
26748
26793
26796
26803
26815
26837
26841
26864
26883
26900
26913
26919
26928
27014
27028
27047
27058
27063
27065
27076
27082
27168
27177
27182
27192
27221
27274
27290
27299
27304
27305
27304
27336
27352
27377
27385
27396
27398
27408
27423
27425
27486
27488
27486
27509
27534
27545
27554
27550
27567
27590
27607
27619
27664
27665
27674
27716
27699
27711
27749
27752
27784
27788
27817
27824
27844
27845
27846
27857
27887
27893
27902
27911
27912
27929
27930
27938
27942
27950
27987
28028
28052
28062
28066
28079
28152
28156
28164
28243
28255
28277
28317
28332
28354
28390
28420
28455
28476
28496
28499
28509
28544
28548
28583
28589
28581
28583
28595
28577
28598
28601
28612
28617
28644
28665
28688
28702
28710
28715
28721
28741
28786
28797
28799
28797
28814
28837
28841
28843
28837
28841
28846
28857
28886
28888
28901
28912
28921
28933
28956
28981
28991
29013
29026
29033
29051
29063
29102
29118
29129
29159
29193
29240
29238
29247
29265
29289
29335
29388
29453
29471
29491
29504
29501
29509
29520
29531
29570
29579
29625
29630
29634
29661
29679
29714
29720
29716
29733
29748
29756
29805
29820
29822
29848
29870
29876
29865
29887
29900
29952
29980
29982
29984
29982
30030
30042
30053
30132
30139
30155
30158
30173
30183
30185
30277
30284
30302
30305
30306
30317
30379
30443
30468
30481
30491
30492
30499
30521
30541
30596
30607
30704
30773
30785
30811
30821
30866
30878
15901
30955
30964
30974
30967
30964
30986
30981
30996
30993
31000
31008
31021
31117
31167
31211
31212
31232
31237
31245
31268
31283
31284
31295
31343
31349
31338
31364
31358
31376
31394
31397
31407
31413
31481
31488
31528
31550
31552
31547
31550
31562
31656
31674
31725
31734
31741
31751
31806
31822
31821
31846
31849
31871
31867
31932
31916
31942
31968
31977
31998
32071
32078
32087
32123
32165
32164
32173
32189
32226
32232
32240
32245
32253
32263
32286
32285
32292
32291
32301
32321
32327
32329
32333
32348
32354
32350
32329
32363
32391
32396
32435
32448
32462
32471
32493
32500
32504
32490
32562
32636
32645
32642
32650
32684
32687
32774
32780
32792
32832
32882
32894
32944
32948
32952
32974
32983
32988
32844
32993
33005
33008
33019
33029
33050
33081
33089
33101
33110
33111
33124
33137
33152
33172
33197
33203
33248
33252
33253
33264
33305
33323
33353
33336
33366
33387
33396
33395
33187
33401
33416
33431
33477
33514
33519
33514
33533
33524
33539
33563
33567
33581
33614
33647
33586
33587
33654
33690
33715
33710
33721
33727
33740
33752
33800
33809
33829
33874
33897
33904
33911
33904
33914
33904
33918
33931
33932
33936
33938
33936
33955
33954
33986
33989
33986
34002
34006
34016
34034
33205
34043
34049
34066
34071
34078
34111
34124
34136
34158
34161
34164
34161
34187
34217
34226
34255
34264
34280
34282
34285
34298
34341
34347
34356
34370
34380
34388
34403
34415
34424
34427
34430
34431
34453
34466
34473
34476
34484
34493
34502
34506
34513
34517
34529
34532
34543
34547
34563
34562
34614
34621
34623
34624
34630
34631
34687
34754
34878
34894
34919
34925
34929
34933
34929
34963
34985
34991
35009
35031
35041
35047
35060
35072
35070
35084
35090
35121
35133
35173
35180
35222
35244
35327
35369
35376
35400
35407
35420
35431
35446
35472
35476
35472
35483
35486
35501
35505
35490
35531
35529
35606
35609
35620
35628
35644
35651
35660
35664
35670
35676
35693
35695
35698
35706
35708
35730
35750
35755
35714
35783
35825
35834
35855
35863
35866
35885
35995
36006
36005
36034
36046
36054
36056
36062
36093
36109
36123
36150
36167
36173
36174
36176
36194
36206
36225
36248
36254
36284
36310
36342
36347
36342
36353
36375
36387
36390
36407
36437
36447
36451
36457
36462
36472
36481
36479
36489
36500
36498
36505
36509
36520
36532
36538
36543
36556
36559
36567
36577
36604
36610
36629
36642
36676
36677
36692
36725
36734
36747
36796
36811
36834
36854
36857
36863
36854
36893
36911
36906
36921
36945
37025
37048
37058
37063
37055
37046
37067
37075
37076
37099
37128
37141
37156
37186
37194
37199
37200
37199
37210
37227
37253
37257
37268
37280
37287
37294
37281
37298
37312
37316
37331
37352
37373
37400
37430
37434
37441
37467
37489
37448
37496
37515
37541
37545
37586
37626
37632
37642
37651
37655
37651
37661
37680
37685
37696
37701
37721
37738
37755
37759
37776
37781
37807
37812
37832
37847
37863
37883
37882
37890
37889
37913
37923
37937
37947
37962
37965
37969
37962
37867
37974
37980
37991
37999
38004
38021
38053
38062
38080
38087
38078
38111
38108
38123
38141
38183
38186
38192
38252
38262
38270
38294
38301
38342
38348
38358
38366
38380
38385
38408
38442
38452
38495
38494
38510
38516
38514
38522
38534
38544
38588
38591
38606
38646
38657
38660
38669
38682
38695
38752
38781
38789
38786
38810
38818
38820
38830
38832
38859
38897
38895
38912
38921
38933
38936
38954
38975
39023
39056
39060
39086
39095
39097
39092
39105
39110
39132
39143
39188
39197
39206
39219
39230
39236
39281
39278
39296
39308
39333
39396
39404
39393
39419
39427
39432
39443
39473
39477
39503
39509
39545
39554
39593
39614
39637
39668
39686
39729
39739
39746
39784
39820
39917
39941
39959
39971
39966
40012
40021
40040
40067
40121
40133
40166
40183
40184
40183
40247
40275
40301
40307
40311
40340
40338
40352
40361
40385
40404
40430
40450
40451
40466
40501
40565
40571
40575
40580
40582
40611
40643
40656
40663
40666
40683
40693
40718
40727
40785
40786
40844
40914
40922
40936
40953
40954
40967
41015
41040
41078
41070
41095
41114
41124
41174
41186
41222
41240
41246
41288
41292
41324
41336
41351
41372
41405
41415
41513
41529
41547
41548
41576
41583
41615
41621
41651
41660
41676
41685
41695
41702
41726
41733
41547
41768
41608
41766
41827
41883
41904
41914
41918
41957
41976
41986
42002
41997
42014
42018
42041
42152
42191
42200
42225
42231
42290
42294
42308
42294
42321
42325
42329
42338
42341
42356
42357
42372
42377
42383
42396
42438
42455
42473
42539
42592
42597
42614
42632
42653
42674
42685
42692
42708
42711
42746
42752
42794
42789
42798
42812
42815
42869
42985
43010
43020
43047
43055
43070
43094
43101
43110
43131
43247
43264
43272
43280
43296
43305
43311
43322
43346
43368
43373
43379
43382
43385
43399
43407
43414
43429
43430
43429
43447
43448
43461
43481
43487
43496
43527
43557
43570
43601
43613
43620
43648
43656
43648
43688
43698
43706
43707
43706
43745
43754
43850
43856
43875
43882
44029
44040
44063
44069
44066
44081
44086
44108
44132
44137
44193
44214
44220
44233
44249
44242
44274
44298
44301
44298
44342
44344
44353
44361
44376
44375
44380
44398
44385
44242
44404
44413
44416
44415
44418
44427
44426
44432
44443
44446
44447
44452
44458
44463
44468
44467
44472
44489
44504
44514
44523
44579
44585
44586
44598
44599
44608
44618
44579
44627
44635
44637
44642
44643
44660
44599
44667
44670
44700
44723
44834
44859
44882
44885
44909
44945
44968
44976
44980
44993
44999
45017
45036
45045
45047
45093
45097
45101
45119
45141
45150
45172
45174
45178
45198
45238
45284
45294
45305
45365
45383
45409
45418
45449
45470
45476
45486
45496
45498
45524
45578
45596
45620
45632
45742
45774
45792
45802
45804
45887
45998
46031
46036
46059
46097
46174
46193
46194
46205
46215
46243
46303
46341
46428
46512
46513
46520
46529
46536
46619
46641
46654
46658
46654
46674
46680
46681
46700
46707
46802
46817
46834
46862
46890
46899
46906
46910
46916
46918
46928
46959
46977
46937
46995
47012
47046
47062
47067
47091
47117
47123
47132
47138
47148
47066
47062
47169
47174
47198
47204
47216
47222
47249
47280
47291
47297
47303
47315
47321
47336
47341
47346
47367
47381
47380
47393
47400
47414
47418
47424
47436
47445
47451
47460
47468
47472
47476
47481
47486
47487
47504
47513
47514
47517
47520
47532
47536
47541
47546
47550
47556
47559
47561
47576
47584
47599
47611
47639
47644
47699
47705
47668
47723
47729
47757
47797
47801
47812
47826
47842
47841
47871
47898
47931
47935
47942
47940
47947
47996
48120
48128
48134
48145
48173
48170
48188
48211
48241
48275
48299
48312
48339
48357
48397
48421
48455
48483
48489
48512
48515
48565
48591
48617
48639
48689
48705
48658
48716
48721
48731
48744
48772
48780
48788
48772
48794
48809
48859
48906
48924
48930
48906
48908
48938
48924
48959
48973
48969
48989
49011
49020
49022
49031
49052
49054
49057
49060
49068
49082
49100
49141
49143
49169
49195
49250
49296
49311
49319
49334
49354
49377
49386
49447
49473
49511
49562
49577
49583
49586
49590
49631
49639
49659
49667
49689
49720
49748
49755
49764
49767
49780
49784
49799
49802
49809
49827
49820
49848
49853
49868
49826
49881
49910
49958
49990
50009
50021
50065
50069
50114
50110
50124
50132
50166
50183
50193
50199
50232
50240
50357
50369
50378
50390
50401
50411
50427
50435
50445
50458
50467
50484
50493
50520
50518
50534
50644
50650
50669
50675
50705
50721
50729
50735
50758
50782
50786
50782
50851
50484
50882
50891
50918
50928
50939
50721
50954
50968
50970
50972
50979
50987
50990
51015
51020
51026
51019
51057
51058
51088
51120
51125
51143
51166
51172
51182
51198
51215
51239
51255
51393
51413
51412
51427
51452
51476
51482
51522
51537
51554
51560
51575
51582
51602
51617
51652
51660
51673
51728
51732
51737
51746
51765
51780
51798
51869
51867
51880
51886
51911
51924
51926
51952
51954
51973
51978
51990
52002
52019
52024
52036
52048
51767
52064
52084
52106
52104
52115
52127
52142
52166
52179
52045
52190
52208
52228
52235
52237
52244
52260
52283
52291
52299
52305
52313
52324
52381
52429
52439
52472
52497
52533
52578
52610
52626
52629
52642
52668
52670
52686
52687
52700
52707
52724
52745
52755
52763
52764
52770
52764
52782
52811
52824
52845
52859
52901
52961
52973
52979
53003
52995
53045
53058
53073
53079
53097
53138
53141
53155
53185
53192
53217
53216
53232
53273
53283
53298
53310
53325
53327
53323
53331
53357
53374
53384
53383
53390
53374
53375
53406
53411
53417
53430
53441
53464
53498
53539
53575
53624
53627
53655
53669
53675
53690
53705
53713
53714
53724
53753
53757
53784
53794
53798
53807
53828
53832
53836
53835
53870
53878
53900
53925
53977
53984
54003
54009
54046
54085
54088
54095
54137
54183
54237
54264
54315
54332
54337
54390
54419
54435
54471
54552
54586
54602
54586
54606
54616
54620
54630
54647
54648
54647
54660
54665
54663
54843
54801
54856
54892
54904
54921
54929
54934
54939
54970
54973
55004
55020
55023
55046
55055
55067
55076
55071
55091
55114
55124
55114
55166
55220
55234
55233
55248
55242
55274
55293
55305
55325
55340
55354
55391
55404
55411
55419
55433
55444
55494
55506
55511
55514
55539
55543
55557
55564
55569
44462
55573
55575
55585
55604
55608
55626
55634
55648
55651
55669
55673
55678
55681
55684
55699
55712
55727
55746
55755
55764
55769
55774
55777
55785
55794
55801
55804
55831
55843
55855
55879
55881
55924
55938
55943
55946
55949
55978
55995
56015
56023
56034
56090
56190
49575
56219
56319
56317
56353
56438
56474
56494
56507
56527
56534
56550
56556
56604
56622
56636
56667
56669
56667
56723
56739
56751
56768
56783
56792
56823
56849
56853
56882
56887
56908
56969
56991
57025
57031
57030
57046
57055
56849
57083
57089
57104
57131
57141
57146
57170
57176
57185
57194
57201
57206
57202
57201
57222
57228
57254
57266
57276
57282
57287
57282
57302
57324
57341
57362
57311
57371
57379
57392
57398
57432
57440
57461
57462
57477
57486
57537
57552
57556
57566
57605
57614
57618
57623
57627
57641
57657
57674
57677
57680
57681
57638
57696
57718
57717
57857
57868
57875
57884
57886
57885
57951
57967
57959
57958
57981
57983
57996
58004
58034
58060
58094
58118
58178
58199
58204
58240
58247
58268
58271
58332
58346
58379
58401
58424
58419
58452
58490
58504
58531
58553
58601
58656
58673
58727
58785
58790
58809
58831
58879
58884
58920
58962
58976
58980
58989
59002
59018
59023
59034
59042
59078
59129
59168
59178
59199
59198
59201
59222
59228
59280
59312
59320
59384
59455
59467
59466
59524
59523
59527
59523
59565
59567
59573
59600
59612
59616
59611
59691
59706
59719
59723
59738
59748
59764
59772
59821
59827
59846
59855
59880
59894
59923
59950
59978
59986
59997
60053
60075
60161
60165
60223
60233
60231
60234
60248
60340
60425
60451
60462
60464
60477
60497
60505
60570
60584
60594
60602
60606
60623
60634
60653
60723
60738
60745
60821
60833
60839
60881
60890
60908
60991
60996
61007
61018
61049
61061
61088
61098
61115
61128
61155
61169
61203
61209
61221
61233
61247
61278
61283
61270
61287
61298
61302
61320
61373
61378
61390
61395
61402
61404
61406
61449
61450
61481
61485
61499
61511
61528
61535
61542
61550
61565
61560
61570
61585
61584
61597
61600
61606
61611
61617
61625
61653
61688
61692
61701
61706
61713
61716
61726
61734
61787
61803
61816
61862
61868
61870
61874
61902
61919
61925
61973
61980
61995
62013
62022
62032
62135
62157
62169
62198
62204
62212
62217
62216
62225
62233
62238
62240
62268
62277
62292
62326
62328
62348
62351
62364
62380
62411
62412
62440
62454
62468
62491
62505
62526
62534
62531
62547
62552
62564
62606
62723
62724
62754
62763
62798
62801
62828
62843
62856
62859
62846
62888
62903
62923
62948
62779
62966
62982
62983
63002
63018
63036
63033
63053
63036
63033
63060
63070
63104
63105
63104
63125
63142
63158
63170
63187
63198
63207
63214
63228
63272
63284
63327
63341
63344
63327
63352
63383
63390
63410
63431
63448
63489
63498
63521
63530
63533
63539
63559
63569
63584
63609
63620
63638
63642
63645
63703
63707
63739
63749
63755
63767
63766
63783
63788
63805
63818
63832
63835
63836
63864
63886
63917
63924
63933
63938
63963
63993
64023
64033
64037
64052
64074
64079
64098
64103
64120
64154
64182
64253
64261
64270
64289
64306
64316
64323
64330
64378
64386
64394
64402
64400
64409
64415
64424
64437
64433
64447
64459
64463
64469
64482
64511
64525
64522
64569
64577
64630
64675
64687
64697
64694
64700
64725
64694
64736
64759
64775
64792
64808
64865
64867
64917
64949
64960
64965
64989
65039
65050
65117
65136
65144
65157
65164
65166
65176
65183
65176
65210
65237
65246
65260
65259
65267
65274
64817
65281
65314
64434
65320
65335
65342
65349
65363
65360
65374
65375
65380
65384
65398
65413
65415
65413
65421
65439
65459
65481
65487
65491
65540
65546
65564
65569
65574
65579
65588
65595
65625
65639
65680
65670
65682
65696
65698
65705
65698
65720
65759
65790
65847
65865
65871
65924
65919
65957
65968
66050
66058
66079
66151
66163
66170
66165
66185
66216
66270
66271
66270
66305
66343
66366
66446
66492
66527
66534
66539
66546
66563
66570
66603
66645
66653
66695
66704
66713
66738
66779
66842
66869
66875
66879
66917
66927
66932
66953
66971
66976
66983
66979
66991
66989
66997
67001
66997
67010
67016
67022
67047
67059
67068
67073
67113
67118
67133
67171
67189
67207
67208
67237
67244
67249
67262
67268
67271
67306
67308
67311
67314
67337
67355
67388
67398
67401
67420
67427
67436
67439
67451
67460
67445
67466
67469
67472
67484
67505
67511
67649
67654
67659
67663
67665
67674
67683
67712
67727
67745
67447
67771
67817
67855
67857
67896
67909
67965
67976
67982
67991
67982
68001
68003
68012
68013
68018
68003
68036
68048
68069
68070
68130
68201
68251
68277
68361
68393
68418
68442
68456
68464
68476
68514
68529
68541
68624
68659
68665
68671
68686
68696
68759
68761
68764
68740
68765
68770
68783
68791
68809
68815
68831
68833
68831
68848
68855
68872
68880
68908
68924
68933
68939
68945
68960
68970
68978
68987
68992
69005
67211
69040
69047
69052
69050
69053
69061
69075
69087
69106
69097
69102
69112
69135
69229
69227
69233
69267
69278
69354
69359
69364
69378
69389
69395
69398
69413
69412
69423
69432
69456
69490
68933
69499
69518
69533
69539
69590
69596
69603
69614
69632
69653
69680
69687
67644
69701
69747
69794
69800
69826
69857
69865
69878
69884
69889
69890
69896
69943
69941
69945
69952
69958
69970
70007
70027
70040
70056
70069
70079
70099
70103
70106
70103
70113
70139
70198
70199
70198
70210
70245
70277
70291
70312
70330
70349
70358
70377
70380
70384
70399
70453
70491
70502
70504
70502
70567
70585
70624
70646
70655
70676
70713
70730
70727
70739
70767
70804
70843
70865
70869
70720
70876
70898
70905
70917
70927
70938
70958
70973
71001
71013
71017
71013
71028
71055
71065
71069
71078
71091
71115
71114
71142
71150
71180
71186
71160
71190
71198
71214
71225
71239
71252
71259
71285
60248
71297
71298
71318
71323
71342
71348
71355
71356
71355
71393
71356
71355
71433
71492
71516
71548
71549
71622
71686
71685
71690
71696
71724
71726
71745
71792
71858
71864
71870
71878
71888
71904
71913
71945
71964
71975
71979
71991
71975
72008
72081
72090
72094
72112
72122
72138
72174
72185
72192
72212
72228
72239
72243
72271
72289
72292
72310
72330
72344
72362
72370
72394
72401
72412
72417
72449
72471
72487
72489
72487
72516
72562
72569
72579
72620
72626
72637
72655
72662
72676
72779
72781
72791
72833
72856
72872
72980
72981
73043
73138
73145
73177
73200
73224
73226
73256
73268
73323
73328
73332
73362
73373
73385
73400
73409
73406
73407
73425
73489
73498
73521
73532
73559
73575
73584
73602
73603
73606
73621
73628
73652
73694
73754
73784
73796
73810
73811
73823
73826
73823
73878
73985
73991
74054
74120
74123
74129
74138
74150
74162
74180
74196
74279
74293
74306
74316
74336
74344
74351
74357
74369
74442
74461
74489
74499
74511
74516
74543
74548
74558
74580
74600
74622
74632
74647
74651
74665
74660
74695
74718
74721
74741
74787
74790
74640
74811
74821
74833
74843
74869
74882
74912
74916
74945
74952
74963
74926
74923
74988
74995
74997
74999
74997
75002
75012
75026
75034
75046
75048
75054
75072
75079
75092
75046
75100
75102
75104
75110
75121
75131
75176
75261
75260
75281
75306
75326
75340
75353
75367
75383
75403
75409
75433
75421
75445
75442
75460
75470
75492
75521
75524
75527
75545
75542
75569
75581
75607
75617
75644
75653
75673
75681
75738
75745
75746
75753
75762
75794
75814
75820
75835
75838
75899
75918
75942
75943
75946
76004
75989
76008
76079
76169
76184
76197
76194
76200
76229
76238
76260
76262
76260
76283
76293
76315
76334
76339
76343
76349
76351
76349
76367
76373
76389
76412
76429
76468
76478
76487
76491
76492
76511
76536
76543
76580
76570
76589
76616
76622
76637
76695
76703
76706
76716
76736
76589
76762
76782
76806
76817
76820
76833
76838
76586
76862
76859
76874
76889
76904
76910
76919
76918
76910
76950
76959
76994
76676
77002
77001
77015
77029
77069
77064
77080
77082
77111
77126
77139
77147
77148
77151
77158
77151
77168
77173
77175
77187
77237
77243
77249
73314
77258
77264
77277
77288
77286
77303
77313
77333
77352
77360
77365
77367
77387
77399
77409
77365
77459
77462
77468
77478
77499
77505
77521
77540
77564
77574
75069
77581
77582
77598
77810
77814
77873
77878
77906
77910
77914
77915
77938
77969
77978
77983
77988
77996
78045
78062
78087
78092
78099
78119
78117
78152
78161
78162
78188
78194
78214
78215
78214
78243
78272
78274
78275
78276
78311
78325
78346
78376
78391
78402
78420
78449
78461
78471
78475
78481
78489
78500
78551
78581
78620
78625
78642
78653
78656
78672
78719
78723
78725
78742
78757
78770
78766
78778
78781
78786
78790
78798
78844
78891
78910
78932
78934
78947
78949
78962
78973
79018
79019
79025
79019
79042
79040
79048
79060
79115
79128
79145
79156
79165
79196
79201
79230
79231
79255
79279
79327
79333
79341
79369
79406
79436
79442
79455
79465
79474
79439
79502
79538
79543
79556
79544
79561
79580
79593
79598
79600
79625
79636
79678
79701
79726
79728
79738
79747
79778
79820
79826
79867
79913
79918
79928
79927
79931
79952
79970
79979
80039
80056
80059
80070
80099
80117
80112
80137
80139
80140
80161
80168
80173
80197
80214
80259
80275
80288
80383
80392
80394
80429
80435
80442
80466
80474
80513
80528
80564
80571
80570
80584
80589
80630
80637
80650
80679
80708
80726
80804
80803
80816
80819
80822
80816
80819
80852
80861
80863
80861
80894
80911
80937
80949
80980
81008
81016
81018
81016
81012
81049
81054
81110
81124
81170
81172
81185
81196
81221
81098
81228
81255
81260
81264
81293
81307
81313
81335
81341
81345
81349
81362
81370
81383
81398
81394
81436
81443
81464
81469
81480
81497
81512
81514
81516
81554
81558
81566
81571
81584
81598
81633
81654
81660
81675
81707
81706
81722
81745
81754
81796
81806
81814
81838
81849
81858
81871
81878
81881
81890
81893
81905
81928
81953
81957
81961
81964
81976
81980
81990
82000
82001
82005
82007
82005
82032
82048
82043
82054
82084
82100
82115
82133
82144
82152
82186
82193
82198
82207
82225
82267
82275
82278
82294
82331
82340
82349
82412
82384
82414
82433
82459
82484
82487
82498
82507
82509
82553
82561
82616
82676
82696
82685
82699
82705
82720
82739
82741
82755
82767
82786
82795
82813
82822
82827
82839
82852
82861
82877
82882
82868
82897
82907
82913
82979
83003
83097
83160
83254
82294
83264
83303
83316
83346
83354
83379
83451
83456
83459
83465
83468
83522
83534
83553
83615
83651
83640
83639
83661
83729
83768
83793
83886
83891
83945
83949
83837
84079
84086
84095
84098
84110
84108
84116
84149
84177
84194
84200
84203
84214
84220
84348
84393
84397
84478
84499
84516
84606
84619
84647
84729
84752
84763
84772
84789
84815
84824
84832
84831
84850
84869
84878
84876
84887
84909
84912
84920
84934
84943
85148
85224
85275
85321
85346
85342
85376
85420
85356
85436
85445
85448
85513
85532
85522
85547
85610
85595
85629
85697
85713
85754
85772
85786
85806
85808
85825
85822
85786
85829
85861
85862
85903
85942
85951
85952
85978
86006
86029
86032
86077
86087
86092
86101
86109
86121
86122
86154
86163
86175
86184
86210
86219
86230
86277
86285
86293
86294
86295
86311
86353
86357
86383
86408
86416
86432
86458
86497
86504
86506
86522
86558
86567
86585
86623
86645
86666
86678
86691
86699
86756
86792
86806
86804
86821
86887
86897
86920
86976
86979
86992
86997
87007
87010
87048
87054
87068
87069
87072
87098
87165
87179
87221
87227
87233
87241
87242
87249
87257
87263
87276
87333
87319
87343
87349
87356
87375
87435
87456
87470
87512
87518
87520
87571
87580
87574
87665
87669
87677
87692
87690
87698
87690
87716
87743
87752
87776
87774
87778
87797
87794
87799
87836
87845
87769
87905
87941
87982
87986
87982
87991
87992
88004
88027
88033
88035
88036
88035
88058
88075
88092
88111
88126
88133
88148
88163
88169
88175
88178
88211
88221
88302
88318
88325
88341
88302
88372
88395
88397
88438
88442
88443
88442
88465
88504
88533
88547
88568
88592
88604
88621
88633
88640
88633
88648
88664
88694
88702
88718
88727
88729
88733
88751
88802
88826
88901
88905
88915
88927
88934
88952
88965
88974
88987
88996
89001
89029
89027
89035
89036
89053
89064
89066
89078
89126
89135
89138
89146
89166
89180
89201
89228
89231
89235
89246
89254
89264
89275
89280
89283
89294
89300
89309
89331
89348
89355
89372
89387
89411
89412
89420
89411
89422
89446
89464
89473
89479
89490
89494
89515
89524
89530
89527
89549
89556
89579
89606
89646
89658
89715
89732
89765
89776
89774
89777
89791
89842
89867
89877
89883
89893
89927
89945
89942
89972
89974
89977
89983
89996
89998
90018
90032
90046
90075
90078
90086
90092
90104
90113
90128
90135
90157
90191
90212
90222
90295
90305
90317
90332
90346
90366
90370
90400
90305
90426
90442
90455
90476
90528
90542
90550
90547
90581
90596
90611
90613
90629
90625
90660
90685
90704
90745
90752
90748
90802
90821
90827
90823
90837
90930
90962
90965
90878
90968
90976
90995
91076
91159
91169
91177
91212
91218
91245
91260
91265
91281
91283
91290
91336
91355
91403
91409
91454
91476
91491
91535
91541
91598
91621
91618
91668
91694
91695
91722
91752
91763
91765
91769
91789
91829
91919
91938
91967
91980
91984
91956
92003
92012
92033
92040
92051
92067
92042
92080
92093
92094
92124
92141
92267
92274
92312
92332
92347
92359
92364
92390
92402
92433
92444
92448
92428
92453
92465
92472
92477
92491
92510
92507
92525
92533
92488
92555
92578
92586
92591
92589
92595
92603
92612
92576
92618
92623
92638
92642
92702
92713
92782
92816
92833
92835
92840
92845
92859
92774
92797
92774
92864
92876
92910
92918
92929
92969
92988
93003
93007
93030
93043
93059
93077
93080
93089
93038
93104
93126
93175
93210
93217
93225
93256
93272
93282
93291
93348
93402
93415
93437
93440
93446
93461
93469
93513
93519
93524
93528
93546
93551
93583
93588
93597
93625
93643
93664
93682
93697
93717
93732
93744
93777
93812
93814
93895
93902
93687
93912
93944
93949
93956
93986
94059
94107
94127
94138
94148
94161
94168
94184
94193
94253
94269
94307
94359
94380
94377
94388
94393
94421
94443
94450
94454
94457
94485
94484
94481
94478
94490
94499
94503
94514
94520
94528
94547
94570
94619
94625
94631
94627
94625
94633
94686
94705
94719
94734
94775
94805
94808
94595
94821
94824
94820
94863
94869
94931
94943
94949
94944
94883
94952
94944
95019
95017
95023
95024
95023
95044
95048
95055
95110
95134
95138
95142
92130
95148
95162
95186
95199
95222
95225
95243
95263
95279
95314
95330
95354
95374
95447
95456
95459
95476
95472
95483
95485
95484
95492
95513
92531
95515
95513
95526
95531
95560
95568
95573
95597
95618
95660
95666
95709
95729
95755
95761
95808
95816
95820
95840
95845
95852
95894
95902
95939
95957
95958
95969
95972
95976
95840
95835
96029
96032
96041
96042
96051
96056
96051
96062
96074
96085
96088
96097
96100
96097
96118
96124
96120
96152
96158
96172
96199
96111
96209
96211
96220
96229
96237
96251
96255
96257
96265
96277
96286
96313
96315
96360
96383
96389
96401
96440
96437
96432
96517
96523
96558
96580
96581
96591
96640
96663
96684
96698
96727
96738
95135
96767
96782
96784
96809
96814
96824
96839
96857
96866
96871
96882
96929
96953
96982
96986
96987
96993
97017
97019
97049
96461
97074
97094
97103
97129
97149
97166
97184
97216
97255
97257
97307
97317
97342
97379
97385
97409
97490
97517
97541
97546
97544
97557
97568
97581
97605
97638
97652
97682
97688
97785
97772
97835
97857
97870
97897
97917
97926
97931
97973
97985
98008
98010
98008
98021
98043
98046
98056
98078
98075
98082
98102
98108
98130
98132
98138
98154
98183
98180
98184
98189
98216
98228
98242
98260
98288
98300
98317
98323
98326
98342
98341
98357
98405
98407
98405
98425
98431
98456
98467
98486
98510
98522
98531
98540
98545
98559
98565
98586
98588
98607
98633
98639
98634
98645
98654
98664
98668
98674
98693
98699
98711
98726
98750
98690
98755
98759
98753
98757
98767
98797
98802
98826
98845
98854
98864
98822
98869
98840
98882
98888
98906
98912
98914
98912
98923
98934
98948
98953
98955
98970
98993
99001
99014
99010
99006
99041
99058
99064
99068
99071
99072
99107
99136
99144
99161
99166
99188
99180
99199
99204
99214
99232
99238
99244
99278
99287
99300
99336
99344
99410
99428
99436
99454
99456
99467
99482
99484
99482
99491
99496
99503
99526
99548
99556
99587
99584
99611
99631
99629
99613
99642
99247
99646
99671
99700
99728
99736
99743
99758
99767
99770
99774
99817
99819
99828
99849
99878
99892
99896
99884
99897
99908
99917
99935
99956
99995
100023
100037
100039
100046
100052
100079
100100
100171
100189
100199
100253
100263
100280
100286
100325
100355
100357
100355
100358
98767
100355
100357
100364
100378
100382
100411
100420
100415
100411
100433
100442
100456
100517
100531
100535
100540
100550
100562
100573
100577
100560
100562
100588
100629
100661
100676
100680
100685
100719
100731
100767
100825
100846
100849
100876
100907
100925
100931
100934
100904
100975
100972
100988
100999
101007
101055
101088
101103
101113
101129
101138
101141
101156
101152
101173
101194
101205
101204
101210
101212
101232
101244
101248
101255
101282
101284
101363
101367
101386
101401
22042
101416
101419
101453
101454
101455
101470
101474
101476
101477
101476
101507
101518
101610
101632
101633
101645
101676
101680
101681
101708
101712
101723
101734
101732
101740
101744
101740
101768
101801
101807
101830
101849
101867
101883
101909
101928
101924
101946
101967
102011
102053
102071
102080
102081
102080
102126
102135
102141
102149
102152
102179
102191
102196
102191
102206
102223
102230
102234
102152
102251
102254
102257
102259
102272
102281
102287
102350
102380
102410
102427
102439
102448
102471
102533
102555
102590
102598
102608
102599
102612
102616
102617
102659
102671
102681
102712
102710
102725
102738
102745
102757
102763
102779
102805
102818
102833
102862
102868
102888
102965
102968
102995
103002
103010
103012
103010
103017
103019
103022
103041
103053
103123
103143
103149
103168
103184
103233
103252
103265
103278
103296
103303
103342
103338
103345
103357
103363
103373
103365
103375
103383
103400
103406
103417
103437
103468
103470
103481
103509
103507
103517
103526
103536
103571
103589
103631
103645
103653
103676
103679
103699
103710
103723
103724
103723
103735
103736
103755
103762
103778
103774
103784
103811
103830
103840
103846
103845
103850
103876
103873
103893
103925
103931
103930
103941
103966
104007
104041
104055
104069
104100
104114
104122
104123
104122
104128
104131
104144
104159
104168
104201
104215
104227
104213
104263
104267
104279
104275
104302
104358
104365
104371
104375
104385
104389
104394
104407
104423
104434
104423
104452
104455
104466
104484
104486
104484
104500
104510
104526
104555
104563
104560
104573
104596
104607
104630
104650
104656
104663
104686
104693
104715
104727
104737
104741
104715
104772
104788
104804
104826
104832
104803
104843
104855
104853
104864
104859
104868
104826
104879
104897
104908
104911
104913
104911
104920
104939
104979
104153
105008
105017
105023
105046
105061
105081
105086
105096
105102
105130
105133
105140
105142
105140
105151
105168
105176
105185
105217
105227
105264
105278
105282
105292
105305
105318
105365
105368
105392
105422
105439
105445
105317
105448
105440
105460
105461
105469
105461
105479
105462
105480
105500
105522
105545
105624
105630
105647
105658
105710
105714
105763
105768
105821
105852
105906
105901
105944
105948
105964
105963
105973
105984
106059
106074
106078
106100
106130
106131
106143
106072
106158
106178
106217
106214
106220
106226
106235
106234
106246
106248
106246
106251
106257
106284
106307
106389
106395
106435
106465
106509
106525
106540
106452
106565
106636
106644
106646
106663
106659
106669
106676
106693
106712
106725
106735
106748
106754
106759
106774
106793
106788
106814
106821
106820
106856
106862
106873
106889
106894
106896
106907
106921
106926
106945
106969
106981
106984
106992
107002
107033
107050
107024
107065
106924
107089
107097
107105
107129
107130
107151
107196
107192
107249
107259
107266
107314
107367
107386
107388
107399
107410
107434
107399
107439
107445
107458
107464
107511
107520
107576
107580
107600
107613
107628
107640
107646
107678
107757
107772
107786
107825
107835
107838
107835
107844
107835
107838
107847
107876
107783
107883
107915
107926
107968
107984
107975
107990
107993
108001
108009
108014
108039
108052
108071
108113
108129
108135
108162
108172
108202
108208
108230
108245
108246
108245
108256
108266
108272
108284
108331
108340
108388
108409
108421
108449
108451
108456
108549
108557
108556
108564
108597
108631
108662
108687
108692
108687
108725
108760
108775
108810
108831
108868
108924
108962
108963
109011
109026
109031
109045
109059
109064
109059
109036
109060
109081
109106
109108
109110
109124
109181
109185
109211
109214
109216
109232
109241
109242
109265
109273
109296
109301
109318
109331
109340
109337
109346
109360
109372
109370
109406
109448
109450
109475
109481
109502
109515
109514
109525
109524
109555
109553
109598
109607
109636
109654
109687
109709
109718
109709
109723
109732
109762
109784
109801
109806
109834
109840
109856
109858
109883
109903
109921
109928
109944
109949
109915
109951
109972
109978
109993
110026
110045
110047
110065
110074
110084
110091
110107
110132
110128
110158
110162
110206
110211
110222
110234
110210
110239
110264
110211
110279
110283
110287
110302
110306
110324
110320
110359
110377
110393
110397
110405
110412
110533
109703
110536
110545
110546
110547
110551
110554
110567
110569
110578
110579
110578
110590
110593
110633
110642
110646
110696
110701
110705
110734
110744
110756
110774
110776
110782
110788
110820
110822
110880
110904
110951
110956
110960
110975
110979
111008
111010
111017
111027
111062
111097
111101
111088
111117
111167
111170
111171
111170
111181
111182
111181
111194
111196
111210
111200
111213
111221
111233
111255
111269
111291
111302
111311
111314
111347
111365
111384
111401
111430
111439
111495
111504
111517
111525
111536
111538
111552
111572
111588
111585
111593
111614
111619
111629
111632
111682
111695
111704
111711
111716
111728
111732
111734
111732
111756
111732
111768
111785
111825
111836
111833
111862
111866
111876
111878
111886
111896
111909
111921
111729
111926
111959
111958
111971
111975
112002
112012
112020
112022
112031
112040
112051
112058
112046
112089
112123
112134
112145
112144
112166
112181
112164
112187
112201
112215
112227
112225
112234
112235
112259
112258
112279
112282
112279
112293
112325
112330
112334
112358
112363
112386
112412
112424
112433
112445
112459
112465
112466
112475
112507
112513
112519
112524
112531
112534
112539
112548
112551
112531
112557
112571
112576
112596
112621
112619
112640
112649
112669
112691
112729
112727
112732
112758
112764
112816
112829
112836
112841
112847
112843
112851
112927
112928
112933
112939
112940
112939
112948
112951
112963
112976
112981
113007
113017
113022
113028
113029
113047
113051
113047
113054
113077
113073
113092
113103
113104
113111
113159
113189
113228
113238
113281
113290
113299
113351
113363
113387
113414
113421
113432
113441
113468
113467
113485
113521
113552
113570
113575
113613
113619
113623
113629
113696
113700
113734
113762
113757
113768
113774
113771
113785
113787
113813
113824
113844
113842
113877
113917
113922
113936
113945
113949
113966
113977
113987
114002
114015
114037
114054
114071
114069
114086
114103
114199
114191
114299
114305
114342
114352
114350
114374
114380
114381
114409
114418
114421
114428
114439
114445
114451
113922
114464
114499
114506
114511
114535
114544
114551
114554
114572
114581
114649
114658
114663
114668
114673
114684
114704
114709
114715
114713
114725
114743
114772
114776
114891
114965
114980
115035
115039
115058
115094
115142
115152
115131
115163
115188
115213
115248
115259
115277
115279
115296
115315
115348
115381
115393
115391
115404
115407
115428
115433
115428
115457
115468
115471
115479
115514
115533
115550
115561
115595
115589
115636
115668
115667
115457
115673
115668
115755
115779
115796
115863
115865
115863
115935
115985
115990
115995
116000
116002
116021
116030
116054
116066
116071
116081
116117
116134
116147
116155
116164
116168
116174
116175
116185
116200
116206
116227
116286
116328
116364
116368
116372
116368
116379
116391
116410
116413
116440
116461
116475
116495
116497
116495
116500
116514
116524
116527
116536
116540
116549
116575
116603
116610
116616
116643
116644
116653
116667
116669
116667
116695
116707
116709
116746
116709
116758
116762
116793
116834
116847
116843
116868
116885
116868
116891
116920
116933
116934
116984
116995
117063
117137
117157
117173
117160
117165
117179
117177
117218
117262
117379
117381
117400
117406
117451
117454
117465
117469
117482
117484
117512
117511
117545
117546
117570
117580
117589
117588
117603
117613
117635
117655
117663
117652
117684
117694
117700
117728
117738
117771
117795
117878
117933
117948
117964
117976
117981
117983
117987
117993
118007
118020
118049
118052
118073
118079
118119
118130
118136
118165
118184
118229
118237
118239
118297
118310
118336
118351
118377
118391
118430
118436
118453
118463
118483
118487
118500
118499
118503
118513
118521
118553
118562
118597
118672
118683
118690
118699
118704
118717
118724
118704
118717
118704
118743
118748
118757
118766
118777
118872
118520
118880
118892
118905
118918
118922
118932
118970
119015
119069
119072
119100
119098
119108
119112
119109
119129
119131
119133
119137
119139
119144
119184
119207
119215
119237
119246
119309
119306
119318
119346
119367
119387
119389
119438
119469
119471
119480
119482
119480
119515
119532
119546
119532
119599
119604
119630
119653
119663
119610
119697
119701
119757
119761
119769
119835
119846
119871
119885
119891
119898
119914
119933
119943
119949
119954
119949
119966
119891
119975
95653
119978
119986
119993
119996
120002
120038
120056
120063
120080
120110
120128
120152
120173
120219
120226
120227
120252
120305
120353
120381
120395
120410
120425
120499
120523
120538
120553
120565
120589
120597
120610
120623
120676
120688
120695
120700
120712
120722
120728
120760
120767
120773
120806
120818
120806
120870
120883
120891
120893
120908
120907
120914
120929
120937
120946
120949
120974
121005
120929
121009
121014
121018
121038
121076
121094
121126
121139
121151
121166
121168
121180
121184
121186
121182
121195
121199
121203
121214
121215
121218
121225
121238
121236
121277
121287
121292
121323
121385
121393
121396
121407
121415
121428
121456
121452
121492
121549
121558
121578
121580
121589
121591
121595
121532
121613
121641
121647
121650
121666
121683
121694
121700
121695
121738
121776
121786
121789
121802
121829
121859
121868
121883
121901
121910
121916
121957
121968
121974
121986
122009
122008
122020
122055
122058
122070
122079
122117
122142
122151
122221
122224
122229
122236
122245
122302
122331
122340
122372
122420
122425
122433
122442
122447
122451
122454
122460
122486
122500
122510
122451
122532
122547
122570
122574
122610
122618
122615
122633
122658
122721
122734
122777
122819
122835
122853
122895
122906
122909
122921
122918
122922
122937
122986
122989
122999
122987
123034
123037
123038
123044
123057
123063
123077
123075
123105
123165
123178
123231
123239
123262
123283
123293
123296
123297
123329
123335
123322
123345
123363
123387
123408
123416
123440
123456
123467
123482
123495
123498
123510
123521
123549
123552
123555
123565
123593
123602
123610
123624
123627
123636
123638
123645
123649
123665
123691
123698
123707
123710
123715
123751
123785
123791
123801
123815
123842
123848
123870
123879
123886
123893
123905
123933
123944
123949
123999
124000
124019
124068
124077
124079
124116
124133
124151
124158
124173
124190
124249
124254
124259
124279
124283
124303
124326
124325
124343
124345
124366
124386
124396
124427
124500
124505
124533
124541
124543
124577
124592
124620
124651
124691
124699
124711
124710
124741
124770
124781
124802
124812
124818
124863
124894
124909
124919
124951
124955
124995
124997
124995
125008
124995
125020
125025
125035
125037
125062
125102
125105
125117
125137
125173
125197
125216
125221
125242
125264
125269
125273
125288
125302
125303
125302
125312
125333
125368
125386
125405
125409
125441
125448
125472
125480
125512
125560
125576
125610
125633
125662
125663
125699
125697
125716
125717
125760
125368
125767
125789
125791
125789
125793
125831
125824
125844
125858
125903
125926
125928
125935
125948
125993
126005
126019
126055
126058
126075
126074
126078
126116
126124
126179
126207
126225
126245
126258
126297
126316
126326
126343
126360
126370
126383
126397
126424
126426
126444
126491
126519
126520
126525
126548
126576
126573
126600
126609
126626
126623
126645
126640
126665
126672
126684
126729
126758
126876
126900
126917
126926
126970
126972
121433
126990
127012
127054
127057
127062
127065
127020
127082
127084
125941
127095
127097
127107
127113
127202
127231
127250
127273
127275
127296
127298
127296
127317
127348
127358
127374
127378
126246
127383
127395
127397
127405
127414
127449
127463
127491
127511
127520
127524
127554
127586
127603
127606
127649
127650
127695
127708
127787
127589
127820
127880
127898
127918
127927
127930
127939
127938
127946
127944
127949
127958
127977
127988
127995
128011
128023
128026
128033
128065
128127
128136
128194
128197
128233
128250
128258
128273
128297
128341
128342
128349
128360
128363
128377
128380
128388
128401
128415
128436
128449
128500
128550
128588
128619
128625
128654
128684
128692
128696
128723
128739
128776
128786
128812
128828
128851
128855
128898
128918
128925
128932
128940
128943
128951
128985
129021
129099
129108
129173
129180
129183
129179
129196
128984
129190
129203
129204
129218
129231
129262
129264
129292
129347
129388
129399
129420
129446
129450
129476
129502
129506
129523
129568
129582
129587
129609
129618
129644
129647
129653
129674
129680
129689
129698
129705
129728
129732
129747
129783
129792
129841
129855
129864
129871
129903
129923
129937
129942
129949
129998
130110
130118
130121
130150
130151
130167
130181
130204
130239
130245
130251
130266
130271
130371
130434
130439
130460
130461
130460
130481
130492
130496
130486
130508
130523
130535
130542
130587
130611
130667
130686
130694
130686
130806
130808
130805
130823
130831
130835
130868
130878
130887
130894
130893
130919
130975
130990
131011
131029
131041
131039
131078
131139
131163
131187
131209
131229
131234
131231
131239
131241
131246
131252
131259
131263
131325
131338
131339
131375
131379
131394
131395
131404
131394
131432
131394
131444
131163
131459
131477
131499
131504
131516
131531
131641
131639
131682
131695
131697
131695
131706
131720
131730
131734
131738
131746
131761
131767
131766
131777
131772
131776
131816
131834
131840
131846
131873
131885
131903
131941
131957
131967
131972
131979
131980
131987
131993
132016
132050
132052
132050
132063
132074
132110
132117
132120
132127
132150
132177
132194
132204
132208
132211
132233
132243
132245
132254
132263
132272
132322
132324
132321
132346
132355
132368
132385
132397
132418
132430
132495
132525
132539
132520
132578
132599
132609
132622
132650
132656
132667
132669
132677
132682
132694
132704
132707
132717
132721
132730
132739
132797
132807
132826
132833
132793
132839
132882
132893
132905
132937
132954
132970
132960
132975
132998
133007
133016
133009
133038
133044
133048
133081
133129
133154
133183
133307
133303
133311
133331
133339
133350
133401
133411
133415
133433
133436
133519
133527
133544
133595
133613
133616
133613
133628
133639
133654
133678
133683
133699
133735
133760
133766
133788
133797
133838
133844
133862
133874
133877
133883
133890
133920
133933
133941
133954
133979
133982
133979
133965
133985
134019
134021
134031
134034
134069
134115
134150
134154
134175
134191
134205
134204
134222
134232
134243
134246
134273
134291
134312
134318
134332
134339
134312
134317
134374
134377
134384
134417
134411
134423
134402
134441
134459
134478
134530
134552
134570
134562
134592
134597
134607
134612
134616
134625
134627
134625
134636
134640
134654
134660
134665
134671
134688
134691
134697
134705
134700
134722
134724
134732
134752
134770
134795
134801
134805
134856
134875
134889
134900
134915
134918
134946
134990
135017
135058
135067
135071
135102
135108
135110
135122
135120
135128
135137
135156
135167
135162
135176
135184
135170
135257
135265
135272
135305
135315
135358
135376
135389
135387
135398
135412
135435
135447
135512
135524
135548
135556
135569
135578
135613
135638
135669
135690
135692
135705
135751
135754
135757
135758
135757
135793
135833
135866
135889
135901
135907
135936
135940
135949
135947
135948
135958
135989
136024
136030
136060
136063
136037
136075
136088
136093
136147
136154
136153
136171
136197
136232
136238
136256
136298
136315
136330
136331
136333
136342
136354
136388
136404
136422
136420
136438
136440
136472
136485
136496
136497
136496
136494
136514
136527
136532
136527
136545
136562
136568
136585
136586
136609
136615
136619
136602
136645
136691
136701
136708
136719
136741
136748
136745
136799
136827
136915
136923
136937
136944
136998
137005
137003
136998
137007
137013
137015
137024
137039
137038
137044
137095
137094
137097
137114
137131
137136
137152
137161
137168
137172
137189
137191
137215
137226
137230
137236
137242
137273
137279
137280
137289
137296
137341
137359
137363
137367
137379
137388
137393
137395
137388
137414
137429
137458
137174
137465
137494
137528
137540
137541
137548
137564
137600
137610
137626
137627
137633
137641
137642
137657
137681
137714
137718
137720
137718
137728
137732
137730
137768
137778
137798
137829
137839
137855
137894
137900
137910
137927
137942
137966
137963
137977
137987
138046
138059
138070
138083
138087
138101
138107
138117
138132
138142
138201
138216
138234
138239
138246
138255
138260
138278
138281
138287
138295
138302
138300
138303
138306
138341
138343
138348
138353
138368
138383
138394
138396
138404
138438
138466
138471
138484
138494
138492
138499
138505
138506
138505
138516
138548
137739
138546
138563
138586
138303
138589
138590
138598
138597
138607
138622
138656
138668
138693
138703
138718
138728
138737
138773
138838
138954
138990
139037
139040
139059
139070
139075
139092
139105
139109
139172
139259
139263
139274
139283
139286
139346
139343
139350
139356
139369
139388
139410
138814
139413
139428
139442
139452
139460
139469
139478
139495
139502
139507
139532
139553
139554
139589
139592
139596
139631
139662
139667
139662
139701
139719
139721
139719
139744
139757
139760
139774
139790
139803
139808
139819
139883
139916
139951
139961
139978
139995
140004
140007
140029
140033
140057
140066
140070
140085
140101
140111
140110
140151
140152
140167
140177
140175
140180
140183
140175
140231
140279
140290
140309
140334
140340
140344
140354
140361
140368
140378
140386
140392
140393
140392
109397
140402
140429
140463
140470
140482
140488
140491
140525
140534
140642
140675
140719
140721
140724
140721
140739
140761
140760
140801
140819
140875
140878
140903
140909
140916
140924
140945
140953
140961
140979
140961
140981
141017
141026
141057
141069
141090
141113
141128
141140
141145
141157
141167
141170
141174
141176
141225
141245
141257
141255
141266
141269
141294
141303
141330
141359
141356
141365
141369
141392
141421
141436
141440
141469
141492
141515
141512
141522
141533
141536
141548
141554
141574
141594
141612
141617
141619
141617
141621
141641
141668
141669
141709
141733
141738
141748
141770
141776
141791
141843
141873
141868
141914
141930
141932
141930
141941
141951
141956
141971
142014
142028
142036
142070
142072
142081
142085
142121
142149
142163
142175
142232
142253
142270
142284
142293
142319
142338
142344
142351
142417
142427
142426
142430
142424
142466
142481
142515
142517
142526
142530
142540
142555
142577
142605
142606
142605
142629
142643
142663
142688
142695
142699
142713
142737
142738
142769
142832
142860
142868
142899
142921
142925
142933
142938
142947
143000
143018
143049
143057
143081
143107
143127
143003
143153
143161
143182
143183
143182
143208
143234
143235
143257
143342
143349
143372
143427
143450
143482
143494
143498
143519
143517
143525
143536
143555
143525
143588
143610
143609
143651
143669
143680
143690
143741
143776
143812
143815
143824
143847
143851
143867
143865
143912
143924
143928
143990
144020
144041
144054
144101
144170
144189
144206
144212
144235
144247
144257
144267
144269
144272
144278
144283
144332
144339
144344
144339
144365
144390
144396
144410
144455
144461
144467
144514
144518
144527
144530
144536
144530
144527
144549
144551
144559
144584
144630
144631
144643
144662
144676
144692
144725
144781
144791
144820
144822
144871
144879
144881
144889
144894
144914
144915
144922
144944
144966
144998
145022
145031
145049
145055
145061
145087
145103
145100
145123
145127
145135
145166
145176
145180
145176
145199
145203
145199
145220
145225
145233
145244
145229
145271
145286
145307
145325
145343
145393
145415
145417
145439
145450
145494
145516
145553
145586
145613
145618
145623
145652
145653
145652
145681
145688
145715
145724
145730
145749
145759
145770
145790
145799
145809
145818
145824
145818
145847
145926
146011
145870
146064
146069
146064
146079
146082
146088
146109
146133
146145
146154
146167
146179
146189
146213
146233
146266
146272
146366
146397
146401
146433
146449
146473
146495
146497
146509
146512
146549
146564
146570
146601
146618
146631
146642
146645
146671
146681
146695
146702
146705
146756
146767
146784
146791
146198
146797
146803
146838
146845
146861
146890
146897
146979
146990
147005
147018
147045
147058
147057
147067
147072
147110
147119
147120
147165
147235
147276
147296
147303
147323
147336
147368
147416
147431
147440
147467
147496
147470
147521
147570
147578
147614
147617
147645
147659
147675
147702
147708
147717
147738
147759
147788
147875
147880
147944
148006
148011
148016
148028
148024
148030
148043
148052
148031
148057
148028
148112
148132
148163
148187
148193
148180
148199
148213
148235
148248
148266
148316
148328
148331
148366
148370
148451
148460
148469
148488
148498
148511
148613
148621
148705
148736
148747
148760
148766
148763
148770
148783
148787
148793
148803
148853
148912
148934
148951
148961
148942
148984
149006
149003
149010
149015
149020
149047
149066
149070
149088
149126
149185
149190
149191
149190
149222
149313
149336
149381
149408
149413
149421
149426
149381
149437
149408
149443
149459
149486
149491
149501
149520
149523
149533
149565
149606
149610
149627
149642
149680
149684
149714
149726
149729
149747
149769
149774
149785
149798
149802
149808
149859
149876
149928
44386
149947
149967
55575
149973
55590
149992
150046
150042
150073
150096
150120
150126
150177
150206
150217
150235
150246
150252
150277
150282
150288
150357
150362
150385
150395
150426
150444
150457
150488
150493
150508
150532
150550
150545
150606
150711
150718
150756
150768
150775
150787
45810
150796
150985
151003
151009
151020
151071
151077
40676
40678
151083
151102
151149
151155
43088
151200
151215
114537
114704
151231
151237
151243
151308
151315
151357
151393
151410
151423
151471
151530
151565
151569
151606
151636
151666
151701
151734
151749
151762
151789
151792
103125
151789
151803
151815
103153
151827
151834
103168
151869
151888
151918
151923
151933
151944
151972
152007
152037
152050
107349
152080
152095
152096
152095
152134
152146
152152
107670
152151
152166
152191
152212
152259
152279
152277
152310
152340
152353
152359
152373
152413
152466
152493
152538
152554
152574
