6
14
16
23
27
34
41
54
58
55
63
70
63
87
90
102
105
107
115
122
127
128
127
140
143
150
153
154
157
166
185
191
195
227
233
239
249
253
257
261
263
271
279
281
286
279
327
348
366
377
378
375
383
385
390
398
408
409
427
433
439
475
480
491
494
498
503
504
507
516
521
543
544
543
556
555
558
561
584
587
590
610
651
660
669
674
675
695
696
711
710
727
729
738
741
753
775
781
786
702
813
816
813
833
838
852
866
882
889
903
923
956
955
959
960
969
988
1014
1097
1125
1176
1199
1218
1231
1253
1260
1263
1260
1284
1289
1300
1315
1327
1339
1354
1355
1396
1398
1401
1410
1427
1482
1484
1497
1515
1519
1523
1527
1525
1526
1554
1563
1565
1563
1575
1578
1579
1583
1588
1596
1616
1634
1659
1684
1688
1689
1694
1697
1698
1722
1729
1728
1731
1734
1745
1746
1766
1783
1799
1804
1811
1812
1815
1822
1830
1824
1833
1853
1870
1875
1881
1900
1886
1917
1920
1923
1928
1940
1941
1954
1958
1960
1974
1977
1979
1983
1987
1984
2000
2007
2014
2040
2044
2066
2070
2079
2103
2049
2046
2110
2112
2137
2145
2150
2148
2167
2187
2193
2202
2205
2212
151
2214
2217
2221
2228
2226
2240
2246
2251
2257
2263
105
2265
2269
2271
2267
2265
2280
2286
2298
2340
2347
2367
2386
2392
2400
2413
2415
2418
2226
2438
2465
2478
2483
2484
2490
2504
2513
2511
2528
2532
2544
2557
2563
2575
2580
2585
2608
2630
2627
2639
2710
2718
2723
2733
2735
2733
2745
2757
2772
2801
2797
2812
2817
2836
2849
2885
2937
2939
2944
2933
2976
2992
2999
3029
3031
3034
3058
3059
3068
3078
3114
3122
3143
3166
3206
3226
3230
3250
3251
3250
3263
3273
3300
3313
3315
2052
3354
3359
3335
3365
3379
3373
3399
3397
3402
3423
3424
3444
3445
3452
3456
3463
3473
3482
3486
3491
3507
3520
3527
3538
3540
3557
3572
3580
3590
3601
3613
3619
3626
3632
3641
3683
3682
3701
3702
3707
3711
3719
3729
3731
3758
3770
3780
401
3788
3793
3795
3802
3806
3807
3815
3821
3824
3854
3857
3882
3883
3882
3885
3889
3887
3897
3924
3926
3950
3949
3967
475
3990
3995
4000
4017
4020
4029
4037
4041
4053
4063
4081
4099
4108
4115
4116
4136
4137
4149
4164
4181
4182
4183
4182
4185
4205
4214
4216
4223
4225
4242
4255
4260
4283
4287
4304
4292
4312
4313
4316
4342
4346
4344
4350
4353
4354
4358
4362
4367
4368
4386
4387
4394
4386
4397
4414
4430
4431
4450
4457
4469
4492
4497
4498
4497
4503
4508
4521
4523
4538
4548
4560
4577
4596
4629
4641
4646
4672
4706
4707
4712
4716
4718
4726
4736
4761
4768
4778
4782
4792
4802
4829
4831
4843
4886
4889
4902
4907
4822
4922
4936
4985
4988
4990
4997
4991
5010
5023
5033
5038
5063
5069
5071
5091
5079
5106
5132
5142
5152
5185
5186
5185
5220
5227
5229
5230
5256
5258
5271
5278
5310
5313
5329
5331
5337
5338
5354
5355
5359
5366
5426
5434
5449
5442
5473
5493
5494
5498
5521
5526
5523
5538
5547
5548
5556
5559
5574
5566
5583
5591
5597
5610
5611
5619
5626
5629
5637
5638
5647
5650
5667
5682
5701
5705
5731
5746
5769
5770
5772
5786
5809
5844
5852
5871
5891
5927
5931
5933
5934
5937
5960
5977
5981
5983
5988
6003
6045
6052
6053
6068
6083
6087
6096
6105
1279
6116
6125
6134
6141
6143
6147
6158
6152
6174
6206
6229
6240
6244
6261
6264
6268
6275
6279
6291
6314
6312
6320
6328
6335
6344
6359
6363
6369
6382
6401
6407
6409
6417
6429
6431
6433
6442
6444
6438
6449
6442
6450
6500
6507
3382
6509
3382
6542
6565
6561
6580
1581
6598
6629
6645
6650
6665
6674
6670
6677
6683
6696
6704
6711
6735
6761
6762
6771
6786
6791
6806
6810
6830
6834
6840
6871
6878
6889
6899
6908
6909
6914
6918
6941
6942
6965
6969
6989
7009
7024
7034
7074
7111
7118
7123
7155
7164
7167
7175
7214
7261
6852
7290
7295
7320
7329
7374
7384
7388
7380
7392
7393
7392
7401
1728
7410
7432
7453
7476
7478
7487
7499
7508
7509
7515
7545
7537
7548
7579
7583
7592
7590
7619
7644
7667
7673
7675
7686
7700
7699
7707
7711
7719
7722
7726
7739
7747
4205
7750
7763
7774
7776
7786
7796
7799
7803
7813
7840
7860
7897
1811
7910
7919
7925
7944
7951
7964
7999
8005
8031
8041
8048
8057
8081
8097
8111
8121
8135
8142
8137
8181
8191
8195
8194
8191
8213
8220
8226
1974
1975
8229
8242
8266
1982
8270
8280
8285
8281
8313
8371
8390
8397
8405
8428
8437
8442
8448
8452
8461
8464
8463
8468
8480
8478
8481
8524
8534
8537
8545
8549
8559
8564
8571
8586
8582
8594
8606
8618
8696
8720
8750
8751
8790
8797
8801
8818
8849
8847
8864
8871
8873
8909
8936
8954
8976
8954
8979
8985
9011
9040
9046
9049
9071
9011
9138
9164
9165
2469
9171
9195
9202
9208
9223
9233
9248
9255
9275
9286
9308
9321
9333
9344
9342
9346
9360
9362
9373
9381
9395
9415
9416
9429
9431
9450
9462
9486
9513
9525
9545
9568
9594
368
9603
9614
9615
9632
9644
9628
9645
9658
9665
9690
9692
9709
9720
9731
9738
9742
9756
9759
9794
9792
9797
9813
9824
9819
9840
9851
9873
9885
9891
9906
9924
9929
9931
9945
9949
2801
9958
9956
9960
9969
9982
9987
9991
9997
2992
2999
10008
10011
10022
10038
10039
10048
10046
10050
9982
10053
10070
10095
10109
10105
10118
10120
2864
10128
10140
10150
10160
10161
10166
10167
9992
9991
10173
10196
10200
10209
10230
10244
10251
10241
10265
10271
10274
10281
10290
10306
10313
10311
10350
10401
10408
10409
10410
10424
10435
10441
10408
10449
10475
10485
10396
10490
10494
10496
10511
10521
10538
10551
10565
10585
10588
10595
10600
10644
10748
10783
10785
322
10799
10798
10808
10785
10828
10834
10841
10864
10922
10942
10961
10968
10977
10978
10991
10988
10994
11004
11027
11047
11064
11072
11069
11075
11099
11108
11144
11146
11157
11188
11201
11210
11220
11243
2723
11306
11315
11321
11333
11366
11376
11382
11402
11408
11417
11416
11422
11425
11445
11480
11492
11494
11525
11535
11552
11560
11562
11567
11562
11611
11615
11628
11670
11667
11693
11732
11709
11736
11741
11742
11777
11850
11861
11867
11875
11900
11896
11492
11906
11948
12011
12014
12037
12039
12050
12058
12067
12070
12087
12097
12034
12108
12128
12121
12140
12166
12175
12176
12183
12186
12192
12224
12229
12248
12275
12274
12278
12279
12290
12294
12299
12286
12287
12295
12286
12287
12303
12311
12315
12321
12372
12380
12426
12434
3729
3731
12438
12476
12483
12501
12519
12525
12551
12557
12591
12588
12608
12624
12442
12617
12633
6046
12651
12712
12722
12743
12751
12768
12773
12774
12778
12784
12789
12792
12798
12801
12805
12830
12848
12846
12857
12859
12878
12890
12896
12905
12914
12923
12927
3856
12932
12962
12986
12990
12999
13005
13013
13014
13019
13020
13022
13037
13049
13067
13096
13112
13116
13125
13138
13142
13152
13158
13162
13164
13172
13182
13197
13202
13226
13241
13253
13263
13275
13278
13287
13303
13323
13326
13328
13349
13370
13372
13390
13401
13411
13418
13437
13500
13502
13535
13579
13586
13590
13591
13605
13610
13618
13620
13631
13640
13638
13657
13659
13663
13691
13689
13700
4037
13719
13743
13752
13829
13852
13856
13852
13040
13865
13866
13886
13901
13927
13956
13961
13964
13976
13989
13991
13992
13977
14012
14019
14043
14048
14058
14067
14070
14074
3834
14067
14082
14095
14112
14120
14127
14130
14143
14139
14171
14169
14173
14184
14193
14208
6269
14228
14227
14240
14264
14265
14290
14302
14319
14329
14334
14336
14342
14352
14376
14383
14412
14434
14440
14451
14457
14462
14474
14476
14504
14518
14528
14553
14554
14553
14562
14567
14588
14629
14643
14601
7722
14685
14694
14698
14694
14711
14718
14721
14724
14728
14732
14741
14747
14748
14753
14758
14762
14724
14752
14724
14769
14798
14796
14804
14814
14825
14772
14845
14874
14889
1729
14903
14907
14912
14916
14922
14929
14960
14963
14973
14976
14986
15012
15018
15013
15029
15042
15063
15068
15078
15080
15095
15099
15110
15112
15117
15128
15147
15157
15167
15196
15243
15302
15328
15331
15357
15370
15375
15379
15381
15383
15399
15390
15410
15415
15459
15473
15474
15492
15494
15492
15552
15564
15570
15571
15607
15626
15645
15677
15680
15699
15712
15726
15743
4641
15753
15764
15800
15814
15816
15872
15873
15876
15887
15968
15967
15999
16007
16014
16027
16034
16043
16047
16056
16067
16071
16076
16077
16079
16083
16086
16098
16101
16112
16125
16128
16134
16150
16163
16172
16169
16177
16183
16191
16205
16212
16216
16237
16265
16272
4902
16279
16284
16287
16302
16314
16317
16330
16387
16383
16406
16422
16445
16475
16482
16520
4990
16522
16530
16535
16538
16544
16552
16562
16573
16591
16594
16622
16623
16626
16629
16640
16656
16708
16716
16746
16760
16761
16765
16766
16768
16806
16828
16852
16864
16841
16855
16841
16869
16874
16877
16914
16923
16929
16967
16974
16982
16989
16991
16981
16998
17005
17026
17022
17048
17052
17055
17067
17076
17105
17111
5272
17115
17144
17151
17159
5286
17166
17168
17166
17174
17196
17198
17196
17223
17224
17234
17238
17250
17266
17273
17269
17289
17293
17278
17303
17309
17316
17330
17347
17379
17396
17398
17406
17458
17466
17483
17489
17502
17508
17505
17514
17511
17520
17525
17532
17545
17553
17558
17562
16981
16991
17565
17577
17598
17615
17654
17675
17683
17718
17722
17734
17732
17736
17754
17763
17777
17786
17787
17800
17810
17815
17817
17820
17833
17861
17874
17925
17933
17977
17988
18005
18006
18026
18030
5961
18043
18048
18065
18069
18075
18085
18089
18090
18092
18107
18112
18116
18125
18133
18136
18148
18167
18210
6053
18229
18248
18284
18300
18343
18350
18354
6118
18369
18371
18385
18409
18414
18422
18423
18400
18420
18471
18481
18488
6275
18498
18504
18531
18528
18540
18554
18561
18574
18577
18579
18576
18624
18601
14986
18641
18653
18662
18666
18678
18681
18682
18699
18704
18708
18724
18743
18761
18756
18753
18766
18768
18766
18776
18784
18798
18811
18816
18830
18844
18846
18849
18879
18887
18912
18913
18922
18936
18944
18949
18969
18986
18992
19001
18999
19019
19029
19032
19075
19091
19075
19095
19110
19145
19164
1518
19177
19199
19219
19232
19235
19265
19280
19283
19284
19292
19316
19320
19321
19325
19344
19356
19357
19356
19372
7225
19383
19392
19405
19419
19425
19418
19430
19437
19442
19462
19466
19484
19485
19488
19494
19514
19517
19549
19553
19555
19551
19514
19553
19573
19579
19608
19615
19622
19620
19626
19629
19630
19635
19639
19657
19658
19663
19678
19701
19723
19731
19733
19731
19735
19747
19752
19761
19780
19782
19795
19780
19811
19816
19821
19840
19843
19844
19900
19907
19913
19914
19920
19924
19929
19940
19943
19957
19964
20003
20009
20049
20075
20106
20123
20135
20107
20130
20145
20160
20189
20196
20217
20221
20231
20232
20253
20252
20264
20272
20298
20339
20369
20397
20414
20441
20445
20447
20457
20475
20461
20481
20510
20525
20586
20592
20628
20633
20636
20652
20669
20681
20687
20697
20702
20708
20709
20723
20736
20740
20753
20760
20789
20796
20800
20823
20838
20849
20889
20925
20934
20840
20940
20970
21011
18167
21027
21032
21062
21063
21068
21062
21073
21078
7261
21085
21090
21094
21121
21123
21141
21155
21159
21172
21213
21218
21225
21237
21249
21276
21277
21286
21289
21296
21303
21304
21313
21331
21337
21331
21348
21360
21386
21410
21416
21410
21433
21486
21508
21512
21486
21525
21530
21542
21587
21585
21591
21606
21611
21623
21624
21633
21634
21638
21633
21647
21648
21660
21708
7432
21731
21734
21738
21782
21783
21785
21794
21817
21831
21843
21863
21870
21912
21917
21934
21944
22031
22044
22042
22059
22106
22101
22167
22183
22203
22226
22224
22242
22248
22260
22278
22295
9742
22298
22308
22325
22363
22367
22423
22452
22454
22459
22490
22497
22515
22519
8789
22572
22607
22632
22647
22653
22668
9126
22672
22674
22704
22794
22864
22874
22887
22898
22945
22947
22956
23005
8987
8985
23020
23051
23062
23068
23097
23124
23127
23145
23148
23151
23157
23160
23169
23191
23193
23204
23228
23247
23256
23277
23307
23363
23364
23366
23370
1996
23385
23411
23423
23437
23456
23400
23463
23468
23475
23493
23525
23531
23536
23547
23552
23555
23550
23553
23559
23570
23586
23597
23663
23667
23693
23692
23698
23717
3407
23729
23738
23742
23763
23755
23783
23782
23789
23787
23802
23810
23819
9865
23823
23832
9916
23841
23849
23859
23871
23882
23891
23895
23903
23917
23937
23940
23952
23981
23976
23991
24012
24015
24047
24054
24057
24068
24070
24077
24079
24105
24108
24111
24105
24108
24150
24126
24159
24164
24176
24177
10262
24182
24211
24215
24211
24236
24243
24249
10246
24268
24270
24272
24287
24293
24296
24309
24285
24287
24307
24324
24342
24351
24363
24368
24374
24389
24401
24402
24423
24247
24248
24429
24435
24449
24477
24486
24492
24503
24505
24513
24528
24533
24529
24549
24563
24583
24598
24615
24654
24675
24687
24716
24730
24777
24780
24814
24834
24836
24883
24888
24932
24931
24933
24943
24950
24952
24981
25020
25037
25062
25058
25073
25084
25085
25161
25173
25194
25197
25211
25230
25233
25256
25263
25300
25308
25313
25317
25314
25327
25338
25341
22221
25344
25349
25362
25382
25397
25407
25412
25422
25427
25434
25454
9952
25478
25522
25530
25542
25545
25553
25586
25605
25614
25617
25635
25649
25661
25682
25701
25707
25778
25835
25807
25846
25881
25883
25881
25895
25899
25943
25954
25961
11676
25968
25980
25988
25995
26008
20753
26018
26039
26040
26060
26067
26080
26078
26081
26110
26180
26200
26202
26232
26241
26232
26246
26273
26296
26309
26361
26377
26361
26386
26407
26440
26450
26452
26464
26477
26481
26504
26520
26538
26554
26575
26577
26588
26600
26620
26621
26620
26624
26632
26646
26658
26682
26697
26720
26721
26730
26675
26735
26751
26735
26752
26828
26827
26829
26844
26849
26854
26880
26895
26898
26967
27032
27081
27089
27144
27145
27144
27210
27215
27290
27354
27359
27384
27444
27449
27465
27483
27490
27509
27510
27518
27529
27542
27555
27557
27573
27643
27656
27665
27670
27692
27706
27738
27752
27758
27800
27805
27810
27816
27827
27829
27837
27846
27858
27903
27912
27920
27933
27962
27967
27996
28010
28025
464
28031
28034
28041
28053
28081
28084
28096
28152
28161
28148
28179
28217
28220
28152
28224
28227
28247
28261
28317
28333
28352
26998
28368
28372
28386
28061
28411
28415
28422
28460
28462
28471
28475
28485
28504
28516
28542
28562
28568
28588
28591
28602
28617
28624
28632
28647
28655
28658
28665
28668
28694
3877
28759
28790
28791
28799
13263
28808
28815
28829
28830
28857
28848
28865
28872
28875
28901
28903
28911
28923
28926
28939
3950
28938
28949
28970
28979
28995
29000
29009
29028
29031
29043
29055
29069
29122
29176
29172
29181
29229
29236
29240
29236
29270
29306
29315
29324
29357
29360
29394
29397
29405
29429
29432
29437
29443
29479
29487
29515
29525
29542
29544
29547
29571
29577
13636
29580
29597
29610
29616
29628
29656
29661
29663
29664
29677
29688
29720
29729
29740
29744
29748
29753
29751
29757
29755
29766
29771
29805
29814
29843
29841
29901
29919
29934
29938
29934
29943
29965
29979
30006
30039
13663
30051
30078
30081
30085
30112
14195
30125
30140
30186
30195
30197
30221
30220
30230
30246
30266
30277
30293
30300
30301
30316
30329
30344
30355
30388
30395
30416
30427
30453
30457
30469
30481
30492
30504
30457
30530
30562
30566
30585
30598
30606
30612
30617
30639
30645
30650
30662
30660
30678
30692
30675
30698
30703
30723
30741
30761
30811
30813
30836
30889
30897
30902
30903
30906
30918
30921
30935
30969
31004
31016
31022
31040
31073
31107
31124
31136
31140
31143
31155
21340
31164
31184
31188
31206
31215
31218
31239
31263
31285
31300
31302
31313
31326
31337
31353
31354
31375
31402
31406
31421
31506
31530
31545
31560
31561
31560
31566
31575
31590
31587
31602
4313
31618
31616
31623
31625
31641
31660
31669
31673
31711
491
31730
31732
31742
31748
31751
31761
31781
31819
31879
31882
31881
31892
31897
31908
31913
31926
31999
32026
32034
32039
32049
32082
32091
32156
32166
32167
32166
32203
32206
32232
32260
32300
32303
32316
32324
32326
32324
32339
32340
32345
32354
32366
32375
32391
32396
32418
32424
32442
32468
32464
32475
32487
16121
4829
32489
32495
32504
32526
32535
32548
32569
32570
32574
28874
32575
32582
32583
32597
32601
32602
32625
32657
32736
32763
32780
32810
32819
32828
32855
32858
32886
32899
32898
32916
32920
32954
32976
32984
32991
33048
33087
33113
33117
33127
33141
33164
33169
33183
16150
33206
33205
33239
33245
33256
33265
33294
33338
33300
33302
33348
33350
33348
13134
33363
33381
33401
33418
33426
33432
33454
33458
33454
33467
33472
33492
33500
33502
33521
33533
33529
33538
33546
33554
33558
33561
33571
33619
33616
33631
33652
33677
33683
33690
33695
33738
33751
33753
33764
33800
33804
33820
33837
33841
16522
33883
33889
33924
33936
33957
33968
33971
33981
33982
34000
34002
34016
34014
34034
34038
34086
34100
34102
34116
34162
34167
34173
34198
34218
34226
34248
34264
34265
34282
34248
34290
34326
34346
34341
34350
34367
34375
34379
34398
34408
34416
34430
34431
34454
34464
34476
34496
34506
34503
34509
34517
34527
34558
34587
34589
34628
34643
34667
34692
34697
34707
34751
34754
34772
34786
34797
34799
34807
34812
34829
34841
34863
15819
15816
34866
34871
34880
34884
34888
34895
34908
34882
34916
34947
34955
34967
34985
35004
35025
35046
35051
35060
35064
35076
35093
35096
35095
35097
35139
35153
35161
35202
35213
35218
29302
35192
29302
35271
35312
35313
35329
35337
35340
35359
35368
35378
35379
35396
35400
35418
35433
35441
35443
35445
35459
35469
35478
35484
35489
35484
35497
35509
35469
35525
35530
35536
17351
35606
35612
35622
35628
35633
35639
35651
35655
35670
35681
35699
35720
35754
35762
35781
35820
35838
35845
35863
35870
35878
35899
35914
35920
36004
36054
36069
36087
36089
36087
36105
18681
18682
36114
36121
36126
36138
36158
36171
36178
36201
10150
36237
36257
36279
36282
36285
36291
36311
6474
36327
36335
36398
36426
36476
36497
19032
36503
36566
36574
36615
36649
36679
36687
36707
36708
36720
36717
36735
36737
36755
36765
36774
36777
36800
36822
36851
36933
36957
19615
36999
37034
37038
37052
37053
19664
37062
20264
37067
37084
37134
37137
37139
37140
37142
19776
37150
37166
19814
37170
37223
37232
37278
37287
37290
37311
37315
6937
37359
37364
37367
37382
37401
37403
37408
37482
37519
37560
37565
37584
37593
37675
37690
37695
37708
37712
37730
37735
37795
37798
37806
37828
7106
37835
37834
37872
37874
37917
37931
37937
37931
37952
37956
37965
37974
37989
37991
38026
38037
21094
38046
38052
38060
38064
38078
38092
38096
38098
38106
37948
38138
20800
38147
38175
38192
38213
38239
38256
38259
38273
38274
38286
38324
38360
38364
38370
38376
38395
38400
21289
38407
38411
38425
38452
29543
38515
38518
38515
38545
38556
38582
31575
38586
38589
38593
38613
38637
38667
38688
38694
38698
38697
38710
38713
38727
38813
38818
38825
21525
38832
38842
38864
38872
38900
38925
21583
38911
21583
38931
38948
38946
38963
38973
39011
39020
7499
39045
39054
39061
39065
21271
39069
39083
39092
39090
39118
39123
39128
39163
39180
39195
39196
39231
39259
39264
39280
39308
39304
39311
39315
39335
39336
39334
39339
39347
39351
39355
39362
39371
39351
39390
39404
39434
39427
39441
39453
39498
39515
39512
39518
39519
39530
39534
39572
39579
39599
39600
39608
39613
39638
39636
24487
39666
39675
39690
39708
39710
39720
39725
39734
39761
39781
39790
39792
39795
39816
39833
39874
39890
39891
39947
39949
39945
39964
24943
39957
39970
40010
40013
40016
40054
40066
40095
40097
40104
40110
40125
40198
40200
40204
40272
40275
40277
40275
40314
40330
40275
40373
40426
40433
40443
40420
40470
40475
40511
40520
40525
40532
40552
40558
40568
40576
40605
40609
40617
40622
17275
40686
40706
40736
40749
40799
40812
40814
40812
40849
40814
40854
40889
40896
40899
40914
29197
40931
40938
40948
40959
40971
40999
41018
41078
27573
41077
41089
41096
41110
41112
41117
41121
41132
41160
41145
41164
41166
41188
41218
41219
41249
41252
41254
41267
41280
41286
41289
41298
41304
41338
41381
41399
41402
41409
41430
41441
41473
41481
41498
41540
41573
41579
41607
41650
28372
41679
41682
41686
41710
41717
41725
41730
41779
41793
41894
41898
41901
41902
41910
41918
41925
41957
41992
41993
41992
42005
42038
42105
42140
42154
42170
42154
42203
42205
42226
42227
42248
42260
42277
42311
42342
42401
42455
13642
42459
42469
42471
42497
42528
42537
42544
42582
42591
42605
42620
42624
42639
42645
42646
42656
29748
42653
42663
42665
42673
42678
42684
42700
42714
42700
42766
42769
42785
42797
42830
42876
30612
42856
42855
42889
42897
42923
42920
42934
42952
42982
42978
42986
42989
42986
42999
43005
43016
43019
43031
43040
43054
43056
43068
43069
43098
43122
43134
43166
43175
43190
43191
43195
43222
43253
43248
43251
43295
43296
43297
43314
43357
43358
43406
43430
43435
43462
43475
43530
43557
43575
43585
43598
43648
43647
43653
43669
43679
43707
43739
43796
43839
43846
43932
43945
43986
43992
44113
44122
44127
44142
44153
44174
44192
44204
44211
44244
44247
44278
44279
44283
44286
44291
44320
44359
44390
44435
44439
44580
32569
44595
44605
44609
44610
44611
44637
44638
44652
44678
44690
44701
44715
44739
33061
44748
44757
44788
44799
44820
44831
44838
44843
44870
44906
44912
33117
44908
44927
44939
44949
44954
44956
44970
45006
45032
45039
45044
45050
45054
45074
45077
45078
45083
45129
45136
45156
45159
45170
45198
45221
45240
45264
45270
45286
45284
45288
45290
45292
45294
45318
45386
45393
29893
45426
45460
45466
45529
45581
19609
45578
45606
45614
45638
45633
45636
45683
45700
32759
45707
45732
45787
45807
45833
45834
45837
45854
45855
45864
45878
45888
45908
45920
45932
45938
45964
45974
45991
46004
46006
46022
5235
46032
46006
46071
46080
46126
46134
46161
46167
46173
46202
46223
46226
46232
46272
46331
46389
46404
46407
46414
46458
46460
17259
46458
46470
46494
46498
46503
46509
46498
46525
46578
46566
46588
46530
46626
46656
46670
36072
46704
46724
46730
46737
46741
46749
46758
46764
46776
46787
46807
46817
46824
46833
46842
46845
46856
46860
46883
46887
46892
46913
46916
46917
46938
46964
46979
46990
46994
46990
46997
47019
47031
47085
47091
47099
47097
47116
47138
47156
47180
47190
47196
47202
47224
47234
47265
47289
47311
47322
47341
47366
47373
47377
47387
47427
47436
47449
47489
47513
47526
37023
47534
47543
47552
47556
47568
47616
47633
47640
47665
47670
19843
19867
47687
47699
47708
47727
47728
47727
47772
47825
47876
47893
47898
47911
47931
47945
47957
47967
47982
47995
48000
47983
48052
48055
48086
38034
48092
21106
48108
48117
48122
38111
48125
48161
48192
48196
48234
37172
37170
48239
14332
48251
48257
48274
48292
48297
48317
48316
48342
48356
48371
48380
48378
48391
48401
48417
48449
48461
48466
48471
48480
48484
48473
48498
48512
48508
25300
48514
48521
48530
48532
48530
48537
48543
48557
48567
48571
48580
48584
48588
48594
39313
48591
48621
9186
48624
48638
48639
48656
48663
48676
48722
22929
48737
48742
48744
48742
48759
48791
2328
48811
39347
48818
48822
48827
48854
35312
48881
48899
48906
48912
48921
48977
49000
49032
49056
49064
49088
49056
49097
49114
49205
49216
49222
49232
49257
49258
49261
49266
49273
49283
49284
49304
11373
49312
49317
49331
49341
49349
49355
49364
49370
49371
25558
49374
49387
49368
49399
49407
49419
49446
49454
49518
49541
49544
49546
49548
49556
49434
49573
49585
49590
49599
49622
49628
49650
49678
49688
49696
49705
49712
49775
49776
49782
49806
49834
49895
49947
49953
49966
49983
49986
50011
50037
50088
50107
50108
50109
50108
50130
50199
50205
50229
50226
50235
50312
50322
50330
50388
50429
50435
50446
50442
50453
50451
50457
50464
50496
50514
50536
50550
50555
50567
50565
50577
50600
50604
50616
50633
28901
50672
50691
50733
50736
50740
50811
50835
50862
50864
50877
50885
50894
50942
50966
50981
50977
51011
51015
51021
51024
51026
51018
13638
51040
51051
50818
51058
51066
51074
29740
51084
51066
51125
51140
51177
51222
51225
51230
51245
51249
51284
51312
51377
51379
51396
51402
51420
13660
29754
29755
31751
51426
51436
51447
51572
51586
51658
51698
51721
51730
51732
15068
51742
51779
51806
51856
51860
51886
51891
51917
51946
51964
51998
52010
45288
52009
45074
52010
45074
52046
52076
52091
52098
52110
52069
52136
52158
52182
52260
52275
52278
52371
52378
52403
52437
52455
52463
52515
52521
52525
52521
45689
52544
52545
52554
52555
52594
16544
52590
52629
52649
52662
52673
52683
52686
52703
52707
52712
52716
52730
52733
52734
52748
52851
52871
52899
52921
52928
52933
52970
53003
53034
53051
53066
53074
53090
53094
53095
53162
53171
53175
53180
53184
53201
53180
53205
53211
53224
53234
53252
53269
53280
53282
53311
53321
53325
53336
53345
53382
53397
48031
53435
53470
53487
53514
53531
53530
53595
53637
53676
53687
53690
53687
53730
53742
40114
53781
53802
53803
53812
53844
26537
53876
53922
53966
51066
53974
51082
53984
54025
54041
54090
54101
54116
54128
54147
54167
54170
54180
54200
54239
54243
54251
54261
54264
54270
54290
54293
54300
54307
54327
54332
54341
54350
54371
54379
54389
51944
54396
44956
54398
54401
54416
54420
54450
54477
54491
54528
54547
21592
21591
54611
54632
54644
54675
862
54698
54711
54714
54745
54750
54760
54765
54814
54836
54879
54916
55016
55037
55064
55151
53687
55158
55201
55209
55229
55257
55263
55299
55317
55324
55343
55361
55360
55438
55482
55509
55512
55521
55527
55550
55554
55557
55578
55593
55623
55629
55661
55665
55201
55709
55703
55714
55721
55749
55758
55764
55785
55791
55811
55814
53983
55815
55817
55815
55824
55838
55858
55865
55881
55887
55896
55901
55858
55904
55916
55923
55956
55975
56000
56003
