0
10
13
27
60
79
104
107
110
116
145
203
218
224
263
293
297
328
342
349
353
359
369
400
412
457
487
488
487
507
531
540
556
595
622
631
634
656
677
730
736
756
760
782
798
818
823
836
839
855
903
911
919
949
961
1000
1004
1069
1075
1098
1108
1121
1135
1146
1154
1163
1161
1185
1194
1197
1272
1312
1319
1347
1352
1355
1360
1373
1383
1388
1393
1360
1422
1441
1445
1485
1486
1521
1532
1538
1573
1620
1625
1670
1672
1682
1693
1699
1744
1750
1759
1807
1838
1846
1862
1875
1897
1924
1930
1936
2001
2021
2030
2035
2054
2072
2089
2098
2128
2134
2146
2149
2184
2208
2215
2259
2145
2293
2353
2389
2394
2414
2451
2488
2503
2526
2533
2544
2556
2563
2573
2577
2580
2599
2615
2620
2635
2648
2661
2563
2698
2701
2714
2725
2726
2733
2738
2746
2757
2813
2818
2837
2860
2859
2864
2867
2868
2812
2893
2914
2942
2950
3012
3015
3027
3041
3051
3087
3100
3104
3107
3122
3134
3150
3177
3182
3183
3214
3183
3223
3238
3246
3269
3271
3299
3309
3332
3340
3357
3362
3375
3373
3382
3407
3420
3431
3444
3465
3477
3507
3523
3540
3553
3567
3585
3600
3610
3659
3673
3698
3703
3716
3718
3741
3750
3761
3765
3793
3812
3822
3849
3852
3868
3878
3887
3893
3899
3914
3920
3927
3933
3934
3945
3949
3982
3993
3997
4002
4035
4056
4071
4094
4102
4111
4114
4119
4185
4191
4188
4210
4214
4216
4219
4225
4240
4247
4266
4278
4285
4308
4311
4327
4330
4332
4337
4335
4339
4346
4352
4353
4354
4360
4372
4386
4400
4402
4406
4427
4439
4440
4444
4461
4468
4487
4518
4559
4567
4568
4586
4608
4615
4617
4631
4647
4664
4666
4687
4696
4707
4716
4728
4741
4757
4770
4778
4788
4652
4800
4812
4817
4821
4843
4898
4907
4942
4950
4978
4994
5037
5066
5068
5101
5100
5117
5120
5127
5145
5146
5182
5188
5189
5202
5215
5216
5244
5255
5272
5313
5319
5324
5339
5341
5382
5393
5408
5432
5436
5468
5469
5481
5486
5500
5502
5507
5511
5535
5544
5549
5561
5579
5604
5609
5615
5626
5670
5687
5698
5699
5700
5716
5734
5749
5763
5769
5779
5782
5786
5808
5815
5831
5901
5904
5922
5945
3290
3288
5965
5995
6029
6042
6053
6055
6072
6078
6085
6096
6132
6153
6158
6167
6157
6169
6171
6192
6262
6264
6302
6303
6323
6330
6332
6333
6336
6338
6336
6341
6366
6374
6410
6412
6419
6425
6469
6485
6491
6518
6527
6573
6574
6573
6584
6599
6603
6629
6658
6664
6670
6680
6683
6691
6708
6710
6747
6768
6791
6711
6799
6834
6840
6844
6856
6891
6949
6970
6891
6979
6988
7001
7004
7017
7036
7038
7058
7061
7094
7095
7098
7125
7137
7174
7176
7225
7228
7241
7253
7275
7289
7295
7311
7268
7340
7342
7361
7388
7394
7420
7449
7455
7472
7481
7486
7503
7519
7553
7561
7560
7567
7574
7595
7610
7642
7649
7663
7697
7699
7727
7756
7759
7769
7775
7786
7791
7793
7800
7821
7828
7865
7894
7932
7934
7932
7947
7976
7977
8050
8062
8107
8118
8131
8135
8140
8180
8200
8211
8220
8278
8285
8292
8298
8308
8313
8357
8359
8362
8372
8402
8434
8476
8485
8491
8500
8458
8534
8542
8546
8547
8553
8558
8559
8586
8592
8599
8603
8605
8607
8612
8613
8640
8658
8667
8697
8729
8749
8750
8749
8751
8767
8772
8786
8816
8814
8824
8912
8924
8922
8933
8948
8973
8982
9000
9014
9021
9034
8969
9067
9075
9081
9106
9134
9179
9205
9209
9246
9247
9261
9273
9291
9305
9316
9317
9319
9342
9401
9414
9427
9484
9489
9494
9503
9507
9522
9404
9516
9557
9579
9582
9596
9607
9611
9624
9669
9712
9777
9806
9809
9820
9891
9908
9906
9950
9955
9959
9984
10019
10022
10034
10047
10057
10059
10087
10095
10109
10114
10145
10152
10161
10192
10196
10207
10210
10324
10330
10337
10343
10358
10438
10444
10466
10467
10479
10484
10529
10555
10563
10577
10599
10634
10664
10672
10720
8651
10726
10758
10778
10802
10803
10825
10824
10830
10837
10846
10909
10919
10924
10937
10967
10890
10974
10986
11000
11001
11016
11019
11025
11038
11087
11107
11121
11139
8933
11156
11166
11184
11185
11188
11251
11348
11365
11398
11375
11406
11425
11496
11510
11516
8835
11519
11522
11532
11536
11547
11564
11569
11583
11605
11615
11632
11646
11654
11665
11667
11678
11680
11720
11746
11751
11756
11764
11768
11774
11783
11819
11827
11836
11859
11864
11865
11867
11865
11902
11909
11930
11996
12012
12074
12094
12102
12109
265
12118
12144
12172
12184
12187
12191
12194
12230
12229
12245
12256
12270
12287
12337
12340
12352
12361
12379
12381
12391
12396
12247
12397
12416
12419
12437
12463
12478
12485
12487
12516
12527
12528
12544
12555
12612
12630
12632
12630
12633
12639
12650
12652
12679
12682
12699
12710
12741
12749
12785
12849
12867
12873
12893
12894
12964
13000
13032
13040
13044
13093
13102
13157
13164
13199
13234
13246
13265
13278
13285
11828
13292
13294
13312
13321
13325
13328
13336
13347
13363
13381
13392
13403
13401
13406
13461
13477
13530
13536
13461
13548
13556
13571
13587
13592
13654
13656
13660
13663
3867
13685
13688
13691
13702
13745
13785
13795
13798
13810
13843
13848
13861
13864
13887
13890
13899
13903
13923
13940
13944
13945
13947
13973
13989
14007
14018
14039
14054
14055
14075
14085
14086
14085
14090
14100
14172
14174
14180
14219
14230
14237
14238
14240
14248
14257
14268
14280
14288
14294
14296
14299
14308
14359
14361
14373
14377
14379
14384
14383
14397
14401
14415
14447
14446
14449
14472
14487
14516
14521
14527
14475
14526
14551
14571
14626
14644
14655
14649
14670
14678
14682
14685
14694
14713
14712
14715
14724
14736
14768
14784
14808
14810
14812
14829
14839
14864
14863
14877
14670
14890
14946
14982
14985
15001
15013
15021
15024
15032
15031
15051
15054
15060
15071
15107
15123
15128
15133
15170
15182
15219
15233
15250
15253
15256
15283
15284
15306
15308
15309
15320
15322
15352
15399
15410
15413
15423
15426
15447
15450
15387
15474
15496
15502
15516
15519
15525
15534
15548
15549
15552
15594
15602
15609
15617
15644
15649
15674
15714
15718
15729
15738
15793
15858
15873
15882
15903
15927
15930
15934
15951
15969
15988
16002
16034
16040
16048
16067
16113
16122
16168
16185
16197
16229
16289
16291
16303
16324
16326
16327
16339
16346
16372
16401
16408
16144
16420
16468
16472
16480
2872
16571
16583
16602
16638
16639
16656
16657
16662
16687
16696
16712
16718
16733
16739
16805
16807
16838
16851
16867
16878
16902
16906
16913
16944
16966
16968
16995
17000
16999
17028
17039
17090
17096
17101
17103
17119
17126
17183
17204
17217
17231
17233
17240
17254
17264
17285
17298
17304
17226
17344
17369
17386
17428
17441
17447
17453
17457
17471
17501
17499
17511
17515
17520
17525
17535
17589
17641
17645
17647
17653
17697
17715
17718
17233
17471
17736
17767
17769
17786
17789
17796
17802
17804
17810
17817
17845
17851
17856
17900
17921
17928
17973
17986
18008
18021
18042
18047
18051
18064
16541
18092
18098
18122
18146
18182
18188
18212
18233
18235
18261
18274
18281
18291
18315
18341
18358
18389
18366
18392
18403
18406
18409
18413
18430
18445
18469
18505
18509
18507
18517
18536
18542
18548
18549
18555
18557
18572
18575
18586
18587
18598
18610
18614
18635
18656
18658
18657
18716
18726
18736
18762
18772
18787
18795
18805
18804
18811
18845
18884
18922
18940
18943
18969
18972
18982
18994
19015
18982
19054
19064
19076
19094
19133
19142
19147
19169
19178
19188
19191
19194
19201
19205
19216
19215
19220
19247
19248
19260
19279
19289
19300
19304
19317
19325
19335
19379
19392
19400
19404
19442
19449
19452
19459
19465
19481
19523
19525
19538
19547
19562
19575
19578
19300
19582
19586
19591
19603
19644
19659
19663
19665
19673
19637
19688
19697
19720
19728
19733
19738
19763
19767
19781
19804
19813
19823
19828
19619
19838
19845
19864
19880
19884
19915
19920
19940
19959
19992
20004
20035
20054
20058
20075
20086
20090
20095
20097
20126
20164
20172
20176
20193
20219
20220
20237
20235
20241
20248
20257
20278
20313
20333
20343
20347
20352
20389
20393
20404
20414
20425
20459
20468
20476
20491
20495
20494
20500
20517
20532
20539
20605
20623
20650
20658
20670
20687
20709
20794
20816
20829
20833
20845
20870
20902
20933
20959
20965
20989
21008
21055
21069
21078
21138
21143
21144
21172
21182
21185
21191
21230
21236
21243
21250
21259
21289
21297
21323
21324
21326
21338
21347
21354
21372
21373
21372
21383
21442
21454
21462
21467
21487
21490
21492
21496
21499
21504
21514
21521
21524
21552
21593
21598
21600
21623
21635
21654
21680
21687
21693
21706
21721
21684
21751
21758
21768
21777
21785
21805
21839
21852
21865
21901
21919
21936
21950
22010
22014
22022
22051
22059
22064
22091
22099
22101
22105
22110
22120
22121
22130
22141
22145
22149
22184
22213
22230
22238
22245
22251
22271
22272
22291
22313
22320
22336
22342
22354
22378
22380
22391
22403
22430
22432
22441
22493
22498
22178
22502
22516
22515
22521
22530
22538
22546
22576
22598
22599
22617
22707
22714
22727
22762
22764
22782
22790
22802
22816
22827
22829
22827
22838
22842
22846
22852
22855
22873
22885
22927
22953
22955
22988
22990
22995
23009
23026
23044
23048
23061
23066
23139
23156
23158
23196
23224
23247
23259
23260
23274
23277
23301
23315
23333
23331
23341
23361
23374
23375
23374
23394
23418
23428
23441
23486
23507
23508
23513
23541
23544
23557
23578
23621
23672
23785
23816
23838
23851
23865
23872
23891
23911
23919
23936
23989
24023
24027
24040
24084
24100
24134
24156
24231
24304
24313
24332
24334
24370
24371
24378
24407
24422
24427
24430
24433
24438
24430
24443
24449
24469
24489
24494
24518
24544
24557
24561
24590
24599
24597
24635
24652
24666
24673
24748
24777
24797
24823
24857
24885
24904
24947
24996
25015
25053
25085
25089
25124
25143
25179
25198
25214
25220
25245
25273
25308
25321
25352
25296
25353
25396
25415
25422
25429
25440
25435
25443
25456
25459
25475
25483
25501
25504
25512
25517
25575
25579
25512
25587
25590
25616
25628
25676
25677
25704
25710
25722
25726
25732
25769
25771
25776
25790
25814
25817
25826
25845
25867
25885
25890
25927
25940
25944
25965
25966
25974
25979
25984
26000
26038
26061
26086
26108
26138
26142
26233
26246
26251
26250
26263
6729
26276
26280
26288
26303
26310
26315
26321
26325
26361
26376
26392
26393
26396
26407
26463
26465
26470
26556
26566
26605
26606
26627
26656
26659
26663
26694
26707
26706
26712
26721
26756
26764
26772
26803
26819
26822
26828
26867
26885
26901
26910
26916
26924
26926
26931
26948
27034
27042
27058
27060
27111
27116
27117
27123
27158
27161
27181
27187
27198
27201
27253
27266
27268
27271
27274
27291
27299
27321
27327
27328
27346
27350
27399
27418
27433
27439
27443
27399
27464
27473
27477
27483
27499
27522
27567
27594
27606
27618
27633
27639
27647
27651
27738
27760
27765
27769
27776
27781
27783
27831
27868
27885
27890
27909
27926
27972
27984
28026
28029
28052
28151
28157
28208
28224
28227
28235
28260
28276
28288
28294
28323
28347
28394
28442
28478
28507
28525
28524
28589
28592
28593
28608
28622
28646
28658
28685
28698
28700
28708
28712
28715
28718
28719
28706
28726
28754
28759
28760
28759
28773
28777
28778
28789
28799
28806
28818
28840
28855
28903
28924
28881
28947
28799
28972
28975
28977
29020
29022
29029
29030
29034
29050
29070
29072
29070
29076
29124
29132
29163
29174
29175
28863
29194
29270
29198
29276
29294
29312
29330
29333
29334
29346
29371
29378
29382
29400
29406
29462
29493
29498
29518
29525
29527
29554
29600
29736
29752
29773
29794
29787
29808
29814
29818
29830
29837
29854
29879
29893
29936
29973
30001
30023
30046
30045
30063
30076
30088
30098
30105
30200
15175
15568
30228
30256
30300
30191
30310
30316
30338
30358
30379
30403
30425
30475
30490
30496
30505
30510
30568
30578
30588
30603
30622
30633
30669
30685
30694
30696
30714
30723
30737
30778
30785
30714
30835
30850
30765
30881
30890
30908
30950
30955
30983
30995
30998
31037
31078
31088
31116
31145
31156
31179
31184
31271
31270
31280
31284
430
31337
31351
31361
31381
16983
31386
31392
31475
31507
31584
31587
31601
31635
31648
31652
31662
31708
31714
31561
31744
31763
27669
31761
31772
31778
31793
31802
31823
31836
31841
31872
31888
31892
31915
31951
31872
31953
31958
32027
32030
32067
32102
32126
32172
32182
32195
32199
32237
32239
32277
32302
32312
32315
32339
32360
32367
32382
32387
32400
32405
32409
32416
32438
32462
32460
32481
31897
32484
32504
32511
32521
32560
32561
32585
32589
32597
32298
32640
32142
32675
32674
32686
32585
32694
32724
32744
32770
32778
32804
32833
32891
32908
32966
32965
32971
32986
32991
33006
33024
33038
33040
33047
33060
33066
33088
33122
33130
33140
33153
32498
33158
33171
33179
33182
33207
33224
33250
33257
33040
33267
33282
33292
33300
33313
33331
33364
33368
33387
33411
33420
33432
33435
33448
33455
33512
33525
33531
33562
33579
33615
33629
33641
33646
33659
33662
33675
33678
33688
33722
33723
33758
33792
33813
33823
33840
33877
33879
33914
33959
33975
33980
33975
34021
34026
34034
34040
34043
34044
34053
34064
34104
34109
34122
34157
34161
34170
34177
34180
34188
34205
34213
17171
34214
34223
34251
34273
34286
34304
34310
34320
34324
34337
34345
34356
34384
34397
34401
34420
34456
34505
34603
34608
34635
34673
34692
34700
34721
34727
34729
34761
34800
34810
34843
34844
34845
34847
34856
34861
34886
34897
34913
34935
34970
34977
35001
35013
35063
35064
35068
35081
35079
35136
35151
35182
35185
35198
35209
35258
35297
35343
35357
35408
35406
35413
35423
35458
35467
35480
35495
35505
35537
35546
35558
35614
35631
35644
35650
35686
35687
35712
35718
35725
35758
35773
35813
35824
35837
35839
35848
35850
35859
35888
35887
35890
35907
35924
35941
35954
35961
36020
36023
36018
36062
36074
36140
36157
36171
36196
36279
36183
36285
36306
36310
36329
36336
36354
36171
36368
36391
36395
36437
36483
36514
36515
36526
36530
36547
36567
36576
36617
36642
36703
36702
36729
36740
36744
36762
36774
36789
36814
21373
21372
36837
36908
36907
36929
36946
36978
36982
36984
36993
37012
37021
36729
37023
37076
37078
37083
37101
37103
37105
37118
37126
37128
37134
37140
37150
37166
37167
37209
37220
37279
37298
37303
37305
37321
37331
37337
37368
37382
37422
37434
37465
37509
37548
37572
2746
37580
37337
37582
37584
37620
37657
37660
37676
37715
37733
37763
37789
37829
37862
37906
37939
37959
37995
38005
38034
38078
38132
38159
38189
38233
38250
38277
38325
38331
38386
38390
38401
38404
38422
38459
38477
38511
38534
38558
38619
38659
38656
38711
38727
38759
38762
38766
38774
38803
38808
38853
38873
38880
38894
38895
38921
38948
38961
38970
38973
38991
39043
39058
39090
39120
39136
39147
39173
39231
39240
39243
39246
39282
39294
39353
39438
39512
39518
39644
39647
39680
39759
39816
39820
39821
39820
39879
39881
39951
39983
39996
40036
40042
40054
40057
40062
40069
40080
40097
40096
40115
40116
40129
40130
40167
40196
40197
40206
40212
40238
40236
40258
40293
40301
40336
40368
40336
40387
40408
40424
40494
40503
40543
40554
40402
40578
40582
40589
40591
40596
40623
40677
40689
40701
40723
40737
40752
40783
40788
40799
40803
40808
40810
40845
40848
40895
40905
40906
40909
40912
40919
40945
40959
41034
41040
41082
41110
41121
41147
41150
41194
41206
41233
41242
41305
41307
41321
41307
41392
41423
41459
41466
41495
41451
41510
41541
41553
41563
41580
41629
41634
41647
41656
41668
41678
41725
41724
41731
41736
41752
41758
41762
41767
41790
41842
41841
41846
41877
41880
41907
41916
41826
41880
41929
41874
41933
41934
41954
41970
41988
42022
42050
42072
42080
42084
42088
42109
42116
42131
42148
42159
42173
42174
42186
42209
42289
42297
42332
42336
42340
42337
42351
42371
42373
42386
42445
42448
42404
42456
42482
42500
42545
42554
42576
42580
42591
42606
42456
42654
42658
42678
42698
42715
42724
42798
42806
42809
42836
42837
42857
42867
42885
42897
42933
42942
42956
42684
42966
42982
42994
43053
43059
43062
43116
43120
43119
43141
43193
43196
43224
43203
43230
43293
17161
43298
43332
43335
43376
43387
43400
43404
43417
43416
43437
43444
43478
43491
43544
43565
43568
43565
43567
43581
43603
43606
43607
43606
43608
43645
43652
43741
43745
43748
43790
43802
43844
43865
43874
43934
43951
43952
43981
44004
44065
44092
44155
44157
44167
44192
44209
44223
44233
44250
44254
44269
44349
44363
44367
44379
44382
44430
44449
44461
44027
44506
44593
44595
44598
44604
44608
44625
44642
44663
44666
44664
44672
44673
44693
44707
44774
44787
44795
44822
44879
44894
44901
44946
44952
44958
44990
45001
45006
45027
45038
45039
45055
45064
45085
45086
45105
45158
45176
45198
45201
45210
45220
45263
45272
45273
45299
45317
45327
45373
45386
45399
45405
45406
45480
45505
45524
45534
45564
45570
45576
45633
45638
45657
45723
41724
45742
45743
45742
45752
45754
45761
45777
45781
45782
45781
45790
45813
45815
45817
45920
45919
45921
45938
45953
45958
45973
45981
45988
45991
46009
46022
46036
46038
46084
46094
46098
46106
46136
46145
46150
46167
46178
46193
46196
46195
46255
46258
46269
46272
46298
46301
46334
46335
46373
46405
46443
46448
46452
46466
46469
46472
46474
46493
46495
46510
46524
46550
46548
46549
46565
46596
46609
46639
46646
46647
46669
46673
46726
46730
46738
46764
46790
46798
46814
46824
46838
46896
46910
46939
46957
46969
46979
46994
47017
47033
47050
47052
47055
47100
47104
47121
47142
47146
47154
47169
47175
47189
47196
47205
47218
47247
47249
47247
47250
47255
47261
47271
47290
47296
47308
47314
47322
47337
47343
47370
47417
47440
47451
47467
47497
47506
47523
47536
47535
47544
47558
47573
47604
47652
47653
47652
47679
47682
47690
47704
47763
47769
47789
47801
47802
47644
47827
47853
47879
47897
47895
47908
47922
47925
47951
47950
47971
47973
47976
47979
47985
47990
48016
48021
48022
48025
48106
47679
48159
48171
48184
48049
47644
48195
48244
48263
48285
48198
48295
48300
48307
48346
48348
48367
48381
48401
48420
48432
48457
48465
48484
48517
48542
48539
48559
48566
48572
48577
48580
48604
48619
48670
48673
48681
48699
48712
48722
48803
48857
48873
48909
48932
48958
48985
49150
49169
49182
49188
49193
48859
49201
49208
49212
49298
49338
49395
49080
49400
49416
49434
49435
49467
49479
49489
49531
49575
49613
49629
49653
49668
49672
30835
49683
49689
49706
49710
49721
49777
49806
49810
49854
49869
49879
49895
49892
49909
49923
49929
49943
49944
49952
49953
49973
50009
50077
50102
50121
49384
50124
50125
50137
50168
50212
50214
50220
50247
50264
50287
49384
50305
50314
50329
50355
50367
50415
50471
50474
50489
50499
50571
50585
50602
50674
50682
50765
50784
50814
50818
50824
50883
50892
50896
50911
50936
50955
50964
50991
50999
51023
51060
51124
51137
51138
51169
51181
51203
51227
51237
51249
51253
51255
51286
51289
51300
51309
51363
51394
51399
51402
51407
51454
51456
51458
51456
51482
51530
51543
51549
51572
51580
51590
51673
51726
51729
51700
51734
51768
51777
51798
51830
51853
51901
51945
51953
51981
51982
51991
51995
52050
52082
52085
52133
52138
52143
52154
52189
52188
52236
52235
52314
23363
52319
52329
52337
52338
52161
52366
52377
52394
52408
52407
52415
52424
52425
52443
52449
52455
52458
52469
52470
52481
52536
52545
52592
52599
52611
52519
52622
52687
52228
52732
52655
52738
52748
52753
52770
52775
52794
52799
52808
52819
52822
52824
40142
52830
52839
52776
52845
52869
52881
52899
52902
52953
52965
53001
53117
53131
53135
53138
53139
53154
53170
53178
53182
53191
53205
53215
53227
53234
53236
53247
53271
53297
53299
53310
53046
53334
53363
53205
53367
53379
53434
53160
53464
53463
53503
53535
53567
53570
53588
53629
53638
53652
53738
47239
53761
37188
53772
53784
53794
53801
53816
53144
53825
53843
53864
53934
53944
54107
54149
54173
54183
54234
54264
54292
54303
54116
54331
54342
54346
54357
54383
54394
54511
54528
54557
54558
54571
54583
54621
54636
54641
54651
54679
54698
54700
54734
54746
54817
54837
54892
54907
54911
54917
54919
54939
54952
54957
54966
9900
54969
55025
55034
55070
55086
55097
55118
55133
55164
55185
55203
55227
55230
55247
55278
55313
55327
55348
55363
55407
55422
17254
55433
55443
55454
54728
55470
55506
55526
55531
55543
55556
55579
55586
55599
55621
55644
55651
55728
55737
55748
55793
55839
55841
55839
55847
55848
55884
55888
55967
55970
55984
55998
56015
56021
56041
56129
56139
56190
56200
56201
56238
56242
56279
56293
56308
56309
56308
56322
56324
56330
56333
56339
56348
56367
56378
56396
56403
56418
56439
56442
56445
56439
56475
56476
56478
56494
56505
56528
56542
56554
56556
56557
56585
56586
56625
56627
56641
56657
56695
56708
56711
56715
56717
56732
56747
56751
56754
56760
56758
56765
56775
56789
56805
56808
56815
56835
56888
56904
56919
56930
56931
56940
56968
56969
56977
56842
56999
57005
57009
57024
57045
57080
57083
57095
57099
57133
57172
57189
57221
57234
57252
57257
57259
57281
57304
57320
57315
57335
57341
57348
57362
57372
57389
57431
57432
57444
57470
57474
57492
57500
57528
57532
57552
57557
57577
57593
57620
57636
57674
57715
57718
57741
57754
57755
57769
57772
57787
57820
57829
57840
57861
57795
57899
57919
57925
57957
56968
56969
57752
57972
57994
58011
58014
58025
58038
58042
57557
58052
58050
58060
58066
58076
58093
58129
58138
58146
58171
58217
58220
58244
58247
58275
58319
58323
58333
58348
58389
58397
58442
58453
58526
58565
58582
58599
58608
58621
58538
58537
58620
58624
58629
58658
58681
58696
58705
58710
58722
58736
58737
58747
58756
58777
58791
58795
58815
58842
58858
58861
58869
58917
58982
58980
58998
59007
59009
59007
59043
59092
59099
59114
59117
59198
59220
59241
59277
59298
59337
59352
59393
59398
59460
59522
59535
59548
59553
59555
59589
59656
59660
59666
59686
59690
59709
59716
59746
59792
59795
59797
59808
59809
59811
59821
59842
59850
59867
59868
56220
59900
59665
59955
59968
59989
60024
60056
60078
60100
60109
60120
60170
60223
60226
60248
60246
60273
60282
60286
60297
60299
60312
60314
60312
60315
60327
60335
60349
60352
60355
60388
60403
60421
60467
60496
60504
60518
60544
60565
60587
60604
60648
60652
60655
60658
60688
60703
60714
60734
60737
60753
60767
60772
60777
60816
60832
60858
60777
60877
60910
60925
60956
60965
60966
60980
60986
60988
61012
61030
61035
61060
61064
61090
61059
61060
61096
61113
13920
61122
61158
61196
61223
61247
14970
61122
61254
61293
61307
61320
61321
61336
61347
61230
61362
61366
61390
61395
61417
61440
61495
61496
61532
61547
61557
61612
61622
61625
61662
61688
61719
61770
61780
61793
61820
61824
61831
61841
61780
61842
61851
61863
61866
61884
61926
61936
61937
61939
61952
61957
61968
61988
61997
61995
62019
62027
62056
62093
61820
62098
62147
62157
62205
62211
62223
62236
62239
62252
62251
62282
62297
62355
62364
62444
62447
62453
62459
62526
62568
62571
62590
62596
62661
62691
62705
62710
62714
62730
62733
62740
62773
62798
62823
62873
62909
62921
62925
62949
62952
62957
62978
63025
63028
63057
63060
63087
63141
63145
63161
63220
63221
63233
63241
63242
63264
63267
63273
63275
63277
63294
63297
63329
63324
63330
63413
63432
63469
63479
63485
63502
63551
63590
63591
63600
63605
63604
63609
63624
63627
63634
63658
63756
63760
63837
63864
63880
63890
63915
63993
64010
63870
64011
64038
64064
64092
64137
64139
64154
64162
64168
64182
64204
64213
64229
64258
64277
64293
64329
64344
64345
64347
64348
64378
64382
64389
64390
64398
64399
64398
64406
64448
64452
64484
64499
64573
64581
64655
64660
64673
64683
64713
64736
64744
64747
64755
64758
64764
64775
64786
64277
64811
64814
64817
64625
64836
64850
64887
64895
64894
64896
64902
64922
64957
65000
65040
65092
65103
65111
65131
65147
65161
65162
65165
65162
65207
65218
65222
65228
65234
65228
65249
65352
65432
65445
65456
65466
65589
65592
65598
65600
65598
65605
17986
65622
65634
65660
65658
65693
65695
65716
65721
65817
65862
65879
65900
65939
65953
65954
65967
52489
66010
66020
66029
66069
66120
66166
66173
65368
66285
66298
66330
66360
55567
66388
66393
66399
66468
66488
66489
66502
66610
66619
66623
66625
66640
66666
66692
66694
66696
66724
66751
66760
66912
66918
66927
66936
66966
66967
66966
66976
35
66985
66987
67001
67008
67012
67048
67050
67053
67069
67011
67012
67094
67103
67132
67143
67149
67174
67184
67197
67213
67223
67259
67285
67291
67301
67308
67313
67285
67326
67385
67392
67403
67465
67472
67478
67497
67501
67523
67532
67534
67575
67592
67603
67604
67607
67627
67632
67656
67700
67720
67738
67748
67766
67850
67861
67894
67906
67917
67945
67962
68019
68030
68033
68141
68144
68166
68188
68189
68194
68198
68197
68201
68229
68241
68239
68283
68303
68361
68372
68394
68399
68499
68529
68533
68539
68542
68545
68549
68555
68570
68577
68583
68586
68591
68593
68617
68632
68635
68144
68643
68649
68657
68604
68685
68690
68720
68722
65027
66936
68749
68750
68752
68781
68788
68791
68837
68833
68838
68855
68882
68883
68889
68919
69017
69022
69034
69041
69044
69060
69075
69081
69100
69104
69120
69124
69131
69143
69155
69163
69174
69183
69186
69200
69232
69241
69245
69249
69252
69255
69259
69277
69294
69343
69363
69405
69416
69412
69424
69452
69460
69469
69479
69510
69524
69529
69577
69580
69595
69611
69616
69021
69629
69637
69640
69650
69664
69667
69702
69712
69718
69723
69750
69755
69763
69779
69803
69840
69846
69851
69871
69873
69905
69914
69928
69954
69924
69873
69961
69994
70005
70026
70073
70078
34652
70080
70130
70132
70152
70183
70241
70252
70253
70252
70270
70271
70281
70310
70334
70336
70338
70356
70393
70401
70415
70447
70455
70464
70475
70476
70485
70491
70495
70505
70568
70566
70569
70616
70654
70672
70697
70699
70706
70718
66575
70719
70720
70735
70765
70768
70775
70786
70656
70788
70789
70788
70794
70818
70889
70894
70896
70908
70939
70948
70956
70962
70965
71010
71035
71045
71047
71059
71064
71070
71095
71096
71097
71105
71166
71183
71184
71194
71198
71214
71228
71230
71264
71283
71284
71283
71297
71302
71308
71309
71331
71358
71363
71375
71378
71399
71402
71410
71414
71426
71441
71414
71444
71460
71480
71481
71483
71501
71506
71508
71536
71577
71593
71651
71707
71711
71712
71760
71761
71789
71815
71866
71870
71872
71875
71874
71930
71936
71939
71948
71958
71981
72018
72059
72069
72114
72123
72126
72173
72199
72209
72221
72248
72258
72271
72276
72281
72314
72316
72335
72367
72371
72372
72397
72440
72451
72482
72512
72525
72556
72564
72528
72571
72587
72592
72614
72624
72631
72646
72651
72659
72661
72668
72675
72700
72703
72737
72745
72821
72829
72857
72873
72876
72887
72891
72935
72956
72964
72966
72998
73006
73015
73027
73054
73100
73099
73116
72924
73132
73173
73185
73200
73215
73285
73357
73405
73416
73444
73472
73483
73494
73507
73526
73594
73631
73097
72575
73640
73656
73692
73703
73702
73704
73735
73738
73739
73752
73759
73770
73782
73787
13612
9335
73798
73800
73815
73823
73843
73849
73864
73878
73886
73887
73894
73900
73908
73937
73944
73973
73996
73998
73908
74007
74033
74041
74047
74056
74075
74084
74089
74101
74112
74124
74125
74137
74151
74199
74214
74229
74256
74280
74322
74324
74325
74353
74357
74096
74365
74376
74410
74421
74424
74436
74442
74409
74478
74436
74494
74524
74529
74576
74597
74599
74618
74658
74677
74699
74717
74738
74739
74748
74753
74756
74759
74772
74804
74825
74836
74838
74858
74874
74876
74881
74891
74899
74904
74922
74926
74930
74942
74946
74987
75001
75009
75023
75033
75083
75095
75103
74822
75105
75124
75130
75133
75083
75162
75165
75191
75200
75201
75215
75216
75229
75248
75278
75280
75287
75285
75289
75341
75342
75351
75361
75381
75408
75412
75437
75442
75454
75462
75488
75462
75491
75502
75523
75537
75556
75567
75577
75596
75607
75635
75661
75689
75704
75707
75713
75726
75730
75732
75736
13535
75738
75742
75747
75766
75702
75791
75821
75505
75819
75824
75850
75859
75873
75803
75883
75890
75902
75931
75942
75945
75948
75955
75957
75964
75969
75977
75990
76001
76007
76029
76032
76041
75990
76054
76060
76078
76073
76082
76106
76115
76140
76143
76152
76166
76181
76198
76200
76233
76262
76275
76284
76285
76284
76300
76307
76313
76316
76356
76359
76364
76366
76385
76417
76471
76473
76484
76500
76519
76541
76556
76594
76613
76614
76623
76637
76596
76641
76650
76661
76635
76669
76673
76694
76698
76725
76734
76741
76746
76762
76746
76798
76808
76809
76814
76820
76830
76855
76804
76854
76896
76899
76907
76911
76922
76942
76948
76956
76860
76959
76975
76978
77004
77015
77029
77050
77052
77055
77073
77103
77121
77146
34215
77147
77197
77207
77216
77233
77232
77247
77255
77283
77295
77302
77307
77313
77331
77338
77340
77366
77392
77413
77422
77428
77435
77442
77454
77459
77442
77480
77482
77512
77530
77533
77540
77554
77559
77598
77605
77612
77641
77605
77646
77659
77674
77675
77715
77723
77735
77743
77764
77768
77777
77785
77788
77799
77808
77813
77816
77835
77900
77903
77908
77918
77923
77934
77937
77948
77964
77977
77980
77979
77987
77997
78002
78017
78019
78014
78024
78032
78047
78060
78071
78093
78103
78112
78119
78150
78155
78159
78182
78220
78241
78264
78271
78275
78277
78279
78300
78369
78381
78414
78416
78419
78421
78443
78462
78465
78498
78513
78542
78552
78566
78579
78603
78604
78613
78627
78661
78686
78703
78721
78737
78751
78837
78846
78854
78883
78912
78918
78944
78947
78946
78967
78972
79032
79038
79045
79091
79104
79107
79112
79142
3992
79147
79151
79153
79162
79182
79195
79216
79234
79243
79313
79317
79350
79365
79371
79473
79479
79524
79531
79579
79619
79630
79671
79685
74853
79686
79723
79752
79863
79894
79893
79909
79928
79932
79948
80015
80033
79995
80050
80064
80069
80090
80145
80160
80166
80198
80199
80220
80253
80256
80308
80331
80244
80338
80345
80354
80388
80412
80413
80422
80430
80437
80472
80488
80495
80525
80541
80555
80557
80577
80584
80588
44314
80656
80665
80691
80716
80741
80758
80819
80845
80844
80862
80867
80888
80889
80909
80910
80919
80930
80934
80941
80947
80968
80982
80996
80997
81000
81003
81006
81030
81040
80969
81067
81071
81074
81080
81074
81083
81046
81099
81119
81133
81151
81159
81171
81180
81185
81206
81224
81180
81252
81258
81277
81276
81309
81342
81352
81368
81384
81393
81396
81426
81455
81461
81468
81471
81476
81478
81482
81483
81499
81529
81533
81538
81539
81558
81563
81525
81572
81509
81597
81616
81630
81655
81664
81670
81671
81676
81686
81696
81707
81763
81772
81777
81783
77512
81786
81792
81794
81805
81807
81825
81828
81834
81837
81861
81866
81872
81875
81874
81885
81858
81908
81909
81945
81948
81952
81959
81962
81970
81978
81986
81991
81993
82020
82039
82047
82084
82085
82092
82096
82100
82103
82104
82107
82111
82178
82180
82190
82194
82208
82194
82242
82285
82307
82364
82366
82385
82397
81686
82421
82426
82444
82466
82483
82528
82573
82585
82590
82597
82598
82608
82616
82657
82670
82678
79292
82793
82832
82913
82916
82918
82930
82937
82981
82984
82990
82994
83021
83061
83068
83067
83088
83090
83088
83110
83125
83134
83147
83165
83178
83188
83215
83254
83271
83299
83335
83344
83347
83405
83412
83417
83451
83459
83462
83483
83495
83496
83528
83565
83574
83591
83593
83606
83635
83655
83667
83680
83695
83699
83715
83721
83739
83758
83773
83783
83261
83787
83812
83830
83839
83862
83876
83892
83908
83917
83959
83988
83993
83999
84017
84020
84023
84042
84047
84052
84084
84094
84101
84102
84124
84126
84205
71198
84239
84241
84261
84280
84279
84285
84318
84352
69787
84381
84428
84437
84442
84444
84447
84454
84480
84493
84512
84530
84529
84533
84548
84551
84558
84575
84601
84606
84607
84614
4365
84617
67591
84637
84698
84701
84723
84743
84749
84767
84775
84229
84367
84783
84807
84786
84821
84853
84865
84875
84883
84888
84896
84929
84932
64327
84953
84961
84978
84988
84989
84988
85078
85077
85094
85104
85105
85109
85127
85133
85134
85153
62371
85186
85199
85233
85241
4379
85244
85253
85252
85283
85294
60226
85304
85315
85317
85321
85328
85370
85375
85377
85384
85387
85407
85410
85430
85443
85474
85479
85528
85544
85547
85562
85620
85634
85636
85646
85673
85688
85692
85704
85707
85721
85740
85759
85781
85812
85829
85845
85868
85879
85902
85916
85917
85946
85960
85969
85985
85996
86001
86005
86024
86029
86063
86085
86086
86085
86112
86132
86141
86144
86185
86191
86198
86201
86212
86234
86249
86277
86321
86256
86258
86330
86346
86397
86413
86424
86427
86461
86468
86474
86486
86489
86513
86539
86568
86571
86586
86599
86660
86672
86695
86723
86753
86776
86802
86278
86277
86810
86828
86872
86886
86911
86924
86932
86939
86941
86943
86949
86955
86958
86971
86973
86974
86984
86987
87007
87021
87032
87110
87116
87153
87183
87216
87260
87267
87338
87344
87349
87364
87394
87399
87401
87437
87458
87477
87530
87533
27738
87540
87559
87569
87582
87593
87596
87606
87623
87629
87646
87665
87706
87715
87727
87730
87734
87746
87760
87762
87773
87771
87785
87796
87799
87809
87814
87828
87866
87864
87868
87864
87876
87918
87923
87950
87948
87980
88014
88028
88033
88043
88077
88089
88112
88132
88157
88241
88300
88305
88309
88348
88351
88362
88388
88418
88435
88443
88457
88470
88490
88504
88507
88531
88547
88561
88591
88643
88652
88691
88705
88713
88716
88730
88755
88759
88804
88817
88818
88879
88889
88898
88916
88927
88954
88955
88954
88967
88979
89000
89024
89037
89044
89047
89052
89062
89072
89104
89052
89128
89137
89153
89164
89171
89198
89199
89221
89253
89261
89269
89299
89329
89358
89367
89400
89435
89468
89478
89484
89517
89521
89540
89588
89599
89604
89644
89668
89674
86201
89679
89690
89704
89711
31176
89718
89726
89750
89754
89813
89835
89852
89870
89881
89899
89906
89908
89922
81794
89929
89942
89944
89951
89959
89966
89971
89985
90025
36599
90030
90033
90037
90078
90121
90133
39921
90141
90184
90191
90195
90199
90198
90201
90206
90207
90215
90211
90238
90263
90264
90294
90295
90326
90332
90345
90354
90394
90399
90405
90410
90419
90436
90476
90479
90485
90498
90541
90544
90595
71250
90614
90626
90627
90638
90665
90681
90688
90690
90694
90709
90710
90709
90720
90721
90730
90736
90754
90769
90786
90790
90815
90819
90824
90830
90845
90852
90855
90880
90915
90918
90938
90954
90960
90965
90967
90988
90994
91018
91027
91069
91097
91114
91123
91146
91177
91212
91223
91236
91248
91250
91251
91257
91282
91292
91318
91387
91424
91447
91466
91467
91518
91522
91521
91530
91536
91546
91548
91557
91570
91572
91586
91584
91604
91630
91625
91698
91718
91738
91765
91795
91804
91820
91826
91856
91898
91905
91909
91936
91945
91967
91996
92020
92077
92083
92093
92117
92114
92130
92140
92144
92140
92154
92174
92183
92186
92184
92188
92190
92198
92211
92216
92221
92258
92291
92314
92338
92347
92360
92374
92399
92401
92445
92500
92529
92564
92565
92569
92593
92611
92638
92681
92691
92702
92663
92707
92709
92716
92712
92753
92758
92765
92768
92785
92820
92821
92820
92847
92875
92890
92910
92917
92918
92926
92939
92946
92954
92956
92964
92977
93017
93021
93033
93053
93056
93058
93079
93082
93084
93105
93109
93113
93128
93149
93162
93196
93207
93210
93214
93218
93216
93233
93242
93260
93264
93276
93280
93300
93311
93337
93349
93356
93354
93372
93376
93380
93388
93391
93396
93402
93409
93366
93446
93461
93490
93507
93513
93531
93538
93565
93568
93596
93622
93700
93707
93718
93721
93732
93758
93764
93793
93841
93903
93931
93966
93984
93988
93994
94016
94020
94026
94037
94043
81466
94074
94102
94130
94149
94157
94163
94185
94187
94218
94223
94277
94291
94301
94306
94310
94313
94321
94323
94340
94355
94411
94415
94416
94435
94446
94501
94528
94615
94624
94653
94664
94672
94679
94709
94714
94726
94737
94770
94796
94838
94854
94857
94863
94942
94949
94972
94981
94994
95028
95036
95049
95054
95060
95063
95078
95084
95098
95109
95143
95149
81277
95161
95163
95180
95191
95232
95101
95306
95338
95352
95353
95360
95363
95405
95401
95413
95421
95426
95441
95443
95444
95447
95465
95492
95510
95552
95625
95653
95674
5182
95676
95679
95692
95693
95702
95705
95712
95717
95716
95729
95742
95743
95769
95783
95787
95818
95866
95873
95905
95920
95931
95935
95968
95984
95997
96004
96047
96075
96093
96118
96123
96146
96151
96186
96197
96201
96217
96270
96275
96298
96297
96306
96321
96324
96325
96324
96337
96373
96374
96378
96406
96414
96435
96474
28288
96505
96519
96523
96550
96555
96560
96570
96575
96590
96611
96660
96673
96683
96699
96719
96724
96730
96748
96755
96793
96803
96850
96861
96871
96888
96898
96914
96915
96940
96945
96958
96957
96975
96987
96992
96996
96998
97026
97028
97035
97056
97067
97078
97145
97159
97184
97186
97189
97209
97224
97312
97324
97347
97361
97364
97372
97392
97401
97403
97404
97419
97420
97422
97324
97467
97470
97481
97480
97502
97514
97528
97531
97568
97589
97595
97633
97636
97669
97685
97712
97743
97826
97863
97868
96233
97870
97873
97904
97922
97923
97926
97952
97980
98006
98012
98035
98037
98040
98046
98055
98056
98061
98097
98099
98108
98153
98184
98187
98196
98202
98234
98242
98239
98256
98266
98272
98279
98289
98337
98347
98364
98369
98382
98395
98411
28235
98434
98451
98486
98492
98500
98502
98522
98534
98535
98538
98547
98557
98559
98571
98589
98593
98598
98629
98596
98645
98652
98663
98665
98702
98743
98751
98753
98751
98775
98780
98844
98856
98860
98878
98904
98925
98960
98981
98984
99004
99007
99006
99015
99019
99025
99040
99044
99068
99063
99076
99093
99099
99135
99170
99176
99181
99217
99269
99295
99076
99299
99257
99315
99320
99351
99365
99374
99379
99393
99403
99429
99441
99447
99459
99477
99495
99508
99514
99516
99526
99525
99530
99534
99541
99544
99555
99591
99611
99612
99620
99622
99636
99670
99682
99722
99723
99756
99772
99787
99806
99834
99835
99840
99846
99856
99866
99886
99906
99922
99938
99949
99957
99982
99994
100009
100036
100047
99887
100052
100058
100059
100121
100070
100131
100147
100160
100171
100174
100190
100209
100217
100220
100224
100241
100255
100266
100304
100312
28975
100334
100342
100348
100367
100422
100470
100486
100535
100537
100572
100592
100646
28840
100665
100666
100665
100691
100697
100700
100726
100745
100747
100754
100759
100777
100781
100780
100791
12416
100795
100799
100823
100829
100844
100846
100856
100860
100870
100892
100913
100927
100992
100996
101004
101052
101056
101059
101094
101135
101139
101151
101185
101233
101235
101240
101251
101285
101330
101333
101351
101359
11888
101403
101417
101416
101419
101425
101430
101460
101477
101526
101531
101543
101545
101572
76722
101589
101593
101645
101655
101659
101677
101682
101687
101695
101708
101712
101720
101736
101748
101773
101784
101790
101821
101842
101884
101888
101902
101915
101916
101931
101956
101966
101997
102018
102043
102059
102062
102074
102077
102089
102100
102119
102123
102126
102155
102161
102203
102255
102265
102268
102277
102278
102289
102296
102289
102306
102310
102325
102381
102394
102297
102406
102416
102422
102441
102455
102460
102459
102100
102463
102504
102520
102524
102532
102550
102573
102587
102598
102614
102617
102654
102711
102715
102729
102745
102750
102780
102789
102780
102829
102854
102855
102863
102869
102880
102886
11615
102888
102950
102963
103041
103057
103110
103119
103144
103160
103171
103173
103213
103240
103244
103252
103254
103260
103283
103295
103306
103352
103354
103366
103372
103412
103478
103511
103539
103576
103586
103590
103596
103609
103611
103638
103639
103638
103642
103574
103653
103658
103617
103712
103745
103749
103786
103797
103847
103848
103851
103858
103884
103893
103926
103975
104059
104107
104127
104186
104230
104316
103511
104324
104325
104340
104360
104367
104394
104406
104435
104448
104494
100422
104499
104506
104522
104535
104559
104569
104598
104653
104687
104689
104698
104710
104720
104758
104778
104818
104848
104864
104868
104901
104913
104922
104933
104946
104979
105061
105068
105071
105086
105093
105095
105106
105134
105195
105222
104408
105232
105239
105248
105279
105283
105293
105390
105424
105436
105462
105481
105501
105521
105539
105556
105584
105588
105485
105593
105612
105613
105614
105612
105615
105620
105673
105686
105704
105717
105722
105723
105734
105766
95833
105789
105801
105836
105843
105856
105873
105900
105908
105916
105942
105988
106009
106055
106059
106082
106088
106094
106132
106133
106141
104520
106173
106198
106207
106212
106216
106222
106227
106254
106272
106294
106298
106309
106311
106313
106311
106357
106363
106369
106376
106407
106424
106423
106425
106454
106484
106482
106485
106523
106529
106557
106579
106613
106636
106671
106685
106691
106699
106723
106727
106740
106747
106749
106760
106773
106776
106791
106794
106798
106816
106826
106845
106851
106853
106851
106867
106891
100841
106892
106931
106970
106974
107001
107042
107063
107099
107111
107112
107146
107151
107196
107200
107203
107223
107245
107262
107279
107285
107297
107307
107323
107350
107356
107358
107360
107358
107366
107405
107404
107430
107439
107451
107455
107475
107492
107496
107504
107525
107530
107543
107558
107568
107595
107598
107629
107646
107733
107742
107752
107765
107788
107793
107733
107876
107566
107880
107914
107991
107998
107999
107998
108013
108025
108056
108071
108073
108075
108089
108100
108115
108029
108119
108117
108123
108135
108147
108151
108164
108168
108173
108213
108216
108220
108251
108253
108272
108279
108294
108302
108321
108326
82504
108269
108333
108352
108355
108365
108379
108381
108404
108407
108422
108423
108459
108464
108477
108492
108513
108531
108533
108580
108591
108612
108631
108641
108660
108664
108665
108685
108694
108722
108736
108747
108760
108808
108830
108845
108844
108861
108908
108852
108912
108916
108919
108929
27828
108939
108956
108922
108961
108884
108964
108971
108980
108997
108999
109001
109012
27776
27775
109015
109032
109038
109052
109058
109082
109091
109095
109114
109135
109151
109156
109164
109189
109192
109207
109220
109254
109281
109282
109292
109295
109317
109321
109352
109353
109361
109370
109374
109379
109271
109387
109406
109426
109437
109451
27158
109464
109472
109494
109506
109512
109519
109523
109531
109560
108064
109573
109597
109600
109316
109606
109628
109646
109659
109606
109549
109678
109707
109721
109724
109730
109735
109750
109762
109777
109789
109791
109794
109795
109799
109802
109814
109825
109842
109861
109924
109926
109967
109980
109999
110026
110100
110154
110161
110118
110184
110216
110368
110410
110433
110439
110452
110459
110479
110485
110463
110491
110497
110498
110515
110528
110566
110570
101152
110579
110587
110596
110623
110632
110644
110668
110675
110687
110690
110704
110707
110739
110741
110748
110776
110792
110800
110816
110821
110842
110847
110858
110856
110878
110793
110905
110949
110957
110966
110971
110974
110971
110984
110989
111007
111030
111042
111065
111070
111088
111093
111106
111116
111138
111155
111161
111211
111228
111232
111239
111280
111284
111290
111307
111322
111343
111354
111384
111407
111422
111430
111436
111440
111452
111453
111181
111178
111466
111468
111505
111504
111532
111538
111567
111577
111585
111587
111592
111601
111624
111636
111656
111672
111676
111677
111702
111705
111787
111790
111799
111708
111834
111865
111895
111899
111904
111919
111938
111937
111940
111961
111969
112001
112021
112028
112029
112038
112042
112066
112078
112084
112119
112125
112155
112201
6285
112284
112307
112318
112366
112389
112398
112475
112509
112515
112551
112585
112606
112616
112627
112632
112650
112660
112664
112680
112699
112698
112706
112737
112755
112764
112585
112791
112831
112832
112834
112848
112873
112855
112908
112917
112937
112940
112941
112946
112941
112971
112992
113003
113011
113012
113036
113041
113074
113100
113122
113124
113136
113169
113171
113179
41758
113206
113236
113293
113315
113325
113327
113325
113341
113401
113418
113425
113456
113483
113485
113598
113601
113644
113662
113664
113716
113715
113752
113785
113832
113833
113874
113971
113988
113995
114001
114047
114092
114095
114136
114154
114200
114216
114254
114296
114354
114379
114395
114398
114420
114462
114471
114485
114494
114499
114506
114528
114541
114549
114576
114632
114647
114667
114677
114689
114707
114711
114713
114716
114741
114769
114799
114821
114857
114871
114882
114886
114898
114912
114940
114965
115004
115016
115014
115024
115032
115039
115043
115048
115077
115080
115109
115119
115125
115163
115193
115197
115208
115217
115230
115275
115281
115285
115292
115297
115306
115329
115349
115360
115384
115414
115427
115440
115474
115476
115297
115481
115324
115535
100583
115555
115597
115613
115633
115636
115641
115722
115754
115762
115774
115803
115836
115849
115858
115873
115878
115903
115907
115912
115932
115946
115963
115969
115995
116008
116016
116047
116066
116087
116089
116091
116099
116098
116116
116121
116133
116159
116167
116170
116188
116224
116229
116237
116240
116245
116291
116302
116308
116351
116393
116404
116412
116432
116445
116452
116462
116467
116480
116505
116521
116549
116559
116597
116613
116630
116632
116650
116671
116686
116743
116781
116839
116855
116901
116925
116930
116937
116948
46009
116951
116969
116971
116990
116995
116916
117012
117018
117030
117037
117044
117045
117090
117109
117112
117114
117119
117129
117135
117138
117157
117173
117193
117200
117198
117204
117207
117235
117260
117259
117261
117262
117264
117270
117179
117289
117293
117302
117340
117375
117380
117391
117395
117411
117423
117430
117459
117457
117480
117489
117506
117513
117544
117559
117579
117589
117627
117639
117644
117654
117678
117713
117714
117721
117678
117724
117764
117785
117789
117853
117913
117813
117918
117923
117789
117939
117942
117946
117950
117970
117978
117992
117993
118000
118021
118050
118073
118071
118094
118097
118106
118107
118116
118071
118139
118157
118179
118187
118186
118210
118217
118218
118186
118232
118237
118282
118294
118295
118294
118299
118303
118309
118311
118345
118406
118414
118460
118464
118488
118510
83394
118517
118526
118527
118560
118569
118573
118574
118573
118581
118585
118636
118670
118681
118690
118694
118722
118766
118781
118844
118862
118893
118896
118919
118924
118936
118935
118941
118950
118957
118962
118973
118983
118984
118994
118997
119004
119010
119023
119040
119050
119055
119072
119073
119029
119106
119122
6794
119124
119135
119138
119167
119173
119182
119190
118973
119247
119261
119302
119323
119387
119388
119396
119400
119423
119465
119478
119482
119484
119500
119507
119522
119535
119536
119570
119578
119617
119636
119654
119675
119677
119584
119681
119690
119700
119701
119707
119711
119707
119721
119758
119762
119769
119790
119796
119866
119880
119900
119942
25754
119970
120003
120036
120063
120075
120097
120103
103710
120144
120150
120179
120201
120206
120207
120243
120282
120317
120323
120334
120344
120420
120430
120453
120464
120487
120490
120507
120510
120525
120527
120540
120565
120576
120599
120607
120629
120634
120640
120663
120668
120669
120688
120701
120706
120748
120752
120768
120794
120827
120863
120871
120914
120915
120921
120943
120948
120974
120984
121018
121057
121100
121108
121124
121126
121131
121134
121135
121137
121146
121165
121187
121220
121224
121135
121306
121309
121325
121329
121339
121346
121351
121365
121389
121392
121405
121434
121450
121463
121486
121493
121498
121502
121510
121515
121527
121531
121535
121531
121547
121563
121571
121595
121612
121621
121625
121633
121647
121671
121734
121738
121754
14068
121761
121764
121795
121737
121798
121805
121826
121844
121850
6911
121854
121872
121888
121912
121917
121932
121942
122025
122065
122072
122073
122085
122095
122099
122102
122106
122132
122141
122174
122141
122188
122198
122218
122257
122265
122286
122376
122395
122400
122429
122431
122454
122464
122470
122478
122508
122510
122511
122510
122521
122526
122529
122536
122541
122545
122547
122590
122627
122630
122666
122676
122698
122722
122728
122756
122758
122780
122794
122804
122808
122821
122829
122855
122862
122900
122910
122949
122979
122985
123020
123030
123046
123070
123069
123076
123108
123114
123117
123139
123140
123144
123156
123199
123203
123206
123234
123239
123259
123287
123295
123299
123324
123328
123339
123347
123348
123358
123368
123374
123469
123477
123490
123495
123502
123515
123519
123522
123534
123590
123671
123682
123690
123707
123706
123713
123721
123729
123742
123787
123798
123862
123879
123918
124017
124021
124058
124061
124097
124108
124121
124146
124150
124184
124194
124200
124214
124222
124228
124253
124275
124289
7050
124311
124366
124371
124387
124419
124482
124505
124521
124585
124615
124654
124659
124705
124730
124731
124735
124533
124755
124773
124806
124807
124966
124972
124973
124972
124978
124992
124998
125009
125028
125049
125052
125063
125066
125085
125095
125103
125163
125167
125169
125179
125232
125245
125264
125271
125292
125295
125337
125340
125361
125416
125443
125445
125468
125494
125528
125534
125553
125560
125606
125615
125638
125644
125686
125689
125692
125468
125693
125694
125706
125715
125740
125767
125776
125494
125818
125852
125697
125866
125868
125823
125881
125883
125890
125899
125915
125923
126029
126034
126064
126072
126091
126094
126134
126163
126164
126172
126178
126184
126186
126192
126195
126213
126238
126251
126262
126292
126310
126313
126317
126373
70818
126383
126417
126435
126440
126475
126499
126509
126519
126524
7173
126548
126613
126616
126639
126660
126694
126716
126733
126749
126775
24152
126796
126804
126810
126814
126818
126826
126844
126914
126917
126961
126971
126973
126980
127006
91936
127011
127041
127045
127064
127072
127074
127103
127123
127126
127138
127163
127172
126993
127175
127180
127198
127213
127218
127245
127273
127277
127280
127278
127284
127290
127372
127385
127441
127446
127484
127492
127499
127530
127540
127559
127569
127592
127590
127614
127619
127666
127675
127691
127694
127691
127697
127703
127704
127735
127745
127747
127750
127760
127837
127844
127851
127860
127873
127828
127887
127888
127903
127749
127923
127935
127968
127976
127888
128007
128012
128018
128042
128113
128117
128153
128188
128242
128276
128313
128317
128322
128324
128342
128367
128371
128374
128410
128409
128430
128437
128463
128489
128492
128527
128536
128548
128557
128572
128576
128572
128582
128612
128633
128666
128681
128696
47861
128698
128702
128711
128715
128720
128746
128751
128761
128766
128790
128792
128830
128831
128840
128859
128875
128880
128902
128702
128913
128932
128935
128942
128950
128966
128970
129005
129042
129065
129069
129080
7399
129081
129082
129102
129120
129123
129140
129148
129158
129172
129209
129214
129216
129229
129255
129306
129310
129320
129354
129364
129370
129390
129434
129489
129492
129503
129538
129548
129558
129599
129651
129654
129664
129683
129681
129729
129749
129849
129862
129876
129892
129916
129932
129947
129954
129955
129954
129969
129996
130005
130050
130055
130099
130103
130111
129916
130152
130163
130171
130170
130182
130187
128755
130209
130226
130235
130239
130241
130272
130317
130324
130345
130359
130383
130163
130386
130392
130399
7624
130427
130441
130442
130446
130453
130484
120945
130493
130505
130513
130527
130460
130534
130543
130618
130632
130636
130663
130671
130675
130698
130699
130698
130708
130750
130755
130760
130771
7674
130791
130798
130809
130819
130827
130828
130855
7738
130862
130864
130901
130902
130905
130910
130960
130979
131015
131016
131035
131038
131056
131060
131062
131082
131093
131094
131095
131094
131102
130996
131104
131111
131129
131131
131136
131144
131189
130965
131204
131221
131256
131270
131273
131162
131280
131298
131299
131315
131337
131365
131371
131377
131406
656
131412
131443
131451
131484
131495
131516
131524
131540
131555
131587
131615
131616
131619
131626
131631
131655
131680
131692
131703
131708
131722
131730
131759
131766
131771
131799
131804
131805
131828
131838
131855
131873
131885
131888
131910
131917
131926
98289
131928
131938
131939
131938
132025
132079
132121
132156
132157
132171
132180
132190
132199
132218
132238
132277
132291
132318
132341
128194
132339
132359
132384
132397
132399
132416
132423
132441
132454
132357
132476
132486
132494
132477
132564
132570
132583
132591
132614
132615
132624
132689
132696
132709
132716
132763
132785
132817
3143
132824
132841
132868
132871
132880
132908
132923
132924
132930
132956
132957
132987
132991
132780
133050
133054
133057
133078
133079
133094
133131
133145
133171
133174
133171
133198
133204
133206
133209
133211
133241
133252
133256
7917
133283
133303
133322
133344
133359
133362
133413
133416
133423
133430
133433
133464
133468
133492
133514
133575
133598
133627
133537
133645
133690
133693
133720
133773
133803
133808
133821
133818
133858
133865
133873
133875
133849
133896
133693
133940
134009
134018
134056
134068
134071
134092
134155
134171
134175
134182
134209
134226
134238
134248
134254
134258
134268
134281
134301
134354
134371
134390
134401
134409
134410
134418
134447
134452
134459
134464
134472
134558
134579
134598
134683
134704
134737
134772
134056
134794
134822
134848
134855
134854
134945
134949
134958
134962
134969
135056
135086
135094
135104
135105
135148
135154
135161
135180
135317
135321
135356
135363
135385
135403
135419
135445
135448
135456
135505
135531
135537
135545
135558
135562
135572
134969
135613
135659
135694
135710
135748
135759
135765
135784
135793
135832
135840
135867
135881
135891
135902
135943
135961
136037
136066
136065
136104
136115
136134
136147
136185
136265
136293
136307
136324
136375
136391
136442
136476
136533
136537
136554
136620
8125
136724
136750
136751
136769
136774
136784
136793
136791
136838
136847
136864
136876
136878
136886
136920
136928
136942
136958
136969
136979
136977
136995
137010
136965
137015
137042
137066
137067
137099
137111
137110
137123
137126
137131
137144
137180
137198
137210
137228
137235
137245
15308
137252
137253
137264
137276
137293
137299
137300
137299
137310
137180
137346
137355
91656
137358
137364
137382
137388
137249
137436
137438
137478
137482
137500
137534
137541
137548
137596
137605
137636
137644
137650
137651
137665
137671
137677
137688
137729
137757
137793
137828
137858
137828
137861
137885
137919
137926
137934
137968
137970
137992
137996
138025
138033
138070
138098
138102
138128
138233
138239
138251
138256
138291
138298
138297
138314
138319
138326
138336
138355
138362
138388
138408
138435
138482
138513
138514
67050
138513
67050
138536
138547
138557
138597
138604
138607
138642
138647
138651
138673
138686
138709
138735
138741
138794
138836
138835
138839
138840
138881
138937
138949
138953
139005
139011
139014
139015
139041
139043
139057
139082
139083
139107
139118
139125
139051
139150
139173
139177
139192
139194
139215
139238
139252
139267
139285
139290
139312
139335
139345
139355
139345
139386
139436
139464
71375
139478
139491
139494
139513
139517
139524
139568
139509
139572
139630
139647
139650
139665
139675
139712
139731
139746
139799
139800
139806
139843
139857
139903
139930
139947
140011
140029
140031
140029
140072
140088
140103
140116
140123
140126
140151
140206
140250
140290
140325
140331
140353
140450
140453
140451
140472
140482
140494
140518
140524
140549
140550
140559
140586
140605
140621
140623
140635
140713
140732
140766
140770
140787
140793
140850
140901
140918
140921
140970
140981
140980
140994
141019
141047
141057
141058
141065
141070
141079
141080
141104
141146
141165
141168
141178
141180
141201
141218
141217
141224
141267
141284
141291
141315
141344
141350
141362
141388
141537
141550
141558
141568
141621
141643
141677
141688
141701
141812
141860
141885
141912
141942
141983
141986
142010
142062
142060
142080
142091
142097
142183
142228
142233
142253
142261
142263
142273
10343
142298
142305
142308
142330
142299
142352
142418
142420
142464
142473
142263
142493
142503
142507
142515
142517
142515
142518
142535
142542
142566
136143
142605
142608
104698
142611
142629
142637
142663
142669
142629
142685
142694
142702
142758
142759
142765
142767
142780
142795
142831
142846
142849
142867
142887
142896
142914
143020
143025
143028
143092
143126
143174
143176
143210
143260
143292
143268
143319
143344
143353
143355
143370
143376
143413
143426
143455
143459
143522
143543
143550
143659
143755
143770
142887
143774
139482
143799
143812
143813
143820
143829
143891
143911
143955
143966
143950
143971
144004
144064
144078
144084
143984
144108
144054
144133
144152
144163
144183
144202
144204
144220
144243
144252
138418
144284
144301
144326
144334
144346
144383
144409
144414
144470
144493
144504
144526
144535
144540
144586
144593
144599
144602
144604
144607
144629
144493
144684
144690
144708
22633
144780
144845
144852
144882
144883
144889
144905
144930
144946
144973
144982
144985
144991
144996
145007
145016
145023
145048
145089
145108
145110
145213
145282
145326
145278
145342
145369
145389
145434
145447
145455
145469
145483
145559
145578
145596
145604
145623
145636
145731
145734
145743
145776
145802
145831
145859
145850
145857
145862
145883
145903
145776
145931
145943
146051
146090
146106
146122
146146
146175
146218
23260
146226
146227
138972
146247
146299
146315
146329
146350
146363
146377
146398
146412
146443
146448
146457
146481
146486
146487
146486
146496
146523
146543
146544
146572
146604
146612
146650
146670
146682
146687
146699
146771
146836
146852
146861
146869
146874
146896
146900
146913
146920
146925
146938
147024
147044
147046
147021
147067
147072
147094
147098
147137
147184
147208
147234
147254
147256
147271
147279
147289
147327
147336
147361
147388
147408
147416
147485
147514
147557
147565
147637
147696
147716
147739
147740
147759
147765
147783
147790
147824
147831
147840
147565
147843
147848
147849
147885
147900
147933
147976
147983
148025
148071
148080
147954
148083
148100
147716
148112
148154
148155
148175
8729
148016
148263
148272
148300
148315
148326
148330
148361
148371
148381
148426
148443
148449
148478
148497
148513
148545
148566
148583
148593
148513
148607
148615
148618
148689
148703
148712
148742
148761
148870
148894
148924
148941
148947
148950
149008
149010
149033
149041
149043
149054
149062
149065
149083
149115
149128
149132
149130
149169
149201
149197
149214
106723
149221
149231
149240
149254
149281
149294
149323
149344
149368
149398
149405
149407
149419
149433
149439
149440
149443
149452
149477
149529
149540
149548
149550
149548
149571
149585
149599
149604
149617
149629
149650
119549
149656
149658
149684
149689
149693
149717
149733
149747
149745
149757
149763
149770
149807
149821
149847
149867
149876
149821
149883
149900
149904
149912
149940
149957
149959
149871
149971
149999
150027
150035
150034
150056
150070
150084
150088
150094
150098
150116
150131
150157
150189
150198
150221
150226
150258
150263
150259
150264
150279
150285
150307
150310
150323
150328
150365
150376
150414
150415
150414
150430
150433
150459
150464
150479
150480
150486
150498
150472
150520
150417
150524
150549
150433
150553
150519
150557
150591
150596
150604
150609
150614
150616
150639
150644
150676
150693
150714
150717
150730
150736
150774
150783
150812
150825
150848
150846
150898
150912
150931
150933
150966
150991
151037
151041
151049
151060
68409
151070
151105
151127
151147
151189
151191
151199
151215
151272
151278
151195
151287
151291
151275
151309
151311
151334
151343
151375
151389
151399
151431
151466
151481
151486
151491
151504
151571
151610
151609
151614
151639
151647
151653
151665
151718
151719
151767
151794
151811
151884
151915
151982
152013
152027
152042
152052
152055
152062
152087
152126
152150
152171
152177
152178
152239
152273
152288
152293
152295
152281
152328
152334
152386
152400
152460
152467
152513
152516
152527
152540
152545
152544
152572
152587
152598
152625
152650
152652
152705
152725
152762
152768
152791
152790
152805
152806
152805
152812
152828
152826
152837
152872
152878
152915
152977
153009
153023
153024
153030
153034
153055
153082
153096
153114
153139
153153
153201
153208
153250
153264
153281
153284
153303
153321
153392
153396
153407
153425
153427
153444
153448
153454
153507
153516
153533
153536
153554
153601
153605
153639
153531
153533
153660
153665
153720
153753
153757
153762
153767
153779
153786
153798
153824
153852
153871
153877
153898
153897
153921
153923
153928
153988
153995
154005
154030
154040
154046
154081
154104
154119
154136
154132
154161
154164
154171
154186
154243
154291
154145
154352
154372
154386
154403
154411
154432
154439
154447
154460
154464
154506
154507
154511
154519
154535
154555
154570
154575
146585
154594
154607
154623
154627
154736
9316
9317
154748
154757
154758
154790
154809
154830
154846
154701
154856
154867
154888
154753
154892
154900
154930
154950
154965
154991
155007
155013
155063
155075
155080
155124
155040
155133
155134
155136
155157
155216
155225
155246
155254
155274
155287
155292
155296
155306
155322
155328
155334
155356
155374
155385
155395
155484
155487
155489
155490
155500
155531
155546
155572
155611
155634
155659
155665
155677
155682
155598
155600
155688
155724
155730
155768
155769
155788
155786
155839
155871
155887
155944
155952
155973
155980
156006
156059
156106
156112
156122
156125
156147
156159
156161
156166
156214
156233
156254
156280
156303
156322
156333
156355
156378
156388
156393
156394
156438
156453
156464
156472
156475
156501
156529
156580
156586
156625
156638
156475
156641
156644
156656
156732
156750
156761
156766
156776
156798
156819
156839
156845
156847
156889
156896
156911
156916
156924
156957
156999
157006
157008
157006
157020
157040
157052
157065
157077
157080
157093
157116
157150
157155
157162
157224
157239
157243
157276
157281
157293
157298
157322
157336
157369
157432
157507
157562
157582
157658
157680
157682
157680
157685
157698
157709
157726
157735
157755
157768
157769
157772
157783
157801
157802
157801
157818
157822
157828
157832
157890
157898
157899
157947
157968
158006
158046
158085
158110
158153
158155
157947
158160
158182
158186
158187
158188
158299
158310
158345
158369
158376
158383
158401
158421
158422
158445
158476
158480
158500
158535
158538
158539
158553
158569
158588
158616
158622
158627
158669
158681
158699
158705
158710
158731
158757
158798
158852
158758
158892
158912
158944
158955
158972
159004
159024
159027
159044
159045
159050
159092
159116
159123
159136
158955
159149
159154
159175
159189
159209
159210
159275
159302
159337
159403
159408
159426
159472
159512
159470
159524
159523
159525
159528
159546
159560
159634
159652
159655
159667
159677
159582
159681
159706
159707
159722
159140
159809
159821
159856
159867
159917
159919
159923
159925
159960
159988
160032
160068
160074
160075
160090
160089
160097
160126
160170
160181
160207
160215
160236
160252
160263
160307
160323
160318
160328
160330
160374
160378
160383
160386
160395
160407
160416
160451
160458
160497
160500
160507
160504
160516
160558
160577
160591
160600
160602
160639
160642
160645
160647
160660
160671
160681
160680
160690
160714
160754
160767
160824
160869
160890
160935
160936
160935
160943
160694
160969
160968
161008
161020
161024
161070
161077
161087
161115
161119
161122
160893
161125
161135
161147
161156
161170
161183
161223
161226
161257
161259
161276
161319
161330
161361
161375
161373
161383
161436
161450
161540
161548
161555
161561
161572
161591
161599
161618
161634
161644
161647
161657
161660
161665
161666
161680
161693
161723
161730
161750
161753
161757
161763
161769
161817
161874
161884
161890
161895
161902
161932
161952
161994
161992
162006
162018
162070
162074
162080
162141
162191
153209
162241
162257
162320
162334
162363
162044
162366
162369
162386
162419
162421
162446
162471
162478
162488
162507
162516
162554
162585
162478
162589
162614
162623
162624
155980
162646
162698
162720
162762
162792
162810
162845
162859
162876
162879
162886
162934
163041
163077
163091
163138
163173
163177
163222
163282
163317
163328
163331
163344
163345
163344
163393
163420
163525
163605
163610
163629
163649
163678
163704
163715
163737
163766
163769
163779
163783
163784
163783
163792
163804
163800
163810
163842
163876
163898
163907
163611
163906
163611
163911
163917
163920
163925
163962
163971
163983
163996
164003
164013
164027
164080
164108
164119
164158
164232
163920
164240
164265
164296
164329
164351
164378
164520
164563
164564
164575
164580
164611
164246
164699
164743
164798
164807
164815
164826
164835
164853
164890
164921
164933
53759
164952
164990
165030
165039
165049
165063
165081
165128
164998
165145
165203
165206
165215
165247
165248
165253
165277
165418
165425
165429
165439
165455
165473
165482
165523
165558
149934
165595
165609
165603
165616
165492
165621
165628
165640
165663
165678
165685
165692
165707
165711
165721
165734
165740
68805
165745
165465
165752
165747
165758
165762
165767
165803
165890
165896
165903
165948
165960
165990
166014
166016
166014
166028
165831
166032
165939
166039
166057
166105
166112
166115
166152
166158
166167
166174
166187
166188
166198
166213
166223
166270
166275
166281
166286
166313
166361
166366
166407
166412
166420
166428
166510
166528
166579
166591
166593
166614
166653
166684
166695
166737
166789
166792
166857
166869
166876
166905
166942
166988
166999
167022
167035
167037
167044
167045
167053
167054
167078
167089
166900
167118
167128
167133
167144
167150
167169
167190
167200
167214
167248
167286
167287
167319
167330
167331
167361
167374
167429
167450
167503
167511
167544
167548
167560
167589
167645
167663
167694
167702
167710
167716
167793
167795
167798
167823
102013
167937
167938
167937
167957
167937
167958
168001
168036
168044
168086
168155
168175
168183
168218
168238
168255
168266
168312
168321
168405
168408
168454
168504
168520
168559
168571
168608
168651
168655
168661
168674
168725
168740
168765
168818
168833
168835
168837
168654
168655
168840
168853
168886
168888
168904
168914
168915
168924
168938
168957
168977
169007
169033
169036
169044
168837
169077
169092
169103
169106
169152
169158
169167
169215
169222
169238
169299
169300
169299
169309
169320
169325
169358
169384
169430
169279
169437
169449
169472
169483
169487
169510
169527
169562
169573
169601
34118
169602
169608
169631
169696
169728
169734
169763
169794
169808
169831
169847
169852
169866
169871
169875
169878
169568
169952
169953
169998
170007
170013
170021
170046
170103
170106
170179
170207
170208
84135
170218
170247
170271
170297
170357
170406
170419
170444
170448
170451
170456
170460
170475
170517
170538
170677
170718
170762
170775
170817
170825
170839
170939
170962
170973
170981
170993
171013
171033
171027
171036
171084
171168
171205
171272
171318
170925
171324
171342
171388
171418
171422
171448
171500
171516
171525
171532
171567
171601
171609
171638
171658
171667
171672
171705
171718
171725
171765
171770
171785
171794
171804
171812
171818
171832
171830
171839
171840
171853
171869
171872
171899
171904
171908
171915
171921
171928
171953
171969
171983
172010
172020
172029
172055
172088
172124
172157
172159
172164
172167
172179
172224
172243
172242
172254
172267
172272
107170
172337
172367
172374
172394
172401
172418
172417
172448
172454
172453
172459
172475
172479
172494
172500
172504
172507
172512
172548
172567
172577
172594
172596
172600
172606
172622
172632
172640
172642
172646
172651
172663
172678
172730
172736
172743
172764
172786
172823
172867
172882
172918
172925
172944
172962
172966
172944
173023
173031
173077
173101
173108
173118
173127
173147
173148
173152
173194
173210
173226
173233
173248
173263
173279
173331
173362
173366
173369
173389
173496
72902
173507
173530
173542
173562
173579
173600
173603
173614
173630
173644
173647
173651
173656
173672
173675
173715
173737
173765
173774
173811
173838
173843
173857
173873
173887
173889
173917
173934
173957
173960
173999
174006
173960
174056
174073
174079
174105
174141
174154
174156
174170
174206
174210
174224
174244
174250
174275
174276
174285
174333
174342
174356
174352
174362
174365
174394
174422
174452
174484
174494
174495
174540
174543
174563
174564
174614
174635
174648
174652
174670
174706
174727
174743
174789
174803
174849
174906
174916
174926
174927
174933
174944
174952
174953
174952
174955
174980
174995
175006
175027
175038
175051
175093
175129
175132
175140
175144
175155
175168
175172
175197
175199
175238
175244
175270
175278
175299
175319
175337
175353
175392
175398
175438
175464
175482
175495
175499
175502
175510
175528
175530
175541
11124
175560
175571
175584
175589
175594
175608
175629
175635
175660
175691
175701
175704
175722
175733
175740
175750
175759
175792
175797
175830
175838
175858
175870
175913
175947
175959
175989
175995
176002
176010
176051
176094
176118
176213
176270
176268
176276
176287
176295
176336
176353
176383
176394
176433
176437
176441
176476
176477
176482
176509
176520
176523
176538
176557
176569
176576
176578
176604
176617
176652
176690
176706
176714
176715
176719
176722
176747
176773
176845
176855
176863
176884
176886
176891
176893
176900
176932
176983
177010
177024
177027
177048
177052
177109
177115
177122
177121
177130
177253
177257
177263
177277
177310
177324
177343
177375
177411
177441
177453
177495
34324
177500
177502
177527
177578
177582
177593
177603
177607
177623
177637
177651
177674
177680
177713
177768
177792
177814
177832
177839
177881
177931
177947
177958
177961
177991
178043
178049
178067
83157
178115
178129
178207
178223
178250
178265
178289
178313
178316
178324
178349
178394
178395
178406
178441
178456
178474
178481
178494
178503
178506
178511
178571
178589
178598
178601
178611
18977
178663
178717
178727
178729
178734
178762
168268
178775
178773
178799
178814
178832
178849
178860
178865
178872
178933
178958
178968
178972
178973
178988
179032
179037
179039
179065
179084
179082
179121
179134
179185
179192
179205
179214
11456
179219
179238
179240
179247
179261
179268
179313
179314
179338
179346
179388
179400
179428
179456
179468
179502
179507
179522
179534
179544
179577
179621
179628
179647
179660
179699
179697
179748
179766
179773
179777
179853
179861
179867
179879
179877
179941
179965
180036
180039
180048
180063
180078
180081
180101
180113
180169
180189
180194
180200
180216
180253
180274
180275
180274
180284
180292
180328
180348
180357
180365
180377
180398
180434
180438
180443
180445
180472
180482
180496
180508
180528
180532
180540
180567
180569
180596
180601
180600
180616
180649
180655
180700
180718
180755
180753
180756
180777
180802
180845
180871
180878
180782
180896
180897
180972
180983
181000
181019
181039
181085
181091
181125
181131
181141
181152
181158
181175
181209
181228
181229
181241
181252
181288
181306
181332
181338
181342
181391
181405
181419
181442
181454
181484
181485
181524
181537
181578
181666
181672
181695
181734
181750
181753
181750
181764
181777
181787
181798
181825
181843
181852
181877
181884
181924
182052
182068
182079
182099
182117
182213
182238
182243
182271
182276
182287
182289
182313
182324
182329
182396
182408
182452
182462
182513
182531
182534
182537
182568
182582
182595
182630
182641
182658
182744
182749
182757
182778
182792
182829
182856
182871
182879
182964
182966
182988
183047
182832
182716
183051
183107
183111
183116
149178
183115
183125
183134
183138
183143
183196
183205
183207
183252
183255
183347
183371
183436
183453
183460
183474
183489
183494
183507
183516
183519
183539
183556
183563
183571
183623
183633
183635
183633
183666
183668
183545
183666
183669
183672
183722
183731
183747
183758
183774
183779
183780
183784
183791
183794
183804
183828
183847
183864
183902
183912
183978
184015
184050
184057
184088
184102
184104
184151
184161
184172
184174
184180
184206
184217
184233
184327
184334
184365
184369
184379
184455
184463
184470
184468
184479
184483
184505
184508
184523
184548
184573
184575
184578
184584
184599
184626
184654
184657
184698
184713
184719
184735
184751
184758
184778
184781
184785
184800
184804
184887
184894
184935
184940
184986
185013
185037
185084
185131
185133
185154
185212
185213
168429
185216
185234
185233
185250
185251
185250
185257
185275
185301
185305
185377
185385
185398
185410
185439
185441
185490
185579
185596
185611
185627
185639
185687
185689
185702
185716
185757
185770
185788
185795
185802
185824
185832
185848
185853
185865
185876
185882
185898
185910
185925
185936
185939
185967
185986
185995
186004
186005
186008
186013
186033
186034
186033
186049
186059
186060
186089
186095
186106
186108
186038
186136
186157
186167
186173
186182
186190
186194
186223
186254
186253
186262
186279
186296
186301
186310
186327
186334
186339
186351
186374
186424
186437
186494
186506
153791
153750
186507
186519
186521
186519
186527
186433
186534
186555
186561
186574
186547
186577
186630
186650
186652
186662
186664
186666
186675
186678
186695
186720
186750
186754
186757
186770
186772
186770
186787
186810
186833
186838
186841
186854
186880
186885
186913
186941
186972
186993
187002
187027
187085
187121
187142
187148
187165
187192
187208
187215
187229
187234
187241
187240
187267
187269
187300
187329
187339
187343
187342
187345
12390
187350
187370
187386
187387
187125
170080
187395
187410
187413
187419
187426
187396
187296
187453
187464
187472
187487
187491
187503
187506
187511
187523
187528
187529
187533
187545
187562
187566
187578
187592
187606
187531
187533
187617
187656
187661
187675
187680
187683
187688
187696
187704
187722
187726
187728
170105
187732
187741
187774
187800
187803
187834
187840
187847
187851
187863
187869
187886
187887
187906
187927
187937
187955
187964
187897
187966
187987
187984
188000
188014
188020
188026
188037
188047
188059
188062
188066
188078
188086
188097
188186
188210
188217
188277
188289
188301
188319
188341
188434
188457
188476
188500
188526
188529
188533
188544
188558
188561
188597
188626
188628
188632
188664
188678
188695
188713
188719
188727
188745
188752
188766
188784
188793
188805
188811
188832
188845
188847
188853
188866
188876
188874
188881
188899
188916
188942
188949
188978
188926
189006
189027
189028
189046
189052
189053
189058
189052
189131
189138
189141
189232
189263
189296
189298
189304
189355
189370
189372
189421
189436
189448
189467
189470
189473
189481
189482
189498
189544
189547
189561
189557
189564
189565
189564
189583
189585
189588
189597
189618
189630
189634
189663
189666
189674
189295
189684
189687
189684
189704
189706
189717
189761
189771
189787
187747
189795
189800
189817
189821
189832
189852
121126
189869
189878
189879
189885
189889
189905
189926
189933
189951
189963
189996
190012
190022
190026
190078
190098
190106
190136
190152
190168
190203
190244
190268
190279
190296
190349
190351
190356
190369
190378
190418
190421
190147
6681
190427
190429
190464
190468
190491
190501
190505
190530
190533
190550
190559
190579
190596
190609
190622
190651
190665
190668
190708
190709
190743
190766
190779
190796
190811
190816
190823
190832
190846
190865
190873
190876
190877
190917
190922
190926
190927
190926
190960
190959
190964
190976
190994
191019
191035
191038
191053
191067
191072
191093
191095
191128
191142
191146
191192
191203
191248
191267
191280
191292
191340
191449
191518
191527
191529
191533
191551
191558
191567
191576
191582
191591
191602
191625
191627
191625
191628
191631
191634
191655
191668
191699
191710
191717
191725
191747
191768
191773
191795
191816
191822
191854
191856
191898
191912
191915
191698
191936
191960
191972
191973
191977
191979
192021
192031
192044
192060
192110
192135
192142
192186
192207
192224
192229
192236
192238
192254
192257
192269
192274
192290
192308
189588
192325
192333
192345
192355
192361
192366
192409
192417
192427
192456
192464
192483
192495
192498
192529
192537
192542
192578
192582
192605
192608
192643
192648
192658
192699
192708
192731
192730
192754
192763
192791
192796
192799
192803
192812
192814
192816
192842
192851
192877
192883
192894
192921
192929
192948
192984
193002
193010
193026
193031
193032
193040
193049
193098
193160
193169
193184
193185
193190
193227
193246
193247
193305
193312
193355
13159
193357
193356
193365
193368
193378
193397
193400
193418
193426
193441
193449
193458
193472
193499
193510
193530
193624
193627
193632
193636
193640
193669
193702
193723
193735
193737
193742
193744
193789
193813
193835
193838
193865
193885
193912
193911
193920
193921
193920
193934
193952
193957
193958
193994
194043
194057
194058
194064
194081
194084
194082
194086
194101
194136
194140
194202
194229
194246
194260
194263
194267
194282
194333
194339
194413
194429
194449
194469
194547
194569
194582
194595
194597
194659
194666
194673
194688
194591
194705
194709
194714
194685
194721
194738
194754
194783
194792
194790
194805
194822
194831
194834
194895
194918
194925
194930
194953
194972
194890
194976
195013
195016
195026
195055
195062
195070
195098
195100
195130
195252
195262
195271
195275
195294
195313
195335
195391
195396
195402
195413
195415
195434
195433
195472
195478
195484
195533
195627
195665
195725
195755
195778
195818
195846
195856
195874
195882
195909
195917
195959
195994
196021
196028
196031
196060
196097
196098
196139
196141
196139
196161
196164
195840
196178
196216
196233
196240
196241
187836
196240
196246
196256
196261
196288
196328
196355
196356
196364
196366
196397
196421
196464
189585
196481
196490
196491
196532
196544
196558
196579
196624
196648
196714
196736
196752
196784
196800
196826
196904
196905
196926
196931
196943
196987
197014
197039
197040
196784
197056
197064
197075
197110
197115
197122
197199
197202
197274
197278
197319
177600
197340
197360
197372
197439
197390
197445
197485
197504
197580
197609
197618
197645
197658
197684
197690
197695
197717
197744
197803
197853
197926
197968
197981
197988
198005
198023
194413
198025
198078
198080
198130
198145
198153
198173
198177
198178
198177
198216
198241
198246
198249
198265
198272
198246
198351
198359
198367
198375
198395
198419
198431
198443
198453
198461
198472
198487
198500
198510
198514
198520
173715
198560
198562
198577
198590
198603
198611
198648
198653
198655
198666
198667
198666
198682
172206
198690
198699
198715
198721
198725
198739
198758
198769
198790
198792
198820
198825
198837
198845
198880
198884
198892
198900
198914
199007
199031
199062
199073
199095
199118
199126
199141
199177
199219
199221
199224
199294
199295
199294
199308
199332
199335
199347
199364
199381
199388
199422
199426
50074
199474
199534
199568
199591
199614
199635
199646
199648
199653
199681
199599
199636
199737
199749
199776
199793
199798
199799
199836
199847
199890
199944
199964
200102
200114
200128
200164
200171
200179
200192
200195
200218
200261
200339
200354
200401
200408
200474
200496
200505
200509
200569
200659
200669
200688
200717
200752
200780
200913
14100
200922
200945
200980
201048
201067
201083
201085
201133
201136
201177
201207
201276
201340
175252
201372
201376
201397
201418
201431
201442
201447
201504
201513
201524
201529
201536
201539
201621
201647
201680
201697
201730
201739
201845
201853
201908
201942
201976
201996
201905
202012
202025
202044
202073
202106
202138
202140
202120
202209
202249
202333
202382
202417
197803
202440
202471
202484
202487
200432
202645
202693
202701
202720
202746
196288
202802
202845
202874
202917
202984
203051
203123
203198
203270
203279
203304
203345
203346
193246
193247
203370
203371
193184
203386
203397
203500
203505
203530
203609
203721
203767
203879
203982
203990
204002
204008
204079
204116
204136
204153
204168
204199
204257
204275
204431
204496
204531
204551
204594
204658
204704
204708
204718
188240
204720
204762
204768
204771
204779
204800
204762
204870
204876
204888
204915
204944
205258
205269
205306
205318
205329
205345
205487
205488
205516
205523
205605
205623
205628
205632
205634
205632
205706
205723
205747
184005
205770
205799
205834
205854
106624
205858
172254
205911
205937
205947
205954
205956
205880
206016
206068
206077
206122
206237
206252
206261
206372
206442
117308
117306
206476
206490
206522
206591
206597
161131
206686
206668
206743
206824
206839
206846
206926
206941
207006
207056
207075
207085
207094
207148
207151
207205
207243
181106
207312
207324
207336
180928
207380
207421
207445
207477
207502
207630
207633
179941
207698
207756
207791
207818
207841
207905
207924
207972
179151
207976
179023
207997
208185
208214
208221
208227
208249
208266
178324
208301
208356
208361
208415
208495
208534
208594
208602
208821
208868
208886
208915
208914
208957
176149
208986
209025
209146
209159
209146
209145
209167
209266
209360
209367
209399
209440
209553
209559
209605
209708
209784
209814
209846
209917
209967
209982
153930
210063
210065
210140
210158
210196
210267
210357
210359
210366
116101
210388
210399
138098
210451
210459
210466
210481
210488
210489
210495
210505
210524
210548
210552
210603
210696
173083
210767
210840
210874
210917
210961
210963
211003
211009
211015
211068
211071
211109
211148
211159
211166
211189
211210
211261
203202
211293
211302
148197
211348
211350
211393
211414
211478
211517
211522
211589
211610
211655
169998
211681
211690
211710
211789
211793
211816
211875
211959
211999
212011
212155
212170
212177
212196
212206
212220
212249
212256
212267
212284
212321
212334
212444
212468
212604
212672
212674
212693
212762
212769
212823
212831
212969
212832
213074
213079
213092
213219
213228
213245
213246
213373
213417
213437
213523
213598
213754
213767
213846
213897
213952
213985
213997
214018
214054
214079
214095
214279
214306
214308
214316
214342
214399
132004
214419
214439
214540
214554
214566
214577
214605
214658
214680
214705
214735
214738
214812
214844
214848
214878
214912
214931
214948
214981
215067
215096
215123
146146
215190
214904
215195
215297
215324
215379
215394
215395
215413
215414
215468
215520
215535
215558
215583
215606
215618
215679
215682
215704
175505
215726
215751
215859
215899
215927
28146
99799
215928
215945
216003
216028
216050
216067
216072
216085
216121
216393
216467
216479
216530
216534
216556
216580
216595
216600
216601
216639
216650
216715
216745
216763
216813
216851
216881
216991
217012
217015
217033
217059
216966
217081
81311
217102
217113
217120
216933
216966
217178
216992
216991
217210
217228
157475
217235
217237
217253
217266
217337
217396
217423
217442
217552
217576
217587
217624
217627
217681
217698
217777
217791
217809
218006
218037
218047
218071
218118
156637
218196
218218
109825
218220
218223
218246
218291
218334
218374
218448
218479
218481
218520
218536
25681
218544
218567
218591
218618
218663
218703
218737
218785
218787
218790
218818
218827
188026
218836
218850
218868
218886
218948
218971
219021
219042
219057
219112
219125
219135
219165
219192
219207
219220
219278
219310
219381
219393
219430
219174
219429
219503
219516
219549
219398
219589
219591
219648
219667
219682
219681
219707
219723
219761
219767
219855
219858
219909
219943
220036
219915
220090
220098
220147
220190
220192
220222
220250
220282
220281
220303
186993
186874
220314
220344
220490
220506
220516
220552
220556
220524
220591
220598
220624
220643
220647
220728
220734
220758
220786
220807
168813
220849
220858
220889
221004
221062
221065
221088
221121
221168
221173
221183
221184
221203
221215
221216
221215
221254
221265
221295
221300
221312
221295
221332
221346
221387
221408
221419
221442
221446
221540
221550
221553
221567
221588
221591
221663
221714
221766
221893
221896
221908
221952
221970
221980
222048
222053
222131
222159
222220
222255
222273
222306
222311
222334
222333
222416
222395
222430
222463
222490
222519
222522
222528
222550
222583
222622
222665
222778
160896
222780
222806
222825
222857
222885
222943
222947
137317
222985
222987
223035
223055
223059
223114
223157
223165
223295
223316
223455
223484
223515
223519
223536
223551
223585
223584
223618
223658
223756
223830
219453
223835
223906
223912
224055
224068
224087
224090
223911
223774
224136
224187
224192
224248
224249
224313
224341
224345
224378
224398
224378
224405
224416
224427
224465
224467
224471
224518
224532
224538
224549
224599
224602
224615
224632
224636
224639
224643
224658
224636
224766
224799
224806
224830
224843
224846
224857
224983
224997
225015
225030
225082
225113
225192
225257
225269
225291
135719
225302
225336
225391
225404
225452
225451
225524
225551
225568
225592
225594
225592
225633
225696
225711
225721
225727
225738
225766
225769
225850
225897
225909
225928
225975
226038
226099
226113
226160
224435
226201
226252
226280
226321
226342
226376
226382
226411
226423
226434
226467
226498
226520
226562
226588
226698
226732
226740
226745
226768
226788
226791
226830
226904
226989
9116
227107
227230
227232
227281
227287
227315
227316
227334
227363
227386
227416
227460
227315
227479
227530
227551
193181
227577
227660
227662
227671
227747
227750
227757
227794
227832
227841
227851
227861
227887
227900
228039
228083
228158
228164
228188
228201
228207
228222
228235
228266
228330
228401
228482
228530
228569
228571
228632
130751
228659
228664
228697
228743
228907
130543
228937
228938
228954
192238
228987
229081
229095
229259
192014
229303
229332
229343
229344
229397
229409
129390
229421
229443
229499
229512
229620
229636
229650
229684
229706
229710
229713
229808
229871
229879
229900
229908
229710
229959
229976
229991
230001
230128
230190
230193
230211
230254
230266
230330
230355
230374
230178
230419
230463
230468
230482
230489
230505
230514
230583
230584
230682
230788
230843
230846
230863
230946
230953
231016
231031
231080
126462
231175
231229
231235
231258
231293
231305
231330
231333
231342
231387
231406
231434
231438
231497
231510
231607
231633
231659
231717
95702
231727
231774
231369
231782
231799
231836
231844
231870
231894
231896
231911
231956
232050
232055
232082
232124
232143
232158
232222
232224
232294
232306
232308
232426
232431
232437
232492
232542
232582
232613
232615
232647
232729
232761
232772
232783
232816
232878
180755
232883
232889
232853
232959
233034
233112
233155
233164
233201
233209
233233
233270
233353
233429
233467
233507
233615
233622
233288
233720
233735
233787
233882
233914
233960
233965
234191
234200
234206
234207
234274
234316
234346
234353
234386
234483
234500
180136
234542
234551
234641
234679
234739
234781
234810
234811
234833
234835
234877
234991
235052
235055
235105
235108
235109
235125
235169
235230
235234
235297
235312
235332
235337
235522
235635
235683
235696
235723
235785
235819
235836
235856
235869
235920
236124
236138
236195
236226
236263
236281
236292
117544
236349
236399
236414
236474
236501
236612
189247
189283
236647
236663
236674
236675
236703
236717
236724
236764
236809
236862
236868
236920
236921
236941
237023
18991
237054
237137
237156
236843
237223
237268
237294
237345
237349
237352
237357
237414
133413
237450
237553
237591
237612
237662
21230
237700
237725
237738
237889
237906
237920
238013
238032
238099
238105
238137
177959
238165
235252
238168
238201
238243
238292
238346
238356
238382
238401
238454
238457
238473
238514
238549
238608
238676
238699
238733
238761
238800
7961
238844
239008
239022
239108
239142
239193
111452
239226
187975
239084
239294
239398
239450
239453
239570
110662
239588
239591
239600
239616
239630
239688
239813
239815
239835
239848
239856
239876
239890
100717
239915
240085
240102
240115
240172
240240
240287
240289
240332
186764
240346
240416
240448
240479
240483
240519
240528
20117
240543
240574
240611
240630
240662
240697
240712
240841
240852
240878
240910
240925
240938
240971
240984
108322
109400
108322
241040
3520
241266
241295
241400
241451
241475
241488
241539
241552
241563
241566
241588
241620
241674
241696
241745
241771
125282
241778
241858
241912
241935
241964
242002
242132
107475
242157
242220
242270
108873
242286
242308
242451
242514
242533
242656
242684
242685
242711
242716
242729
242752
242803
242807
242835
242451
242857
242864
242975
242993
243014
243031
243084
243133
243191
243213
243216
243223
243290
243328
243335
243377
3231
105266
243407
243494
243511
243555
243562
243710
243792
243893
243904
243925
243940
243979
243991
243988
244034
244054
244121
244163
244201
244207
244334
244338
244348
244356
244359
244451
244468
244538
244540
244574
244624
244627
244626
244649
244662
244688
244695
244735
244738
244759
244768
244785
244830
244868
244893
244926
244930
244951
244967
245004
245062
245143
245192
245195
245250
245248
245293
233823
245351
245482
245545
245573
245650
245653
245660
245673
245764
245783
245805
246069
246077
246089
246208
246257
246286
246293
246421
246527
246618
246652
246673
246805
246923
246979
247006
247082
247084
247087
247132
247150
247160
247150
247232
169103
247254
247261
247345
247371
247384
247398
247447
247465
247484
247524
247533
247541
247602
247613
247616
247693
247718
247784
247823
247906
145611
247918
248020
248023
248057
248063
248102
248137
248299
248371
248403
248438
248469
248494
248507
248572
248643
248804
248806
248818
248834
248849
248851
248868
248572
248892
248923
248924
248940
248989
249000
249002
249000
249004
249040
249091
249095
249139
106764
176901
249147
249161
249163
249176
249277
249301
249302
249305
249329
249374
249413
249416
249423
249515
249572
249709
249717
249735
249796
249802
175560
249814
249902
249919
249932
250019
250049
250080
250123
250169
250221
250279
250294
250302
250370
250440
249669
250447
250466
250508
250522
250563
250693
250729
250767
250885
250891
250892
250901
250929
250932
250983
251060
251065
251086
251174
251230
251234
251285
251315
251314
251375
251391
96345
251330
251399
251341
251407
251413
251475
251561
251578
251593
251634
251726
251731
251735
251742
251762
251850
251853
251867
251868
251934
251965
252004
252008
252059
252090
252106
252139
252216
252220
252223
53557
252234
252244
252369
252386
252418
252525
252540
252541
252577
252659
252675
252686
252692
252753
252771
252766
252795
252801
252525
252806
252819
252903
252948
252955
110854
253000
253055
253076
253090
253121
253156
253174
253208
253252
253283
109374
253289
253307
253340
253341
253348
253403
253410
253456
253501
253535
161183
161388
253537
253544
253555
253604
253657
253751
253786
253804
117755
253843
253845
253860
253904
94896
253913
253937
254003
253501
254079
254144
254156
254176
254302
254338
254431
254455
254563
254591
254662
254691
254701
254714
254778
254811
254865
254868
254936
254963
254976
254977
255000
255060
255105
255174
255213
255231
255266
255293
255358
255369
255388
255391
255431
255469
255266
255475
255481
255551
94086
255603
255607
94095
255619
255636
255767
255790
255802
255859
255862
255884
255896
255898
255939
255970
255993
256024
256035
256049
256051
256070
256084
93295
256173
256185
255939
256187
255939
256238
256247
256364
256369
256669
256682
256745
256775
107037
106560
256795
256811
256817
256902
256981
257006
257048
257066
233719
257069
257096
257098
257121
257123
257121
257125
256810
257200
257218
256682
257225
256785
257263
257294
257295
257345
257380
257384
257397
257441
257453
257540
257553
257585
257635
257646
257670
257696
92401
257800
257815
257823
257836
257875
257882
257887
257913
257965
257860
257988
258007
258047
258056
258060
258096
258167
258192
258236
258258
258265
258299
258319
2555
258324
91546
258377
258397
91718
258405
258431
258452
258464
258470
4508
258515
258662
258673
258728
258754
258766
258800
258806
258814
258812
258853
258857
258883
258887
258917
258939
258952
259028
259035
90653
259084
259115
259150
259157
259235
259070
259254
259354
259393
259427
259433
259517
259542
259559
259572
259580
259582
259663
259692
259697
259706
259751
259825
103778
259886
259917
259971
103638
259993
260034
260038
260065
70956
260069
260100
260104
4687
260162
260196
259129
260034
260266
260271
260381
260517
151949
260555
260574
260578
260579
260716
260758
260768
260809
260827
260836
260837
260838
260870
260943
260958
260998
261020
261025
261056
261066
261086
261127
261181
261247
261270
261301
261346
261384
261388
261445
261476
261490
87846
261529
261562
261559
261583
261626
261631
261715
261740
261748
261750
261817
261841
261875
261886
261933
4458
261979
262014
262043
262064
262067
262116
262160
262167
262168
262226
262224
262268
262296
261875
127066
127067
262306
262345
87173
87171
262356
262390
262404
2417
262465
262553
262570
262600
262645
262683
262710
262744
262750
262765
262792
262821
262846
262881
262925
262939
262988
263042
263072
263066
263095
263122
263129
263165
263219
263274
263315
85150
263342
263362
263390
263421
149211
263449
263502
263552
1106
263647
263674
263683
263690
263705
263753
263866
263910
263963
263967
263982
263986
264031
264050
264078
264088
264098
264111
264117
264128
85199
264130
264148
264239
264250
264042
264278
264326
264335
264342
264371
264401
264434
264435
264445
264455
264468
264478
264485
264545
264563
264568
264578
264584
264622
264630
264659
264665
264682
264733
264757
264568
264816
264825
84079
264841
264859
264866
264872
264906
264942
264971
265031
265106
265121
265133
265138
265164
265196
265200
265229
265307
265397
265511
265595
265608
265667
265673
265764
265781
265783
265860
265913
265955
265971
265980
266058
266075
266085
266116
266118
98120
266277
266346
266353
266393
266425
266426
266436
266515
266535
266552
266605
266627
266706
266714
266792
266859
266881
266924
266945
266952
267016
267046
267059
267076
267120
267139
267158
267190
267195
267206
267211
267214
635
267240
267243
267278
267325
267364
267255
267158
267425
267430
267456
267473
267474
267500
267502
267535
267538
267542
267550
267564
267596
267613
267635
267701
267704
267732
267772
267783
267850
267859
267863
267879
267895
267901
267956
267981
268065
268103
268145
268186
268194
268217
268242
268245
268281
268325
268364
96871
268365
268392
268428
268479
268500
268525
268530
268609
268661
268741
268765
268784
268796
268564
268822
268879
268903
268921
268931
268991
268996
269054
269055
269094
269265
269340
269391
269405
269415
269445
269470
269495
269523
187060
269528
269601
269638
269642
269679
269687
269752
269922
269983
270122
270145
270190
270206
270276
150334
270282
270341
270421
270472
270490
270529
270541
270581
270584
270588
270598
270616
270742
270763
270766
270775
270801
270816
270825
270856
270887
270901
270900
270989
271011
271030
271116
271168
271189
271255
271186
271322
271342
271351
271428
271547
271554
271588
271176
271623
271646
271666
271685
271727
271742
271757
271797
271810
271843
271878
271883
271899
271915
271851
271917
271928
271942
271612
271944
271971
271974
272062
272103
149033
272109
272160
272188
272314
272343
272364
272438
272484
272530
272561
272607
272647
272857
272905
272909
272936
273000
273034
273119
273147
273181
273254
273282
273281
273285
273296
273300
273304
273311
273447
273465
273517
273544
273559
273704
273713
273736
273771
273816
273821
273822
273852
273885
273888
273955
273997
274012
274029
274111
274164
274202
274258
274260
274268
274270
274284
274301
274306
274330
274337
274351
274353
274383
274440
274447
274491
4965
274613
274617
274677
274699
274706
274733
274740
274757
274758
274802
172622
274877
274941
274945
274972
274989
275005
275029
275051
275089
275167
275225
275230
275298
275317
275369
275467
275482
275495
275523
275549
275550
275557
275624
275680
45742
275688
275724
275738
275744
275791
275858
275877
275887
71383
275917
275950
275968
276010
276015
276025
276031
276047
276058
276073
276128
276183
276198
69847
69846
70046
276210
276254
276301
276317
276322
276392
276400
276410
276442
276477
276482
276523
276526
276532
276535
276547
89528
276551
276628
276627
276646
276663
276755
276835
276864
276913
276920
276938
276966
276993
277073
277070
277079
277129
277148
277153
277218
115858
277228
277250
277253
277293
277320
277358
277359
277364
277390
277423
277445
277529
277548
277546
277573
277591
277664
277696
277706
277737
277744
277783
68837
277553
277792
277796
277801
277898
277969
277977
277991
278093
278102
278120
278123
66987
278180
278186
278203
278260
278265
278283
278281
278287
278356
278374
278390
278425
278562
66851
278631
278656
278676
278712
86330
152746
278712
86213
278719
278771
278772
278776
278269
278827
86055
278843
278877
278883
278892
278804
278921
278919
278943
278938
278979
278997
279030
279037
279055
279069
279080
279115
279118
279160
279175
279198
279219
279287
279289
279323
279354
279372
279432
279477
279490
279525
279544
279557
279597
279681
279743
279782
279824
279877
279886
279914
279912
279928
279933
279939
279943
279959
280023
280029
280052
280066
280074
280090
280101
280141
280181
280222
280284
280294
280306
280319
280323
280342
280284
280395
280421
280427
280458
280515
280518
280564
280566
280654
280694
265615
280753
280784
280792
280865
280546
280892
280927
280944
280956
280963
280972
280993
281016
281063
281099
281104
281135
281190
281196
281251
281317
163804
281361
281367
281405
281436
281520
281460
281523
281548
281592
281642
281676
281706
281728
281746
281749
281808
281862
281891
281918
281928
281969
70933
282011
282087
281794
282117
282138
282161
282174
282248
282280
282324
282359
282499
282516
282520
282602
282603
282580
282634
282682
61207
61206
282693
282720
282730
282742
282749
282802
282848
282860
282865
282909
282918
282933
282945
282962
282968
282966
60229
282989
283107
283110
268784
283135
283192
283208
283239
283319
283562
283590
283602
283611
283645
283666
283638
283684
283712
283727
283740
283771
283867
283897
283924
283964
283971
59007
283981
283994
284025
284094
284111
284146
284196
284240
284266
284276
284302
284332
284363
284386
284402
284437
284503
58068
284536
284557
284566
284565
284585
284665
284734
284752
284754
284766
284784
284803
284806
284818
284917
284927
284984
285037
78216
285047
285061
285078
285091
285132
285174
285231
285232
285266
285267
285309
285411
285480
285492
285509
285574
285615
285753
285773
285847
285861
285873
285894
285906
285953
285997
286023
286045
286090
286152
286184
286210
286219
286236
286239
286339
286373
286381
286412
286430
286459
286486
286492
286523
286595
286632
286656
286672
286675
286699
286708
286740
286745
286801
286814
286834
286846
269890
286877
286899
286937
286966
287006
287063
287108
287138
287148
287157
287198
287222
287263
287285
287301
287305
287329
287386
287397
287449
287462
287491
283666
287566
287622
287654
287664
287681
287690
287697
287703
287705
287725
287756
287776
56185
287787
287798
287811
287703
287823
287914
287940
288046
288104
288121
288148
288158
288172
288265
75533
288270
288277
288359
288389
288440
288475
288504
288510
288602
288646
288650
288736
288737
288802
288816
288968
288969
288981
289060
289062
289060
289079
289128
289169
289186
289275
289506
289538
289563
289575
289771
73715
289786
289804
289843
289927
289888
289956
289927
289980
289994
290023
290040
290168
290222
290226
290261
290210
290294
290340
290363
290540
290555
290612
290615
290752
290783
96175
290821
290881
290957
291046
291084
291102
291213
291225
291268
291332
291388
291506
291537
291657
291660
291663
291680
291679
291682
291733
291753
291768
291804
291826
291930
291942
291883
291882
291958
291992
284709
292020
292046
292089
116597
292152
292162
292185
292316
72668
292415
292489
292501
292522
292542
292660
292693
292761
292770
292796
292851
292865
292924
292933
292974
293004
293047
293130
293162
293246
293308
293325
293344
293184
293368
293429
293489
293499
293502
293609
293615
293632
293691
293730
293777
293779
293790
293803
293834
293929
293935
293970
294056
294087
294099
294297
294366
294464
294499
294520
294528
294532
294619
294626
294627
294619
294634
294646
48789
294688
294722
294837
283685
294863
294899
294919
294960
294901
294964
295027
295029
295052
295119
295153
295304
295349
295354
295403
295408
295447
47895
295454
295388
295559
104767
295591
295610
295662
47482
295678
295735
295678
295746
295749
295818
295856
295909
295949
296021
296039
296123
296236
296237
296261
296266
296372
296395
296422
296469
296472
296553
296559
296589
296618
296627
63085
296681
296815
296852
296853
296891
296973
297053
123943
297068
297120
297173
297194
297045
297257
297276
297308
297310
297407
297418
297504
297509
297551
297552
297586
297714
297744
297698
297794
297796
297833
297956
297963
298004
298048
298154
298157
298274
298284
298315
298360
298366
298382
298381
298393
298399
298403
298442
298498
298511
298601
298622
298630
298650
298647
298670
298622
298822
298868
298876
298893
298897
298924
298927
298934
298980
299104
299135
299151
299166
299186
299206
299255
299259
299325
299386
299392
299429
299560
299594
299602
299680
299685
299697
299744
299825
299829
299921
299934
299744
299971
