1
46
56
146
161
179
221
237
306
402
500
546
577
585
672
698
784
829
884
919
946
1022
1033
1038
1043
1050
1048
1058
1072
1079
1076
1081
1087
1198
1279
1323
1325
1323
1331
1333
1336
1024
1339
1340
1343
1344
1349
1031
1026
1358
1363
1344
1373
1374
1382
1387
1396
1374
1400
1404
1409
1426
1477
1503
1520
1532
1538
1661
1663
1665
1687
1697
1769
1806
1808
1806
1891
1913
1915
1933
1944
1951
1952
1939
1951
1958
1963
2021
2051
2059
2063
2082
2090
2102
2105
2109
2129
2146
2150
2154
2180
2187
2192
2222
2314
1919
2310
2313
2310
2322
2324
2330
2334
2340
2342
2340
2392
2435
2456
2480
2488
2492
2494
2495
2502
2526
2569
2573
2654
2690
2704
2721
2738
2745
2753
2759
2821
2831
2843
2873
2887
2889
2899
2907
2917
2929
2981
3052
3082
3091
3094
3101
3098
3105
3114
3116
3114
3122
2345
3158
3205
3216
3219
3229
3237
3241
3246
3259
3265
3270
3284
3267
3287
3304
3325
3343
3361
3373
3390
3423
3429
3433
3440
3140
3459
3467
3466
3484
3486
3501
3514
3554
3556
3575
3578
3600
3607
3617
3623
3631
3655
3690
3778
3787
3799
3804
3806
3804
3812
3816
3822
3844
3459
3884
3903
3912
3918
3915
3923
3924
3923
3927
3934
3944
3948
3959
3965
4038
4084
4092
4145
3886
3884
3508
4147
4145
3886
3508
4158
4200
4215
4225
4228
4231
4237
4242
4253
4278
4313
4357
4372
4383
4386
4389
4399
4405
4092
4408
4438
4463
4471
4474
3508
3884
3886
4145
4500
4511
4513
4531
4532
4534
4542
4552
4582
4657
4702
4708
4709
4711
4716
4718
4734
4747
4781
4799
3884
4148
4474
4818
4828
4847
4864
4873
4927
5021
5024
5051
5056
4390
5062
5066
5070
5087
5109
5129
5128
5151
4474
5154
5185
5205
5211
5221
5231
5234
5242
5239
5244
5251
5259
4875
5263
5268
5378
5384
5399
5401
5394
5392
5456
5458
5461
5465
5456
5461
5471
5470
5467
5474
5479
5478
5482
5491
5474
5485
5488
5498
5471
5480
5506
5503
5510
5472
5515
5129
5518
5129
5513
5467
5539
5541
5539
5544
5548
5555
5554
5558
5559
5566
5570
5573
5578
5583
5594
5459
5478
5598
5610
5577
5574
5612
5544
5639
5641
5647
5659
5662
5671
5676
5693
5699
5720
5854
5866
5891
5900
5908
5503
5911
5907
5919
5927
5925
5928
5935
5559
5560
5938
5941
5558
5947
5950
5947
5956
5929
5962
5573
5964
5967
5962
5973
5992
5994
6003
6023
6035
6039
6040
5682
6045
6060
6061
6118
6163
6184
6191
6194
5063
6196
6193
6206
6205
6215
6319
6322
6331
6347
5930
6348
6346
6352
5930
6351
6354
6343
6361
6392
6407
6418
6412
6421
6423
6438
6442
6446
6455
6465
6513
6535
6575
6578
6583
6579
6603
6614
6701
6760
6818
6826
6845
6855
6860
6868
6351
6870
6868
6352
6873
6877
6879
6880
6885
6905
6923
6403
6922
6927
6929
6934
6940
6950
6951
6956
6980
6996
7099
6577
7103
7111
7114
7111
7119
7139
7142
7162
7181
7183
7186
7180
7181
7195
7208
7230
7235
7240
7244
7247
7251
7259
7273
7278
7285
7289
7322
7276
7328
7343
7341
7345
7382
7462
7482
7498
7503
7510
7526
7523
7528
7530
6932
7539
7552
7556
7554
7558
7561
7564
7561
7573
7576
7592
7588
7594
7589
7596
7594
7589
7601
6955
7605
7610
6950
7611
6950
7616
7626
7663
7678
7749
7754
7760
7764
7139
7771
7774
7126
7778
7791
7803
7808
7805
7809
7265
7850
7851
7861
7869
7874
7885
7341
7887
7895
7893
7916
7902
7343
7345
7885
7928
8020
8029
8036
8068
8074
8080
8056
8085
8087
8092
8102
8106
8178
8218
8235
8239
8257
8261
8264
8266
7758
8293
8297
8366
8381
8388
8393
8391
8474
8485
8520
8534
8536
8043
7554
8545
8087
8564
8576
8695
8712
8232
8713
8720
8726
8716
8731
8735
8738
8745
8753
8767
8770
8764
8778
8835
8832
7877
8850
8852
8850
8859
8863
8864
8985
9016
8537
9021
8071
9024
9028
9031
9036
9042
9045
9126
8235
8236
8240
9134
9139
8740
9145
9157
9162
9164
9162
9169
9162
9177
9175
9256
9275
8859
8387
9276
9279
9276
9289
9355
9369
9379
9381
9408
9415
9419
8524
9420
9427
9436
9439
9445
9455
9473
9482
9487
9491
9495
9500
9508
9515
9527
9592
9642
9657
9141
9150
9667
9664
8753
9670
9682
9758
9783
9847
9893
9897
9907
9909
9920
9921
9940
9941
9962
9976
10079
10080
10081
10087
10092
10096
10110
10114
10116
10125
10130
10131
10130
10125
10217
9748
10227
10228
10233
9758
10228
10227
10239
10240
10239
10249
10257
10317
10337
10360
10363
10372
10394
10406
10421
10526
10531
10533
10537
10533
10543
10526
10079
10553
10555
10549
10573
10572
10578
10596
10638
10219
10217
10660
10678
10690
10790
10803
10828
10833
10836
10840
10839
10843
10853
10865
10976
10991
10992
11009
10573
10572
11006
11035
11039
11064
11094
11095
11094
11112
11117
11133
11202
11215
11226
11238
11256
11259
11262
11270
11289
11293
11296
11305
11314
11325
11330
11331
11342
11348
11374
11393
11466
11493
11498
11500
11506
10987
11512
11518
11529
11534
11519
11554
11558
11559
11567
11564
11604
11605
11613
11614
11623
11628
11112
11651
11686
11751
11784
11223
11799
11814
11848
11851
11863
11869
11872
11875
11884
11891
11893
11889
11896
11888
11892
11928
12036
12037
12036
12039
12036
12043
12044
12049
12051
12036
12039
12061
12073
12100
12120
12133
12104
12137
12133
11529
12142
12174
12176
12180
12177
12185
12194
12088
12192
12198
12211
12216
12227
12234
12244
12246
12244
12251
12266
12274
12252
12192
12318
12339
12378
12384
12396
12399
12419
12437
12447
12448
12447
12450
12448
12447
12455
12457
12462
12471
12472
12474
12475
12472
12484
12498
12510
12498
12499
12515
12474
12475
12519
12523
12527
12523
12536
12538
11891
12540
12550
12535
12510
12545
12562
12520
11885
12564
12518
12565
12573
12531
12582
12583
12582
12592
12591
12628
12665
12745
12757
12760
12761
12769
12777
12789
12838
12899
12944
13049
13038
13083
13092
13108
13114
13117
13130
13139
13157
13182
13267
13270
13267
13274
13376
13379
13381
13384
13390
13380
13396
13411
13419
13422
13431
13440
13449
13454
13459
13446
13467
13483
13486
13490
13488
13511
13512
13518
13525
13666
13667
13668
13673
13678
13728
13731
13732
13736
13738
13742
13751
13755
13763
13753
13791
13794
13834
13827
13840
13849
13857
13864
13889
13901
13967
13988
13984
13992
13997
14008
14040
14053
14059
14063
14064
14079
14060
14080
14084
14092
14095
14106
14119
14099
14113
14116
14127
14139
14146
14155
14157
14161
14167
14191
14184
14162
14182
14188
14197
14205
14228
14177
14238
14256
14266
14273
14275
14277
14280
13503
14290
14287
14310
14315
14339
14402
14420
14501
14508
14506
14517
14569
14089
14082
14088
14125
14082
14571
14604
14638
14658
14662
14664
14665
14671
14675
14684
14686
14698
14711
14312
14734
14745
14777
14806
14895
14898
14909
14917
14965
14976
14974
14145
14977
14976
14974
14145
14146
13375
14981
14998
15000
15023
15031
15033
15039
15052
15051
15063
15086
15103
15126
15135
15224
15307
15319
15348
15399
14977
14976
14146
15400
14145
15424
15437
15442
15445
15452
14688
15458
15460
15461
15468
15489
15490
15489
15547
15574
15578
15577
15590
15658
15683
15682
15688
15692
14894
15695
15683
15698
15706
15319
15710
15718
15708
15754
15764
15399
15763
14977
15767
14146
15793
15820
15829
15832
15820
15829
15839
15850
15853
15855
15866
15874
15902
15930
15992
15577
15994
15193
15577
15995
15577
15994
15996
16010
16092
16104
15678
16105
16113
15700
16225
16231
16237
16236
16253
15822
16261
16289
16354
16387
16446
16465
16483
16492
16496
16502
16507
16509
16122
16521
16544
16551
16597
16608
16614
16634
16643
16646
16657
16716
16748
16750
16748
15988
15574
16759
16782
16803
16836
16871
16874
16876
16884
16885
16884
16890
16942
16953
16968
16979
16990
17001
17014
17013
17031
17032
17044
17050
17052
17074
17083
17086
17092
17148
17165
17223
17249
17319
17320
17319
17324
17323
17328
17334
17355
17378
17440
17443
17464
17473
17474
17483
17495
17517
17522
17532
17582
17605
17614
15995
16750
15577
15994
16748
15193
15574
15577
15994
17649
17700
17726
17729
17728
17739
17319
17746
17755
17770
17781
17842
17884
17891
17923
17935
17948
17960
17972
17982
18019
18066
18072
18075
18072
18094
18111
18137
18147
18176
18182
18226
18228
18265
18274
18277
18278
18274
18284
18291
18296
18330
18343
18357
18397
18405
18414
18420
18418
18446
18450
18455
18466
18467
18474
18486
18489
18504
18520
18527
18548
18559
18569
18584
18593
18595
18598
18118
18602
18619
18632
18721
18731
18737
18745
18746
18754
18760
18769
18773
18769
18776
18762
18778
18788
18794
18846
18855
18889
18912
18931
18949
18955
18961
18969
18971
18974
18972
18976
18992
18993
19000
19002
18998
19003
19008
19011
19013
19018
18978
19026
18992
19042
19044
19048
19051
19054
19057
19054
19059
19063
19069
19070
19072
19075
19069
19076
19092
19093
19092
19097
19093
19100
19101
19107
19108
19107
19111
19112
19119
19129
19130
19134
19136
19124
19137
19142
19140
19114
19153
19152
19155
19159
19162
19159
19160
19169
19189
19190
19152
19189
19197
19203
19205
19207
19231
19345
19347
19355
18735
19365
19370
19374
19381
19394
19395
19389
19394
19401
19460
19467
19475
19482
19513
19509
19519
19575
19578
19582
19593
19609
19614
19611
18962
19630
18969
18993
19637
19639
19016
19647
19651
19008
19005
19003
19649
19653
19656
19661
18979
19664
19674
19678
19685
19660
19693
19044
19699
19048
19043
19704
19053
19715
19721
19691
19730
19742
19712
19745
19741
19746
19752
19756
19107
19112
19764
19767
19736
19735
19776
19118
19787
19790
19799
19804
19802
19102
19093
19810
19817
19822
19819
19121
19119
19823
19836
19835
19840
19130
19842
19855
19134
19857
19859
19872
19870
19886
19889
19130
19840
19893
19146
19147
19908
19909
19913
19857
19930
19937
19946
19949
19197
19172
19951
19952
19953
19956
19960
19196
19189
19962
19980
19983
19991
19160
19159
19997
20010
19206
19205
19207
20012
20010
20022
20086
20094
20098
20133
20160
20174
20183
20187
20191
20183
20212
20214
20215
20212
20214
20224
20196
20222
20242
20220
20249
20229
20258
20295
20338
20394
20398
20399
20402
20405
20410
20412
20419
20420
20419
20424
20399
20402
20429
20435
20439
20441
20461
19664
20426
19664
20405
20424
20466
20435
20467
20435
20471
20475
20482
20477
20475
20481
20439
20441
20477
20497
19658
20501
20503
20501
20509
20451
20506
20511
20506
20447
20514
20532
19700
20533
20547
19715
19688
20506
20556
20562
20573
20579
20578
19746
20591
20595
20520
20570
19728
20520
19728
20603
20573
20572
20619
20626
19807
20641
20589
19752
20591
20642
20634
20641
19752
20634
20647
19782
20656
19790
20667
20672
20622
20678
20585
20579
20578
19748
20586
20681
20680
20685
20702
20692
20694
20705
20650
20647
20699
20707
20712
19838
20716
20722
20718
19113
20728
20669
20732
20675
20668
20752
20746
20694
20749
19821
20694
20746
20764
20771
20764
20775
20786
20785
20787
20786
20785
20793
20797
19902
20815
19895
20821
20822
20787
20833
20836
20839
20854
20814
20856
20857
20863
19953
19956
19952
20828
20886
20887
20880
20829
20879
20875
20884
20886
20894
20897
20899
20852
19944
20904
20912
20914
20883
20897
20896
20917
20926
19983
20928
19984
20938
20940
19997
19995
20943
20938
20950
20951
18643
15992
15995
17614
16750
15988
15994
15577
15574
16748
15193
15578
20959
19974
20955
20966
20917
20971
20022
20973
21033
21089
21092
21094
21144
21150
21192
21209
21214
21223
21270
21271
21270
21274
21307
21313
20394
21322
21318
20412
21362
21368
21388
21459
21469
21477
21490
21499
21509
21534
21538
21536
21590
21605
21618
21634
21650
21657
21658
21661
21658
21657
21662
21671
21683
21685
21690
21700
21722
21731
21734
20950
15992
17614
15988
21731
15988
16750
15574
17614
15992
21733
15193
15574
15578
16750
21731
21737
20951
18643
21740
21737
21744
21745
21753
21767
21775
21788
21786
21754
21798
21762
21800
21798
21762
21803
21838
21839
21855
21880
21883
21880
21889
21892
21928
21935
21843
21947
21958
21965
21998
22002
22028
15578
15193
21733
22033
22072
22074
22078
22081
22087
22074
22070
22090
22095
22099
22106
22142
16748
22199
22224
22251
22275
22306
22328
22348
22369
22428
22490
22523
