2
3
4
5
6
7
8
9
10
11
12
13
14
17
19
20
21
23
24
25
26
27
28
29
30
31
32
33
34
35
36
37
38
39
40
41
42
43
44
45
46
47
48
49
50
51
52
53
54
55
56
57
58
61
62
63
64
65
66
67
68
69
70
71
72
73
74
75
76
77
78
79
80
81
82
83
84
85
86
87
88
89
90
91
92
93
94
95
96
97
98
99
100
101
102
103
104
105
106
107
108
109
110
111
112
113
114
115
116
117
118
119
120
121
122
123
124
125
126
127
128
129
130
131
132
133
134
135
136
137
138
139
140
141
142
143
144
145
146
147
148
149
150
151
152
153
154
155
156
157
158
159
160
161
162
163
164
165
166
167
168
169
170
171
172
173
174
175
176
177
178
179
180
181
183
185
186
187
188
189
190
191
193
197
198
199
200
201
202
203
204
205
206
207
208
209
210
211
212
213
214
215
216
217
218
219
220
221
222
223
225
226
227
228
229
230
231
234
235
236
237
238
239
240
241
242
243
244
245
246
247
248
249
250
251
252
253
254
255
256
257
258
259
260
261
262
263
264
266
267
268
269
270
271
272
273
274
275
276
277
278
279
280
281
282
283
284
285
286
287
288
289
290
291
292
293
294
295
296
297
298
299
300
301
302
303
304
305
306
307
308
309
310
311
312
313
314
315
316
317
318
319
320
321
322
323
324
325
326
327
328
329
330
331
332
333
334
335
336
337
338
339
340
341
342
343
344
345
345
346
347
348
349
350
351
352
353
354
355
356
357
358
359
360
361
362
363
364
365
366
367
368
369
370
371
372
373
374
375
376
377
378
379
380
381
382
383
384
385
386
387
388
389
390
391
392
393
394
395
396
397
398
399
400
401
402
403
404
405
406
407
408
409
410
411
412
413
414
415
416
417
418
419
420
421
422
423
424
425
426
427
428
429
430
431
432
433
434
435
436
437
438
439
440
443
444
445
446
446
447
449
450
451
452
453
455
456
459
460
461
462
463
464
466
467
468
469
470
471
472
473
474
477
478
479
480
481
482
483
484
485
486
487
488
489
490
491
492
493
494
495
496
497
498
499
500
501
502
503
504
505
506
507
508
509
510
511
512
513
514
515
516
517
518
519
520
521
522
523
524
525
526
527
528
529
530
531
532
533
534
535
536
537
538
539
540
541
542
543
544
545
546
547
548
549
550
551
552
553
553
554
555
556
557
558
559
559
560
561
561
562
563
564
565
566
567
569
570
571
572
573
574
575
575
576
577
578
579
580
581
582
583
584
585
586
587
588
591
592
593
594
595
596
597
598
599
600
601
604
605
606
607
608
609
610
611
612
613
614
615
616
617
618
619
620
621
622
623
624
625
626
627
628
629
630
631
632
633
634
635
636
637
638
639
640
641
642
643
644
645
646
647
648
649
650
650
651
651
652
653
655
656
657
658
659
660
661
662
663
664
665
666
667
668
669
670
671
672
673
674
675
676
677
678
679
680
681
682
683
684
685
686
687
688
689
690
691
692
693
695
696
697
698
699
700
701
702
705
706
707
708
710
711
712
714
715
716
717
718
719
720
722
723
724
725
727
728
729
732
733
734
735
736
737
738
739
740
741
742
743
744
745
746
747
748
749
750
751
752
753
754
755
756
757
758
759
760
761
762
763
764
765
766
767
768
769
770
771
772
772
773
774
775
776
777
778
779
782
783
784
786
787
788
789
790
791
792
793
794
795
796
799
799
800
801
802
803
804
805
806
807
808
809
810
813
814
815
816
817
819
820
821
822
823
824
825
825
826
827
828
829
833
834
835
836
837
838
840
841
843
844
845
846
848
849
850
851
852
853
854
855
857
858
859
860
861
862
863
864
865
866
867
868
869
870
871
872
873
874
875
876
877
878
879
880
881
882
883
886
887
888
889
890
891
892
893
894
895
898
899
900
901
902
903
904
905
906
907
909
910
911
912
913
914
915
916
917
918
919
920
921
922
923
924
925
926
927
928
929
930
931
932
933
934
935
936
937
938
939
940
941
942
943
944
945
946
948
949
950
951
952
954
955
959
961
962
963
964
965
966
967
968
969
970
971
972
973
974
975
978
979
980
981
982
983
985
986
987
988
989
990
991
992
993
994
995
996
997
998
999
1000
1001
1002
1003
1004
1005
1006
1007
1008
1009
1010
1011
1012
1013
1014
1015
1016
1019
1020
1021
1022
1023
1024
1025
1026
1028
1030
1031
1032
1033
1034
1034
1035
1036
1037
1038
1038
1039
1042
1043
1044
1045
1046
1047
1048
1049
1050
1051
1052
1053
1054
1055
1056
1057
1058
1059
1060
1061
1062
1063
1064
1065
1066
1067
1069
1070
1071
1072
1073
1074
1075
1076
1077
1078
1081
1082
1084
1086
1087
1088
1089
1090
1091
1092
1093
1094
1097
1098
1099
1100
1102
1103
1104
1105
1106
1107
1108
1109
1110
1111
1112
1113
1114
1115
1116
1117
1118
1119
1121
1123
1124
1125
1126
1127
1128
1129
1130
1131
1132
1133
1134
1135
1136
1137
1138
1139
1140
1141
1142
1143
1144
1145
1146
1147
1148
1149
1150
1151
1152
1154
1155
1156
1157
1158
1159
1160
1161
1162
1163
1164
1165
1166
1170
1173
1174
1175
1176
1177
1178
1179
1180
1182
1183
1184
1185
1186
1187
1188
1189
1190
1191
1192
1193
1194
1195
1196
1197
1198
1199
1200
1201
1202
1203
1204
1205
1206
1207
1208
1209
1210
1211
1212
1213
1214
1216
1217
1218
1219
1220
1221
1222
1223
1224
1225
1226
1227
1228
1229
1230
1231
1232
1233
1234
1235
1236
1237
1238
1239
1240
1241
1242
1243
1244
1245
1246
1247
1248
1249
1250
1251
1252
1253
1254
1255
1256
1257
1258
1259
1260
1261
1262
1263
1264
1265
1266
1267
1270
1271
1272
1273
1274
1275
1276
1277
1278
1279
1280
1282
1283
1284
1285
1286
1287
1288
1289
1290
1291
1292
1293
1296
1297
1298
1299
1300
1301
1302
1303
1304
1307
1308
1309
1310
1312
1313
1314
1317
1318
1319
1320
1321
1322
1323
1324
1325
1326
1327
1328
1329
1330
1331
1332
1333
1334
1335
1336
1337
1338
1339
1340
1341
1342
1343
1344
1345
1346
1347
1348
1349
1350
1351
1352
1353
1354
1355
1356
1357
1358
1359
1360
1361
1362
1363
1365
1366
1367
1368
1369
1370
1371
1372
1374
1375
1376
1377
1378
1379
1380
1383
1384
1385
1386
1387
1388
1389
1390
1391
1392
1393
1394
1395
1396
1397
1398
1399
1400
1401
1402
1403
1404
1407
1409
1413
1415
1419
1420
1421
1422
1423
1424
1425
1427
1428
1429
1430
1431
1432
1433
1434
1435
1436
1437
1438
1439
1440
1441
1442
1443
1444
1445
1446
1447
1448
1449
1450
1451
1452
1453
1454
1455
1456
1457
1458
1459
1460
1461
1462
1463
1463
1464
1465
1466
1467
1469
1471
1472
1473
1474
1475
1476
1477
1478
1480
1482
1483
1484
1485
1486
1487
1488
1489
1490
1490
1492
1493
1494
1495
1496
1497
1498
1499
1500
1501
1503
1504
1505
1506
1507
1508
1509
1510
1510
1511
1512
1513
1514
1515
1516
1517
1518
1520
1521
1522
1524
1525
1526
1527
1528
1529
1530
1531
1532
1533
1534
1535
1536
1537
1538
1539
1540
1541
1542
1543
1544
1545
1546
1547
1548
1549
1550
1551
1553
1555
1556
1557
1558
1559
1560
1561
1562
1563
1564
1565
1566
1567
1568
1569
1569
1570
1571
1572
1573
1574
1575
1576
1577
1578
1579
1580
1581
1582
1583
1584
1585
1586
1587
1588
1589
1590
1591
1592
1593
1594
1597
1598
1599
1599
1600
1601
1602
1603
1605
1606
1607
1608
1611
1612
1613
1614
1615
1616
1617
1618
1619
1620
1622
1624
1625
1626
1627
1628
1629
1630
1631
1632
1633
1634
1635
1636
1637
1638
1639
1640
1641
1642
1643
1644
1645
1646
1647
1648
1649
1650
1651
1652
1653
1654
1655
1656
1657
1658
1659
1660
1661
1662
1663
1664
1665
1666
1667
1668
1669
1670
1671
1672
1674
1675
1677
1678
1679
1680
1681
1682
1683
1684
1685
1686
1688
1689
1690
1691
1692
1693
1694
1695
1696
1697
1698
1699
1700
1701
1702
1703
1704
1704
1705
1706
1707
1708
1710
1711
1712
1713
1714
1716
1717
1719
1720
1721
1722
1723
1724
1725
1727
1728
1729
1729
1730
1731
1732
1733
1734
1735
1736
1737
1738
1739
1742
1743
1745
1747
1749
1750
1751
1752
1753
1755
1756
1757
1758
1760
1761
1762
1763
1764
1765
1766
1767
1768
1769
1770
1771
1772
1773
1774
1775
1776
1777
1778
1779
1780
1781
1782
1783
1784
1785
1786
1787
1788
1789
1790
1791
1793
1794
1796
1799
1802
1803
1804
1805
1806
1807
1808
1809
1810
1811
1812
1813
1814
1815
1816
1841
1842
1843
1844
1845
1854
1855
1856
1862
1863
1864
1868
1868
1869
1873
1874
1875
1876
1877
1878
1880
1882
1884
1885
1886
1887
1888
1889
1890
1891
1892
1893
1894
1895
1896
1897
1898
1899
1900
1901
1902
1903
1904
1905
1908
1909
1910
1911
1912
1913
1914
1915
1916
1917
1918
1919
1920
1921
1922
1923
1924
1925
1926
1927
1928
1929
1930
1931
1932
1933
1934
1935
1936
1937
1938
1939
1940
1941
1942
1943
1944
1945
1946
1947
1948
1949
1950
1953
1954
1955
1956
1957
1958
1959
1960
1961
1962
1963
1964
1965
1968
1973
1974
1991
1992
1993
1994
1995
1996
1997
2000
2000
2003
2004
2005
2006
2007
2008
2009
2010
2011
2012
2013
2013
2014
2015
2016
2017
2018
2019
2021
2023
2024
2025
2026
2027
2028
2029
2030
2031
2032
2033
2034
2035
2036
2037
2038
2039
2040
2041
2042
2043
2044
2045
2046
2047
2048
2049
2050
2051
2052
2053
2054
2055
2056
2057
2058
2059
2060
2061
2062
2066
2067
2068
2069
2070
2071
2072
2073
2074
2075
2076
2077
2078
2079
2080
2081
2082
2083
2084
2085
2086
2087
2088
2089
2090
2091
2092
2093
2094
2095
2096
2097
2098
2099
2100
2101
2102
2109
2111
2113
2116
2118
2120
2121
2121
2122
2123
2124
2125
2126
2127
2128
2129
2131
2133
2134
2136
2137
2138
2139
2140
2141
2142
2143
2144
2145
2152
2154
2157
2158
2159
2160
2161
2162
2163
2164
2165
2166
2167
2168
2169
2170
2172
2173
2174
2175
2176
2177
2178
2179
2180
2181
2182
2183
2184
2185
2186
2187
2188
2189
2190
2192
2194
2195
2196
2197
2198
2199
2200
2201
2202
2203
2204
2205
2206
2207
2208
2209
2210
2211
2212
2213
2214
2215
2216
2217
2218
2219
2220
2221
2222
2223
2224
2225
2226
2227
2228
2229
2230
2231
2232
2233
2234
2235
2236
2237
2238
2239
2240
2241
2242
2243
2244
2245
2246
2247
2248
2249
2250
2251
2252
2255
2256
2257
2258
2259
2260
2261
2262
2263
2264
2265
2266
2267
2268
2269
2270
2271
2274
2277
2278
2279
2280
2281
2282
2283
2284
2289
2290
2291
2298
2299
2300
2302
2303
2305
2306
2311
2312
2313
2314
2315
2316
2317
2318
2319
2320
2321
2322
2323
2324
2325
2326
2327
2328
2329
2330
2331
2332
2333
2334
2335
2336
2337
2338
2339
2340
2342
2343
2344
2345
2346
2347
2348
2349
2350
2351
2352
2353
2354
2355
2356
2357
2358
2359
2360
2361
2362
2363
2364
2365
2367
2368
2373
2374
2376
2377
2378
2381
2382
2383
2384
2385
2386
2389
2390
2391
2392
2394
2395
2396
2397
2398
2399
2400
2401
2402
2403
2404
2405
2406
2407
2408
2409
2413
2414
2415
2416
2417
2418
2419
2420
2421
2422
2423
2424
2427
2428
2429
2430
2431
2432
2433
2434
2435
2436
2437
2438
2439
2443
2444
2445
2446
2449
2450
2451
2452
2453
2454
2455
2456
2457
2458
2459
2460
2461
2462
2463
2464
2465
2466
2467
2468
2469
2470
2471
2472
2473
2474
2475
2476
2477
2478
2479
2480
2481
2482
2483
2484
2485
2486
2488
2490
2492
2493
2495
2496
2498
2499
2500
2501
2502
2503
2504
2505
2506
2512
2514
2516
2519
2523
2527
2528
2536
2537
2541
2544
2545
2546
2547
2548
2549
2550
2551
2552
2553
2554
2555
2556
2557
2558
2559
2560
2561
2562
2563
2564
2565
2566
2567
2568
2569
2570
2571
2572
2573
2574
2575
2576
2577
2578
2579
2580
2581
2582
2583
2584
2585
2587
2588
2589
2592
2593
2595
2595
2596
2599
2600
2603
2604
2605
2606
2607
2608
2609
2610
2613
2613
2614
2615
2621
2622
2626
2629
2630
2633
2635
2636
2637
2639
2640
2641
2642
2643
2644
2645
2646
2647
2648
2649
2650
2651
2652
2653
2654
2655
2656
2657
2658
2659
2660
2661
2662
2663
2663
2664
2665
2666
2667
2668
2669
2671
2672
2674
2677
2683
2684
2687
2695
2696
2697
2698
2699
2705
2706
2707
2708
2709
2710
2711
2712
2713
2714
2715
2716
2717
2718
2719
2720
2721
2722
2723
2724
2725
2726
2727
2728
2729
2730
2731
2732
2733
2734
2735
2736
2737
2738
2739
2740
2741
2742
2743
2744
2748
2749
2750
2751
2753
2755
2756
2757
2758
2759
2760
2761
2763
2764
2765
2766
2767
2768
2769
2770
2771
2772
2773
2774
2775
2776
2777
2778
2779
2780
2782
2783
2784
2785
2786
2788
2789
2790
2792
2796
2797
2797
2798
2799
2800
2801
2802
2803
2804
2805
2806
2807
2808
2809
2810
2811
2812
2813
2814
2815
2816
2817
2818
2819
2820
2821
2822
2823
2824
2825
2826
2827
2829
2831
2832
2833
2836
2837
2838
2839
2840
2842
2843
2844
2847
2847
2848
2849
2851
2852
2853
2856
2857
2860
2861
2862
2863
2864
2865
2866
2867
2868
2869
2870
2871
2872
2873
2874
2875
2876
2877
2878
2879
2880
2881
2882
2883
2884
2885
2886
2887
2888
2889
2890
2891
2892
2893
2894
2895
2896
2897
2898
2899
2900
2901
2902
2906
2908
2909
2910
2911
2913
2914
2915
2916
2918
2919
2921
2922
2923
2924
2925
2927
2928
2929
2930
2931
2932
2933
2934
2935
2936
2937
2938
2939
2940
2941
2943
2944
2945
2946
2947
2948
2949
2951
2952
2955
2956
2957
2958
2959
2960
2961
2962
2963
2964
2965
2966
2967
2968
2969
2970
2971
2972
2973
2974
2975
2976
2977
2978
2979
2980
2981
2982
2983
2984
2985
2986
2987
2988
2989
2990
2991
2992
2993
2995
2996
2997
2998
2999
3000
3001
3002
3003
3004
3005
3006
3007
3011
3014
3016
3017
3019
3020
3021
3022
3023
3024
3025
3026
3027
3028
3029
3030
3031
3032
3033
3034
3035
3036
3037
3038
3039
3040
3041
3044
3045
3046
3047
3048
3049
3050
3051
3052
3055
3057
3058
3061
3062
3063
3064
3065
3066
3067
3068
3069
3070
3071
3072
3073
3074
3075
3076
3077
3078
3079
3080
3081
3082
3083
3084
3085
3086
3087
3088
3089
3090
3094
3095
3096
3097
3098
3099
3100
3101
3102
3103
3104
3105
3106
3107
3108
3109
3110
3111
3112
3113
3114
3115
3116
3117
3118
3119
3120
3121
3122
3125
3126
3129
3130
3131
3132
3133
3134
3135
3138
3140
3141
3142
3143
3147
3149
3150
3153
3154
3155
3158
3159
3162
3163
3164
3167
3168
3170
3173
3174
3176
3177
3178
3179
3180
3181
3182
3183
3184
3185
3186
3187
3188
3189
3190
3191
3192
3193
3194
3195
3196
3197
3197
3198
3199
3200
3201
3202
3203
3204
3205
3206
3207
3208
3209
3210
3211
3212
3213
3215
3217
3218
3219
3219
3220
3220
3223
3224
3225
3228
3229
3230
3231
3232
3233
3234
3235
3236
3237
3238
3239
3240
3241
3242
3243
3244
3245
3246
3247
3248
3250
3251
3253
3254
3255
3257
3258
3259
3260
3261
3262
3263
3264
3265
3266
3267
3268
3269
3270
3271
3272
3273
3274
3275
3276
3277
3278
3279
3280
3281
3282
3283
3284
3285
3286
3287
3288
3289
3290
3291
3292
3293
3294
3295
3296
3299
3300
3301
3302
3305
3307
3308
3309
3310
3311
3316
3318
3319
3323
3324
3327
3328
3329
3330
3331
3332
3333
3334
3335
3336
3337
3338
3339
3340
3341
3342
3343
3344
3345
3346
3347
3348
3349
3350
3351
3352
3353
3354
3355
3356
3357
3358
3359
3360
3360
3361
3362
3363
3364
3365
3367
3368
3369
3370
3372
3373
3374
3376
3376
3377
3377
3379
3380
3381
3382
3383
3384
3385
3386
3387
3388
3389
3390
3391
3392
3393
3394
3395
3396
3397
3398
3399
3400
3401
3402
3403
3404
3407
3408
3412
3414
3415
3416
3418
3420
3421
3422
3423
3424
3425
3426
3427
3428
3429
3430
3431
3432
3433
3434
3435
3436
3437
3438
3440
3441
3442
3444
3447
3448
3450
3451
3452
3453
3454
3455
3456
3457
3458
3459
3460
3461
3462
3466
3467
3470
3471
3472
3475
3477
3478
3479
3480
3481
3482
3483
3484
3485
3486
3487
3488
3489
3490
3491
3492
3493
3494
3495
3496
3497
3498
3499
3500
3501
3502
3503
3504
3505
3506
3507
3508
3509
3510
3514
3515
3517
3520
3521
3522
3523
3527
3528
3529
3530
3531
3532
3533
3534
3535
3536
3537
3538
3539
3540
3541
3542
3543
3544
3545
3546
3547
3548
3549
3550
3551
3553
3554
3555
3556
3557
3558
3560
3561
3562
3563
3565
3566
3567
3568
3569
3570
3571
3572
3573
3574
3575
3576
3577
3578
3579
3580
3581
3582
3583
3584
3585
3586
3587
3588
3589
3590
3591
3592
3594
3595
3596
3597
3598
3599
3600
3600
3601
3602
3603
3604
3605
3606
3607
3608
3611
3612
3615
3616
3617
3618
3618
3619
3621
3622
3623
3624
3625
3626
3627
3628
3629
3630
3631
3632
3633
3634
3635
3636
3637
3638
3639
3640
3641
3642
3643
3644
3645
3646
3647
3648
3649
3650
3651
3652
3653
3654
3655
3656
3657
3659
3660
3661
3662
3663
3664
3666
3667
3672
3673
3674
3675
3676
3677
3678
3679
3680
3681
3682
3683
3684
3685
3686
3687
3688
3689
3690
3691
3692
3693
3694
3695
3696
3697
3699
3700
3701
3702
3705
3705
3706
3707
3708
3709
3710
3711
3712
3713
3714
3715
3716
3717
3718
3719
3720
3721
3722
3723
3724
3725
3726
3727
3728
3729
3730
3731
3732
3733
3736
3737
3740
3741
3742
3743
3743
3744
3748
3749
3750
3751
3752
3757
3758
3759
3761
3762
3764
3765
3766
3767
3770
3773
3774
3775
3776
3777
3778
3779
3780
3781
3782
3783
3784
3785
3786
3787
3788
3789
3790
3793
3794
3795
3796
3797
3798
3799
3800
3801
3802
3803
3804
3805
3806
3807
3808
3809
3810
3811
3812
3813
3814
3815
3816
3817
3818
3819
3820
3821
3823
3824
3825
3826
3827
3829
3830
3831
3832
3833
3834
3835
3836
3836
3837
3838
3841
3842
3844
3845
3846
3847
3848
3849
3850
3855
3856
3857
3858
3859
3861
3862
3863
3864
3865
3866
3867
3868
3868
3869
3870
3871
3871
3872
3873
3874
3875
3876
3878
3879
3880
3881
3882
3883
3884
3885
3886
3887
3888
3889
3890
3891
3892
3893
3894
3895
3896
3897
3898
3899
3900
3901
3902
3903
3904
3905
3906
3907
3908
3909
3910
3911
3912
3913
3914
3915
3916
3917
3918
3920
3921
3922
3923
3924
3925
3926
3927
3928
3928
3929
3929
3930
3931
3932
3933
3934
3935
3936
3937
3938
3938
3939
3940
3941
3942
3943
3944
3945
3946
3947
3949
3950
3951
3952
3953
3955
3959
3961
3964
3965
3965
3968
3969
3970
3972
3973
3975
3976
3977
3978
3979
3980
3981
3982
3983
3984
3985
3986
3987
3988
3989
3990
3991
3992
3993
3994
3995
3996
3997
3998
3999
4000
4001
4002
4003
4005
4006
4007
4008
4009
4010
4011
4016
4018
4019
4022
4023
4026
4027
4028
4029
4030
4031
4032
4035
4036
4037
4038
4039
4042
4044
4045
4046
4048
4049
4050
4051
4052
4053
4054
4055
4056
4057
4058
4061
4062
4063
4068
4069
4070
4072
4073
4074
4075
4076
4077
4078
4079
4080
4083
4085
4086
4087
4088
4089
4091
4092
4093
4094
4095
4096
4097
4098
4099
4100
4101
4102
4103
4104
4105
4106
4107
4108
4109
4110
4111
4112
4113
4114
4115
4116
4117
4118
4119
4120
4121
4122
4122
4123
4124
4125
4127
4129
4130
4131
4134
4135
4135
4138
4139
4140
4141
4142
4143
4144
4145
4146
4147
4148
4151
4155
4155
4156
4165
4169
4172
4173
4173
4176
4177
4180
4181
4182
4184
4186
4186
4187
4187
4188
4189
4189
4190
4190
4191
4192
4192
4193
4196
4197
4199
4200
4201
4202
4203
4204
4205
4206
4207
4208
4211
4212
4213
4214
4215
4216
4217
4218
4219
4220
4221
4222
4223
4224
4225
4226
4227
4228
4229
4230
4231
4232
4233
4234
4235
4236
4237
4238
4239
4240
4241
4242
4243
4244
4245
4246
4248
4250
4251
4252
4253
4253
4254
4255
4256
4257
4258
4261
4262
4263
4265
4266
4267
4268
4269
4270
4271
4272
4273
4275
4276
4277
4278
4281
4282
4283
4284
4285
4286
4287
4288
4289
4290
4291
4292
4293
4294
4295
4296
4297
4298
4299
4300
4301
4302
4303
4304
4305
4306
4307
4308
4309
4310
4311
4312
4313
4314
4315
4316
4317
4318
4319
4320
4321
4322
4323
4324
4325
4326
4327
4328
4329
4330
4331
4332
4333
4334
4335
4336
4337
4338
4339
4340
4341
4342
4343
4344
4345
4346
4346
4347
4350
4350
4351
4352
4355
4356
4357
4358
4359
4360
4361
4362
4363
4364
4365
4366
4367
4368
4369
4370
4371
4372
4373
4374
4376
4377
4378
4379
4380
4381
4382
4383
4384
4387
4388
4389
4390
4391
4392
4393
4394
4395
4396
4397
4398
4399
4400
4401
4402
4403
4404
4405
4406
4407
4408
4409
4410
4411
4412
4413
4414
4415
4416
4417
4418
4419
4420
4421
4424
4425
4426
4427
4428
4429
4430
4431
4432
4433
4434
4435
4436
4437
4438
4439
4440
4441
4442
4443
4444
4445
4446
4447
4448
4449
4450
4451
4452
4453
4454
4455
4456
4457
4460
4461
4462
4462
4464
4468
4469
4471
4472
4473
4473
4474
4475
4476
4477
4478
4479
4480
4481
4482
4485
4486
4487
4488
4490
4491
4492
4493
4494
4495
4497
4498
4500
4502
4503
4504
4505
4508
4509
4510
4511
4512
4513
4514
4515
4516
4517
4518
4519
4520
4521
4522
4523
4524
4525
4526
4527
4528
4529
4530
4531
4532
4533
4534
4535
4536
4537
4538
4539
4540
4541
4542
4543
4544
4545
4546
4547
4548
4549
4550
4551
4552
4553
4560
4561
4562
4563
4564
4565
4566
4567
4568
4569
4570
4571
4572
4573
4574
4575
4576
4577
4577
4582
4585
4591
4592
4593
4594
4595
4596
4597
4598
4599
4600
4601
4602
4603
4604
4605
4606
4607
4608
4613
4614
4615
4616
4617
4618
4619
4620
4622
4623
4624
4625
4626
4627
4628
4629
4630
4631
4632
4633
4634
4635
4636
4637
4638
4639
4640
4641
4642
4643
4644
4645
4646
4647
4648
4649
4650
4651
4652
4653
4654
4656
4657
4658
4659
4661
4662
4663
4664
4665
4666
4667
4669
4670
4671
4672
4673
4674
4675
4676
4677
4678
4679
4682
4683
4684
4685
4687
4689
4690
4691
4692
4701
4702
4710
4711
4712
4713
4714
4717
4718
4724
4726
4728
4732
4733
4734
4735
4737
4738
4739
4740
4741
4743
4745
4746
4747
4748
4749
4750
4751
4752
4753
4754
4755
4758
4759
4760
4761
4763
4763
4764
4765
4766
4767
4768
4769
4770
4771
4772
4773
4774
4776
4777
4778
4779
4780
4781
4782
4783
4784
4785
4786
4787
4788
4789
4790
4791
4792
4793
4794
4795
4796
4797
4798
4799
4800
4801
4802
4803
4804
4805
4806
4807
4808
4809
4810
4811
4812
4813
4814
4815
4816
4817
4818
4819
4820
4821
4823
4824
4825
4826
4827
4828
4829
4830
4832
4835
4836
4837
4838
4840
4842
4843
4844
4845
4846
4847
4848
4849
4850
4851
4852
4853
4854
4855
4858
4859
4860
4861
4862
4863
4864
4866
4867
4870
4871
4872
4873
4874
4875
4876
4877
4878
4880
4881
4882
4883
4884
4885
4888
4888
4889
4890
4892
4892
4893
4894
4895
4897
4898
4899
4900
4901
4902
4903
4904
4905
4906
4907
4908
4909
4910
4911
4912
4913
4914
4915
4916
4917
4918
4919
4920
4921
4922
4923
4924
4925
4926
4927
4928
4929
4930
4931
4932
4933
4934
4935
4936
4937
4938
4939
4940
4941
4942
4943
4944
4945
4946
4947
4948
4949
4950
4951
4952
4953
4954
4955
4956
4957
4958
4959
4960
4961
4962
4963
4964
4966
4968
4969
4970
4971
4972
4973
4974
4975
4976
4977
4978
4979
4980
4981
4982
4983
4984
4985
4986
4987
4988
4989
4990
4993
4994
4995
4996
4997
4998
4999
5001
5002
5003
5004
5005
5006
5007
5008
5010
5011
5012
5015
5016
5017
5018
5018
5019
5020
5021
5022
5023
5024
5025
5026
5027
5028
5029
5030
5031
5032
5033
5034
5035
5036
5037
5038
5039
5040
5041
5044
5045
5046
5047
5048
5049
5050
5051
5052
5053
5054
5055
5056
5057
5058
5059
5060
5061
5062
5063
5065
5066
5067
5068
5069
5070
5071
5072
5073
5074
5075
5076
5077
5078
5079
5080
5081
5082
5083
5084
5085
5086
5087
5088
5089
5090
5091
5092
5093
5094
5095
5096
5097
5098
5099
5100
5101
5102
5103
5104
5105
5106
5107
5108
5109
5110
5111
5112
5113
5114
5115
5118
5119
5120
5121
5122
5123
5124
5125
5126
5127
5128
5129
5130
5131
5134
5135
5136
5137
5138
5139
5140
5141
5142
5143
5144
5145
5146
5148
5149
5151
5152
5153
5153
5154
5155
5156
5157
5158
5159
5160
5161
5162
5164
5165
5166
5167
5168
5169
5170
5171
5172
5173
5174
5175
5176
5177
5178
5179
5180
5181
5182
5183
5184
5185
5186
5187
5188
5189
5190
5193
5194
5195
5196
5197
5198
5199
5200
5201
5202
5203
5204
5205
5206
5207
5208
5209
5210
5211
5212
5213
5214
5215
5216
5217
5218
5219
5220
5221
5222
5223
5224
5225
5226
5230
5230
5233
5233
5234
5235
5238
5241
5242
5243
5244
5245
5246
5247
5248
5249
5250
5251
5252
5253
5256
5257
5258
5259
5260
5261
5261
5262
5263
5264
5265
5266
5267
5268
5269
5270
5271
5272
5274
5275
5279
5281
5282
5283
5284
5285
5286
5288
5289
5290
5290
5291
5292
5293
5294
5295
5296
5297
5298
5299
5300
5301
5302
5303
5304
5305
5306
5307
5308
5309
5310
5311
5312
5313
5314
5315
5316
5317
5318
5319
5320
5321
5322
5323
5324
5325
5326
5327
5328
5332
5333
5334
5335
5336
5337
5338
5339
5340
5341
5342
5343
5344
5345
5346
5347
5348
5349
5350
5351
5352
5353
5354
5355
5356
5357
5358
5359
5360
5361
5362
5363
5364
5365
5366
5367
5372
5374
5375
5376
5377
5378
5379
5380
5381
5382
5383
5384
5385
5386
5387
5388
5389
5390
5391
5392
5394
5395
5396
5397
5398
5399
5400
5401
5402
5403
5404
5405
5406
5407
5408
5409
5410
5411
5412
5413
5414
5415
5416
5417
5418
5418
5419
5420
5421
5422
5423
5424
5424
5425
5426
5427
5428
5429
5430
5431
5432
5433
5434
5435
5436
5437
5438
5439
5440
5441
5442
5443
5444
5445
5446
5447
5448
5449
5450
5451
5452
5453
5454
5455
5456
5457
5458
5459
5460
5461
5462
5463
5464
5466
5467
5468
5469
5470
5471
5472
5473
5474
5475
5476
5477
5478
5479
5480
5481
5482
5483
5484
5485
5486
5487
5488
5489
5490
5491
5492
5493
5494
5495
5496
5502
5505
5506
5507
5508
5509
5510
5511
5512
5513
5516
5517
5518
5519
5520
5523
5524
5525
5526
5527
5528
5529
5530
5531
5532
5533
5534
5535
5537
5538
5539
5541
5542
5543
5546
5547
5549
5551
5552
5553
5554
5555
5556
5557
5558
5559
5560
5561
5562
5563
5564
5565
5566
5567
5568
5569
5570
5571
5572
5573
5574
5575
5576
5577
5578
5579
5580
5581
5585
5586
5587
5588
5589
5590
5591
5592
5593
5594
5595
5596
5597
5598
5599
5600
5603
5604
5605
5606
5607
5608
5609
5610
5611
5612
5613
5614
5615
5616
5617
5618
5619
5620
5621
5623
5624
5625
5627
5629
5632
5633
5634
5635
5636
5637
5638
5639
5640
5641
5642
5643
5644
5645
5646
5647
5648
5649
5650
5651
5652
5653
5654
5655
5656
5657
5658
5660
5661
5662
5664
5665
5667
5668
5669
5670
5673
5674
5675
5676
5680
5683
5686
5687
5689
5690
5692
5693
5694
5697
5699
5700
5701
5702
5703
5704
5705
5706
5707
5708
5709
5710
5711
5712
5713
5714
5715
5716
5717
5718
5719
5720
5721
5722
5723
5724
5725
5726
5727
5728
5729
5730
5731
5732
5733
5734
5735
5736
5737
5738
5739
5740
5741
5742
5743
5744
5745
5746
5747
5748
5749
5750
5751
5752
5753
5754
5755
5756
5757
5758
5759
5760
5761
5762
5763
5764
5765
5766
5767
5768
5769
5770
5772
5774
5775
5778
5779
5780
5781
5782
5783
5784
5785
5786
5787
5788
5789
5790
5791
5792
5793
5794
5795
5796
5797
5798
5799
5800
5801
5802
5803
5804
5805
5806
5807
5808
5809
5810
5811
5812
5813
5814
5815
5816
5817
5818
5819
5820
5822
5823
5824
5824
5825
5827
5828
5829
5830
5831
5832
5833
5834
5835
5836
5837
5838
5839
5840
5841
5842
5843
5844
5845
5846
5847
5848
5849
5850
5851
5852
5853
5854
5855
5856
5857
5858
5859
5860
5860
5861
5862
5863
5863
5864
5865
5866
5867
5869
5872
5873
5874
5875
5876
5877
5878
5879
5880
5881
5882
5883
5884
5885
5886
5887
5888
5889
5890
5891
5892
5893
5894
5895
5896
5897
5898
5899
5900
5901
5902
5903
5904
5905
5906
5907
5909
5912
5916
5917
5918
5919
5921
5924
5926
5929
5930
5931
5932
5933
5934
5935
5936
5937
5938
5939
5940
5941
5942
5943
5944
5945
5946
5947
5948
5949
5950
5951
5952
5953
5954
5955
5956
5957
5958
5959
5960
5961
5962
5963
5964
5965
5966
5967
5968
5969
5970
5971
5972
5973
5974
5975
5976
5977
5978
5979
5980
5981
5983
5984
5985
5988
5989
5990
5992
5993
5994
5995
5996
5997
5998
5999
6000
6001
6002
6003
6004
6005
6006
6007
6008
6009
6010
6011
6012
6013
6014
6015
6016
6017
6018
6019
6020
6021
6022
6023
6024
6025
6026
6027
6028
6029
6030
6033
6034
6035
6036
6037
6037
6038
6039
6040
6041
6042
6043
6044
6045
6046
6047
6048
6051
6052
6053
6054
6055
6056
6057
6058
6059
6060
6061
6061
6062
6063
6064
6065
6066
6067
6068
6069
6070
6071
6072
6073
6074
6075
6076
6077
6078
6079
6080
6081
6082
6083
6084
6085
6086
6087
6089
6091
6092
6092
6093
6093
6094
6095
6096
6097
6098
6099
6100
6101
6102
6103
6104
6105
6106
6107
6108
6109
6110
6111
6112
6113
6115
6116
6117
6118
6119
6120
6121
6122
6123
6124
6125
6126
6127
6128
6129
6130
6131
6133
6134
6135
6136
6137
6138
6139
6141
6142
6143
6145
6146
6147
6148
6149
6150
6151
6153
6154
6155
6155
6156
6157
6158
6159
6160
6161
6162
6163
6164
6165
6166
6167
6168
6169
6170
6171
6172
6174
6175
6176
6177
6178
6180
6181
6182
6183
6184
6185
6186
6187
6188
6189
6190
6191
6192
6193
6194
6195
6196
6199
6201
6202
6203
6204
6205
6207
6208
6209
6211
6212
6213
6215
6216
6217
6218
6219
6220
6221
6222
6223
6224
6225
6226
6227
6228
6229
6230
6231
6232
6233
6234
6235
6236
6237
6238
6240
6241
6242
6243
6244
6247
6249
6251
6252
6255
6257
6259
6261
6262
6262
6263
6264
6265
6266
6267
6268
6269
6270
6271
6272
6273
6274
6275
6276
6277
6278
6279
6281
6282
6283
6284
6286
6287
6288
6289
6290
6291
6292
6293
6294
6295
6296
6297
6298
6299
6300
6301
6302
6303
6304
6305
6306
6307
6308
6309
6310
6311
6312
6313
6314
6316
6317
6319
6320
6320
6324
6324
6325
6326
6326
6327
6328
6336
6337
6338
6339
6339
6340
6341
6344
6345
6346
6353
6354
6355
6358
6358
6360
6361
6361
6362
6363
6364
6364
6365
6368
6370
6371
6372
6375
6380
6380
6382
6382
6383
6385
6387
6387
6389
6390
6390
6391
6392
6393
6394
6399
6399
6400
6401
6403
6404
6405
6406
6407
6408
6409
6410
6411
6412
6413
6414
6415
6416
6417
6418
6419
6420
6421
6422
6423
6424
6425
6426
6427
6428
6429
6430
6431
6432
6433
6434
6435
6436
6437
6438
6439
6440
6441
6442
6443
6444
6445
6446
6447
6449
6453
6454
6457
6458
6459
6460
6461
6462
6463
6464
6465
6466
6467
6469
6470
6471
6472
6473
6474
6475
6476
6477
6478
6479
6480
6481
6482
6483
6484
6485
6486
6487
6488
6489
6490
6491
6492
6493
6494
6495
6496
6497
6498
6499
6500
6501
6502
6503
6504
6505
6508
6509
6510
6511
6512
6513
6514
6515
6516
6518
6519
6520
6521
6522
6523
6524
6527
6529
6530
6533
6534
6535
6537
6539
6541
6541
6542
6545
6546
6546
6547
6548
6550
6550
6551
6551
6552
6553
6553
6555
6556
6558
6559
6560
6560
6561
6562
6563
6564
6570
6572
6573
6574
6575
6577
6579
6580
6581
6585
6586
6586
6592
6593
6594
6595
6597
6603
6603
6604
6610
6614
6615
6621
6622
6624
6625
6626
6627
6628
6629
6629
6630
6631
6632
6633
6640
6641
6642
6642
6644
6645
6645
6646
6648
6648
6649
6650
6651
6653
6654
6655
6655
6656
6657
6658
6658
6659
6663
6664
6666
6667
6668
6669
6670
6671
6672
6672
6676
6678
6679
6680
6681
6682
6683
6684
6685
6686
6687
6688
6689
6690
6691
6692
6693
6694
6697
6699
6701
6702
6703
6704
6705
6706
6707
6708
6709
6710
6711
6712
6713
6714
6715
6716
6717
6718
6719
6720
6721
6722
6723
6724
6725
6726
6727
6728
6730
6731
6732
6733
6734
6736
6745
6746
6747
6748
6749
6750
6751
6753
6754
6756
6757
6758
6759
6760
6761
6762
6763
6764
6766
6767
6769
6770
6771
6772
6773
6774
6775
6776
6777
6778
6779
6780
6781
6782
6783
6784
6785
6786
6787
6788
6789
6790
6791
6792
6793
6794
6795
6796
6797
6805
6809
6812
6814
6816
6817
6818
6824
6829
6834
6836
6836
6837
6837
6841
6842
6843
6844
6844
6845
6846
6847
6849
6851
6854
6855
6858
6859
6861
6862
6865
6866
6870
6871
6872
6873
6874
6877
6882
6883
6884
6887
6888
6889
6892
6893
6894
6894
6906
6907
6908
6908
6909
6910
6911
6911
6913
6914
6917
6918
6919
6920
6921
6923
6923
6924
6925
6926
6927
6931
6935
6935
6936
6937
6938
6939
6939
6943
6948
6949
6950
6950
6951
6953
6956
6957
6971
6974
6977
6980
6980
6981
6984
6986
6987
6987
6988
6992
6994
6995
6996
6997
6998
6999
7000
7001
7002
7003
7004
7005
7006
7007
7008
7009
7010
7011
7012
7013
7014
7015
7016
7017
7018
7019
7020
7021
7022
7023
7024
7024
7025
7026
7027
7028
7029
7030
7033
7034
7036
7037
7039
7040
7041
7043
7044
7045
7046
7047
7048
7049
7050
7051
7052
7053
7054
7055
7056
7057
7058
7059
7060
7061
7062
7063
7064
7065
7066
7067
7068
7069
7070
7071
7072
7073
7074
7075
7076
7077
7078
7079
7080
7081
7082
7083
7084
7085
7086
7087
7088
7089
7091
7092
7093
7094
7095
7096
7098
7099
7100
7101
7102
7103
7109
7111
7113
7114
7116
7117
7118
7119
7124
7126
7133
7134
7135
7136
7136
7137
7138
7139
7140
7141
7142
7143
7144
7145
7146
7147
7148
7149
7150
7151
7152
7153
7154
7155
7156
7157
7157
7158
7160
7161
7162
7163
7164
7165
7166
7167
7168
7171
7172
7173
7174
7175
7176
7177
7178
7179
7180
7181
7182
7183
7184
7185
7186
7187
7188
7189
7191
7191
7194
7195
7196
7197
7199
7200
7202
7204
7205
7206
7207
7208
7209
7210
7211
7212
7213
7214
7215
7216
7217
7218
7220
7221
7221
7222
7223
7224
7226
7227
7230
7231
7231
7232
7233
7233
7234
7235
7235
7236
7237
7238
7239
7242
7243
7244
7244
7246
7246
7247
7249
7255
7255
7256
7257
7258
7259
7260
7261
7263
7264
7267
7267
7270
7270
7271
7272
7273
7274
7275
7276
7277
7278
7281
7282
7283
7284
7285
7286
7287
7288
7289
7290
7292
7292
7294
7296
7296
7297
7298
7299
7300
7301
7302
7303
7304
7305
7306
7307
7308
7309
7310
7311
7312
7312
7313
7314
7315
7316
7317
7318
7319
7320
7321
7322
7323
7324
7325
7326
7327
7328
7329
7330
7330
7331
7332
7333
7336
7337
7338
7339
7340
7341
7343
7344
7345
7346
7347
7348
7349
7350
7351
7352
7353
7354
7355
7356
7357
7358
7359
7360
7360
7361
7362
7363
7364
7365
7366
7367
7368
7368
7369
7370
7371
7372
7373
7374
7375
7376
7377
7378
7379
7382
7383
7384
7385
7386
7387
7388
7389
7390
7391
7392
7393
7394
7395
7396
7397
7398
7399
7400
7401
7402
7403
7404
7405
7406
7407
7408
7409
7410
7411
7412
7413
7414
7415
7416
7417
7418
7419
7420
7421
7422
7423
7424
7425
7426
7427
7428
7429
7430
7431
7432
7433
7434
7435
7436
7437
7438
7439
7440
7441
7443
7444
7445
7446
7447
7448
7449
7450
7451
7452
7453
7454
7455
7456
7457
7458
7459
7460
7461
7462
7463
7464
7465
7466
7467
7468
7469
7470
7471
7472
7473
7474
7475
7476
7477
7478
7479
7480
7481
7482
7483
7484
7485
7486
7487
7488
7489
7490
7491
7492
7494
7495
7496
7497
7498
7499
7500
7501
7502
7503
7504
7505
7506
7507
7508
7509
7510
7511
1
0
16
15
22
18
50
48
54
53
60
59
75
73
80
79
144
102
172
134
208
166
184
182
194
192
196
195
265
224
233
232
262
261
279
276
296
294
307
306
316
315
345
340
340
345
344
351
346
451
347
356
350
350
356
350
349
358
352
362
357
464
359
359
464
359
358
358
352
471
360
363
363
362
362
357
400
399
399
540
426
442
441
560
441
442
441
441
560
444
444
443
557
444
443
558
445
558
445
445
341
447
447
446
347
451
451
446
447
561
447
446
454
454
448
450
449
449
450
449
343
450
449
449
343
343
342
453
452
455
454
448
454
455
458
457
569
460
467
462
568
465
458
457
465
568
469
469
466
472
468
470
469
466
476
475
493
492
502
501
610
506
613
510
514
512
563
553
555
555
554
556
555
554
642
562
567
565
590
589
603
602
724
602
603
602
602
724
766
630
640
637
769
638
647
644
649
648
783
650
651
650
783
651
646
646
651
651
650
650
653
652
785
654
674
673
808
683
697
686
825
687
704
694
706
696
708
700
711
701
713
703
721
709
837
715
725
716
727
718
730
726
851
729
731
730
726
877
740
772
771
771
772
639
773
773
775
774
779
774
774
775
777
776
782
778
781
780
908
908
780
780
781
798
798
797
812
811
953
818
827
826
836
829
960
830
839
831
832
831
839
835
834
847
842
977
856
858
857
885
884
897
896
1028
901
781
780
780
908
907
1044
912
916
915
1047
917
920
919
941
940
1063
943
956
947
958
957
1078
962
965
963
968
966
970
969
1100
972
984
976
997
993
1018
1017
1029
1027
1034
1030
1030
1036
1031
1030
1034
1033
1030
1034
1034
1033
1033
1032
1037
1035
1042
1042
1038
1039
1038
1042
1041
1040
1040
1041
781
780
908
1053
1053
1052
1181
1068
1077
1072
1187
1073
1081
1076
1083
1079
1085
1080
1087
1082
1092
1086
1093
1088
1091
1090
1097
1094
1094
1097
1094
1089
1096
1095
1215
1101
1219
1108
1115
1114
1122
1120
1125
1124
1131
1130
1142
1141
1144
1143
1273
1144
1144
1143
1147
1146
1147
1146
1146
1046
1281
1281
1153
1156
1155
1285
1155
1155
1156
1289
1161
1166
1162
1168
1167
1172
1171
1189
1184
1186
1185
1195
1191
1193
1192
1201
1200
1208
1202
1206
1205
1212
1207
1217
1210
1327
1218
1231
1230
1359
1259
1263
1263
1262
1267
1266
1269
1268
1271
1268
1269
1268
1268
1271
1360
1270
1363
1272
1275
1274
1282
1281
1153
1281
1282
1303
1301
1310
1304
1406
1306
1305
1308
1308
1307
1312
1312
1308
1313
1309
1315
1311
1317
1314
1411
1316
1320
1319
1325
1321
1446
1346
1362
1361
1364
1382
1382
1491
1382
1381
1491
1491
1387
1386
1401
1400
1502
1405
1410
1408
1516
1409
1519
1410
1408
1416
1412
1417
1414
1418
1417
1414
1523
1426
1438
1437
1453
1452
1458
1458
1457
1464
1461
1571
1462
1465
1463
1467
1466
1470
1468
1364
1468
1468
1470
1471
1469
1488
1487
1598
1490
1602
1500
1614
1503
1508
1504
1620
1510
1512
1510
1620
1515
1511
1627
1514
1520
1517
1644
1527
1554
1552
1570
1570
1567
1684
1569
1791
1569
1684
1569
1684
1684
1570
1567
1573
1572
1576
1572
1572
1573
1580
1578
1694
1582
1702
1593
1383
1382
1382
1491
1491
1599
1599
1717
1717
1607
1606
1606
1610
1610
1609
1617
1615
1623
1621
1626
1624
1643
1642
1676
1673
1675
1674
1793
1683
1686
1685
1686
1685
1685
1463
1465
1795
1687
1689
1688
1691
1690
1806
1806
1695
1704
1704
1703
1294
1294
1169
1295
1381
1382
1382
1491
1491
1599
1599
1717
1717
2112
1729
1728
1736
1735
1738
1737
1741
1740
1745
1743
1746
1744
1749
1747
1746
1744
1881
1748
1751
1750
1758
1753
1758
1753
1753
1625
1759
1754
1760
1756
2063
2063
1792
1796
1794
1802
1799
1801
1800
1800
1801
1798
1800
1801
1801
1798
1797
1820
1820
1819
1825
1823
1865
1826
1827
1824
1824
1830
1830
1831
1828
1830
1830
1831
1829
1832
1832
1823
1823
1825
1972
1835
1836
1836
1837
1709
1838
1839
1839
1847
1850
1871
1848
1846
1847
1850
1849
1852
1851
1854
1851
1852
1854
1851
1851
1974
1852
1851
1851
1854
1854
1853
1861
1861
1859
1858
1827
1826
1826
1819
1820
1865
1865
1864
1867
1866
1872
1870
1870
1872
1859
1859
1861
1861
1862
1848
1848
1871
1871
1870
1870
1872
1883
1879
2007
2007
1880
2006
1882
1889
1886
1888
1887
1893
1890
1895
1892
1898
1897
1900
1899
1907
1906
1952
1951
2070
1955
2097
2097
1963
1967
1966
1969
1972
1835
1835
1819
1820
1821
1971
1969
1972
1835
1834
1834
1996
1973
2114
1975
1982
1978
1979
1853
1978
1981
1980
1980
1981
1981
1978
1978
1853
1853
1854
1854
1851
1851
1852
1983
1984
1977
1988
1990
1989
1993
1993
1991
1991
2000
1997
1999
1998
2002
2001
2008
2007
1880
2012
2011
2014
2013
2017
2013
2014
2014
2013
2013
2017
2017
1894
2016
2015
2022
2020
2021
2020
2022
2172
2039
2055
2054
2062
2061
2188
2063
1792
2065
2065
2064
2065
2064
1687
1795
2066
2065
2064
2067
2064
2064
2065
2065
2066
2069
2068
2190
2068
2068
2069
2072
2071
2287
2106
2108
2107
2288
2110
2119
2115
2118
2118
2116
2115
2115
2119
1986
1976
2115
2119
2117
2117
2119
2119
2115
2121
2118
2116
2114
2114
1975
1975
1982
2116
2116
2118
2118
2121
2121
2120
2132
2130
2308
2135
2140
2139
2139
2140
2139
2137
2143
2140
2140
2139
2145
2141
2150
2146
2151
2147
2149
2148
2153
2151
2147
2156
2155
2341
2171
2179
2178
2193
2191
2365
2192
2195
2194
2193
2191
2203
2201
2205
2204
2446
2446
2233
2254
2253
2273
2272
2276
2275
2485
2281
2281
2491
2285
2489
2286
2290
2290
2289
2291
2290
2290
2289
2289
2117
2117
2119
2119
2115
2291
2296
2293
2292
2294
2293
2293
2296
2297
2295
2304
2301
2515
2307
2307
2515
2134
2514
2307
2307
2515
2515
2310
2309
2312
2309
2309
2310
2314
2311
2315
2313
2316
2320
2317
2327
2326
2333
2332
2366
2369
2366
2192
2192
2365
2368
2367
2372
2371
2370
2587
2373
2373
2380
2380
2379
2595
2380
2379
2388
2387
2612
2393
2410
2395
2395
2394
2394
2612
2393
2393
2394
2395
2410
2415
2398
2614
2402
2412
2411
2410
2395
2395
2394
2414
2414
2413
2417
2415
2415
2398
2418
2417
2417
2415
2415
2398
2421
2419
2438
2424
2443
2426
2429
2429
2428
2441
2440
2425
2619
2442
2628
2628
2447
2448
2461
2460
2670
2487
2497
2494
2503
2503
2499
2502
2501
2504
2503
2499
2507
2835
2509
2508
2511
2510
2310
2310
2309
2679
2513
2527
2519
2521
2521
2520
2528
2521
2520
2521
2528
2530
2686
2529
2685
2534
2533
2533
2534
2318
2319
2539
2535
2540
2537
2536
2316
2536
2536
2537
2537
2540
2703
2538
2543
2542
2555
2554
2714
2559
2749
2583
2585
2584
2590
2586
2379
2380
2380
2595
2588
2594
2591
2590
2590
2586
2586
2590
2590
2591
2591
2594
2375
2757
2592
2598
2597
2762
2602
2601
2611
2613
2603
2603
2613
2421
2421
2419
2442
2619
2616
2618
2617
2627
2620
2632
2623
2634
2634
2634
2634
2628
2630
2629
2623
2632
2631
2787
2631
2632
2632
2623
2791
2638
2638
2791
2638
2634
2628
2447
2448
2448
2449
2791
2638
2638
2796
2796
2642
2675
2673
2834
2676
2680
2678
2690
2689
2692
2691
2694
2693
2694
2693
2850
2695
2695
2696
2698
2697
2701
2700
2704
2702
2889
2726
2740
2739
2747
2746
2920
2752
2763
2753
3053
2754
2755
2756
2586
2590
2591
2765
2764
2794
2793
2949
2796
2642
2798
2797
2955
2984
2824
2994
2994
2828
2847
2840
3149
2844
2696
2695
2850
2850
2848
2850
2848
2855
2854
2859
2858
2899
2898
2907
2904
2904
2907
2907
2744
2905
2904
2907
2908
2908
2906
2909
2908
2906
2905
2904
2904
2907
2913
2913
2911
2910
3045
2912
2916
2915
3221
2917
3055
2922
3058
3058
2923
3058
2923
2923
2921
2764
2765
2765
2927
2926
2948
2945
2948
2945
2945
2944
2625
2624
2788
2951
2951
2950
3089
2950
2951
2788
2950
2950
3089
3256
2954
2797
2955
2954
3256
2999
2995
3005
3006
2845
2846
3011
3007
2690
2689
3013
3009
3156
3156
3010
3317
3012
3008
3010
3156
3014
3018
3015
3042
3042
3043
2903
2745
2745
3042
3043
2746
2747
3218
3044
3047
3047
3046
3047
3046
3046
2913
2911
3049
3048
3223
3052
3056
3054
3055
3055
2922
3226
3056
3056
3054
3054
3055
3055
2922
3054
3054
3056
3226
3060
3059
3059
3060
3060
3058
3058
2923
3086
3085
3085
3092
3091
3092
3091
3091
2953
2795
3093
3093
3092
3091
2953
3254
3093
3092
3092
3091
3091
2953
3093
3254
3097
3097
3096
3294
3118
3118
3124
3123
3130
3126
3128
3127
3137
3137
3136
3143
3138
3138
3144
3139
3139
3144
2841
3141
3140
3147
3142
3145
3152
3151
3160
3157
3161
3160
3157
3164
3163
3321
3165
3162
3319
3166
3322
3169
3172
3171
3326
3175
3344
3197
3216
3214
3220
3219
3220
3219
3219
3047
3046
3046
3047
3047
3219
3220
3050
3366
3222
3222
3366
3222
3221
3222
3366
3369
3223
3223
3052
3375
3375
3227
3249
3410
3410
3252
3252
3283
3282
3298
3297
3300
3299
3305
3302
3304
3303
3446
3306
3308
3307
3314
3313
3316
3316
3313
3313
3314
3463
3320
3476
3325
3359
3361
3360
3509
3360
3361
3363
3362
3365
3364
3368
3365
3365
3364
3523
3370
3378
3371
3373
3372
3372
3375
3227
3528
3377
3376
3406
3406
3405
3405
3252
3410
3552
3411
3411
3409
3409
3552
3411
3409
3410
3411
3552
3552
3411
3411
3409
3559
3559
3413
3414
3413
3559
3414
3413
3413
3417
3416
3261
3564
3419
3443
3439
3449
3445
3455
3455
3453
3456
3454
3465
3464
3469
3468
3474
3473
3659
3510
3511
3513
3512
3511
3512
3512
3513
3515
3514
3514
3515
3515
3508
3520
3517
3519
3518
3519
3518
3516
3525
3524
3524
3669
3669
3671
3526
3533
3532
3550
3550
3546
3546
3550
3550
3406
3405
3249
3405
3406
3406
3550
3550
3546
3554
3553
3713
3559
3413
3413
3414
3571
3563
3597
3596
3603
3601
3610
3609
3761
3611
3616
3612
3769
3613
3763
3620
3614
3618
3617
3784
3621
3828
3658
3665
3664
3663
3670
3524
3524
3525
3669
3669
3670
3524
3669
3670
3668
3841
3678
3854
3688
3679
3703
3698
3872
3698
3703
3872
3698
3698
3877
3704
3708
3705
3881
3711
3735
3734
3919
3738
3743
3742
3747
3746
3945
3752
3948
3753
3755
3760
3756
3457
3773
3773
3767
3764
3766
3765
3779
3775
3974
3777
3776
3781
3780
3783
3782
3792
3791
3798
3797
4004
3822
3832
3831
4019
3832
3832
3831
3834
3833
3836
3835
3835
3836
3662
4022
3837
3840
3839
3843
4029
4029
3844
4029
3844
3844
3839
3840
3852
3851
3860
4034
3853
3843
3862
3855
3854
3688
3688
3679
4083
3868
3876
3876
3868
3868
4083
3888
3871
4088
3871
3888
3875
3874
3874
3704
3877
3877
3876
3876
3868
3868
4083
3890
3883
3896
3895
4340
3917
3929
3928
3929
3929
3928
3928
3741
3741
3937
3933
3939
3938
3959
3949
3952
3950
3956
3954
4153
4152
3957
3960
3958
4179
4179
3963
3963
3964
3965
3963
4179
3964
3965
3965
3966
3965
3964
3967
3966
3962
3962
3966
3966
3965
3965
3964
4199
3976
4013
4012
4017
4013
4012
4012
4017
4017
4015
4014
4249
4249
4014
4015
4250
4016
4013
4013
4247
4012
4017
4018
4021
4020
4025
4024
4043
4033
4041
4040
4045
4045
4044
4034
4034
3853
3853
3843
3853
3853
4034
4044
4044
4045
4045
4058
4065
4047
4070
4070
4058
4058
4045
4045
4044
4058
4071
4060
4062
4061
4047
4065
4064
4064
4065
4065
4047
4047
4029
3844
4064
4065
4065
4047
4067
4066
4080
4070
4058
4058
4045
4045
4044
4287
4072
4076
4075
4079
4078
4082
4082
4081
4286
4082
4081
4082
4286
4090
4083
3868
3876
3877
4089
4088
4088
3871
3871
3888
4091
4092
4084
4326
4106
4114
4113
4578
4126
4137
4128
4354
4132
4353
4133
4363
4139
4146
4145
4149
4150
4150
4160
4169
4151
4161
4154
4154
4162
4162
4157
4171
4161
4154
4154
4170
4178
4174
4174
4171
4171
4158
4159
4174
4174
4171
4171
4158
4173
4176
4176
4175
4174
4171
4158
4175
4175
4176
4173
4184
4178
4178
4170
4182
4179
3963
4182
4182
4186
4180
4185
4183
4178
4170
4183
4183
4185
4185
4183
4183
4185
4185
4181
4181
3961
3961
4187
4187
4189
4189
4173
4173
4176
3972
3972
3961
3961
4187
4187
4189
4189
4173
4173
4176
4190
4188
3961
4192
4191
4191
4192
4191
4177
4375
4195
4194
4375
4195
4194
4198
4197
4200
4210
4209
4222
4221
4015
4014
4014
4249
4248
4255
4252
4254
4253
4257
4253
4254
4258
4256
4260
4259
4269
4263
4280
4279
4311
4299
4322
4314
4579
4349
4349
4579
4579
4349
4349
4346
4362
4361
4365
4364
4372
4372
4369
4374
4371
4373
4372
4369
4378
4376
4381
4379
4386
4385
4529
4394
4422
4422
4554
4423
4423
4554
4425
4424
4470
4470
4459
4460
4462
4461
4463
4460
4462
4467
4465
4471
4470
4459
4604
4473
4475
4474
4478
4477
4481
4480
4610
4483
4489
4489
4484
4487
4486
4486
4487
4486
4482
4490
4489
4484
4495
4494
4498
4495
4495
4494
4499
4496
4612
4496
4499
4620
4503
4503
4620
4620
4504
4507
4506
4509
4508
4831
4555
4660
4557
4556
4558
4557
4556
4668
4559
4591
4591
4576
4588
4577
4582
4582
4580
4586
4583
4684
4684
4585
4589
4587
4584
4732
4732
4597
4597
4599
4598
4756
4611
4756
4611
4609
4614
4613
4618
4616
4623
4619
4775
4621
4630
4629
4789
4633
4822
4655
4663
4662
4662
4663
4662
4661
4666
4664
4664
4666
4666
4665
4670
4669
4681
4680
4691
4684
4585
4688
4688
4686
4689
4687
4690
4688
4686
4693
4697
4699
4699
4694
4695
4693
4697
4705
4702
4702
4577
4577
4582
4582
4704
4706
4707
4705
4702
4702
4577
4577
4582
4736
4709
4714
4713
4740
4718
4865
4719
4721
4720
4723
4723
4722
4722
4731
4730
4730
4720
4721
4728
4730
4731
4727
4730
4731
4729
4745
4866
4735
4744
4742
4725
4747
4746
4753
4752
4892
4755
4762
4762
4757
4764
4758
4755
4892
4759
4760
4761
4501
4766
4763
4766
4763
4763
4762
4757
4901
4770
4772
4771
4780
4779
4801
4800
4810
4810
4806
4834
4833
4837
4836
4837
4836
4836
4835
4841
4839
4857
4857
4856
4703
4696
4856
4856
4857
4707
4706
4706
4699
4694
4708
4857
4856
4696
4858
4857
4856
4869
4868
5000
5000
4879
4879
4887
4886
5009
4887
4886
4889
4888
5015
4888
4889
4893
4890
4896
4891
4897
4894
4898
4895
4902
4899
4907
4903
4903
4907
4903
4770
4770
4901
4912
4911
4916
4915
5049
4925
4936
4935
4967
4965
4968
4966
5107
4969
5109
4972
4989
4988
4715
4994
4993
5138
4999
5001
5000
4879
5008
5007
5016
5010
5018
5011
5014
5013
5020
5017
5011
5018
5017
5017
5020
5022
5021
5036
5028
5035
5034
5043
5042
5047
5045
5079
5074
5226
5226
5102
5235
5235
5106
5117
5116
4716
4716
4458
4590
5522
4992
4992
5133
5133
5522
5142
5141
5146
5145
5278
5147
5148
5151
5151
5150
5150
5151
5148
4896
4891
5155
5152
5158
5153
5154
5153
5158
5159
5156
5287
5163
5164
5163
5287
5164
5163
5163
5184
5182
5335
5196
5365
5219
5219
5228
5227
5229
5233
5230
5230
4964
5232
5231
5232
5231
5229
5227
5228
5370
5238
5238
5235
5237
5236
5240
5239
5240
5239
5388
5251
4991
4991
5132
5132
4992
4992
5133
5133
5255
5255
5254
5254
5393
5254
5393
5254
5255
5133
4992
5132
5132
4991
5521
5255
5255
5133
5133
4992
4992
5132
5132
4991
4991
4715
4715
5265
5264
5264
5273
5277
5277
5276
5273
5280
5276
5276
5277
5280
5280
5277
5281
5279
5424
5283
5286
5284
5290
5285
5289
5288
5292
5291
5301
5301
5300
5311
5310
5584
5466
5466
5332
5337
5336
5492
5364
5369
5368
5368
5369
5369
5226
5102
5499
5368
5369
5373
5371
5373
5371
5233
5230
5409
5408
5415
5410
5543
5412
5413
5412
5412
5543
5418
5417
5417
5418
5274
5283
5424
5420
5436
5429
5725
5451
5463
5462
5600
5482
5604
5488
5620
5494
5622
5497
5498
5626
5500
5505
5502
5503
5504
5503
5374
5508
5507
5515
5514
5518
5517
5661
5532
5540
5536
5539
5538
5545
5544
5549
5547
5550
5548
5553
5552
5720
5572
5587
5586
5753
5594
5602
5601
5613
5612
5771
5624
5623
5627
5625
5628
5629
5628
5630
5631
5630
5628
5628
5629
5648
5647
5652
5651
5665
5656
5666
5659
5672
5672
5663
5668
5667
5663
5672
5671
5679
5678
5677
5682
5677
5678
5685
5681
5687
5683
5688
5684
5698
5691
5841
5694
5696
5695
5845
5697
5855
5716
5857
5721
5743
5741
5877
5749
5914
5773
5913
5777
5774
5775
5922
5776
5916
5778
5936
5785
5939
5792
5962
5813
5965
5814
5826
5821
5830
5824
5825
5824
5824
5830
5830
5828
5827
5832
5831
6009
5839
6010
5840
6014
5844
5861
5860
5870
5868
5329
5871
6061
5883
6082
5900
5910
5909
5912
5915
5913
5773
5914
5773
5773
5913
5913
5915
5920
5915
6094
6094
5918
5925
5923
5928
5927
5949
5947
5813
5962
5962
5961
5970
5963
5975
5974
5979
5978
5991
5982
5987
5986
5995
5990
5997
5994
6015
6006
6023
6022
6025
6025
6024
6184
6184
6025
6032
6031
6038
6037
6355
6355
6045
6045
6050
6049
6218
6058
5883
6061
6060
6228
6075
6077
6076
6090
6088
6093
6093
6091
6091
6093
6092
6244
6092
6092
6244
6092
6093
6095
6094
5918
6255
6097
6099
6098
6275
6110
6280
6114
6121
6119
6144
6132
6293
6135
6149
6138
6152
6140
6152
6140
6139
6157
6148
6160
6150
6299
6151
6164
6155
6156
6155
6164
6165
6158
6300
6162
6174
6163
6177
6168
6179
6173
6176
6175
6183
6182
6302
6186
6190
6190
6189
6195
6194
6315
6197
6321
6198
6328
6199
6199
6328
6199
6039
6329
6200
6377
6206
6395
6210
6247
6240
6446
6243
6246
6245
6250
6248
6249
6248
6250
6252
6251
6254
6253
6260
6256
6256
6260
6260
6257
6468
6258
6258
6468
6254
6253
6261
6259
6263
6262
6477
6264
6499
6282
6517
6285
6298
6296
6305
6304
6530
6310
6317
6316
6322
6318
6325
6325
6320
6330
6338
6338
6324
6344
6324
6324
6338
6338
6327
6325
6320
6342
6333
6333
6332
6560
6337
6344
6324
6338
6337
6337
6560
6553
6553
6339
6553
6339
6339
6326
6557
6342
6342
6333
6333
6330
6330
6323
6323
6331
6342
6557
6565
6565
6348
6347
6567
6350
6349
6351
6351
6351
6359
6352
6352
6359
6570
6570
6353
6572
6354
6357
6357
6356
6361
6357
6356
6587
6356
6357
6357
6361
6358
6362
6358
6361
6361
6357
6357
6356
6366
6366
6598
6365
6364
6366
6598
6365
6365
6364
6364
6364
6365
6365
6598
6367
6369
6370
6370
6369
6369
6374
6381
6376
6613
6613
6376
6376
6381
6374
6369
6370
6610
6626
6626
6380
6621
6380
6626
6626
6380
6380
6621
6621
6371
6391
6385
6388
6388
6386
6386
6386
6388
6388
6387
6388
6388
6387
6641
6389
6643
6643
6384
6384
6397
6397
6396
6396
6398
6398
6397
6396
6398
6659
6659
6401
6401
6673
6673
6402
6402
6411
6410
6450
6448
6726
6449
6452
6451
6452
6451
6245
6246
6456
6455
6735
6456
6455
6463
6463
6458
6461
6460
6464
6469
6465
6465
6464
6464
6463
6458
6469
6465
6749
6467
6771
6486
6490
6489
6777
6491
6491
6495
6494
6505
6504
6504
6505
6505
6503
6507
6506
6526
6525
6528
6526
6525
6791
6527
6532
6531
6540
6536
6802
6802
6538
6538
6802
6538
6537
6802
6802
6538
6538
6537
6537
6320
6325
6323
6323
6331
6331
6543
6544
6331
6331
6323
6323
6330
6330
6544
6544
6543
6543
6818
6545
6547
6546
6546
6547
6547
6338
6324
6810
6549
6551
6550
6550
6336
6336
6550
6551
6549
6549
6810
6831
6551
6550
6559
6552
6555
6553
6553
6339
6339
6326
6320
6325
6325
6327
6327
6326
6339
6553
6555
6337
6560
6559
6559
6552
6562
6562
6561
6562
6561
6561
6553
6339
6347
6348
6348
6565
6564
6564
6565
6350
6567
6566
6566
6567
6567
6350
6350
6349
6347
6348
6569
6569
6568
6568
6569
6351
6351
6359
6359
6352
6850
6850
6571
6575
6575
6573
6575
6573
6573
6563
6563
6856
6576
6581
6581
6580
6581
6580
6580
6570
6353
6591
6580
6580
6581
6581
6858
6584
6586
6585
6585
6588
6588
6590
6590
6589
6589
6590
6588
6578
6579
6578
6873
6873
6592
6873
6592
6592
6372
6887
6595
6600
6599
6602
6601
6600
6600
6599
6602
6601
6600
6600
6599
6599
6602
6601
6601
6600
6600
6599
6599
6367
6598
6598
6365
6365
6364
6364
6366
6366
6593
6615
6603
6586
6585
6370
6369
6369
6374
6374
6373
6606
6608
6607
6879
6607
6608
6611
6629
6629
6613
6376
6381
6911
6614
6378
6609
6925
6628
6630
6613
6629
6630
6630
6629
6642
6631
6631
6631
6642
6642
6382
6391
6385
6385
6382
6642
6642
6631
6934
6636
6934
6636
6644
6643
6384
6397
6397
6396
6396
6398
6646
6645
6950
6648
6650
6649
6649
6650
6650
6649
6649
6399
6650
6649
6649
6399
6399
6390
6666
6650
6649
6399
6651
6651
6650
6650
6649
6954
6954
6652
6954
6954
6652
6652
6397
6397
6384
6384
6643
6396
6396
6398
6653
6653
6654
6662
6660
6661
6664
6663
6663
6386
6386
6664
6663
6663
6386
6388
6979
6979
6665
6665
6673
6673
6401
6401
6659
6673
6673
6402
6402
6402
6402
6672
6670
6677
6670
6670
6672
6672
6673
6402
6672
6670
6677
6674
6696
6695
6700
6698
7016
6699
6717
6711
6721
6720
6720
6728
6724
6737
6729
6731
6730
6730
6731
6730
6727
6739
6737
6737
6729
6744
6738
6729
6737
6739
6739
6738
6738
6744
6739
6738
6744
6729
6737
6737
6739
6739
6738
6738
6742
6741
6741
6742
6741
6732
6741
6742
6740
6747
6748
6748
6467
6749
6749
6750
6743
6755
6752
6768
6765
6780
6779
6800
6799
6538
6802
6802
6804
6803
6804
6804
6803
6807
6806
6809
6806
6806
6808
6819
6801
6799
6799
6800
6800
6801
6801
6819
6819
6808
6835
6835
6815
6821
6820
6554
6820
6821
6808
6808
6819
6819
6801
6801
6799
6799
6800
6800
6538
6802
6800
6800
6799
6799
6801
6801
6819
6819
6808
6808
6821
6821
6820
6819
6808
6821
6821
6820
6820
6554
6800
6799
6799
6801
6819
6808
6808
6821
6821
6820
6820
6554
6807
6806
6806
6809
6809
6811
6826
6822
6807
6806
6809
6811
6826
6826
6822
6822
6823
6558
6824
6823
6822
6826
6827
6828
6825
6828
6828
6827
6839
6839
6825
6828
6827
6830
6813
6831
6551
6551
6550
6830
6830
6827
6827
6828
6828
6825
6825
6839
6825
6825
6828
6828
6827
6827
6830
6813
6833
6832
6832
6833
6832
6552
6552
6559
6848
6833
6833
6832
6832
6833
6833
6848
6848
6834
6837
6836
6836
6837
6836
6817
6849
6849
6837
6837
6836
6836
6835
6815
6835
6836
6837
6849
6853
6838
6844
6846
6566
6567
6567
6350
6350
6349
6845
6844
6846
6571
6850
6850
6849
6849
6837
6837
6836
6850
6849
6837
6837
6836
6836
6837
6837
6849
6849
6850
6850
6571
6571
6562
6561
6815
6835
6835
6836
6836
6837
6837
6849
6849
6850
6571
6838
6853
6852
6855
6854
6582
6860
6859
6859
6861
6861
6861
6859
6860
6584
6864
6865
6865
6866
6866
6840
6840
6866
6865
6856
6856
6576
6576
6856
6856
6357
6356
6587
6576
6856
6865
6865
6866
6857
6868
6867
6867
6868
6869
6857
6868
6868
6867
6874
6873
6592
6876
6876
6875
6875
6876
6880
6880
6881
6881
6863
6863
6864
6864
6863
6897
6897
6878
6878
6878
6584
6584
6864
6864
6863
6863
6881
6881
6880
6880
6897
6878
6897
6897
6880
6880
6881
6881
6863
6864
6594
6596
6886
6885
6885
6886
6908
6889
6891
6890
6890
6891
6890
6874
6874
6873
6873
6592
6894
6892
6892
6894
6892
6892
6894
6892
6861
6861
6859
6859
6860
6583
6582
6860
6860
6859
6859
6861
6861
6892
6892
6894
6894
6862
6892
6894
6893
6614
6911
6893
6893
6894
6894
6892
6895
6915
6900
6897
6880
6881
6902
6901
6901
6883
6882
6594
6882
6882
6883
6883
6901
6902
6899
6903
6902
6901
6379
6620
6612
6612
6904
6904
6922
6612
6904
6904
6922
6905
6889
6908
6908
6907
6907
6906
6906
6889
6908
6908
6907
6907
6906
6371
6371
6621
6621
6380
6380
6626
6910
6910
6909
6910
6909
6909
6889
6889
6908
6927
6910
6909
6891
6891
6890
6927
6910
6910
6909
6909
6891
6890
6889
6908
6907
6900
6915
6918
6917
6916
6898
6916
6917
6917
6918
6918
6923
6923
6921
6935
6935
6923
6926
6925
6925
6628
6930
6928
6928
6929
6929
6941
6941
6928
6928
6930
6929
6929
6941
6933
6932
6939
6938
6938
6939
6631
6631
6642
6928
6929
6941
6940
6942
6940
6940
6942
6940
6941
6929
6929
6928
6928
6930
6930
6945
6953
6951
6951
6953
6951
6938
6938
6939
6969
6952
6939
6938
6938
6951
6951
6953
6953
6952
6969
6955
6955
6955
6954
6955
6954
6954
6652
6651
6652
6652
6954
6954
6955
6955
6942
6962
6963
6961
6960
6960
6964
6964
6962
6962
6963
6963
6943
6943
6931
6931
6963
6962
6962
6964
6964
6960
6960
6959
6959
6963
6962
6962
6964
6964
6960
6959
6958
6654
6653
6961
6963
6963
6962
6962
6964
6985
6985
6964
6964
6962
6962
6963
6963
6961
6973
6973
6965
6967
6966
6966
6967
6966
6950
6950
6648
6655
6648
6950
6966
6967
6982
6982
6968
6968
7131
6970
6965
6973
6973
6971
6971
6965
6973
6971
6961
6961
6963
6963
6962
6971
6973
6974
6965
6965
6973
6973
6971
6989
6989
6972
6976
6975
6978
6976
6975
6975
6661
6661
6660
6662
6662
6661
6661
6975
6975
6976
6976
6978
6979
6979
6665
6665
6981
6981
6980
6980
6979
6979
6665
6979
6980
6981
6399
6649
6649
6650
6650
6666
6666
6665
6979
6979
6980
6980
6981
6968
6982
6981
6981
6980
6980
7245
7245
6983
6983
5583
5583
7132
7132
6214
6214
5871
5871
5583
5583
5582
7132
7132
6983
6983
7245
7245
6987
6986
6986
6986
6987
6987
6658
6658
6987
6987
6986
6986
6985
6964
6962
6962
6963
6963
6961
6972
6989
6988
6988
6988
6989
6991
6991
6990
6993
6993
7012
7011
7011
7035
7030
7029
7032
7031
7049
7048
7051
7050
7157
7064
7070
7069
7166
7071
7168
7074
7097
7090
7096
7090
7097
7096
7090
7090
7093
7091
7183
7102
6798
7104
7105
7108
7107
7107
7108
7106
7125
7122
7130
7129
7154
7153
7064
7157
7156
7159
7164
7163
7167
7166
7166
7071
7170
7169
7180
7179
7178
7205
7205
7235
7196
7211
7206
7222
7211
7211
7206
7274
7216
7219
7221
7220
7253
7224
7223
7290
7227
7227
7228
7231
7230
7241
7240
6983
6983
7245
7245
7244
7244
5582
7244
7245
7245
6983
6983
7132
7132
6214
6214
5871
5329
5191
6214
7243
5192
7342
7243
7244
7244
7245
7245
6983
6983
7132
6214
5871
5583
5582
5331
5584
7247
7246
7245
7245
6983
6983
7132
6214
5192
5330
5465
7248
7267
7255
7260
7258
7249
7248
7252
7251
7265
7262
7279
7268
7254
7254
7268
7266
7269
7269
7266
7284
7267
7267
7255
7280
7279
7262
7282
7279
7279
7262
7252
7248
7248
7249
7286
7285
7295
7295
7293
7293
7293
7295
7295
7294
7294
7294
7295
7298
7298
7296
7299
7297
7310
7309
7312
7311
7311
7312
7281
7317
7315
7320
7319
7324
7324
7321
7333
7333
7332
7335
7335
7334
7334
7380
7345
7344
7391
7357
7362
7362
7358
7358
7364
7359
7395
7360
7398
7398
7362
7362
7358
7358
7356
7367
7367
7363
7370
7365
7399
7366
7369
7368
7381
5331
5331
5064
7407
7407
7399
7399
7366
7416
7408
7453
7417
7426
7425
7436
7435
7493
7442
7501
7449
7457
7456
7477
7476
7502
7496
7508
7507
31
30
74
33
97
56
70
69
91
90
99
98
146
104
115
114
121
120
161
130
179
143
189
147
231
188
198
197
273
237
290
253
265
263
330
277
423
320
365
363
362
362
357
371
370
388
387
400
399
398
412
411
559
439
499
498
548
546
555
554
554
553
563
439
559
558
558
445
445
341
446
447
447
561
560
560
441
441
442
576
575
577
575
576
627
626
636
635
638
769
769
641
664
662
679
678
687
825
685
728
724
724
602
602
603
734
733
761
760
893
763
770
772
772
771
771
904
773
771
771
772
770
772
772
771
771
773
773
904
923
798
797
798
923
800
799
924
799
800
813
812
968
966
966
844
989
868
876
875
905
902
1034
1030
906
922
921
1056
934
974
973
987
980
995
994
1043
1042
1038
1283
1283
1053
1158
1055
1066
1065
1076
1081
1081
1080
1085
1076
1081
1081
1080
1080
1110
1103
1237
1118
1253
1139
1278
1152
1288
1160
1174
1173
1337
1238
1345
1242
1352
1251
1354
1252
1357
1255
1264
1263
1262
1374
1286
1376
1287
1300
1299
1305
1306
1425
1324
1535
1334
1456
1353
1364
1468
1479
1481
1373
1485
1378
1491
1382
1382
1381
1381
1295
1294
1491
1382
1382
1381
1381
1295
1295
1294
1294
1169
1607
1606
1393
1501
1501
1394
1397
1396
1505
1404
1635
1426
1562
1562
1458
1476
1475
1475
1476
1475
1368
1586
1477
1698
1478
1481
1373
1590
1484
1381
1382
1382
1491
1491
1490
1598
1600
1493
1493
1600
1493
1492
1600
1493
1493
1492
1492
1487
1487
1488
1721
1495
1499
1498
1612
1612
1501
1647
1534
1544
1541
1547
1546
1805
1583
1699
1587
1812
1589
1596
1596
1595
1703
1704
1596
1595
1596
1712
1598
1598
1490
1490
1491
1491
1382
1382
1381
1715
1599
1491
1491
1382
1382
1381
1381
1295
1295
1294
1294
1169
1717
1717
2112
2112
1382
1491
1491
1599
1599
1717
1717
2112
1723
1603
1718
1726
1604
1873
1607
1607
1606
1609
1610
1608
1608
1610
1622
1619
1763
1637
1641
1640
1659
1658
1681
1680
1697
1696
2097
1963
1963
1700
1596
1704
2102
1703
1703
1704
1704
1596
1708
1707
1724
1713
1383
1382
1491
1599
1717
1716
1295
1381
1381
1382
1382
1491
1491
1599
1599
1715
1726
1604
1605
1604
1604
1726
1868
1725
1725
1868
1714
1728
1729
1727
1993
1991
1728
1728
1729
1732
1731
1997
2000
1734
1766
1765
1949
1786
1950
1787
2063
2188
1957
1803
1808
1806
1695
2078
1807
2096
1809
2099
1814
1818
1821
1971
1817
2105
1817
1971
1971
1821
1821
1818
1819
1819
1820
1820
1821
1821
1818
1819
1820
1820
1821
1821
1821
1821
1971
1971
1817
2105
1817
1817
1971
1971
1821
1821
1820
1820
1819
1838
1709
1822
1822
1825
1825
1823
1823
1832
1822
1836
1837
1836
1836
1824
1824
1827
1826
1865
1824
1830
1830
1831
1831
1828
1827
1827
1826
1826
1865
1865
1864
1864
1819
1819
1820
1821
1818
1826
1826
1865
1865
1864
1864
1819
1819
1820
1820
1821
1821
1818
1832
1823
1825
1822
1709
1838
1838
1839
1840
1837
1837
1836
1836
1824
1824
1830
1836
1824
1824
1820
1820
1819
1819
1864
1864
1865
1865
1826
1826
1827
1827
1828
1828
1831
1831
1830
1830
1824
1824
1836
1818
1821
1821
1820
1820
1819
1819
1864
1864
1865
1865
1826
1826
1827
1827
1828
1828
1831
1830
1824
1824
1836
1834
1833
1832
1832
1823
1823
1825
1825
1822
1825
1825
1823
1823
1832
1832
1833
1833
1834
1834
1835
1835
1972
1972
1969
1833
1833
1822
1825
1825
1823
1823
1832
1832
1833
1833
1834
1834
1835
1835
1972
1972
1829
1831
1831
1830
1830
1824
1824
1836
1836
1837
1830
1824
1824
1836
1836
1837
1837
1840
1840
1838
1709
1709
1841
1841
1840
1840
1837
1837
1836
1836
1824
1824
1830
1841
1840
1840
1840
1840
1839
1839
1838
1838
1709
1839
1840
1841
1869
1843
1862
1862
1861
1861
1859
1859
1872
1872
1870
1870
1846
1846
1847
1847
1850
1862
1861
1861
1859
1859
1872
1872
1870
1870
1846
1846
1856
1855
1855
1849
1861
1859
1859
1855
1855
1856
1860
1856
1855
1859
1861
1858
1862
1862
1861
1861
1859
1859
1872
1872
1870
1870
1846
1847
1847
1850
1820
1819
1819
1864
1864
1866
1722
1867
1841
1840
1837
1836
1824
1830
1990
1988
1987
1857
1858
1862
1861
1859
1872
1872
1870
1870
1871
1871
2126
1874
1912
1911
2040
1932
2199
1959
2246
1962
1835
1972
1972
1966
1967
1966
1966
1972
1972
1835
1833
1834
1825
1823
1823
1832
1833
1833
1834
1970
2121
2118
2118
2116
2116
2114
2114
1975
1975
1982
1982
1985
1986
1976
1976
2115
2115
2119
2119
2117
2117
2289
2289
2290
2290
2291
1974
1852
1852
1851
1851
1854
1854
1853
1853
1978
1853
1853
1854
1854
1851
1851
1852
1852
1978
1853
1853
1854
1854
1851
1851
1852
1852
1974
1974
1848
1848
1981
1978
1978
1853
1853
1854
1854
1851
1851
1852
1975
2114
2116
2116
2118
2118
2121
1984
1982
1975
1975
2114
2114
2116
2116
2118
2118
2121
2291
2290
2290
2289
2289
2117
2117
2119
2119
2115
2115
1976
1976
2291
2290
2290
2289
2289
2117
2117
2119
2119
2115
2115
1976
1977
1857
1857
1987
1989
1870
1872
1872
1859
1859
1861
1861
1862
1862
1858
1858
1870
1872
1872
1859
1859
1861
1861
1862
1862
1858
1858
1857
1988
1990
1990
1871
1870
1870
1872
1872
1859
1859
1861
1861
1862
1862
1858
1858
1857
1857
1987
1978
1853
1853
1854
1854
1851
1851
1852
1852
1974
1974
1848
1871
1871
1870
1870
1872
1872
1859
1859
1861
1861
1862
1862
1858
1858
1857
1857
1987
2297
2295
2295
2297
2295
1993
1993
1991
1991
1728
1728
1729
1973
1996
1996
1995
2021
2020
2020
2186
2059
2200
2074
2077
2076
2086
2080
2098
2097
1963
2274
2098
2098
2097
2097
1963
2484
2100
2104
2103
2103
2104
1968
2485
2281
2103
2103
2104
2104
1968
2104
2104
2103
2103
2281
2281
2485
1970
2106
2106
2282
2108
2288
2112
1717
1599
1715
2288
2112
2112
1717
1717
1599
1599
1599
1599
1491
1491
1382
1382
1381
1381
1295
1295
1169
1294
1295
1295
1381
1381
1382
1382
1491
1491
1599
1599
1717
1717
2112
2112
2288
2119
2115
2115
2116
2116
2118
2118
2121
2120
2300
2125
2324
2157
2343
2171
2341
2171
2171
2343
2587
2373
2198
2214
2206
2391
2207
2220
2211
2401
2212
2446
2233
2233
2217
2232
2231
2235
2234
2473
2268
2483
2276
2275
2276
2276
2483
2280
2279
2486
2282
2282
2108
2287
2287
2284
1970
2106
2287
2284
2830
2291
2290
2294
2293
2296
2295
2295
1993
1993
1991
2505
2302
2134
2515
2515
2307
2307
2514
2340
2339
2370
2371
2379
2380
2390
2382
2393
2612
2443
2414
2626
2446
2233
2791
2638
2634
2449
2429
2447
2447
2448
2429
2449
2449
2448
2447
2466
2465
2479
2468
2480
2472
2811
2481
2661
2482
2669
2669
2485
2485
2281
2670
2487
2486
2486
2282
2282
2108
2487
2487
2486
2486
2282
2282
2108
2493
2492
2674
2500
2309
2310
2510
2845
2846
2681
2518
2522
2525
2526
2682
2531
2532
2694
2693
2693
2685
2316
2536
2536
2861
2548
2720
2565
2569
2568
2913
2911
2911
2582
2758
2593
2617
2426
2627
2618
2625
2944
2944
2945
2945
2948
2638
2638
2634
2634
2628
2628
2447
2447
2448
2801
2645
2809
2657
2820
2660
2664
2663
2985
2663
2664
2668
2667
2986
2667
2667
2668
2988
2669
2485
2485
2281
2990
2671
2997
2672
2517
2682
2847
2847
2840
2840
2687
2683
2688
2688
2691
2696
2695
2695
2850
2850
2848
2848
2694
2694
2693
2693
2685
2712
2711
2724
2723
2738
2737
2903
2745
3042
2745
2745
3042
2932
2768
2774
2773
2937
2779
2942
2781
2784
2781
2942
2784
2781
2781
2947
2788
2788
2951
2951
2950
2950
3089
3089
2950
2950
2951
2951
2788
2788
2947
2947
2620
2971
2810
2982
2821
3294
3118
2825
2828
2110
2840
2847
2682
2517
2524
2524
2517
2517
2682
2682
2847
2847
2840
2840
2841
2841
2841
2840
2840
2847
2847
2682
2682
3164
3163
3163
2856
3032
2891
3069
2926
3086
3085
2948
2948
2945
2945
2944
3115
2981
2993
2992
3003
3002
3014
3156
3213
3039
2922
3055
3055
3054
3060
3058
2923
3064
3063
3258
3097
3096
3277
3111
3113
3112
3285
3116
3286
3117
3295
3119
3438
3438
3122
3123
3120
3309
3133
3143
3138
3137
3136
3137
3138
3138
3143
3146
3148
3312
3312
3148
3324
3171
3333
3189
3338
3191
3342
3197
3344
3345
3199
3358
3217
3373
3372
3224
3374
3225
3375
3376
3377
3528
3552
3411
3411
3409
3409
3410
3410
3252
3251
3274
3273
3276
3275
3289
3288
3298
3297
3296
3297
3297
3296
3316
3313
3313
3767
3764
3764
3316
3313
3314
3320
3167
3353
3352
3656
3353
3353
3352
3507
3507
3356
3359
3508
3508
3227
3375
3375
3376
3376
3227
3375
3375
3376
3376
3377
3377
3700
3400
3406
3550
3546
3409
3409
3410
3410
3252
3562
3418
3429
3428
3585
3433
3586
3434
3742
3743
3438
3122
3602
3441
3606
3446
3306
3446
3446
3606
3455
3453
3453
3451
3611
3761
3761
3455
3453
3617
3618
3458
3464
3460
3650
3497
3660
3507
3356
3511
3512
3669
3524
3525
3676
3533
3533
3532
3875
3874
3548
3880
3551
3706
3555
3719
3574
3725
3580
3739
3739
3593
3929
3928
3928
3741
3595
4129
4129
3600
4129
3600
3600
2994
2110
2828
2828
2994
3600
4129
3928
3929
3929
3602
3602
3441
3608
3607
3774
3615
3620
3619
3808
3638
3641
3640
3644
3642
3819
3651
3842
3672
3887
3705
3708
3908
3718
3732
3722
3914
3726
3738
3590
3740
3739
3593
3739
3740
3927
3742
3742
3743
4136
4136
3745
4164
4164
3754
3755
4164
4164
3754
3754
3759
3759
3758
3953
3953
3953
3759
3315
3315
3613
3763
3773
3457
3771
3771
3772
3768
3971
3971
3771
3772
3786
3778
3796
3795
3815
3813
3824
3823
4029
3844
3844
3839
3839
3843
3853
3851
3677
4038
3857
3855
3862
3862
3861
4100
3893
4117
3913
3922
3921
4122
3923
3923
4122
3740
3740
3739
3926
3925
4135
4135
3929
3929
3928
3928
3741
3741
3595
4358
3930
3930
3745
4136
3930
3930
4358
4358
3930
4136
4363
4139
4139
3938
3939
4141
3940
3943
3942
3950
3952
3952
3951
3955
3953
3759
4172
4190
4188
4189
4187
4182
4179
4179
3968
3967
3964
3964
3965
3965
3966
3967
3967
3967
3967
3968
3970
3970
3967
3964
3964
3965
3965
3966
4176
4173
4173
4189
4189
4187
4187
3961
3961
3972
3972
3971
3971
3971
3972
3961
4187
4189
4173
4176
3768
3772
3772
3771
3771
3971
3971
3972
3972
3961
3961
4187
4187
4189
4189
4173
4173
4176
4176
4173
4173
4189
4189
4187
4187
3961
3961
3972
3972
3971
3971
3771
3771
4176
4173
4173
4189
4189
4187
4187
3961
3961
3972
3972
3971
3771
3765
3765
3766
4191
4192
3973
4231
3990
3996
3993
4012
4013
4247
4248
4249
4013
4012
4012
4426
4025
4071
4060
4059
4058
4045
4047
4065
4065
4064
4064
4084
4273
4068
4087
4086
4321
4105
4125
4124
4130
4129
4129
3600
3600
2994
2994
2828
2828
2110
3741
3928
3929
4135
4133
4149
4150
4149
4149
4150
4150
4160
4152
3957
4155
4154
4161
4163
3754
4164
4154
4154
4161
4161
4154
4154
4161
4154
4164
4161
4154
4154
4155
4153
4163
4162
4162
4163
4163
4161
4161
4154
4154
4155
4157
4162
4163
4178
4178
4170
4170
4166
4166
4168
4168
4167
4167
4160
4150
4149
4167
4168
4166
4170
4170
4178
4185
4183
4183
4178
4178
4170
4170
4166
4166
4168
4168
4167
4158
4171
4171
4174
4174
4175
4168
4166
4179
4182
4181
4181
4185
4185
4183
4168
4166
4166
4170
4170
4178
4178
4183
4183
4185
4185
4181
4182
4182
4179
4166
4166
4170
4170
4178
4178
4183
4183
4185
4185
4181
4181
4182
4182
4179
4180
4186
4185
4185
4183
4183
4178
4178
4170
4170
4166
4166
4168
4168
4167
4160
4150
4150
4149
4149
4167
4167
4168
4168
4166
4166
4170
4170
4178
4178
4183
4185
4186
4186
4180
4187
4187
4189
4194
4194
4375
4387
4212
4393
4225
4563
4261
4274
4274
4264
4275
4274
4264
4274
4275
4306
4297
4567
4301
4315
4305
4318
4317
4448
4331
4337
4332
4336
4335
4345
4344
4347
4346
4349
4579
4579
4123
4455
4347
4347
4346
4346
4349
4349
4579
4581
4351
4350
4355
4350
4351
4357
4357
4352
4466
4463
4357
4352
4536
4398
4401
4399
4543
4410
4543
4410
4410
4409
4412
4411
4551
4421
4422
4554
4554
4429
4428
4436
4435
4451
4450
4453
4452
4456
4454
4716
4716
4715
4715
4991
4991
5132
5132
4992
4992
5133
5133
5255
5521
4458
4470
4471
4467
4466
4603
4473
4604
4489
4490
4632
4521
4645
4537
4648
4539
4570
4569
4705
4702
4577
4582
4579
4349
4346
4683
4346
4346
4349
4349
4579
4579
4582
4582
4577
4577
4702
4702
4705
4349
4349
4346
4346
4347
4581
4580
4582
4577
4347
4346
4346
4349
4349
4579
4579
4580
4580
4581
4581
4347
4347
4346
4346
4349
4349
4579
4579
4581
4581
4580
4123
4347
4347
4346
4346
4349
4349
4579
4581
4581
4580
4685
4583
4586
4583
4583
4685
4348
4348
4587
4592
4592
4591
4594
4593
4596
4606
4605
4637
4636
4651
4650
4818
4652
4823
4656
4853
4678
4688
4690
4700
4698
4706
4706
4707
4704
4701
4707
4706
4699
4737
4711
4458
4716
4716
4715
4715
4991
4991
5132
5132
4992
4992
5133
5133
5255
5255
4731
4730
4730
4728
4728
4720
4720
4743
4743
4722
4723
4722
4722
4743
4724
4723
4722
4743
4727
4592
4592
4591
4591
4576
4721
4720
4720
4728
4728
4729
4726
4733
4732
4597
4745
4732
4733
4596
4597
4597
4732
4732
4732
4732
4733
4995
4734
4736
4735
4735
4866
4733
4732
4732
4745
4745
4743
4722
4762
4763
4766
4812
4809
4811
4810
4806
4816
4815
4829
4827
4979
4850
4860
4859
4993
4994
4994
4865
4867
4867
4866
4866
4735
4867
4866
4866
4735
4735
4692
5134
4867
4866
4866
4735
4998
4873
5136
4874
5000
5001
4996
4879
5000
5000
5001
4928
4927
4932
4931
4959
4958
5254
5255
5255
5133
5133
4992
4992
5132
5132
4991
4991
4715
5393
5254
5254
5255
5255
5133
5133
4992
4992
5132
5132
4991
4991
4715
4715
4716
4458
4994
4993
4993
4992
5133
5522
5033
5032
5048
5046
5058
5056
5073
5071
5206
5088
5092
5089
5212
5096
5225
5101
4964
5230
5233
5105
5247
5117
5250
5124
4992
5133
5133
5261
5135
5265
5264
5140
5193
5189
5192
5202
5201
5487
5215
5365
5219
5218
5495
5222
5101
5225
5225
5224
5229
5229
5231
5231
5232
5231
5231
5229
5229
5227
5227
5228
5227
5227
5228
5132
4991
4590
4129
3600
4458
4716
4715
4991
5132
4992
4992
5133
4716
4716
4458
5402
5256
5394
5394
5257
5135
5261
5260
5524
5262
5405
5267
5273
5276
5285
5290
5289
5289
5288
5435
5301
5300
5319
5317
5322
5321
5457
5322
5322
5321
5325
5325
5324
5460
5325
5324
5461
5326
5463
5462
5462
5327
5064
5331
5331
5584
5584
5465
5357
5356
5366
5365
5365
5219
5512
5380
5525
5394
5257
5397
5396
5400
5399
5404
5403
5411
5410
5410
5415
5459
5458
5064
5331
5584
5466
5332
5477
5471
5478
5472
5591
5474
5590
5475
5600
5482
5482
5480
5603
5485
5770
5498
5501
5636
5509
5786
5511
5658
5526
5531
5530
5675
5535
5676
5540
5862
5575
5865
5579
5582
5583
5329
5871
5871
6214
6214
6214
6214
7132
7132
6983
6983
7245
7245
7244
5329
5871
5871
5871
5871
5583
5583
5582
5750
5589
5599
5597
5755
5598
5782
5637
5784
5638
5790
5641
5645
5644
5798
5650
5808
5657
5671
5671
5672
5674
5673
5691
5689
5847
5699
5848
5700
5734
5732
5884
5751
6066
5756
5893
5758
6073
5759
5929
5781
5788
5787
5937
5789
5940
5793
5804
5801
5826
5684
5825
5824
5830
5829
5851
5850
6193
5860
5861
5864
5863
6037
6038
6038
5863
5864
6048
5866
6211
5869
6055
5874
5882
5878
6062
5879
6064
5888
6067
5889
6078
5896
6079
5901
6239
5908
5911
5908
6239
5915
5913
5913
6098
6099
6099
5924
6101
5927
5928
6101
5927
5927
5932
5930
6104
5934
6109
5938
5942
5941
6283
5945
5953
5952
5960
5959
6123
6123
5961
5961
5962
5962
5813
6144
6132
5976
5987
5977
5839
6009
6009
5998
6004
6003
6176
6175
6175
6016
6302
6186
6186
6026
6196
6035
6038
6038
6037
6037
6318
6318
6322
6044
6044
6040
6042
6041
6345
6042
6042
6041
6355
6045
6045
6044
6377
6206
6206
6049
6049
6377
6206
6049
6050
6680
6051
6404
6053
6443
6089
6267
6102
6269
6103
6273
6107
6128
6123
5961
5961
5962
5962
5813
6130
6124
6137
6129
6132
6132
5976
6140
6140
6139
6296
6298
6298
6159
6175
6176
6176
6166
6297
6167
6171
6170
6311
6190
6189
6322
6318
6037
6038
6200
6360
6201
6206
6206
6049
6050
6049
6049
6206
6206
6377
6377
6208
6392
6209
6212
6210
6210
6395
6216
6215
6409
6217
6415
6221
6249
6248
6248
6256
6260
6476
6262
6263
6266
6265
6496
6276
6793
6313
6796
6315
6197
6315
6315
6796
6318
6318
6037
6037
6038
6342
6333
6330
6330
6323
6323
6331
6331
6544
6544
6543
6331
6323
6323
6330
6330
6333
6323
6331
6544
6331
6323
6330
6333
6332
6557
6342
6342
6333
6333
6333
6333
6332
6343
6334
6335
6334
6335
6575
6573
6573
6563
6563
6341
6341
6575
6573
6573
6563
6341
6329
6568
6569
6569
6351
6351
6359
6359
6368
6355
6045
6044
6045
6045
6355
6355
6368
6574
6355
6355
6045
6045
6044
6044
6040
6356
6356
6357
6858
6858
6581
6581
6580
6580
6591
6591
6363
6367
6367
6598
6598
6365
6365
6364
6364
6366
6593
6586
6585
6585
6370
6370
6369
6369
6368
6368
6355
6355
6045
6045
6044
6369
6370
6370
6373
6374
6369
6369
6370
6378
6618
6618
6619
6619
6635
6618
6618
6619
6619
6635
6635
6922
6922
6904
6904
6612
6612
6620
6638
6967
6966
6966
6950
6950
6648
6648
6655
6387
6387
6388
6388
6386
6386
6663
6663
6664
6641
6389
6389
6387
6388
6386
6385
6391
6391
6390
6399
6649
6649
6650
6393
6391
6391
6385
6385
6382
6382
6642
6642
6631
6643
6643
6384
6384
6397
6397
6396
6396
6395
6395
6210
6654
6653
6653
6398
6398
6396
6396
6397
6397
6384
6384
6643
6643
6644
6402
6673
6401
6401
6659
6681
6408
6694
6420
7015
6427
6706
6431
6708
6436
6721
6720
6440
6713
6442
6464
6465
6465
6777
6491
6490
6490
6489
6782
6498
6515
6514
6539
6537
6537
6538
6538
6802
6808
6819
6819
6801
6801
6799
6799
6800
6800
6808
6819
6819
6801
6801
6799
6800
6802
6802
6538
6538
6537
6323
6331
6331
6544
6544
6543
6541
6330
6323
6323
6331
6331
6544
6544
6543
6543
6541
6809
6806
6806
6807
6807
6541
6543
6543
6544
6544
6331
6331
6323
6323
6330
6799
6800
6800
6546
6547
6359
6351
6569
6880
6881
6863
6864
6864
6584
6584
6575
6573
6854
6854
6855
6855
6575
6575
6573
6573
6563
6578
6578
6579
6591
6363
6585
6586
6586
6590
6589
6579
6578
6578
6588
6601
6601
6600
6600
6599
6599
6367
6367
6598
6598
6365
6365
6364
6364
6366
6366
6593
6364
6365
6365
6598
6598
6367
6367
6599
6600
6601
6604
6603
6615
6896
6896
6605
6616
6638
6379
6379
6638
6379
6375
6617
6616
6605
6618
6378
6639
6623
6624
6625
6623
6639
6627
6626
6380
6632
6942
6940
6940
6941
6941
6929
6929
6928
6928
6930
6930
6632
6632
6631
6642
6382
6932
6932
6933
6933
6933
6933
6932
6932
6634
6634
6933
6933
6932
6932
6634
6643
6643
6384
6384
6397
6397
6396
6605
6616
6616
6617
6617
6634
6634
6643
6643
6384
6637
6647
6378
6618
6619
6637
6647
6645
6646
6646
6644
6644
6643
6643
6384
6384
6397
6397
6396
6396
6398
6398
6653
6653
6654
6962
6963
6963
6961
6961
6971
6971
6973
6973
6965
6965
6645
6646
6656
6652
6954
6955
6942
6942
6940
6940
6941
6941
6929
6929
6928
6671
6658
6987
6987
6986
6971
6973
6973
6965
6965
6974
6974
6659
6659
6401
6401
6971
6973
6973
6965
6965
6974
6974
6659
6401
6673
6673
6402
6402
6672
6672
6670
6670
6677
6662
6661
6975
6976
6978
6661
6975
6975
6675
6675
6664
6663
6663
6664
6664
6675
6665
6665
6979
6979
6980
6980
6981
6981
6982
6982
6968
7243
7244
7245
6983
6668
6672
6672
6402
6402
6673
6674
6990
6990
6996
6678
7142
6682
7009
6690
7012
7011
6693
7021
6705
6712
6711
6711
6717
7024
6716
6716
7024
6707
7025
6722
6740
6748
6747
7045
6766
6774
6773
6820
6821
6821
6808
6808
6819
6819
6803
6804
7106
6823
6822
6822
6826
6826
6811
6549
6810
6810
6549
6810
6807
6807
6806
6806
6809
6809
6811
6811
6826
6826
6822
6811
6811
6826
6826
6822
6827
6828
6828
6825
6825
6839
6832
6832
6833
6833
6848
6847
6832
6833
6848
7115
7115
6852
6852
6853
6853
6838
7114
7114
6854
6854
6855
6872
6858
6581
6580
6591
6591
6363
6862
6894
6894
6892
6892
6861
6861
6859
6859
6860
6860
6582
6583
6862
6894
6894
6892
6892
6861
6861
6859
6859
6860
6860
6582
6582
6862
6894
6894
6892
6892
6861
6861
6859
6859
6860
6860
6582
6582
6583
6583
6364
6365
6585
6586
6584
6584
6864
6864
6863
6863
6881
6881
6880
6863
6863
6864
6864
6584
6912
6895
6876
6875
6616
6605
6605
6896
6877
6877
6877
6896
6914
6616
6616
6605
6605
6896
6896
6877
6864
6863
6863
6881
6881
6880
6880
6897
6897
6878
6878
6877
6896
6879
6877
6877
6896
6896
6605
6605
6616
6896
6877
6877
6878
6897
6897
6880
6880
6881
6594
6882
6882
6920
6903
6901
6902
6902
6903
6903
6920
6904
6922
6913
6912
6919
6919
6918
6918
6917
6917
6916
6919
6918
6918
6917
6917
6916
6916
6635
6619
6618
6618
6378
6921
6923
6935
6919
6919
6918
6918
6917
6937
6922
6904
6612
6620
6929
6928
6930
6632
6930
6930
6928
6928
6929
6929
6941
6941
6384
6643
6634
6634
6932
6932
6933
6933
6931
6931
6943
6943
6963
6963
6962
6962
6964
6964
6960
6605
6616
6616
6617
6634
6932
6933
6931
6931
6943
6963
6962
6964
6960
6634
6634
6932
6932
6933
6933
6931
6931
6943
6943
6963
6963
6962
6962
6964
6964
6960
6949
6934
6934
6636
6944
6947
6946
6936
6656
6656
6652
6652
6954
6954
6955
6955
6942
6942
6940
6940
6943
6943
6931
6931
6933
6933
6932
6932
6634
6634
6617
6617
6616
6616
6605
6946
6946
6947
6936
6936
6946
6620
6612
6612
6904
6904
6922
6922
6937
6937
6936
6946
6636
6934
6934
6949
6949
6948
6939
6938
6938
6951
6951
6953
6953
6952
6952
6665
6979
6979
6980
6980
6981
6981
6982
6968
6953
6953
6951
6656
6652
6652
6652
6652
6651
6651
6650
6650
6649
6959
6957
6957
6959
6959
6960
6960
6964
6964
6962
6962
6963
6963
6943
6943
6931
6931
6210
6395
6396
6397
6384
6384
6643
6643
6634
6634
6932
6932
6933
6933
6931
6931
6943
6943
6963
6963
6962
6962
6964
6964
6960
6960
6959
6959
6957
6957
6959
6959
6960
6960
6964
6964
6962
6962
6963
6963
6943
6943
6931
6931
6957
6959
6959
6960
6960
6964
6964
6962
6962
6963
6963
6943
6931
6933
6933
6932
6985
6986
6987
6658
6966
6966
6950
6950
6648
6648
6655
6982
6981
6980
6970
6956
7122
7125
7125
6956
6956
6970
6660
6662
6662
6661
6661
6975
6975
6976
6976
6663
6664
6664
6675
6675
6665
6665
6979
6979
6980
6980
6981
6981
6982
6982
6982
6981
6981
6980
6980
6979
6665
6675
6678
6996
6996
6988
6989
6993
6993
6991
6674
6990
6991
6993
6992
6992
6992
6993
7136
6994
7134
6995
7000
6998
7143
7003
7006
7004
7020
7019
7042
7042
7038
7043
7042
7038
7042
7043
7048
7049
7049
7047
7063
7055
7063
7055
7055
7054
7059
7058
7068
7062
7062
7068
7062
7062
7057
7057
7068
7062
7057
6775
7174
7078
7083
7082
7184
7101
7111
7109
7112
7110
7116
7115
6852
6853
6853
6838
7115
7116
7118
7117
7195
7119
7126
7126
7122
7122
7125
7125
6956
6956
6970
7125
6956
6956
6970
7127
7123
7124
7124
7196
7235
7126
7122
7122
7125
7125
6956
6956
6970
7123
7127
7198
7120
7121
7120
7120
7198
7198
7127
7127
7123
7123
7128
7128
7129
7129
7128
7128
7129
7128
7128
7124
7198
7127
7127
7123
7123
7124
7124
7128
7128
7129
7121
7120
7198
7198
7127
7127
7123
7123
7124
7124
7128
7128
7129
7129
7128
7128
7124
7124
7123
7123
7127
7127
7198
7198
7120
7133
7132
6983
7245
7246
7247
6994
7136
7135
7140
7139
7147
7146
7203
7201
7202
7162
7222
7211
7211
7206
7206
7180
7180
7179
7187
7187
7185
7229
7228
7188
7229
7228
7188
7188
7187
7185
7190
7192
7192
7112
7110
7230
7231
7191
7193
7193
7192
7112
7112
7110
7192
7192
7193
7234
7233
7193
7193
7192
7192
7190
7232
7194
7194
7232
7194
7191
7231
7231
7230
7190
7192
7193
7233
7233
7234
7234
7197
7233
7234
7234
7197
7241
7240
7199
7242
7200
7242
7200
7200
7130
7209
7205
7178
7179
7179
7180
7209
7205
7205
7178
7178
7219
7221
7220
7250
7291
7291
7225
7290
7227
7226
7228
7228
7188
7293
7295
7294
7230
7230
7231
7299
7297
7297
7233
7234
7239
7238
7238
7239
7238
7236
7240
7240
7199
5330
7244
7342
5192
6214
6214
7132
7132
6983
6983
7245
7245
7244
7244
7132
6983
6983
7245
7245
7246
7246
7245
6983
6983
7132
7132
7251
7251
7265
7265
7262
7262
7279
7279
7282
7252
7252
7251
7251
7265
7265
7262
7262
7279
7279
7282
7254
7268
7268
7266
7266
7261
7255
7267
7284
7258
7260
7260
7257
7258
7260
7260
7257
7257
7255
7255
7267
7282
7279
7279
7262
7262
7265
7251
7252
7264
7263
7263
7264
7263
7256
7268
7268
7254
7271
7270
7288
7270
7271
7308
7277
7294
7295
7295
7293
7290
7290
7227
7329
7329
7292
7292
7291
7225
7291
7292
7329
7330
7296
7298
7297
7299
7299
7298
7296
7304
7302
7328
7324
7321
7298
7296
7296
7330
7329
7292
7225
7291
7291
7292
7292
7329
7329
7330
7330
7296
7296
7298
7364
7359
7359
7331
7371
7333
7332
7336
7334
7335
7369
7368
7368
7335
7334
7336
7334
7334
7335
7335
7368
7369
7381
7380
7398
7362
7362
7358
7358
7356
7356
7355
7356
7358
7358
7362
7362
7361
7360
7395
7367
7363
7363
7362
7358
7356
7368
7369
7369
7367
7363
7372
7372
7370
7370
7365
7415
7372
7370
7370
7365
7382
7379
5192
5192
6214
6214
7132
7132
6983
6983
7245
7245
5465
5330
5330
7342
7244
7244
7245
7245
6983
6983
7132
7132
6214
6214
5192
5192
5330
5330
5465
7445
7396
7412
7405
7413
7406
7416
7408
7408
7407
7399
7399
7366
7414
7413
7413
7406
7480
7478
7509
7495
