16
76
229
241
259
266
268
298
529
589
686
872
1112
1157
1163
1187
1199
1255
1379
1391
1462
1535
1690
1732
1799
1859
2524
2642
2654
2656
2653
2755
2812
2857
2927
2938
2953
2957
2998
3295
3313
3325
3329
3331
3361
3367
3554
3623
3673
3713
3715
3725
3727
3731
3733
3842
3847
3910
4129
4135
4243
4406
4415
4418
4450
4544
4564
4574
4556
4618
4633
4657
4669
4699
4712
4727
4760
4762
4765
4820
4825
4861
4943
4946
4951
4960
5114
5123
5129
5158
5162
5171
5192
5213
5219
5228
5248
5254
5266
5290
5297
5350
5356
5393
5408
5417
5420
5459
5513
5525
5536
5539
5551
5563
5594
5659
5702
5711
5717
5744
5794
5798
5819
5831
6002
6026
6023
6031
6062
6071
6100
6319
6340
6346
6368
6397
6436
6482
6488
6500
6527
6533
6575
6625
6637
6652
6688
6709
6730
6745
6781
6809
6821
6857
6865
6872
6890
6911
6994
7003
7063
7097
7142
7262
7298
7364
7376
7388
7444
7475
7483
7492
7505
7507
7523
7561
7577
7579
7592
7594
7624
7682
7691
7693
7699
7724
7778
7792
7859
7961
8021
8129
8134
8164
8306
8401
8482
8378
8488
8134
8599
8605
8750
8831
8855
8870
9026
9115
9145
9142
9191
9211
9223
9239
9241
9271
9301
9334
9496
9649
9653
9655
9706
9724
9761
9773
9778
9790
9802
9824
9838
9872
9871
10159
10379
10850
10975
11056
11288
11380
11390
11402
11428
11449
11507
11509
11510
11518
11524
11530
11644
11726
11759
11837
11839
11978
11984
12068
12067
12074
12266
12362
12398
12428
12431
12428
12526
12532
12545
12551
12565
12586
12592
12643
12652
12658
12788
12794
12797
12815
12830
12877
12887
12899
12943
12949
12953
12955
12988
12997
13000
13006
13048
13060
13103
13162
13183
13187
13244
13273
13292
13447
13532
13625
13775
13805
13945
13967
13994
14000
14011
14023
14027
14029
14119
14138
14140
14167
14168
14176
14194
14218
14272
14300
14311
14347
14354
14368
14392
14399
14639
14645
14657
14674
14975
14986
14987
14993
15038
15040
15044
15047
15080
15115
15212
15221
15229
15332
15338
15356
15586
15598
15604
15637
15664
15755
15922
15928
15941
15947
15953
15961
16030
16090
16096
16144
16301
16535
16546
16586
16799
16852
17045
17117
17123
17143
17209
17218
17353
17468
17515
17713
17755
18038
18046
18101
18274
18293
18299
18319
18640
18646
18652
18848
18902
18998
19076
19093
19100
19112
19118
19163
19376
19382
19388
19394
19418
19673
19838
19844
19928
20156
20225
20228
20234
20245
20248
20261
20288
20290
20437
20560
20569
20651
20698
20719
20864
21194
21463
21583
21587
21670
21691
21706
21715
21749
21794
21832
21847
22241
22252
22255
22481
22744
22750
22756
22778
22790
22796
22805
22963
23200
23212
23552
23572
23576
23663
23704
23713
23783
24053
24059
24193
24205
24235
24238
24233
24698
24731
24742
24766
24901
25018
25024
25036
25052
25054
25058
25156
25208
25249
25364
25369
25382
25444
25454
25688
25700
25727
25760
26036
26065
26180
26222
26546
26552
26647
26653
26659
26842
27031
27037
27043
27053
27122
27346
27394
27605
27656
27658
27673
28183
28372
28376
28378
28385
28468
28520
28532
28561
28567
28568
28627
28633
28640
28642
28649
28658
28729
28736
28777
28819
28835
28913
28952
28990
29050
29092
29158
29170
29561
29572
29602
29681
29699
29923
29978
30011
30023
30041
30058
30074
30112
30119
30148
30151
30350
30446
30452
30497
30644
30650
30656
30677
30685
30784
30829
30851
30857
30917
30971
31001
31018
31025
31103
31106
31264
31265
31282
31342
31345
31357
31468
31537
31585
31618
31676
31708
31744
31991
32066
32071
32107
32113
32135
32402
33061
33067
33070
33074
33106
33362
33484
33490
33496
33500
33511
33517
33595
33673
33893
33901
33926
33929
34132
34196
34214
34414
34685
34757
34817
34909
35432
35657
36188
36190
37196
37312
37343
37415
37531
37564
37607
37778
37996
38438
38443
38476
38510
38534
38546
38560
38582
38600
38638
38828
38875
38906
39152
39235
39442
39475
39704
39710
39847
39853
39938
39955
39974
39979
39991
40010
40015
40046
40084
40190
40201
40241
40481
40531
40837
40882
41096
41102
41308
41312
41314
41326
41363
41369
41467
41542
41566
41764
41791
41789
41839
41851
41858
41989
42106
42112
42133
42142
42224
42280
42286
42296
42302
42439
42455
42461
42467
42484
42553
42580
42652
42658
42664
42674
42746
42748
42769
42872
42880
43246
43252
43261
43306
43321
43354
43352
43360
43366
43423
43447
43474
43478
43861
43246
43879
43993
44018
44032
44036
44057
44171
44209
44357
44392
44944
44974
45029
45062
45175
45229
45250
45268
45484
45509
45664
45814
46042
46142
46172
46246
46345
46417
46423
46439
46585
46630
46648
46676
46747
46754
46777
46847
46958
46966
47164
47257
47263
47429
47450
47623
47677
47683
47701
47776
48046
48109
48160
48173
48223
48235
48311
48574
48602
48608
48610
48616
48673
48686
48700
48706
48719
48781
49003
49007
49040
49046
49310
49316
49336
49378
49414
49420
49460
49466
49598
49645
49873
49889
49897
49901
49906
49981
49999
50080
50128
50146
50176
50182
50689
50699
51094
51100
51106
51127
51152
51343
51352
51533
51595
51716
51907
51979
52052
52213
52324
52570
52849
53063
53126
53408
53423
53672
53833
54316
54322
54374
54385
54418
54421
54418
54541
54556
54566
54586
54644
54704
54830
54983
55090
55228
55283
55423
55430
55505
55549
55894
55910
56008
56173
56186
56218
56221
56354
56383
56386
56392
56543
56549
56555
56654
56657
56671
56702
56708
56726
56837
57370
57586
57620
57625
57988
58301
58330
58366
58372
58396
58414
58508
58802
58808
58855
58975
58979
59104
59159
59212
59230
59272
59323
59326
59429
59425
59435
59629
59635
59704
59708
59828
60013
60034
60040
60049
60074
60089
60091
60241
60247
60431
60445
60577
60587
60611
60733
60775
60835
60883
61138
61484
61513
61621
62026
62122
62143
62147
62582
62584
62662
62701
62762
62785
62783
62800
62809
62890
63088
63193
63424
63458
63497
63610
63674
63931
63949
64006
64018
64049
64364
64394
64586
64595
64702
64774
64871
64895
64910
64919
64957
64966
64985
64982
64990
64994
65012
65071
65164
65171
65177
65359
65402
65438
65444
65461
65537
65623
65672
65720
65725
65741
65954
65953
65959
65438
66200
66310
66316
66367
66370
66373
66383
66379
66401
66440
66464
66472
66482
66589
66595
66668
66674
66832
66857
66871
66910
66916
66922
66989
66997
67009
67012
67022
67040
67075
67081
67115
67228
67229
67249
67258
67294
67292
67361
67363
67432
67631
67714
67840
67874
67876
67960
67964
68003
68008
11501
68014
68165
68216
68282
68341
68348
68374
68380
68477
68600
68720
68780
68846
68876
68878
69181
69316
69793
69592
69802
69803
69865
69961
70039
70666
70699
70772
70771
71041
71147
71191
71318
71707
71773
71797
71920
71944
72031
72056
72160
72167
72169
72173
72194
72215
72220
72242
72262
72295
72310
72319
72401
72523
72647
72724
72988
73025
73051
73078
73084
73094
73114
73120
73126
73132
73189
73222
73241
73294
73303
73382
73388
73399
73412
73421
73423
73465
73477
73501
73508
73718
73745
73747
73757
73774
73780
73919
73955
74089
74093
74122
74126
74122
74213
74222
74248
74261
74273
74302
74308
74332
74386
74420
74428
74489
74506
74528
74549
74564
74579
74585
74590
74618
74639
74669
74693
74699
74707
74719
74765
74771
75016
75019
75047
75053
75080
75085
75091
75103
75286
75364
75374
75386
75547
75553
75559
75652
75749
75952
75958
75970
76030
76036
76040
76049
76078
76115
76127
76169
76204
76228
76354
76505
76558
76561
76637
76654
76657
76682
76961
76966
77011
77042
77059
77075
77072
77078
77131
77243
77479
77576
77614
77743
77929
77974
78217
78227
78233
78241
78355
78430
78571
78652
78686
78917
78923
79175
79177
79744
79772
79861
80084
80086
80404
80546
80833
80996
81002
81061
81074
81164
82019
82073
82222
82246
82255
82265
82271
82279
82348
82436
82454
82661
82693
82798
82840
83197
83393
83399
83420
83456
83485
83618
83923
83938
83959
83965
83969
83990
83999
84017
84026
84049
84053
84059
84074
84085
84095
84104
84116
84121
84125
84128
84158
84181
84200
84202
84359
84403
84634
84641
84646
84658
84668
84673
84677
85130
85169
85172
85195
85321
85366
85369
85376
85396
85399
85405
85415
85465
85495
85505
85538
85544
85616
85618
85669
85679
85708
85780
85811
85816
85894
85952
85954
86002
86237
86239
86290
86321
86347
86380
86389
86459
86503
86594
86710
86804
86812
86818
86995
87271
87298
87388
87473
87634
87709
87715
87724
87745
87794
87806
87812
87820
87844
87880
87887
87889
87892
87899
87905
87911
87916
87941
87974
88136
88138
88145
88157
88220
88283
88642
88654
88702
88720
88838
88840
88846
89084
89087
89134
89257
89254
89311
89348
89407
89462
89503
89593
89839
89887
90005
90019
90040
90041
90355
90436
90685
90691
90908
90998
91031
91036
91042
91067
91072
91078
91090
91193
91237
91276
91300
91495
91504
91547
91643
91649
91655
91765
91856
91871
91966
91973
91979
91985
92009
92068
92113
92119
92191
92288
92315
92330
92419
92455
92482
92530
92827
92831
92833
92989
93031
93092
93122
93271
93352
93358
93406
93476
93662
93685
93694
94024
94022
94030
94040
94096
94133
94631
94639
94667
94738
94852
95014
95161
95434
95521
95798
96094
96394
96836
96874
96980
97540
97538
97579
97586
97757
98356
98360
98359
98597
98633
98689
98873
98944
99199
99223
99227
99229
99236
99253
99257
99301
99607
99674
99766
99775
100000
100010
100085
100178
100309
100325
100814
100811
100820
101146
101194
101242
101254
101443
101713
101786
101924
102055
102559
102778
102890
102896
103003
103276
103306
103381
103412
103460
103498
103840
103858
104462
104471
104474
104840
105010
105139
105431
105433
105439
105511
105611
105811
105920
105922
106037
106057
106061
106325
106556
106639
106646
106648
106651
106828
106987
107320
107638
107860
107890
107953
107968
107986
108034
108166
108410
108413
108410
108427
108431
108508
108893
108899
108934
109004
109006
109016
109024
109027
109039
109091
109183
109541
109570
109573
109576
109876
109897
110081
110831
111118
111181
111196
111230
111649
112243
112285
112363
112439
112442
112501
112781
112948
112954
112951
112990
112996
113044
113123
113245
113591
113590
113956
114344
114724
115946
116864
117082
117121
117191
117919
117929
118229
118451
118810
118912
118933
119134
119479
119495
119620
119659
119707
119743
119870
120053
120727
120884
121082
121249
121438
121450
121490
121493
121556
121868
121865
121871
121874
121979
121985
121987
121993
122389
122420
122458
122464
122483
122486
122506
122513
122539
122641
122653
122713
122725
122879
122897
122915
122923
122927
122939
122974
122980
122983
122999
123095
123109
123305
123326
123374
123391
123416
123421
123431
123428
123445
123578
123718
123815
123913
123965
124040
124042
124054
124214
124240
124273
124282
124408
124406
124451
124453
124496
124546
122938
124553
124565
124609
124619
124804
124888
124925
124930
124939
124978
125002
125009
125053
125060
125113
125143
125167
125171
125209
125299
126223
126247
126302
126310
126521
126742
126760
126782
126796
126802
126808
126839
126856
126862
126875
126953
127018
127028
127030
127034
127036
127075
127087
127093
127103
127115
127121
127132
127243
127249
127255
127262
127271
127280
127286
127300
127321
127358
127364
127402
127426
127459
127477
127658
127724
127730
127750
127757
127765
127769
127781
127792
127924
127940
127961
127976
127984
128035
128045
128050
128072
128074
128080
128092
128116
128128
128131
128140
128146
128170
128176
128219
128260
128266
128276
128303
128518
128555
128579
128603
128627
128633
128636
128641
128648
128674
128681
128695
129029
129032
129110
129127
129218
129241
129280
129286
129292
129302
129361
129535
130208
130256
130450
130489
130501
130510
130960
130966
130978
131150
131215
131375
131639
131956
132898
132958
132994
133196
133819
133850
133900
134330
134333
134336
134486
134570
134731
134804
134882
134960
134971
134992
135041
135175
135340
135352
135587
135683
135703
135716
135718
135724
135727
135736
135740
135745
135820
135895
135926
136010
136033
136039
136066
136205
136211
136294
136705
136786
136976
136982
136990
137008
137062
137074
137168
137174
137182
137404
137416
137437
137443
137483
137525
137564
137570
137696
137710
137716
137731
137824
137833
137836
137861
137926
138232
138410
138710
138754
139586
139714
139807
139843
140299
140353
140602
141040
141251
141445
141446
141469
141563
141766
141781
142187
142370
142532
142675
142747
142885
142895
143068
143164
143183
143189
143192
143492
143708
143728
143827
143845
143924
143923
143932
144062
144496
144505
144527
144770
144776
144784
144797
144796
144803
144899
144917
144929
144997
145003
145057
145111
145195
145202
145208
145214
145231
145315
145348
145415
145427
145447
145453
145471
145495
145519
145562
145600
145642
145646
145781
145787
145832
145849
145903
145933
145951
145963
146035
146060
146212
146645
146906
146939
146950
146975
146995
147200
147265
147272
147308
147307
147325
147559
147562
147838
147841
147866
147874
147922
147938
147988
148012
148052
148072
148082
148088
148094
148102
148106
148268
148279
148291
148351
148366
148375
148379
148381
148388
148405
148466
148574
148585
148592
148597
148913
148993
149029
149141
149176
149225
149249
149357
149458
149531
149549
149555
149563
149590
149602
149716
149900
149932
150104
150152
150232
150367
150373
150379
150413
150419
150439
150445
150451
150478
150496
150506
150508
150512
150541
150595
150601
150641
150662
150667
150671
150736
150734
150799
150862
150964
150997
151006
151015
151025
151051
151058
151064
151108
151126
151132
151138
151150
151204
151214
151238
151255
151304
151376
151402
151408
151433
151483
151615
151652
151658
151751
151757
151763
151762
151969
152005
152494
152713
152813
152860
152921
153500
153631
153656
153662
153833
154084
154126
154132
154250
154264
154274
154289
154295
154321
154420
154712
154898
154906
155231
155237
155273
155305
155315
155372
155369
155681
155869
156037
156044
156061
156074
156085
156092
156098
156188
156256
156401
156407
156584
156643
156649
156878
156901
156971
157111
157147
157237
157346
157381
157388
156917
157394
157417
157423
157441
157447
157466
157468
157601
157624
157807
157813
157816
157838
158023
158032
158038
158072
158350
158356
158512
158522
158521
158612
158774
158792
158806
158926
158950
158951
158972
158974
158984
159092
159094
159098
159100
159104
159110
159121
159130
159127
159167
159265
159271
159320
159386
159419
159421
159593
159635
159800
159926
159980
159997
160082
160087
160135
160163
160193
160429
160469
160555
160568
160633
160655
160660
160828
160958
160960
160964
161002
161008
161051
161110
161122
161131
161138
161194
161212
161260
161327
161398
161404
161561
161689
161779
161863
161870
161960
161998
162038
162098
162190
162226
162238
162308
162334
162472
162503
162518
162547
162664
162661
162850
162955
162997
163001
162997
163045
163055
163084
163198
163220
163241
163243
163268
163382
163513
163637
163646
163676
163681
163694
163834
163874
164018
164024
164036
164065
164090
164096
164305
164401
164462
164569
164758
164828
164911
164935
164942
164944
164996
165022
165082
165199
165422
165511
165617
165623
165656
166171
166205
166208
166279
166303
166307
166334
166339
166348
166355
166411
166463
166469
166475
166529
166556
166562
166627
166633
166702
166796
166844
166850
166882
166910
166981
167111
167188
167203
167344
167632
94102
167672
167899
167912
167918
167938
168004
168062
168079
168095
168097
168101
168127
168262
168272
168416
168577
168844
168863
168977
168998
169046
169168
169186
169213
169225
169252
169273
169310
169382
169435
169441
170137
170269
170584
170669
170674
170678
170708
170722
170936
170942
170950
171131
171533
171538
171580
171617
172084
172114
172496
172951
123407
172957
172960
173027
173044
173075
173083
173113
173462
173827
173830
173945
173987
174179
174245
174247
174389
174491
174523
174557
174563
174575
174580
174584
174587
174592
174614
174626
174644
174676
174943
175009
175109
175186
175223
175255
175259
175285
175292
175330
175354
175369
175382
175414
175429
175432
175441
175471
175520
175589
175633
175711
175721
175753
175910
176129
176135
176192
176200
176224
176230
176308
176320
176326
176332
176417
176429
176440
176599
176605
176611
176680
176689
176702
176735
176750
176851
176893
176951
177166
177175
177280
177446
177449
177592
177638
177826
177872
177878
178135
178183
178195
178201
178300
178309
178657
178987
179096
179102
179350
179389
179407
179695
179777
180112
180151
180172
180196
180208
180214
180463
180467
180485
180599
180608
180664
180988
180991
181064
181537
181604
181780
181817
182006
182059
182078
182221
182407
182411
182429
182464
182470
182473
182498
182501
182503
182518
182527
182908
182912
182972
182993
183014
183020
183091
183101
183104
183097
183136
183281
183289
183625
183797
183799
183839
183943
184090
184127
184130
184183
184189
184468
184489
184759
184841
184883
185165
185219
185446
185909
185905
185929
185932
185959
185986
185999
186040
186052
186208
186623
186682
186706
186719
186734
186973
187073
187070
187312
187361
187408
187471
187517
187870
187879
187967
187973
188042
188066
188078
188128
188144
188152
188150
188267
188330
188411
188581
188671
188906
189025
189044
189074
189119
189230
189307
189340
189346
189406
189404
189577
189650
189991
190003
190043
190124
190310
190334
190340
190346
190927
190982
191303
191309
191342
191347
191483
191497
191678
191684
191738
191747
191795
191959
192119
192547
193028
193030
193045
193057
193067
193073
193079
193085
193091
193132
193138
193144
193162
191290
193694
194143
194149
194215
194230
194251
194335
194359
194378
194501
194530
194539
194671
194678
194761
194770
194806
194819
194827
194863
194929
194939
194941
194990
194989
194996
194995
195016
195022
195077
195176
195182
195185
195217
195250
195296
195349
195367
195410
195451
195454
195475
195478
195485
195487
195493
195550
195595
195629
195704
195814
195886
195890
195871
196127
196148
196282
196399
196282
196436
196588
196690
196813
196879
196888
196897
196966
196964
197225
197333
197456
197512
197546
197552
197614
197615
197620
197690
197693
197690
197699
197713
197741
197851
197947
198007
198077
198107
198163
198176
198034
198227
198271
198599
198824
198902
198976
199012
199042
199075
199099
199126
199156
199210
199312
199319
199321
199354
199423
199430
199595
199693
199826
199855
199961
199973
200077
200155
200275
200297
200305
200323
200329
200354
200351
200378
200375
200381
200404
200420
200755
200768
201097
201298
201308
201314
201332
201409
201428
201545
201560
201800
202252
202259
202328
202556
202658
202694
202774
202814
202913
202924
202939
203090
203104
203110
203237
203368
203497
203528
203530
203534
203827
203831
204014
204020
204037
204251
204283
204289
204514
204572
204704
204791
205057
205264
205325
205330
205483
205541
205654
205682
205720
205723
205720
205727
205741
205744
205823
206041
206626
206687
206992
207296
207524
207541
207620
207788
207877
208337
208400
208411
208480
208520
208528
208699
208723
208777
208816
208841
208847
208855
208858
209080
209191
209197
209227
209309
209315
209317
209386
209389
209779
209936
209948
210236
210305
210475
210505
210556
210560
210742
210760
211003
211118
211394
211448
211922
212153
212438
212546
212558
212620
212716
212734
212750
212761
212803
212963
213010
213097
213112
213125
213149
213151
213167
213169
213185
213190
213209
213296
213308
213352
213527
213734
213745
213761
213778
213794
213817
213829
214034
214198
214216
214340
214373
214382
214423
214444
214621
214693
214711
214717
214742
214753
214763
214771
214778
214792
214810
215156
215161
215377
215387
215413
215498
215509
216467
216473
216523
216535
216832
216874
216878
216916
216923
216929
216934
216982
216997
217030
217037
217040
217073
217082
217832
217838
217939
217957
217975
218015
218027
218029
218035
218153
218227
218734
218773
218815
218887
218926
219094
219091
219097
219098
219115
219125
219137
219173
219178
219302
219308
219322
219326
219340
219370
219374
219376
219656
219682
219700
219824
219844
219862
220000
220057
220094
220096
220103
220102
220109
220117
220174
220150
220190
220216
220222
220273
220303
220315
220339
220366
220432
220433
220438
220586
220792
220843
220976
220978
220984
220988
221006
221008
221011
221015
221035
221047
220988
221063
221065
221351
221398
221405
221411
221413
221426
221434
221458
221500
221576
221626
221636
221647
221651
221653
221683
221767
221852
221858
222025
222031
222112
222319
222586
222851
222877
222895
223036
223049
223553
223558
223739
223745
223750
223780
223895
224068
224177
224257
224270
224272
224276
224284
224356
224987
225382
225406
225482
225599
225622
225719
225979
226063
226069
226190
226324
226447
226666
226726
226898
226910
227303
227402
227596
227650
227791
227807
227824
227881
227974
227980
227992
227998
228037
228076
228085
228116
228122
228125
228199
228364
228406
228455
228461
228490
228500
228526
228548
228700
228724
228743
228745
228776
228808
228814
228914
229030
229187
229210
229261
229351
229510
229619
229679
229894
229975
228743
229985
230201
230206
230219
230288
230311
230321
230335
230414
230470
230476
230498
230530
230536
230671
230680
230699
230717
230734
230767
230789
230806
230821
230843
230858
230957
230986
230989
231044
231157
231335
231346
231475
231781
231787
231952
232087
232153
232198
232240
232246
232325
232448
232454
232465
232850
232985
233518
233627
233644
233710
233722
233737
233788
233803
233914
234077
234113
234115
234128
234134
234140
234149
234166
234172
234178
234211
234254
234280
234373
234397
234499
234593
234610
234671
234677
234695
234701
234715
234739
234850
234907
235370
235660
235663
235757
235891
235900
235912
236068
236095
236431
236452
236599
236693
236722
236731
236783
236803
236888
236893
236903
236917
236933
236966
236978
236995
237011
237013
237068
237106
237149
237326
237332
237340
237352
237434
237440
237442
237616
237823
237839
237857
237877
237875
237914
237971
237974
237971
237977
237988
237997
238016
238034
238084
238106
238115
238135
236941
238142
238159
238163
238171
238175
238187
238189
238292
238339
238370
238414
238496
238543
238576
238583
238613
238616
238669
238675
238676
238699
238804
238681
238810
238822
238825
238822
238862
239005
239296
239323
239365
239368
239651
239686
239782
239783
239782
239792
240149
240161
240206
240286
240292
240301
240319
240329
240410
240790
240835
240959
240965
240976
240994
241010
241028
241039
195497
241069
241117
241121
241127
241124
241169
241172
241231
241235
241237
241243
241259
241559
241630
241714
242285
242366
242426
242479
242525
242561
242558
242567
242578
242588
242719
242734
242752
242788
242827
242833
243041
243049
243193
243278
243340
243352
243364
243485
243514
243781
243787
243949
244087
244093
244097
244106
244112
244156
244198
244211
244253
244384
233048
244460
244495
244507
244546
244558
244573
244718
244754
245228
245234
245239
245240
245282
2651
2648
245347
245363
245368
245374
245407
245431
245443
245644
245662
245770
241133
245779
246172
246196
246202
246217
246295
246406
246412
246457
246488
246500
246532
246538
246542
246553
246563
246604
246610
246613
246622
246704
246710
246727
246737
246751
246755
246751
246766
246770
246818
246824
246829
246842
246856
246958
246965
246992
247210
247313
247495
247669
247777
247850
247865
247871
248057
248062
248138
248344
248348
26804
26803
248350
248534
248602
248608
248612
248801
249098
249145
249151
249158
249214
249248
249287
249313
249328
249362
249358
249446
249535
249541
249547
249559
249583
249604
249602
249865
250136
250147
250150
250180
250207
250205
250219
249613
250229
250265
250271
250297
250315
250337
250363
250391
250807
250813
250822
250952
251473
251471
251479
251498
251524
251545
251558
251561
251587
251648
251665
251677
251683
251701
251729
251756
252256
252478
252637
252650
252668
252695
252692
252722
252802
253157
253237
253262
253286
253352
253366
253372
253505
253507
253583
253862
253873
253925
254141
254194
254413
249263
254476
254494
254569
254695
254816
254878
254935
254968
254980
254993
255007
255013
255038
255094
255107
255083
255163
255250
255286
255316
255332
255343
255377
255403
255686
255724
255731
255752
255758
255776
255811
255815
256001
256079
256076
256088
256096
256117
256120
256135
256142
256159
256240
256289
256303
256312
256321
256331
256369
256549
256600
256610
256991
257246
257251
257519
257618
257785
257788
257924
258001
258023
258029
258247
258265
258337
258457
258491
258536
258632
259807
260047
260257
260356
260378
260384
260414
260452
260578
260698
260965
261508
261512
261514
261530
261539
261650
261653
261673
261710
261736
261814
261661
261820
261544
261899
262075
262103
262133
262139
262156
262171
262177
262181
262193
262189
262229
262276
262372
262376
262579
262723
262727
262733
262745
262747
262759
263041
263078
263138
263179
263287
263362
263569
263891
263899
263950
263984
264004
264055
264125
264253
264725
264733
264743
264758
264806
264820
264844
264850
264929
265001
265048
265063
265268
265279
265420
265505
265672
266002
266014
266402
266474
266480
266590
266794
266800
267022
267028
267034
267286
267299
267488
267515
267517
267536
267553
267640
267730
267776
267779
267998
268036
268049
268174
268214
268225
268478
268495
268499
268612
268682
268994
269134
269156
269162
269335
269342
269362
269368
269395
269401
269474
269483
269518
269528
269590
269818
269824
269938
270016
270047
270062
270122
270322
270365
270550
270554
270556
270568
270572
270574
270865
270871
270889
271037
271142
271181
271286
271334
271675
271712
271742
271964
271997
272003
272009
272117
272348
272372
272378
272383
272444
272441
272516
272539
273154
273190
273389
273644
273725
273775
273884
273946
273964
274169
274174
274252
274475
274480
274487
274580
274579
274780
274993
274999
275081
275117
275177
275188
275348
275377
275470
275591
275603
275635
275720
275726
275605
275740
275743
275740
275803
275809
275812
275863
275875
275893
275974
276070
276092
276098
276313
276830
276905
277010
277052
277097
277111
277156
277162
277267
277273
277294
277306
277351
277408
277456
277462
277469
277951
277966
278018
278035
278242
278245
278242
278315
278317
278369
278542
278941
278957
278959
278993
279005
279641
279808
279844
280193
280241
280277
280288
280340
280370
280376
280381
280385
280444
280483
280556
280706
280712
280717
280783
280796
280802
280814
280810
280816
280870
280912
280910
280952
281017
281044
281059
280949
281074
281188
281228
281297
281389
281446
281552
281554
281560
281659
281801
281836
281873
281915
281987
282106
282409
282521
282608
282757
282758
282775
282847
282844
282871
282868
282883
282937
282938
282937
282979
283019
283033
283048
283049
283142
283348
282935
283364
283400
283468
283529
283546
283790
283898
283922
284303
284305
284362
284390
284396
284446
284455
284510
284533
284560
284594
284759
284767
284777
284839
284843
284929
285007
285061
285152
285188
285224
285262
285283
285439
285556
285734
285880
286247
286262
286423
286513
286570
286859
286865
286864
287572
287725
287783
287804
287854
287963
287980
288419
288476
288517
288668
288712
288899
288923
288931
288941
289031
289033
289036
289148
289225
289289
289489
289774
289987
290153
290197
290320
290326
290332
290330
290341
290345
290480
290488
290494
290551
290654
290683
290987
290995
291101
291133
291223
291748
291772
291845
291908
291938
291946
292085
292105
292126
292262
292268
292486
292502
292559
292601
292609
292672
292756
292832
292861
292871
292879
292882
292894
292906
292919
292922
292943
292967
292976
292982
293071
293077
293126
293128
293170
293248
293437
293497
293536
293668
293692
293737
293795
294064
294092
294133
294172
294184
294190
294193
294212
294281
294287
294445
294511
294530
294532
294536
294742
294779
294797
294836
295240
295349
295361
295378
295408
295414
295426
295432
295462
295520
295547
295562
295613
295688
296510
296534
296537
296725
296782
296785
296902
297001
297097
297098
297601
297775
297904
297908
297592
297925
297968
297970
297976
298037
298049
298051
298235
298283
298358
298546
298588
298684
298778
299026
299296
299321
299716
299743
300211
300298
300302
300211
300323
300346
300374
300406
300442
300445
300484
300487
300493
300506
300689
300688
300722
300721
300742
300773
300775
300776
300796
300844
300883
300850
300901
301250
301412
301408
301612
301679
301795
301801
301807
301825
301831
301832
301876
301906
302044
302105
302114
302123
302137
302168
302371
303062
303139
303164
303253
303257
303259
303269
303562
303589
303911
304015
304063
304060
304190
304324
304396
304408
304772
304804
304871
304877
304972
305266
305414
305416
305420
305510
305524
305606
305767
305797
305915
306013
306082
306311
306320
306326
306512
306560
306599
306805
306823
306847
307330
307879
307904
308101
308105
308153
308162
308183
308185
308191
308192
308191
308213
308225
308480
308591
308599
308707
308758
308794
308836
308921
308920
308926
308975
308981
309022
309050
309082
309136
309152
309179
309233
309245
309628
309629
309917
309925
309929
309934
309940
310229
310256
310492
310841
310850
310855
310886
310925
310958
311165
311191
311209
311227
311348
311464
311494
311738
311902
311930
311932
311936
311939
311945
311963
311972
312031
312317
312352
312365
312371
312383
312434
312440
312467
312478
312625
312626
312653
313336
313337
313345
313409
313420
313424
313426
313438
313450
313454
313480
313486
313492
313516
313529
313537
313547
3331
313739
313765
313802
313808
313918
313973
314072
314108
314072
314110
314114
314144
314407
314656
314690
314749
315124
315146
315154
315193
315409
315433
315455
315463
315637
315763
315793
315959
316379
316402
316411
316417
316487
316558
316579
316603
316606
316613
316619
316622
316633
316924
316954
317033
317123
317180
317338
317570
317606
317608
317611
318092
318694
318752
318803
318886
319006
319745
319934
319939
320086
320095
320123
320512
320543
320546
320543
320591
321140
321151
321265
321268
321271
321268
321298
321430
321457
321545
321547
321584
321622
321628
321634
322235
322238
322312
322421
322451
322586
322907
322969
323023
323036
323042
323062
323089
323534
323699
323870
323912
323957
323960
324184
324257
324290
324319
324325
324404
324413
324425
324445
5995
324709
324733
324745
325385
325778
325853
326341
326909
326915
326930
327194
327358
327677
327890
328388
328460
328471
328625
328648
329192
329195
329213
329258
329299
329324
329374
329428
329623
329696
329770
329810
329860
329873
329881
329894
329917
330877
330901
330910
330916
330938
330944
330958
330977
331022
331060
331066
331087
331093
331183
331213
331232
331234
331238
331240
331258
331261
331271
331279
331312
331337
331417
331523
331534
331573
331577
331573
331688
331769
331774
331846
331879
332044
332732
333313
333436
333688
333766
334793
334804
334805
334804
334817
334823
334855
334784
335059
335485
335711
335800
336305
336515
336650
336662
336674
336695
336707
336829
336835
336905
337114
337162
337190
337232
337628
337690
338008
338233
338302
338362
338458
338482
339028
339050
339059
339127
339182
339200
339487
339605
339628
339676
339742
339764
339790
339955
340052
340147
340159
340358
340396
340531
340535
340652
340714
340771
341405
341537
341573
341585
341606
341722
341767
341789
341887
341924
341930
341935
342142
342154
342373
342491
342598
342622
342743
342850
342874
342934
342952
343022
343028
343138
343148
343168
343243
343472
343498
343534
343547
343636
343648
343654
343657
343658
343657
343691
343699
343795
343801
343873
343876
343909
343927
343925
343972
343975
343972
343987
343993
343999
344185
344257
344275
344281
344582
344623
344666
344843
344921
344945
344951
345034
345038
345067
345227
345233
345239
345247
345269
345356
345374
345385
345358
345727
345827
346145
346189
346228
346334
346552
346559
346612
346621
347090
347815
347893
347960
348002
348013
348137
348142
348232
348241
348490
348529
348733
348751
348755
348758
348763
348773
348784
348808
348821
348826
348836
348854
348868
348884
348890
348935
348940
348949
348964
348970
349009
349051
349058
349090
349094
349096
349139
349186
349217
349223
349244
349249
349255
349378
349411
349858
349906
350095
350425
350432
350473
350554
351125
351232
351298
351484
351505
351644
351698
351704
352102
352105
352102
352147
352294
352366
352442
352528
352589
352685
352691
352843
352846
352798
352861
324290
353003
353015
353077
353089
353188
353725
353923
353930
353951
354005
354352
355184
355291
355306
355375
355840
356138
356243
356443
356539
356761
356830
356843
356918
356920
356927
356933
356945
356971
357013
357017
357077
357157
357268
357283
357379
357385
357404
357415
357422
357470
357484
357499
357505
357748
357764
357775
357862
358151
358198
358219
358268
358396
358432
358529
358672
358709
358838
358969
359609
360425
360488
360619
360835
360841
360947
360953
360992
361040
361126
361178
361231
361297
361304
361309
361478
361483
361546
361598
361625
361642
361651
361666
361736
361741
361745
361750
361759
361901
362062
362068
362090
362116
362120
362179
362219
362347
362381
362389
362396
362407
362624
362704
362791
362911
362921
362923
363130
363322
363370
363389
364417
364667
364894
364943
365333
365549
365605
365611
365617
365695
365701
366625
366680
366901
366935
366937
366949
367739
367747
367751
367781
367843
368306
368533
368663
368818
368971
369077
369580
369673
369892
370624
370642
370688
370855
371119
371260
371788
371866
371944
372434
372442
372677
372820
372856
372868
372880
373094
373414
373415
373420
373427
373501
373588
373613
373633
373646
373652
373660
373666
373691
373729
373840
373985
274537
373987
373988
374213
374389
374458
374476
374489
374608
374612
374645
374714
374876
374942
375179
375458
375623
375713
375992
376070
376355
376451
376630
376696
376726
376738
376837
376858
376870
377003
377015
377137
377180
377318
377341
377344
377350
377365
377371
377386
377453
377462
377494
377504
377546
377816
377827
377890
377951
378071
378094
378109
378116
378134
378184
378188
378265
378311
378478
378661
378695
378754
378815
379246
379256
379364
379366
379336
379621
379645
379679
379750
380128
380150
380185
380231
380242
380300
380407
380734
381131
381169
381305
381311
381317
381323
381502
381914
382505
382558
382607
382639
382759
382775
382870
382948
383000
383002
383041
383219
383215
383243
383287
383284
383390
383396
383444
383497
383504
383591
383638
383770
384491
384673
384767
384845
384980
385103
385187
386158
386234
386242
387053
387224
387268
387412
387487
387521
387538
387541
387550
387565
387619
387616
387767
387769
387773
387781
387785
387800
387796
387820
387826
388052
388111
388133
388160
388162
388165
388166
388177
388181
388220
388238
388265
388289
388322
388325
388336
388373
388376
388378
388384
388457
388454
388474
388517
388534
388765
388768
388252
388828
388829
389017
389023
389020
389029
389035
389041
389048
389059
389062
389068
389077
389086
389098
389102
389104
389102
389135
389165
389248
389275
389300
389305
389348
389587
389605
389626
389630
390173
390394
390400
390449
390461
390589
390595
390601
390850
390856
390862
390868
390871
390884
391408
391690
391924
392113
392144
392146
392173
392372
392417
392615
392654
392660
392666
392678
392690
392707
392792
392821
392818
392839
393361
393391
393403
393404
393959
394355
394357
394367
394547
394625
394648
395183
395407
395456
395827
395831
395833
395869
395879
395893
395899
395903
395924
396046
396079
396151
396476
396685
396757
397474
397513
397528
397543
397568
397586
397592
397700
397706
397841
397846
397973
397975
397984
398626
398668
398674
398680
398740
398770
398843
398899
399284
399493
399595
399610
399911
400055
400057
400067
400355
400666
400715
400730
400733
400744
401149
401173
401179
401236
401350
401362
401404
401477
401506
401531
401768
401774
402158
402218
402538
402586
402863
403025
403030
403093
403219
403253
403331
403354
403420
403426
403432
403450
403610
403904
403933
403939
403999
404072
404170
404389
404573
405250
405290
405299
405305
405319
405331
405350
405541
406333
406541
406646
406744
405532
406883
406906
407084
407263
407339
407513
407539
407599
407792
407798
407845
408058
408074
408170
408230
408308
408610
408668
408683
408739
408877
409546
409700
409705
409832
410138
410146
410785
410801
411305
411481
412757
412762
412766
412787
412801
412897
413092
413137
413158
413164
413174
413198
413257
413377
413540
414916
414919
414923
414919
414938
415045
415042
415063
415231
415294
415361
415468
415592
415727
415733
415768
415939
416489
416569
416624
416744
416860
417080
417241
417358
417370
417496
417502
417521
417602
417613
417625
417739
417745
417793
417802
417751
417823
417829
417838
418139
418153
418375
418381
418393
418433
418435
418852
418933
418943
418946
418984
419020
419060
419065
419140
419146
419293
419534
420602
420674
420700
420832
421045
421754
421760
421792
421811
421919
422068
422113
422116
422122
422134
422147
422234
422323
422699
422975
422977
423100
423125
423272
423431
423470
423496
423611
423659
423676
423920
423967
423991
424013
424015
424064
424351
424363
424475
424517
424582
424612
424657
424729
424813
424852
424858
424868
425185
425197
425212
425420
425489
425683
425761
425887
425974
425981
425996
426737
426823
427214
427244
427325
428273
428723
428821
429074
429080
429208
429598
429602
429623
429637
429719
429839
430087
430367
430387
430615
431528
431530
431914
432076
432107
432176
432209
432406
432821
432871
432925
433115
433315
433417
434029
435899
436213
436219
436225
436231
436261
436291
436822
437540
438211
439819
440137
440230
440458
440555
441017
441217
441386
441434
441523
441535
441752
443482
444151
444155
445604
445816
445817
445822
445823
445822
445828
445852
446017
446024
446050
446399
446612
446668
446705
446743
446750
446773
446837
446855
446863
446869
447107
447235
447245
447263
447284
447293
447295
447302
447338
447343
447350
447356
447388
447398
447409
447427
447436
447571
447587
447628
447647
447680
447689
447763
447775
447914
448036
448288
448553
448594
448609
448852
