14
50
74
109
188
258
285
310
489
545
569
686
822
1018
1043
1177
1182
1275
1284
1309
1459
1462
1524
1544
1548
1657
1706
1888
1950
2030
2143
2268
2273
2549
2685
2699
2700
2891
2939
2956
2961
2966
2968
2986
3074
3077
3146
3185
3316
3392
3529
3551
3589
3691
3729
3749
3754
3811
3862
3875
4033
4128
4177
4203
4301
4353
4376
4486
4501
4569
4616
4621
4687
4828
4855
4939
4982
5054
5095
5200
5236
5293
5378
5402
5446
5453
5464
5517
5554
5624
5746
5756
5775
5896
5936
5947
5841
5969
6040
6071
6076
6157
6205
6233
6270
6301
6365
6374
6551
6656
6677
6720
6730
6812
6823
6855
6916
6950
7124
7130
7162
7228
7293
7466
7582
7588
7631
7634
7635
6823
7646
7711
7799
7806
7820
7922
8041
8180
8196
8298
8334
8366
8418
8452
8555
8607
8807
8856
8904
8941
8946
8979
9080
9117
9174
9221
9271
9320
9452
9467
9582
9615
9658
9582
9724
9887
10000
10010
10017
10112
10125
10312
10344
10422
10535
10578
10584
10778
10812
10925
10982
11253
11294
11474
11523
11645
11706
11744
11799
11905
11930
12025
12094
12197
12267
12336
12349
12365
12449
12516
12652
12690
12851
12930
12947
12990
13001
13015
13138
13250
13261
13339
13176
13433
13475
13522
13531
13580
13610
13654
13678
13711
13732
13739
13737
13741
13830
13855
13900
14037
14136
14218
14260
13678
14274
14296
14314
14333
14430
14505
14518
14573
14668
14685
14706
14791
14831
14864
14993
15056
15077
15084
15156
15244
15307
15362
15376
15403
15441
15497
15512
15551
15740
15774
15795
15852
15853
15861
15973
16265
16287
16332
16340
16482
16483
16482
16562
16654
16712
16804
16877
17026
17029
17051
17071
17150
17153
17188
17217
17298
17430
17491
17530
17555
17583
17606
17693
17755
17832
17972
18055
18185
18195
18281
18293
18320
18347
18476
18602
18600
18740
18760
18769
18784
18846
19042
19053
19070
19186
19218
19335
19631
19688
19699
19793
19801
19890
19928
19950
19975
20122
20156
20187
20210
20278
20290
20338
20635
20705
20750
20805
20817
20836
20838
20841
20852
20876
20891
20894
20946
21033
21047
21073
21200
21278
21287
21422
21506
21548
21624
21695
21740
21744
21850
21892
21953
21977
22051
22197
22226
22256
22145
22335
22382
22394
22402
22457
22471
22474
22483
22624
22760
22801
22953
23043
23067
23090
23130
23189
23191
23198
23215
23293
23324
23386
23431
23483
23498
23518
23530
23616
23652
23708
23821
23831
23859
23948
24136
24165
24182
24266
24272
24277
24308
24397
24401
24446
24470
24497
24524
24590
24599
24633
24697
24830
24845
24912
24961
25019
25060
25067
25074
25129
25162
25172
25206
25299
23639
25319
25340
25365
25422
25532
25613
25632
25736
25877
26065
26117
26185
26238
26285
26380
26387
26441
26452
26570
26607
26612
26632
26663
26667
26704
26729
26755
26784
26792
26821
26873
26897
26996
27059
27093
27135
27153
27307
27488
27519
27637
27731
27752
27838
27920
27976
28250
28289
28360
28375
28410
28434
28449
28561
28576
28699
28779
28827
28855
28888
28925
29102
29240
29291
29296
29301
29315
29573
29581
29584
29666
29825
29933
29993
30028
30047
30084
30093
30206
30234
30332
30392
30498
30653
30686
30718
30757
30820
30888
30950
31061
31171
31222
31244
31257
31271
31355
31364
31398
31484
31552
31694
31736
31805
31807
31994
31995
32075
32215
32297
32342
32405
32432
32491
32522
32523
32710
32777
32783
32820
32852
32875
32904
32924
32930
33042
33047
33095
33096
33172
33176
33236
33272
33342
33350
33377
33119
33389
33432
33447
33461
33503
33530
33541
33350
33555
33576
33698
33721
33821
33866
33919
33932
33959
34057
34080
34141
34163
34240
34323
34391
34397
34398
34402
34403
34538
34575
34587
34628
34661
34698
34751
34837
34875
34951
34997
35003
35031
35084
35284
35446
35452
35462
35502
35714
35800
35863
35892
35925
35937
35955
35994
36061
36181
36207
36229
36231
36265
36497
36522
36553
36563
36634
36681
36728
36863
36899
36904
36931
37013
37063
37099
37189
37220
37269
37283
37305
37355
37569
37592
37632
37698
37782
37958
37982
38162
38332
38366
38457
38564
38582
38632
38637
38656
38667
38720
38828
38844
38923
38952
39032
39059
39096
39103
39110
39219
39359
39443
39472
39482
39537
39648
39831
39891
39977
40124
40127
40170
40172
40193
40201
40205
40345
40430
40596
40650
40749
40763
40853
40878
40921
40932
40965
40966
41154
41239
41263
41463
41484
41498
41521
41848
41850
41872
41959
42071
42146
42191
42206
42270
42146
42410
42521
42538
42544
42578
42663
42770
42877
43060
43104
43224
43250
43324
43357
43377
43457
43499
43520
43543
43638
43677
43772
43950
43970
44013
44021
44030
44094
44208
44286
44320
44328
44531
44577
44623
44691
44712
44798
44902
44915
44923
44929
44975
45004
45073
45079
45092
45093
45182
45219
45407
45457
45458
45491
45582
45605
45712
45746
45815
46099
46112
46231
46247
46270
46279
46340
46388
46399
46450
46399
46457
46530
46546
46702
46712
46852
46915
46969
46989
47056
47155
47166
47334
46852
47451
47588
47660
47695
47755
47802
47847
47891
47912
47985
48013
48026
48156
48274
48328
48336
48422
48505
48531
48693
48766
48850
48950
49061
49103
49203
49263
49456
49465
49693
49695
49740
49856
50048
50063
50084
50135
50189
50296
50316
50380
50559
50672
50878
50951
50999
51065
51067
51089
51101
51146
51275
51284
51290
51292
51326
51292
51446
51448
51465
51595
51660
51717
51784
51660
51889
51888
51926
52001
52013
52072
52229
52283
52348
52376
52604
52647
52661
52726
52745
52808
52966
53010
53052
53120
53157
53176
53010
53274
53303
53340
53394
53606
53776
53878
54119
54162
54239
54526
54558
54608
54622
54709
54802
54856
54884
54941
54952
54991
55091
55193
55223
55294
55299
55371
55430
55543
55550
55657
55707
55811
55923
55951
55957
56027
56038
56059
56058
56077
56319
56361
56478
56495
56510
56543
56550
56566
56593
56634
56693
56710
56891
57035
57057
57061
57118
57363
57445
57536
57543
57764
57824
57886
57929
57943
58148
58157
58163
58228
58262
58428
58457
58488
58515
58621
58669
58726
58736
58757
58806
58857
58909
59057
59025
59067
59202
59209
59270
59299
59435
59692
59839
60005
