2
16
14
31
44
53
64
70
80
84
109
137
163
180
183
194
217
219
238
234
240
288
346
355
356
391
399
424
411
448
456
464
470
475
480
495
523
539
536
563
583
609
616
633
637
639
663
667
663
698
704
721
746
745
761
793
851
858
875
904
911
931
948
963
981
1030
1059
1074
1099
875
1110
1121
1144
1150
1160
1203
1213
1235
1270
1280
1278
1290
1319
1323
1357
1350
1375
1389
1403
1415
1434
1467
1523
1526
1528
1532
1538
1550
1580
1583
1375
1580
1603
1619
1633
1638
1639
1684
1707
1717
1728
1767
1780
1783
1787
1806
1861
1912
1919
1925
1933
1935
1950
2015
2032
2034
2036
2122
2129
2156
2174
2203
2206
2242
2246
2262
2323
2348
2352
2354
2377
2383
2461
2463
2474
2478
2482
2526
2528
2521
2526
2593
2617
2693
2686
2771
2851
2854
2866
2872
2875
2897
2959
2968
2977
3000
3017
3060
3142
3152
3142
3196
3220
3226
3246
3249
3256
3267
3274
3315
3329
3342
3349
3342
3370
3392
3397
3417
3435
3437
3452
3489
3520
3528
3532
3556
3558
3556
3585
3593
3600
3593
3663
3708
3715
3720
3757
3771
3798
3799
3822
3853
3870
3877
3908
3907
3930
3963
3971
3984
4036
4052
4056
4071
4073
4131
4136
4170
4180
4189
4247
4257
4278
4285
4302
4326
4364
4377
4433
4458
4461
4167
4483
4490
4498
4503
4563
4582
4603
4624
4636
4651
4679
4687
4702
4705
4722
4744
4831
4835
4843
4844
4843
4849
4848
4857
4871
4886
4890
4888
4913
4935
4950
4983
4979
5023
5030
5033
4706
5082
5100
5119
5140
5150
5190
5212
5308
5311
5308
5353
5358
5372
5411
5437
5142
5468
5482
5484
5531
5560
5585
5619
5648
5653
5667
5732
5739
5458
5750
5785
5784
5802
5836
5855
5892
5950
5985
6027
5708
6039
6046
6057
6073
6105
6111
6143
6161
6169
6206
6233
6239
6244
6275
6296
6317
6363
6409
6418
6449
6500
6502
6503
6513
6544
6557
6576
6592
6594
6613
6673
6332
6691
6694
6760
6771
6784
6793
6835
6838
6886
6918
6954
6967
6984
7011
7019
7059
7077
7134
7188
7204
7213
7231
7256
7292
7294
7296
7310
7311
7342
7354
7365
7372
7375
7372
7381
7411
7429
7495
7553
7591
7667
7678
7681
7745
7774
7771
7809
7820
7829
7837
7842
7914
7480
7917
7480
7968
7988
7991
8008
8011
8023
8029
8043
8081
8092
8135
8153
8180
8196
8197
8215
8222
8258
8291
8296
8327
8343
8387
8397
8402
8441
8443
8472
8500
8503
8512
8531
8541
8551
8563
8569
8591
8679
8710
8737
8755
8793
8836
8833
8838
8853
8862
8866
8905
8937
8950
8949
8958
8993
9041
9021
9069
9076
9084
9094
9106
9131
9185
9190
9199
9211
9227
9261
9272
9336
9340
9346
9350
9396
9412
9417
9455
9466
9478
9496
9511
9526
9536
9546
9616
9628
9631
9657
9663
9743
9806
9808
9836
9842
9881
9893
9895
9927
9937
9536
9978
9983
10014
10021
10038
10071
10122
10150
10151
10185
10201
10213
10220
10243
10252
10269
10299
10306
9834
10302
10318
10326
10336
10372
10382
10433
10428
10444
10457
10469
10510
10525
10542
10571
10638
10667
10683
10707
10723
10726
10751
10755
10786
10796
10847
10852
10894
10930
10958
10474
10964
10969
11002
11019
11109
11124
11126
11145
10702
11149
11153
11173
11197
11200
11203
11217
11222
11236
11251
11287
11300
11317
11333
11365
11385
11399
11438
11437
11476
11485
11529
11552
11603
11604
11637
11661
11749
11770
11795
11823
11849
11365
11893
11900
11942
11955
11984
11519
12032
12047
12056
12074
12087
12088
12087
12110
12147
12157
12182
12190
12210
12211
12217
12223
12254
12259
12266
12283
12298
12317
12334
12424
12426
12464
12485
12527
12552
12573
12579
12585
12608
12633
12645
12651
12660
12667
12668
12681
12688
12701
12767
12823
12880
12888
12937
12946
12971
12983
13013
13026
13037
13039
13077
13132
13139
13144
13231
13240
13268
13286
13294
13311
13330
13339
13382
13369
13405
13407
13413
13429
13457
13506
13561
13636
13651
13655
13660
13668
13672
13702
13728
13754
13760
13775
13793
13817
13850
13872
13911
13915
13918
13933
13960
13972
13999
13991
14004
14010
14061
14115
14152
14164
14173
14183
14209
14245
14256
14311
14343
14377
14419
14431
14450
14454
13915
14487
14496
14509
14514
14520
14553
14579
14608
14632
14658
14665
14702
14713
14743
14752
14758
14782
14821
14861
14874
14888
14892
14941
14961
14969
14975
14985
14992
15014
15081
15098
15118
15126
15264
15265
15307
15313
15328
15344
15327
15328
15381
15401
15402
15428
15436
15445
15448
15487
15493
15510
15559
15561
15570
15571
15629
15631
15650
15671
15680
15733
15746
15757
15769
15776
15787
15806
15845
15850
15876
15890
15896
15931
15933
15937
15949
15953
15972
16021
16032
16063
16067
16081
16098
16108
16177
16173
16196
16247
16246
16257
16266
16283
16295
16312
16319
16312
16320
16335
16381
16388
16420
16432
16516
16559
16572
16629
16660
16659
16693
16690
16729
16758
16790
16809
16814
16857
16880
16889
16917
16958
16964
16979
16990
17021
17033
17067
17091
17098
17109
17125
17131
17133
17143
17152
17158
17175
17180
17192
17235
17237
17242
17261
17262
17264
17276
17299
17298
17319
17330
17341
17350
17374
17375
17374
17414
17419
17452
17464
17494
17501
17515
17538
17548
17611
17620
17668
17683
17709
17715
17742
17737
17752
17762
17771
17785
17856
17926
17960
17963
17972
17981
18010
18032
18044
18059
18061
17374
18070
18066
18080
18077
18088
18090
18107
18129
18149
18193
18196
18214
17501
18240
18268
18280
18284
18288
18290
18288
18388
18442
18452
18463
18506
18513
18531
18577
18602
18609
18618
18703
18736
18749
18764
18773
18793
18800
18808
18809
18808
18817
18808
18827
18861
18874
18898
18930
18967
18996
18995
19013
19111
19124
19154
19157
19184
19238
19252
19272
19273
19274
19302
19349
19374
19407
19445
19459
18764
19492
19587
19590
19587
19604
19608
19609
19608
19619
19627
19668
19675
19680
19694
19733
19736
19748
19759
19756
19765
19819
19825
19835
19838
19835
19881
19897
19917
19950
19956
19969
19976
20005
20019
20031
20053
20073
20085
20086
20089
20107
20104
20109
20114
20117
20145
20170
20204
20206
20209
20213
20279
20288
20297
20312
20315
19682
20333
20338
20362
20360
20379
20380
20379
20425
20426
20504
20520
20524
20520
20549
20557
20581
20588
20600
20604
20627
20635
20666
20667
20675
20684
20063
20736
20744
20745
20813
20818
20853
20885
20900
20975
20992
21091
21097
21105
21125
21138
21163
21174
21175
21222
21236
21269
21277
21310
21364
21366
21384
21394
20785
21401
21404
21414
21464
21479
21503
21510
21557
21567
21576
21625
21635
21639
21683
21689
21692
21696
21702
21705
21734
21840
21855
21872
21878
21932
21943
21956
21979
21998
22004
22031
22047
22098
22109
22118
22119
22148
22159
22169
22182
22202
22201
22275
22294
22324
22341
22365
22427
22487
22479
22504
22528
22581
22590
22602
22618
22646
22655
22679
22682
22701
22719
22734
22741
22744
22765
22829
22904
22915
22927
22970
22974
22985
22992
23002
23032
23037
23042
23048
23057
23094
23100
23106
23145
23146
23155
23181
23187
23195
23202
23246
23282
23291
23297
23335
23329
23371
23395
23492
23497
23499
23497
23506
23521
23525
23560
23566
23565
23578
23595
23659
23663
23659
23676
23696
23717
23744
23765
23797
23810
23817
23847
23863
23905
23923
23929
23939
23943
23947
23963
23979
24017
24068
24079
24091
24113
24129
24189
24257
24263
24284
24297
24310
24318
24333
23753
24342
24345
24349
24371
24382
24399
24472
24521
23963
24529
24577
24580
24579
24622
24652
24738
24753
24760
24792
24855
24876
24885
24922
24961
25022
25071
25085
25101
25116
25146
25212
25219
25236
25252
25258
25273
25279
25281
25315
25346
25403
25407
25411
25414
25424
25430
25538
25544
25566
25592
25595
25612
25644
25661
25669
25120
25710
25747
25814
25906
25917
25936
26015
26054
26075
26078
26094
26150
26159
26201
26251
26268
26294
26312
26354
26388
26393
26414
26452
26473
26523
26539
26546
26568
26588
26607
26613
26623
26622
26648
26663
26674
26702
26708
26719
26765
26781
26792
26813
26820
26825
26855
26890
26897
26909
26967
26393
26970
26991
27002
27006
27010
27013
27019
27025
27043
27053
27055
27075
27120
27167
27186
27220
27239
27240
27292
27299
27324
27327
27336
27339
27421
27427
27452
27477
27514
27515
27514
27542
27569
27573
27607
27676
27683
27694
27708
27796
27821
27873
27878
27902
27901
27319
27905
28066
28069
28078
28115
28125
28152
28198
28205
28221
28230
28249
28260
28264
28301
28312
28342
28345
28397
28427
28434
28445
28475
28490
28500
28511
28522
28539
28554
28559
28572
28627
28645
28653
28681
28695
28723
28756
28768
28771
28783
28799
28812
28863
28877
28891
28902
28933
28941
28973
28979
29003
29021
29051
29080
29092
29102
29104
29102
29147
29202
29230
29242
29265
29340
29372
29371
29378
29395
29409
28768
29437
29448
29458
29467
29470
29482
29524
29529
29542
29548
28856
29596
29630
29636
29646
29661
29698
29766
29789
29802
29815
29833
29868
29881
29955
29988
30011
30018
30028
30085
30123
30127
30194
30212
30226
30239
30287
30311
30336
30344
30357
30392
30422
30430
30465
30477
30496
30532
30557
30562
30564
30575
30591
30637
30680
30684
30695
30714
30721
30714
30736
30768
30832
30844
30858
30887
30892
30912
30955
30993
31009
31033
31047
31078
31149
31183
31191
31206
31232
31243
31275
31295
31341
31365
31383
31385
31403
31455
31451
31476
31493
31498
31521
31581
31655
31659
31673
31690
31757
31771
31793
31798
31847
31866
31893
31906
31925
31947
31978
31996
32026
32031
32026
32040
32066
32067
32086
32099
32133
32148
32159
32184
32188
32231
32263
32272
32296
32306
32337
32365
32419
32428
32438
32446
32455
32485
32564
32569
32585
32595
32609
32646
32685
32699
32709
32714
32719
32750
32794
32816
32851
32860
32870
32974
33019
32403
33030
33055
33068
33083
33105
33115
33144
33167
33251
33269
33330
33343
33350
33359
33374
33406
33423
33462
33475
33499
33522
33542
32970
33625
33645
33651
33703
33716
33720
33734
33736
33766
33779
33806
33816
33826
33828
33887
33914
33934
33359
33957
33980
33986
34047
34062
34105
34160
34206
34245
34247
34245
34255
34301
34319
34338
34381
34416
34433
34434
34464
34469
34488
34511
34527
34581
34592
34594
34627
34661
34742
34752
34778
34799
34837
34873
34879
34885
34919
34945
34947
35011
35015
35047
35066
35068
35072
35079
35102
35100
35141
35162
35171
35173
35189
35206
35228
35249
35259
35298
35311
35312
35307
35311
35350
35380
35426
35483
35487
35501
35499
35515
35536
35557
35580
35592
35596
35600
35606
35592
35609
35635
35641
35656
35036
35665
35043
35669
35684
35716
35732
35734
35747
35755
35760
35764
35768
35764
35884
35885
35905
35929
35950
35951
35960
35980
36000
36003
36008
36014
36044
36085
36110
36141
36170
36182
36195
36197
36320
36322
36326
36327
36344
36354
36358
36389
36388
36392
36388
36406
36414
36430
36433
36481
36495
36538
36594
36615
36621
36662
36665
36697
36767
36806
36819
36823
36865
36870
36884
36894
36900
36914
36947
36989
37026
37055
37056
37063
37124
37131
37137
37143
37151
37200
37204
37252
37326
37330
37344
37357
37377
37386
37444
37454
37456
37478
37514
37519
37527
37551
37581
37604
37616
37623
37643
37654
37658
37711
37744
37838
37869
37870
37882
37888
37971
37981
37982
37981
37986
38014
38025
38060
38065
38099
38118
38161
38184
38215
38218
38224
38264
38298
38314
38339
38360
38398
38411
38413
38411
38512
38551
38545
38594
38625
38640
38652
38663
38668
38677
38684
38685
38734
38737
38734
38745
38768
38793
38814
38843
38845
38886
38916
38922
38931
38954
38977
39004
39016
39020
39022
39040
39042
39052
39056
39073
39100
39111
39123
39129
39151
39209
39261
39296
39316
39346
39364
39382
39424
39442
39447
39455
39467
39476
39482
39485
39482
39582
39585
39594
39606
39612
39620
39643
39650
39653
39673
39695
39696
39695
39718
39728
39758
39796
39797
39804
39829
39893
39935
39948
39969
39973
39261
39969
39991
40002
40005
40024
40036
40039
40046
40063
40068
40078
40082
40117
40129
40157
40226
40233
40258
40275
40299
40319
40384
40390
40393
40420
40448
40475
40487
40504
40519
40521
40536
40538
40568
40596
40620
40640
40652
40658
40690
40702
40721
40757
40852
40208
40866
40862
40888
40895
40910
40913
40920
40954
41015
41076
41094
41100
41113
41126
41129
41184
41195
41228
41246
41263
41279
41303
41324
41330
41352
41375
41382
41428
41432
41443
41474
41485
41491
41501
41524
41525
41524
41549
41554
41591
41625
41661
41704
41729
41750
41773
41839
41852
41879
41895
41909
41970
42018
42057
42068
42070
42068
42086
42144
42202
42206
42202
42204
42268
42270
42285
42282
42292
42303
42324
42336
42339
42342
42349
42479
42500
42501
42506
42501
42516
42518
42516
42551
42573
42596
42623
42625
42638
42639
42650
42660
42693
42721
42756
42773
42792
42846
42850
42855
42864
42878
42894
42935
42962
42986
42968
42993
43031
43041
43083
43116
43161
43165
43181
43199
43221
43228
43277
43278
43282
43277
43290
43294
43318
43370
43372
43417
42614
43424
43426
43440
43451
43469
43531
43544
43547
42744
43561
43568
43612
43619
43661
43691
43696
42892
43711
43726
43732
43798
43850
43852
43861
43866
43953
43972
43969
43989
44053
44065
44071
44077
44098
44110
44116
44143
44182
44188
44209
44241
44245
44234
44241
44324
44329
44358
44372
44401
44421
44439
44466
44526
44534
44552
44556
44571
44577
44589
44629
44641
44642
44647
44655
44659
44677
44682
44692
44732
44734
44740
44773
44777
44783
44800
44826
44835
43902
44841
44860
44863
44880
44925
44956
44957
44995
45011
45052
45058
45064
45098
45110
45113
45146
45157
45189
45224
45259
45260
45352
45367
45375
45377
45404
45420
45426
45438
45508
45505
45515
45521
45540
45548
45601
45607
45617
45625
45634
45650
45655
45659
45696
45691
45703
45748
45784
45799
45808
45815
45838
44949
45868
45875
45881
45916
45912
45927
45942
45952
45970
45981
45991
46003
46075
46093
46125
46142
45408
46182
46192
46211
46240
46272
46308
46325
46349
46335
46369
46376
46381
46408
46418
46420
46433
46434
46437
46456
46486
46482
46507
46514
46525
46537
46561
46559
46577
46583
46622
46699
46709
46720
46738
46766
46802
46854
46860
46864
46871
46883
46884
46899
46903
46925
46942
46974
46992
47014
47019
47041
46333
47065
47092
47101
47098
47119
47116
47140
47154
47197
47203
47209
47218
47225
47260
47292
47293
47292
47311
47326
47375
47395
47413
47449
47464
47487
47490
47499
47538
47598
47638
47650
47656
47665
47668
47673
47689
47698
47743
47767
47789
47833
47862
47867
47921
47959
47995
48005
48019
48038
48058
48088
48097
48116
47631
48129
48135
48154
48172
48181
48190
48220
48230
48253
47802
48257
48283
48301
48341
48411
48470
48500
48505
48514
48615
48625
48630
48634
48661
48662
48673
48679
48678
48695
48703
48704
48758
48785
48809
48815
48904
48923
48931
48940
48972
49000
49006
49007
49036
49040
49101
49118
49205
49238
49241
49280
49338
49352
49424
49443
49453
49459
49466
49507
49541
49564
49622
49649
49656
49676
49693
49751
49774
49777
49807
49864
49865
49879
49895
49921
49936
49978
49996
50001
50084
50128
50138
50154
50191
50199
50205
50217
50249
50239
50289
50352
50367
50389
50422
50446
50458
50467
50473
50483
50531
50559
50629
50633
50665
50676
50745
50768
50784
50787
50791
50787
50803
50805
50812
50820
50860
50863
50879
50875
50889
50925
50938
50952
50993
51043
51075
51129
51161
51173
51178
51184
51231
50768
51238
51284
50823
51283
51297
51307
51343
51349
51355
51367
51388
51404
51408
51444
51454
51483
51494
51510
51520
51524
51579
51596
51677
51697
51700
51711
51731
51751
51748
51775
51781
51829
51833
51841
51855
51858
51879
51883
51954
51983
52005
52014
52042
52057
52100
52118
52119
52146
52259
52282
52306
51829
52324
52380
52482
52505
52534
52100
52590
52592
52623
52636
52678
52690
52696
52702
52788
52801
52838
52854
52855
52865
52870
52909
52915
53053
53113
53131
53128
53139
53155
53161
53213
53250
53257
53260
53282
53278
53315
53327
53356
53363
53388
53467
53475
53500
53551
53563
53570
53571
53636
53650
53649
53677
53709
53721
53739
53772
53786
53795
53807
53813
53827
53846
53851
53852
53866
53886
53900
53904
53947
53949
53990
54018
54036
54048
54082
54087
54095
54116
53649
54121
54127
54137
54138
54151
54176
54196
54256
54299
54347
54350
54389
54396
54403
54396
54427
53977
54429
54437
54484
54486
54554
54556
54580
54595
54668
54695
54766
54809
54821
54819
54843
54857
54870
54453
54878
54884
54932
54940
54960
54976
54991
55012
55018
55052
55101
55123
55128
55144
55168
55185
55195
55220
55225
55246
55253
55255
55261
55288
55311
55319
55384
55004
55396
55409
55404
55413
55423
55434
55471
55500
55505
55521
55562
55628
55662
55700
55710
55713
55792
55788
55830
55856
55925
56006
56041
56061
56071
56102
56135
56140
56185
56191
56221
56226
56242
56251
56278
56293
56305
56337
56401
56409
56427
56470
56483
56522
56583
56604
56620
56633
56638
56682
56685
56693
56713
56723
56733
56764
56786
56826
56846
56854
56885
56890
56931
56938
56944
56985
56993
57027
57054
57076
57095
57121
57144
57149
57144
57152
57166
57187
57226
57232
57233
57261
57262
57297
57302
57307
57336
57352
57371
57386
57415
57461
57464
57463
57512
57526
57553
57549
57559
57572
57589
57598
57618
57632
57637
57655
57666
57707
57714
57755
57756
57763
57765
57788
57796
57850
57863
57872
57888
57933
57934
57933
57950
57994
58012
58020
58036
58071
58082
58109
58136
58147
58174
58194
58208
58232
58236
57755
58279
58293
58365
58369
58377
58384
58404
58411
58410
58501
58504
58509
58521
58522
58521
58546
58555
58575
58631
58635
58715
58766
58775
58796
58794
58829
58846
58879
58876
58882
58899
58925
58942
58962
58979
58987
59010
59024
59154
59205
59231
59272
59279
59307
59302
59325
59332
59347
59359
59379
59413
59446
59467
59471
59489
59494
59519
59520
59523
59584
59594
59617
59622
59636
59637
59732
59733
59749
59758
59791
59802
59815
59881
59886
59911
59929
59970
60040
60041
60048
60075
60098
60110
60122
60123
60151
60150
60169
60183
60229
60239
60277
60319
60334
60367
60430
60440
60430
60451
60450
60458
60477
60520
60524
60534
60590
60595
60604
60614
60649
60670
60667
60682
60736
60745
60766
60768
60773
60786
60800
60829
60846
60854
60934
60942
60972
61012
61016
61026
61039
60630
61090
61089
61179
61231
61259
61274
61285
61325
61348
61358
61379
61427
61432
61453
61060
61470
61471
61478
61579
61633
61636
61633
61653
61672
61753
61785
61824
61826
61906
61951
61960
62002
62020
62026
62069
62109
62113
62132
62140
62167
62187
62275
62293
62323
62325
62335
62365
62375
62401
62414
62453
62458
62062
62464
62485
62499
62516
62532
62132
62546
62620
62668
62694
62709
62712
62725
62796
62817
62821
62832
62900
62911
62917
62935
62951
62949
62986
63003
63024
63030
63039
63042
63045
63066
63079
63084
63096
63108
63127
63135
63142
63190
63235
63244
63276
63284
63296
63352
63363
63385
63476
63486
63494
63504
63507
63524
63572
63591
63676
63708
63724
63731
63769
63777
63811
63825
63833
63835
63825
63840
63853
63385
63874
63944
63947
63956
63954
63970
63975
63980
64009
64050
64058
64069
64075
64141
64158
64209
64216
63745
64209
64226
64237
64246
64279
64321
64334
64354
64357
64373
64400
64402
64461
64481
64535
64540
64584
64595
64617
64670
64679
64680
64683
64726
64747
64765
64774
64787
64813
64825
64829
64871
64918
65011
65014
65023
65030
65051
65056
65063
65115
65122
65126
65137
65146
65170
65188
65197
65206
65209
65217
65281
65290
65305
65326
65328
65330
65345
65408
65429
65448
65472
65492
65495
65550
65563
65617
65620
65634
65638
65647
65671
65680
65707
65725
65738
65771
65814
65844
65861
65921
65928
65940
65953
65969
66038
66061
66079
66118
66124
66169
66172
66179
66202
66257
66265
66285
66292
65844
66311
66321
66358
66391
66486
66492
66549
66580
66592
66619
66616
66672
66688
66696
66709
66734
66768
66781
66785
66794
66938
66944
66963
66975
67003
67046
67048
66580
67054
67055
67065
67075
67111
67141
67226
67256
67307
67309
67321
67353
67392
67396
67392
67409
67455
67476
67509
67521
67555
67565
67567
67579
67591
67603
67615
67621
67646
67650
67669
67670
67699
67728
67765
67775
67789
67832
67866
67885
67892
67913
67914
67992
68009
68013
68037
68053
68059
68080
68086
68198
68211
68235
68266
68310
68382
68501
68509
68541
68557
68584
68615
68621
68650
68675
68676
68693
68712
68735
68755
68770
68781
68785
68813
68859
68876
68923
68931
68947
68962
68989
69010
69052
69069
69072
69094
69098
69109
69113
69121
69151
69216
69277
69292
69354
69382
69399
69444
69448
69467
69496
69548
69544
69552
69553
69552
69669
69694
69706
69721
69745
69758
69759
69805
69838
69839
69842
69870
69944
69976
69988
70024
70027
70037
70043
70104
70143
70160
70202
70213
70217
70252
69788
70271
70303
70311
70348
70372
70381
70441
70473
70467
70486
70546
70556
70558
70587
70591
70633
70641
70680
70701
70708
70714
70717
70714
70748
70783
70788
70820
70831
70877
70885
70892
70902
70924
70948
70960
71014
71056
71061
71077
71080
71103
71112
71137
71317
71334
71346
71350
71356
71383
71426
71439
71516
71543
71552
71565
71567
71572
71611
71620
71626
71633
71635
71637
71649
71651
71763
71798
71797
71848
71860
71869
71894
71911
71935
71957
72019
72025
72038
72064
72073
72124
72149
72184
72222
72235
72259
72269
72286
72289
72301
72312
72343
72370
72386
72391
72392
72404
72487
72488
72487
72507
72515
72535
72554
72565
72598
72618
72658
72661
72669
72696
72718
72730
72736
72739
72742
72763
72818
72829
72851
72893
72892
72915
72985
72991
73039
73042
73061
73059
73089
73131
73174
73185
73192
73228
73276
73367
73364
73391
73435
73464
73472
73482
73487
73500
73540
73579
73589
73608
73621
73651
73663
73669
73674
73680
73705
73707
73768
73804
73854
73861
73973
74007
74012
74030
74040
74082
74103
74113
74140
74149
74191
74236
74265
74291
74301
74322
74323
74322
74379
74413
74434
74437
74443
74454
74491
74516
74620
74652
74653
74754
74776
74780
74789
74805
74822
74838
74848
74877
74896
74947
74959
75018
75032
75045
75053
75065
75099
75105
75118
75127
75130
75143
75190
75208
75213
75240
74760
75247
75302
75320
75347
75354
75402
75459
75490
75506
75512
75517
75536
75561
75566
75568
75649
75664
75670
75687
75717
75732
75758
75773
75795
75845
75865
75878
75886
75969
75994
76011
76045
75582
76054
76075
76084
76086
76132
76189
76195
76216
76248
76257
76270
76274
76321
76329
76358
76362
76390
76403
76490
76501
76520
76546
76075
76567
76128
76585
76588
76639
76645
76691
76712
76727
76739
76760
76915
76928
76956
76963
76978
77003
77005
77014
77018
77016
77038
77043
77048
77059
77063
77059
77071
77114
77113
77119
77174
77176
76735
77194
77236
77271
77347
77408
77415
77416
77426
77454
77464
77484
77494
77515
77570
77590
77615
77646
77690
77693
77699
77753
77756
77768
77865
77866
77883
77900
77924
77941
77479
77962
77494
77971
77985
78004
78020
78064
78085
78097
78130
78140
78138
78145
78168
78176
78178
78195
78211
78218
78308
78311
78344
78372
78388
78399
78401
78418
78460
78484
78522
78535
78549
78553
78578
78588
78612
78710
78742
78804
78834
78871
78885
78937
78949
78976
78984
79005
79024
79035
79099
79122
79167
79195
79209
79221
79223
79257
79267
79285
78842
79316
79339
79412
79409
79420
79426
79441
79513
79541
79546
79559
79561
79571
79585
79622
79663
79682
79686
79731
79738
79752
79778
79776
79794
79822
79824
79840
79841
79840
79858
79867
79871
79885
79921
79931
79926
79942
79961
79978
79989
80010
80030
80050
80078
80104
80116
80170
80203
80207
80219
80251
80276
80278
80304
80307
80353
80370
80416
80427
80456
80529
80556
80585
80607
80619
80629
80655
80754
80780
80803
80815
80846
80866
80915
80933
80939
80951
80956
80961
80992
81098
81124
81147
81159
81170
81205
81284
81304
81307
81304
81329
81334
81358
81367
81379
81412
81420
81436
81582
81591
81603
81614
81619
81634
81190
81653
81670
81691
81703
81727
81749
81757
81807
81821
81918
81925
81942
81979
82005
82007
82057
82087
82099
82131
82165
82172
82210
82225
82240
82274
82283
82319
82321
82363
82388
82393
82442
82448
82464
82472
82470
82484
82521
82530
82555
82586
82594
82609
82677
82690
82737
82752
82765
82799
82813
82838
82875
82890
82924
82935
82952
82980
83005
82555
83029
83048
83062
83101
83121
83171
83173
83213
83220
83226
83259
83299
83386
83428
83437
83452
83471
83485
83491
83497
83521
83535
83544
83564
83572
83678
83706
83813
83822
83877
83880
83887
83896
83912
83916
83918
83931
83932
83965
83968
83994
83996
84036
84041
84055
84091
84156
84194
84204
84212
84234
84248
84268
84305
84371
84395
84451
84472
84481
84494
84514
84524
84543
84544
84554
84575
84596
84610
84612
84626
84630
84671
84704
84711
84727
84728
84727
84744
84787
84798
84831
84839
84849
84917
84916
84931
84964
84987
84997
85003
84995
85027
85032
85037
85041
85063
85094
85113
85146
85156
85190
85202
85211
85221
84704
85259
85264
85284
85304
85315
85325
85330
85337
85342
85347
85356
85357
85376
85378
85381
85444
85463
85465
85475
85479
85494
85504
85683
85706
85730
85735
85737
85739
85737
85761
85818
85834
85852
85865
85879
85882
85457
85907
85927
85949
85957
86025
86060
86102
86108
86120
86125
86135
86153
86167
86201
86254
86263
86293
86300
86311
86315
86320
86349
86405
86421
86448
86554
86120
86591
86632
86647
86650
86674
86704
86707
86713
86723
86736
86753
86757
86764
86775
86774
86877
86878
86905
86932
86934
86951
86979
86986
86997
87011
87038
87060
87069
87107
87115
87139
87176
87205
87260
87306
87315
87352
87361
87374
87387
87465
87538
87556
87574
87577
87574
87595
87598
87595
87625
87634
87639
87646
87657
87670
87671
87670
87691
87721
87767
87790
87808
87850
87862
87873
87885
87896
87906
87919
87501
87927
87944
87967
87973
88027
88030
88048
88058
88072
88090
87695
88101
88108
88124
88128
88139
88148
88149
88148
88174
88179
88188
88197
88234
88274
88306
88311
88312
88370
88416
88438
88447
88456
88491
88514
88529
88543
88546
88585
88604
88608
88619
88627
88680
88759
88769
88816
88824
88857
88882
88900
88915
88924
88936
88954
88984
89024
89029
89033
89029
89043
89129
89142
89165
89237
89242
89256
89268
89295
89301
89320
89329
89359
89365
89381
89405
89424
89452
89461
89512
89529
89564
89565
89599
89602
89613
89643
89658
89709
89735
89789
89801
89830
89854
89860
89863
89860
89869
89888
89926
89935
89939
89953
89579
89967
89978
89984
90025
90041
90051
90062
90065
90087
90181
90193
90271
90268
90280
90292
90295
90301
90340
90362
90377
90380
90388
90406
90480
90524
90529
90548
90568
90577
90603
90623
90630
90641
90689
90712
90728
90724
90789
90817
90820
90829
90833
90847
90406
90905
91015
91027
91072
91106
91126
91144
91154
91171
91189
91205
91252
91256
91260
91309
91326
91333
91340
91352
91356
91371
91415
91421
91435
91443
91447
91455
91462
91512
91523
91522
91538
91555
91566
91567
91588
91666
91675
91681
91705
91723
91744
91763
91793
91800
91965
91988
92015
92096
92097
91693
92101
92096
92147
92188
92191
92220
92225
92266
92276
92280
92288
92317
92339
92347
92350
92440
92451
92470
92471
92470
92569
92593
92597
92617
92174
92643
92654
92663
92664
92685
92691
92743
92763
92777
92790
92794
92790
92805
92814
92860
92863
92871
92881
92911
92909
92926
92974
92989
93004
93008
93013
93035
93038
93042
93056
93164
93181
93221
93276
93328
93339
93361
93388
93436
93452
93464
93485
93508
93514
93517
93530
93554
93594
93614
93651
93666
93675
93679
93698
93745
93773
93787
93790
93802
93829
93847
93851
93945
94010
94028
94074
94083
94097
94117
94132
94180
94186
94202
94265
94277
94293
94305
94324
94350
94388
94399
94410
94418
94428
94443
94459
94461
94473
94492
94083
94513
94552
94561
94579
94606
94613
94621
94629
94640
94221
94639
94654
94655
94668
94684
94693
94718
94748
94773
94807
94817
94825
94886
94892
94937
94941
94963
94975
95012
95026
95038
95062
95080
95086
95090
95086
95093
95101
95106
95148
95152
95226
95255
95266
95289
95355
95410
95415
95464
95470
95474
95501
95503
95549
95552
95588
95621
95628
95647
95677
95739
95773
95786
95342
95842
95854
95884
95890
95932
95503
95946
95961
95966
95977
95978
96017
96020
96027
96078
96082
96115
96139
96170
96220
96238
96301
96322
96340
96355
96363
96364
96380
96390
96397
96425
96430
96438
96455
96481
96508
96534
96570
96575
96593
96609
96624
96673
96733
96750
96740
96787
96788
96831
96875
96878
96901
96953
96964
96985
96986
97036
97039
97050
96614
97137
97161
97195
97236
97248
97250
97253
97264
97270
97278
97281
97298
97349
97372
97386
97429
97430
97429
97447
97459
97455
97480
97499
97504
97577
97660
97696
97698
97757
97764
97839
97857
97909
97997
98040
98038
98050
98061
98065
98080
98110
98155
98167
98186
98225
98241
98256
98262
98269
98288
98316
98356
98367
98383
98430
98459
98471
98487
98510
98533
98550
98557
98566
98587
98620
98627
98629
98638
98642
98643
98659
98690
98703
98723
98744
98771
98784
98794
98800
98850
98882
98887
98886
98898
98936
98992
99001
99013
99077
99091
99167
99238
99245
99326
99345
99359
99397
99396
99433
99451
99523
99520
99541
99545
99569
99574
99608
99629
99646
99665
99670
99675
99742
99763
99801
99803
99844
99853
99883
99934
99952
99964
99994
100034
100055
100061
99629
100065
100112
100128
100187
100200
100231
100343
100366
100425
100436
100450
100467
100544
100589
100637
100645
100652
100680
100687
100693
100715
100720
100744
100762
100770
100760
100807
100833
100850
100855
100864
100922
100930
100963
100993
101025
101055
101080
101098
101143
101176
101207
101221
101232
101241
101260
100801
101274
101281
101330
101351
101361
101386
101429
101451
101464
101466
101491
101497
101498
101511
101513
101511
101619
101648
101683
101702
101736
101735
101789
101814
101832
101867
101923
101937
101949
101966
101967
101971
101984
102003
102023
102034
102059
102068
102075
102097
102129
102130
102163
102166
102165
102178
102181
102208
102236
102284
102322
102341
102364
102373
102388
102436
102533
102591
102581
102625
102656
102654
102673
102684
102719
102728
102749
102759
102788
102822
102826
102822
102831
102868
102889
102896
102909
102924
102942
102958
102960
103012
103047
103063
103081
103090
103110
103220
103237
103246
103301
103309
103326
103338
103366
103367
103366
103375
103380
103404
103419
103427
103429
103473
103502
103546
103555
103580
103592
103601
103603
103616
103631
103655
103657
103679
103688
103714
103823
103837
103846
103873
103875
103881
103906
103909
103922
103945
103951
104008
104026
104033
104130
104145
104175
104237
104248
104262
104296
104327
104397
104401
104391
104410
104434
104441
104454
104476
104473
104488
104493
104540
104559
104570
104584
104621
104628
104640
104642
104664
104704
104723
104732
104770
104802
104836
104851
104863
104869
104878
104902
104911
104959
104976
104977
104986
105005
105059
105076
105095
105116
105139
105168
104723
105181
105229
105262
105271
104814
105288
105293
105288
105295
105301
105329
105373
105402
105422
105431
105464
105541
105576
105582
105598
105605
105608
105632
105635
105665
105683
105708
105730
105745
105754
105767
105778
105817
105827
105844
105464
105856
105861
105883
105908
105901
105967
106012
106049
106053
106049
106082
105632
106086
106153
106189
106217
106219
106231
106237
106272
106278
106291
106320
106333
106349
106364
106415
106430
106454
106491
106542
106552
106569
106589
106618
106651
106638
106657
106711
106715
106319
106723
106740
106795
106829
106834
106869
106876
106918
106959
106976
106984
106990
107062
107068
107094
107104
107122
107176
107185
107190
107206
107203
107215
107218
107215
107285
107337
107441
107461
107524
107528
107546
107576
107608
107604
107667
107689
107701
107727
107730
107743
107761
107788
107778
107848
107853
107892
107896
107911
107939
107944
107977
107982
107983
107992
108004
108010
108021
108093
108096
108114
108122
108139
108172
108180
108188
108209
108223
108225
108223
108236
108253
108259
108331
108357
108382
108388
108400
108457
108522
108553
108550
108556
108553
108550
108574
108610
108652
108664
108692
108723
108788
108811
108850
108858
108871
108889
108895
108907
108954
109051
109097
109121
109129
109126
109132
109141
109146
109162
109168
109193
109204
109228
109237
109244
109262
109265
109267
109265
109272
109282
109373
109421
109433
109465
109497
109504
109531
109554
109562
108985
109567
109585
109593
109597
109615
109082
109610
109082
109620
109643
109680
109693
109711
109720
109735
109734
109776
109788
109793
109801
109862
109908
109909
109919
109959
109969
109987
109997
110025
110047
110076
110098
110108
110124
110159
110174
110181
110207
110216
110221
110230
110242
110256
110276
110282
110326
110335
110351
110365
110372
110415
110428
110438
110455
110498
110528
110526
110542
110563
110574
110596
110599
110621
110638
110650
110673
110679
110709
110716
110740
110764
110777
110779
110819
110815
110834
110848
110860
110869
110873
110881
110913
110928
111002
111016
111044
111072
111087
111099
111119
111149
111157
111173
111192
111188
111210
111215
111239
111242
111281
111326
111338
111423
111433
110925
111464
111474
111485
111496
111502
111503
111502
111514
111545
111550
111575
111592
111607
111628
111649
111658
111662
111682
111703
111732
111739
111755
111768
111780
111787
111829
111848
111853
111862
111865
111872
111873
111874
111877
111890
111911
111909
111963
111972
111981
111985
111994
112000
112024
112043
112049
112078
112080
112089
112102
111615
112111
112118
112143
112151
112183
111674
112215
112240
112237
112268
112302
112308
112310
112343
112351
112360
112376
112378
111836
112408
112430
112439
112475
111963
112567
112595
112630
112640
112654
112685
112694
112748
112758
112779
112782
112800
112825
112908
112914
112933
112954
112960
112963
112978
112991
113010
113028
113037
113080
113114
113133
113142
113144
113155
113168
113193
113218
113225
113228
113230
113238
113246
113268
113279
113298
113324
113351
113380
113396
113421
113424
113426
113431
113461
112933
113463
113521
112991
113545
113647
113680
113695
113702
113710
113732
113747
113771
113779
113786
113791
113793
113826
113869
113884
113912
113901
113929
113926
113977
113978
114006
114008
114015
114033
114078
114092
114110
114125
114160
113680
114183
114190
114212
114210
114270
114275
114302
113279
114307
114365
114371
114392
114414
114421
114427
114433
114482
114502
114547
114553
114586
114594
114603
114651
114670
114693
114720
114742
114758
114770
114774
114843
114862
114863
114868
114880
114905
114943
114968
114369
114984
114990
115002
115011
115082
115094
115103
115106
115130
115134
115190
115251
115340
115355
115414
114868
115416
115424
115423
115490
115498
115514
115533
115584
115598
115597
115606
115631
115637
115644
115648
115666
115678
115681
115696
115733
115770
115779
115792
115797
115835
115875
115883
115891
115893
115901
115904
115901
115306
115928
115932
115929
115954
115967
115988
115992
116075
116079
116099
116104
116118
116135
116133
116165
116172
116182
116194
116236
116278
116279
116283
116294
116302
116332
116334
116353
116377
116380
116395
116398
116445
116468
116481
116497
116507
116516
116523
115933
116530
116568
116571
116590
116018
116606
116607
116598
116623
116654
116666
116701
116730
116749
116764
116801
116809
116813
116831
116837
116862
116870
116868
116877
116894
116911
116910
116956
116953
116962
116973
116995
116998
117036
117045
117121
117129
117168
117216
117224
117239
116695
117242
117264
117266
117313
117334
117370
117382
117395
117419
117456
117500
117522
117535
117544
117550
117572
117594
117619
117656
117663
117680
117695
117731
117749
117764
117772
117771
117793
117805
117832
117861
117894
117932
117952
117974
118005
118019
118038
118053
118074
118147
118171
118184
118191
118214
118223
118228
118239
118255
118278
118315
118330
118359
118389
118390
118408
118419
118425
118501
118504
118521
118553
118586
118609
118631
118650
118655
118657
118669
118684
118688
118697
118702
118708
118717
118725
118738
118813
118814
118813
118823
118844
118863
118875
118885
118891
118916
118956
118957
118972
118999
119012
119041
119047
119088
119091
119129
118574
119141
119224
119231
119240
119246
119288
119324
118717
119332
119348
119351
119372
119381
119379
119390
119420
119446
119467
119470
119477
119478
119494
119500
119511
119544
119591
119612
119639
119644
119665
119731
119739
119757
119779
119797
119806
119818
119848
119871
119885
119889
119891
119924
119997
120002
120035
120069
120070
120069
120078
120090
120101
120139
120147
120151
120169
120249
120255
120316
120335
120368
120422
120429
120447
120452
120453
120462
120490
120497
120517
120520
120523
120534
120562
120584
120592
120598
119997
120629
120628
120636
120670
120680
120689
120690
120689
120712
120707
120717
120707
120769
120791
120798
120824
120830
120856
120963
120994
121002
121012
121031
121033
121094
121098
121186
121209
121216
121221
121257
121258
121260
121271
121284
121317
121320
121339
121357
121374
121385
121404
121405
121416
121447
121459
121480
120876
121493
121500
121510
121577
121604
120996
121625
121633
121684
121695
121762
121763
121811
121813
121844
121837
121845
121855
121862
121869
121925
121930
121940
121947
121957
121959
121957
121967
121971
121998
122024
122033
122066
122093
122100
122108
122153
122195
122201
122225
122235
122245
121594
122276
122287
122309
122317
122320
122377
122391
122406
122437
122451
122467
122480
122481
122484
122500
122536
122551
122579
122578
122587
122613
122636
122645
122660
121947
122690
122704
122788
122795
122812
122808
122827
122834
122870
122904
122949
122956
122988
123003
123029
123034
123038
123040
123049
123059
123070
123103
123111
123127
123155
123160
123181
123183
123198
123211
123214
123254
123268
123293
123290
123296
123301
123313
123319
123337
123340
123349
123347
123379
123380
123391
123379
123380
123421
123430
123476
123490
123498
123505
123511
123523
123528
123565
123579
123613
123621
123628
123676
123686
123683
123691
123811
123842
123863
123886
123899
123127
123904
123916
123923
123982
123997
124007
124033
124068
124102
124100
124107
124126
124133
124147
124175
124188
124202
124245
124277
124324
124375
124423
124430
124443
124453
124462
124466
124489
124503
124513
124520
124551
124567
124582
124622
124645
124652
123916
124703
124726
124780
124811
124870
124882
124877
124888
124922
124973
124976
124977
124979
124994
124324
125002
125009
125015
125095
125123
125139
125147
125165
125179
125184
125194
125202
125211
124567
125215
125233
125242
125302
125311
125324
125410
125425
125434
125453
125458
125471
125512
125517
125563
125572
125594
125607
125656
125672
125688
125697
125696
125718
125726
125775
125831
125284
125850
125852
125899
125902
125929
125932
125947
125966
125968
126009
126041
126046
126048
126073
126070
126095
126151
126172
126220
126235
126304
126311
126318
126322
126347
126362
126374
126380
126397
126400
126409
126445
126463
126470
126497
126499
126521
126550
126558
126595
126616
126615
126642
126683
126754
126757
126759
126776
126784
126789
126881
126883
126904
126934
126402
126948
126988
127007
127015
127175
127188
127207
127242
127259
127274
127277
127328
127345
127354
127402
127408
127417
127430
127468
127487
127515
127535
127543
127556
127573
127588
127600
127618
127619
127637
127641
127651
127687
127693
127738
127740
127777
127796
127811
127817
127811
127879
127898
127915
127955
127972
127980
128020
128034
128028
128081
128101
128108
128116
128150
128185
128207
128221
128235
128236
128235
128250
128281
128289
128300
128305
128318
128366
128386
128410
127945
128427
128434
128431
128462
128476
128481
128497
128548
128544
128042
128557
128563
128568
128620
128639
128646
128682
128707
128745
128751
128753
128751
128764
128801
128753
128820
128826
128838
128925
128937
128952
129017
129039
129042
129050
129071
129082
129099
129136
129148
129152
129217
129226
129259
129300
129319
129293
129347
129355
129356
129355
129357
129376
129397
129441
129448
129454
129467
129475
129522
128607
129543
129546
129543
129564
129587
129615
129636
129169
129652
129678
129691
129703
129751
129760
129787
128876
129791
129793
129840
129863
129876
129937
129948
129958
129965
129984
130063
130078
130084
130078
130087
130100
130108
130114
130186
130198
130186
130209
130218
130246
130258
130273
130333
130358
130385
130411
130412
130447
130483
130493
130513
130558
130577
130591
130642
130652
130690
130691
130690
130732
130753
130777
130800
130804
130819
130826
130840
130842
130849
130883
130879
130891
130918
130924
130931
130944
130954
130967
131011
131054
131071
131077
131092
131125
131139
131152
131214
131239
131264
131265
131264
131294
131310
131312
131338
131371
131363
131383
131395
131464
131476
131506
131071
131515
131524
131540
131544
131596
131617
131623
131709
131743
131765
131793
131819
131827
131833
131836
131860
131868
131911
131917
131948
132021
132038
132072
132076
132084
132095
132104
132114
132122
132181
132211
132216
132227
132234
132271
132280
132293
131803
132301
132307
132313
132354
132364
132367
132364
132403
132412
132431
132448
131982
132460
132485
132551
132553
132561
132580
132601
132619
132741
132745
132751
132808
132813
132817
132822
132843
132902
132907
132917
132920
132931
132952
132953
132952
132959
133016
133024
133036
133063
133142
133148
133153
133173
133180
133194
133196
133205
133222
133243
133268
133271
133303
133323
133342
133344
133372
133445
133489
133528
133537
133570
133575
133655
133670
133685
133718
133744
133741
133750
133753
133765
133771
133776
133789
133801
133821
133833
133841
133868
133900
133906
133912
133931
133937
133948
133966
133980
134015
134035
134055
134061
134063
134074
134110
134137
134164
134220
134245
134260
134263
134287
134291
134340
134342
134340
134367
134390
134419
134428
134432
134464
134488
134500
134497
134513
134515
134536
134575
134605
134633
134660
134684
134218
134701
134685
134713
134740
134745
134760
134768
134769
134773
134769
134778
134794
134814
134837
134844
134866
134890
134894
134421
134912
134909
134941
134956
134986
135014
135019
135025
134533
134529
135028
135034
135041
135052
134575
135069
135084
135088
135098
135162
135202
135211
135215
134713
135250
135252
135270
135291
135307
135349
135358
134890
135395
135403
135409
135433
135451
135519
135538
135571
135580
135602
135605
135666
135733
135745
135283
135766
135796
135801
135796
135812
135813
135825
135865
135904
135922
135940
135967
135972
136012
136018
136025
136052
136122
136144
136158
136223
136233
136245
136255
135757
136266
136281
136301
136336
136351
136354
136390
136396
136402
136406
136404
136422
136455
136456
136464
136456
136455
136482
136491
136503
136515
136516
136527
136559
136563
136586
136590
136605
136612
136627
136688
136690
136705
136742
136763
136770
136819
136822
136830
136876
136894
136906
136918
136920
136927
136951
136962
136472
136976
136972
136986
137032
137050
137048
137059
137078
137140
137149
136609
137163
137186
137197
137216
137244
137262
137275
137292
137303
137325
137340
136830
137368
137405
137418
137447
137516
137521
137531
137543
137570
137622
137632
137641
137653
137701
137710
137713
137724
137104
137752
137772
137782
137818
137871
137900
137914
137930
137937
137942
137953
137974
138036
138042
138046
138058
138082
138107
138126
138159
138167
138175
138197
138196
138201
138211
138217
138235
138248
138250
138255
138257
138277
138278
138300
138306
138319
138386
138385
138405
138409
138414
138430
138462
138469
138495
138529
138539
138544
138570
138582
138606
138623
138615
138625
138630
138672
138688
138707
138709
138718
138751
138775
138785
138781
138850
138865
138904
138907
138915
138931
138949
138952
138961
138979
138985
139024
139039
139071
139107
139156
139166
139183
139195
139208
139231
139253
139261
139271
139294
139290
139300
139312
139307
139323
139353
139357
139372
139419
139433
139441
139474
139489
139522
139570
139580
139589
139630
138679
139624
139633
139652
139661
139667
139698
139705
139725
139784
139798
139801
139799
139809
139819
139827
139828
139860
139870
139882
139891
139888
139894
139933
139972
139980
139995
140031
140057
140072
140073
140095
140119
140158
140164
140176
140189
140194
140200
140224
140256
140272
140304
140339
140358
140350
140359
140364
140391
140409
140423
140437
140455
140463
140479
140511
140531
140580
140601
140603
140601
140630
140047
140668
140689
140705
140710
140717
140724
140731
140737
140750
140748
140778
140806
140820
140878
140909
140913
140944
140958
140977
141034
141049
141059
141062
141080
141096
140593
141101
141112
141117
141137
141143
141149
141160
141166
141172
141174
141172
141218
141223
141247
141263
141266
141271
141273
141279
141288
141291
141325
141324
141331
141350
141361
141376
141406
141413
141420
141441
141459
141460
141540
141548
141568
141575
141600
141607
141621
141632
141628
141647
141656
141668
141675
141700
141703
141755
141775
141796
141828
141262
141829
141859
141920
141940
141948
141976
141982
141999
142038
142046
142073
142080
142092
142118
142132
142140
141652
141644
142149
142166
142189
142204
142303
142327
142337
142344
142345
142354
142368
142385
142445
142463
142533
142527
142564
142596
142613
142639
142641
142652
142670
142690
142705
142738
142759
142815
142835
142836
142435
142851
142860
142895
142902
142908
142939
142955
142971
142974
142991
142995
143009
143026
143043
143076
143091
143105
143137
143147
143152
143164
142759
143170
143176
143219
143226
143256
143292
143299
143292
143308
143340
142891
143375
143419
143484
143489
143529
143650
143660
143666
143190
143717
143733
143752
143758
143794
143811
143817
143839
143853
143860
143892
143915
143937
143953
143971
143989
144012
144026
144045
144050
144053
144050
144058
144064
144067
144068
144071
144078
144084
144107
144168
144186
144210
144243
144256
144270
144285
144294
144328
144337
144352
144392
144412
144431
144008
144436
144447
144471
144478
144484
144516
144530
144537
144554
144583
144589
144642
144652
144669
144671
144683
144692
144700
144725
144737
144751
144766
144823
144839
144846
144842
144868
144875
144904
144934
144942
144968
144970
144968
144985
144992
144994
145018
145048
145056
145093
145104
144700
145132
145153
145156
145180
145189
145190
145201
145203
145244
145253
145271
145298
145301
145321
145317
145348
145366
145398
145416
145462
145483
145501
145512
145526
145536
145563
145566
145575
145584
145608
145647
145656
145674
145682
145692
145718
145745
145747
145768
145772
145775
145792
145805
145840
145850
145874
145912
145924
145926
145938
145992
146012
146018
146017
146041
145647
146067
146068
146080
146110
146111
146121
146146
146166
146200
146214
146236
146248
146263
146266
146325
146331
146342
146351
146358
146362
146379
146420
146424
146455
146491
146503
146518
146541
146547
146548
146574
146587
146589
146647
146684
146710
146768
146790
146853
146881
146880
146893
146899
146898
146904
146952
146965
146974
146980
146983
146980
147043
147051
147052
147078
147074
147093
147112
147141
147162
147209
147277
147332
147329
147357
147387
147402
147403
147418
147489
147501
147515
147542
147560
147559
147587
147618
147621
147631
147642
147667
147664
147687
147700
147727
147756
147759
147757
147756
147770
147796
147801
147820
147823
147461
147845
147858
147866
147908
147923
147941
147937
148005
148028
148057
147727
148068
148070
148068
148096
148132
147810
148138
148156
148235
148246
148260
148303
148320
148323
148376
148393
148413
148418
148432
148471
148214
148484
148502
148505
148531
148557
148570
148587
148623
148688
148693
148705
148734
148738
148744
148810
148841
148870
148881
148896
148908
148926
148946
148952
148962
148973
148977
149007
149009
149007
149047
149053
149075
149094
149106
149119
149136
149163
149182
149185
149245
149255
149260
149275
149282
149288
149296
149316
149317
149355
149370
149374
149376
149381
149395
149412
149424
149428
149461
149470
149288
149482
149488
149507
149535
149546
149559
149355
149353
149577
149580
149593
149606
149610
149645
149659
149671
149677
149696
149727
149746
149769
149767
149772
149821
149830
149855
149864
149869
149872
149855
149869
149885
149899
149896
149905
149956
149965
149971
149980
149986
