21
37
44
57
59
71
77
79
93
106
120
121
128
131
156
202
212
219
234
241
250
272
282
293
305
311
325
332
344
348
350
348
375
382
390
397
400
402
410
441
442
441
448
458
459
477
492
498
513
517
546
553
552
555
557
558
555
568
576
573
592
601
607
617
625
626
639
656
657
658
667
682
684
695
702
718
734
736
744
750
748
744
751
750
744
760
769
762
772
767
778
787
797
802
811
813
820
831
847
852
877
882
897
904
920
924
932
933
949
964
969
988
1004
1006
1004
1009
1015
1019
1028
1033
1032
1051
1052
1054
1061
1062
1065
1066
1070
1075
1083
1088
1085
1099
1093
1105
1124
1131
1175
1180
1188
1196
1197
1203
1210
1238
1244
1269
1276
1284
1293
1300
1336
1349
1356
1375
1385
1410
1420
1433
1436
1441
1450
1467
1473
1483
1489
1491
1494
1507
1521
1525
1527
1563
1569
1582
1608
1609
1608
1612
1635
1640
1654
1661
1692
1701
1714
1729
1732
1736
1741
1749
1755
1754
1777
1803
1807
1804
1811
1833
1838
1729
1881
1891
1916
1925
1969
1975
1993
1999
2002
2009
2020
2031
2038
2041
2044
2046
2052
2053
2057
2064
2069
2086
2100
2114
2116
2125
2133
2144
2145
2151
2161
2160
2174
2175
2200
2202
2207
2215
2225
2214
2282
2279
2293
2314
2323
2334
2338
2437
2444
2445
2449
2472
2470
2481
2497
2501
2512
2526
2512
2529
2530
2532
2537
2540
2538
2546
2547
2556
2557
2566
2567
2576
2577
2580
2596
2597
2602
2610
2630
2636
2673
2681
2691
2712
2720
2725
2728
2736
2747
2748
2766
2774
2781
2786
2798
2809
2818
2830
2836
2863
2864
2866
2874
2881
2884
2881
2929
2947
2946
2952
2964
2966
2964
2973
2979
2994
2997
3008
3015
3050
3067
3072
3076
3082
3090
3096
3105
3107
3108
3112
3128
3155
3149
3156
3157
3161
3166
3178
3180
3183
3192
3195
3230
3233
3241
3251
3256
3287
3308
3309
3324
3330
3340
3355
3361
3360
3364
3366
3369
3376
3375
3378
3386
3384
3388
3386
3390
3420
3403
3429
3438
3445
3455
3462
3492
3514
3513
3523
3529
3533
3541
3543
3546
3549
3568
3565
3572
3573
3578
3595
3613
3643
3655
3672
3679
3703
3697
3691
3715
3720
3733
3737
3750
3754
3748
3759
3762
3777
3546
3788
3793
3802
3800
3815
3826
3825
3835
3852
3868
3877
3883
3887
3883
3892
3900
3905
3914
3921
3923
3956
3957
3978
3990
4024
4056
4076
4080
4075
4097
4102
4116
4139
4151
4154
4162
4183
4193
4207
4214
4207
4248
4254
4268
4275
4272
4279
4270
4290
4317
874
4332
4337
4342
4351
4353
4369
4366
4377
4351
4390
4397
4405
4407
4402
4399
4423
4447
4459
4490
4511
4525
4532
4536
4544
4549
4562
4569
4572
4575
4580
4617
4614
4621
4629
4655
4699
4705
4708
4717
4727
4731
4742
4747
4769
4774
4779
4786
4793
4807
4817
4831
4839
4844
4648
4865
413
4883
4894
4902
4914
4918
4922
4933
4953
4956
4957
4956
4959
4962
4968
4969
4956
4978
5023
4968
5040
5050
5105
5135
5148
5159
5163
5172
5182
5184
5203
5217
5225
5239
5257
5278
5284
5291
5298
5306
5313
5323
5329
5350
5357
5359
5384
5391
5291
5414
5416
5415
5419
5447
5449
1015
5468
5464
5483
5488
5491
5496
5500
5503
5510
5514
5533
5535
5543
5551
5558
5565
5571
5574
5596
5599
5596
5623
5629
5639
5641
5654
5657
5668
5673
5675
5677
5685
5707
5728
5740
5739
5744
5807
5830
5835
5836
5839
5842
5860
5881
5887
5852
5895
5899
5917
5919
5924
5959
5963
5964
5967
5975
5977
5981
5984
6010
6015
6019
6015
6034
6045
6056
6058
6097
6100
6097
6113
6143
6145
6151
2863
2864
6172
1105
6174
6189
6194
6199
6208
6209
6210
6217
6219
6226
6258
6266
6287
6323
6328
6334
6348
6366
6376
5654
6388
6390
6392
6396
6408
6411
6412
6414
6421
6394
6423
6443
6456
6464
6466
6472
6483
6488
6497
6502
6526
6534
6562
6574
6605
6629
6630
6640
6658
6660
6664
6666
6674
6676
6677
6683
6688
6699
6702
6714
6732
6747
6759
6770
6811
6827
6838
6843
6862
6882
6884
6896
6912
6919
6943
6953
6957
6965
6979
7007
7018
7021
7037
7038
7043
7051
7038
7067
4415
7069
7072
7078
7079
7083
7087
7091
7093
7094
7096
7112
7121
7124
7129
7140
7152
7174
7190
7211
7229
7231
7243
7256
7270
7284
7290
7325
7315
7338
7337
7364
7374
7390
7392
7408
7422
7424
7422
7402
7434
7435
7451
7432
7468
7474
7486
7511
7524
7537
7552
7556
7558
7573
7593
7610
7612
7632
7618
7655
7663
7576
7666
7679
7684
7689
7703
7765
7779
7782
7794
7795
7794
7816
4323
7832
7833
7845
7847
7845
7898
7901
7902
7915
7950
7986
7999
8019
8045
8051
8055
8104
8095
8128
8142
8172
8175
8195
8197
8204
8214
8219
8220
8223
8228
8223
8231
8236
8243
8261
8270
8287
8302
8328
8341
8343
8369
8374
8376
8380
8381
8386
8411
8424
8432
8452
8453
8461
8476
8488
8489
8488
8497
8499
8504
8507
8510
8515
8507
8524
8521
8526
8532
8526
8518
8538
6652
8539
8545
8549
8550
8555
8539
8560
8569
8563
8560
8573
8580
8585
8587
8599
8612
8613
8612
8618
8623
8626
8629
8635
8638
8644
8648
8649
8663
8679
8700
8714
8700
8699
8721
8756
8765
8768
8766
8769
8776
8788
8789
8801
8803
8812
8818
8826
8831
8845
8847
8849
8851
8858
8866
8868
8875
8881
8897
8901
8914
8916
8919
8916
8923
8934
8938
8943
8956
8934
8959
9002
9001
9021
9044
9069
9080
9081
9112
9092
9127
9130
9127
9134
9137
9144
9151
9180
9191
9193
9199
9191
9233
9272
9290
9310
9316
9332
9339
9341
9342
9346
1201
9369
9372
9373
9375
9380
9398
9407
9419
9421
9426
9437
9440
9451
9458
9461
9462
9465
9480
9490
9501
9506
9501
9510
9543
9566
9580
9600
9609
9612
9614
9636
9649
9658
9667
9688
9707
9710
9742
9749
9751
9749
9755
9758
9760
9766
9773
9781
9790
9789
9803
9830
9841
9850
9855
9882
9886
9891
9914
9915
9924
9943
9948
9952
9947
9945
9962
9959
9971
9986
10013
10032
10038
10032
10057
10059
10074
10080
10100
10124
10136
10167
10182
10190
10198
10201
10209
10211
10209
10218
10222
10228
10238
10239
10252
10272
10277
10302
10309
10327
10332
10345
10360
10370
10380
10392
10399
10424
10429
10464
10475
10480
10501
10521
10550
10574
10577
1385
10591
10605
10609
10621
10625
1527
10674
10740
10747
10756
10765
10768
10780
10779
10792
10794
10795
10804
10805
10809
10834
10837
10860
10864
10876
10886
10890
10942
10946
10952
10959
10976
10975
10981
10982
10996
11017
11036
11038
11037
11053
11065
11090
11092
11086
11111
11115
11118
11150
11151
11159
11157
11145
11173
11192
11205
11226
11235
11249
11254
11126
11260
11282
11304
11314
11338
1774
11351
11350
11356
11359
11358
11401
11400
11416
11427
11440
11449
11494
11510
11522
11534
11550
11579
11616
11632
11605
11642
11653
11652
11659
11702
11706
11738
11774
11779
11787
11799
11821
11839
11849
11871
11879
11883
11891
11893
11909
11927
11938
11947
11962
11970
11976
11979
11976
11993
11992
12002
12007
12028
12023
12048
8703
12054
12059
12061
12068
12074
12075
12079
12081
12087
12096
12102
12096
12118
12127
12128
12145
12152
12164
12165
12167
12198
12177
12207
12258
12269
12290
12292
12308
12324
12376
12405
12413
12418
12422
12418
12450
12460
12466
12469
12466
2220
12475
12489
12534
12552
12557
2460
12567
12571
12588
12606
12607
12622
12643
12656
12662
12669
12673
12691
12699
12733
12737
12766
12788
12790
12813
12830
12853
12870
12877
12879
12887
12889
12895
12899
12911
12913
12920
12923
12924
12936
12941
2538
12945
12946
12950
12982
12983
12991
13025
13028
13030
13036
13038
13041
13051
13070
13074
13081
1170
13098
13107
13112
13114
13220
13233
13275
13318
13319
13324
13334
13340
13358
13366
13375
13377
13376
13382
13383
13386
13393
13400
13408
13411
13426
13450
13447
13453
13469
13477
13486
13463
13509
13516
13524
13531
13530
13541
13554
13558
13564
13567
13568
13588
13591
13601
13382
13618
13624
13625
13637
13640
13652
13647
13673
13674
13693
13696
13707
13759
13774
13792
13794
13802
13806
13823
13825
13840
13842
13879
13916
13937
13950
13959
14004
14018
14020
14018
14029
14033
14038
14045
14060
6464
14065
14076
14073
14084
14095
14097
14101
14107
14132
14105
14152
14167
14187
14206
14208
14219
14230
14251
3019
14257
14266
14279
14292
14296
14292
14298
14307
14312
14322
14328
14349
14385
14405
14412
14414
14419
14430
14432
14430
14452
14460
14335
14464
14487
14497
14503
14519
14577
14582
14592
14596
14607
14580
14614
14617
14627
14638
14643
14655
14663
14679
14680
14683
14680
14693
14720
14729
14749
14774
14747
14785
14787
14806
14811
14833
14844
14850
14866
6555
14894
14895
14923
14928
14930
14944
14954
14959
14967
14993
14995
15013
15035
15054
15069
15060
15082
15094
15099
15129
15137
15155
15157
15186
15191
15181
15200
15214
15215
15214
15231
15245
15267
15279
15304
15306
15309
15313
15323
15348
15347
15355
15366
15379
15386
15406
15405
15461
15473
15491
15493
14090
15497
15504
15499
15516
15515
15559
15561
15597
15622
15624
15665
15649
15682
15681
15684
15693
15718
15729
15726
15754
15752
15761
15764
15763
15769
15799
15806
15807
15812
15813
15817
15828
15837
15843
15856
15875
15877
15882
15885
15921
15922
15943
15928
15945
15948
15958
15960
15967
15975
16002
16022
16024
16045
16049
16066
16071
16083
16097
15624
16100
16107
15547
16111
16114
16126
16128
16149
16182
16195
16218
16234
16248
16255
16257
12831
16264
16266
16297
16306
16334
16344
16352
16365
16372
16385
16386
16385
16402
16405
16414
16425
16429
16450
16480
16514
16525
16552
3378
16560
16568
16569
16580
16589
16596
16599
16627
3455
3453
16636
16639
16647
16660
16671
16688
16691
16699
16701
16713
16734
16762
16764
16768
16774
16776
16787
16788
16789
16791
16799
16762
16811
16808
16814
16819
16856
16859
16808
16873
16875
16882
16888
16898
16904
16913
16941
16950
16957
16962
16978
16987
16992
16996
15833
17002
17003
17008
17016
17027
17034
17042
17045
17044
17047
17051
17075
17076
17083
17090
17083
17094
17097
17099
17113
17121
17044
17136
17149
17158
17169
17181
17196
17199
17209
17214
17225
17243
17249
17273
17276
17277
17301
17322
17325
17330
17336
17349
9686
17355
17343
17372
17377
17384
17403
17409
17416
17397
17423
17425
17428
17443
17457
17461
17475
17501
17518
17501
17523
17529
17532
17529
17540
17571
17599
3877
17610
17636
17680
17688
17704
17706
17694
17716
17719
17731
17734
17733
17742
17743
17742
17752
17757
17760
17766
17772
17773
17775
17783
17790
17803
17813
17828
17832
17854
17871
17892
17903
17924
17936
17934
18002
18030
18048
18059
18071
18075
18078
18081
18087
18084
18078
18097
18099
18115
18122
18125
18126
18139
18156
18161
18160
18200
4620
18199
18200
18202
18228
18239
18290
18313
18310
18322
18327
18342
18365
18368
18369
18395
18433
18447
18448
18451
18484
18493
18525
18524
18534
18565
18568
18601
18621
18637
18639
18649
18667
18673
18676
18685
18697
18727
18732
18739
18748
18767
18772
18777
18792
18819
18840
18850
18883
18894
18898
18760
18934
18954
18960
4638
4547
18964
18979
18995
19001
18997
19005
19006
19013
19020
19025
19078
19074
19089
19102
19122
19128
19134
19145
19169
19186
5140
19196
19197
19241
19252
19255
19262
19289
19313
19316
19327
19335
19338
19347
19353
19252
19368
19369
19401
19407
19417
19434
19442
19468
19486
19512
19529
19533
19536
19546
19562
19570
19610
19562
19614
19612
19562
19652
19669
19671
19672
19671
19684
19696
19715
19720
19728
19730
19756
19748
19768
19773
19786
19789
19800
19804
19887
19890
19896
19906
19915
19917
19930
19925
19933
19938
19958
19960
19975
19981
19980
19988
20002
20018
20023
20029
20031
20018
20032
20088
20097
20111
20113
20118
20119
20118
20135
20157
20186
20194
20205
20215
20233
20238
20243
20239
20249
20250
20275
20274
20278
20284
20310
20321
20331
20351
20349
20356
20367
20382
20381
20377
20397
20410
20421
20432
20451
20432
20452
20451
20484
20499
20500
20504
20527
20531
20538
20541
20553
20555
20602
20630
20636
20638
20653
20650
20679
20687
20719
20730
20746
20758
20764
20766
20828
20844
20852
20857
997
20890
20896
20898
20905
20902
20910
20913
20941
20947
20953
20965
20967
20965
20973
20983
20987
20997
21005
21039
21040
21039
21044
21045
21055
21059
21057
21063
21064
21077
21090
21095
21107
21114
21122
5909
21126
21114
21134
21149
21175
21184
21204
21211
21224
21228
21238
5639
21249
21265
21304
21310
21332
21341
21349
21354
21373
21377
21384
21388
21426
21433
21438
21448
21449
21464
21475
21483
21494
21521
21530
21552
21573
21584
21591
21605
21628
21640
21648
21655
21657
21662
21657
21668
21675
21685
21693
21719
21728
21733
21734
21749
21762
21767
21771
21796
21800
21801
6145
21811
21827
21815
21810
21829
21837
21846
1105
21853
21856
21876
6182
21887
21908
21923
21925
21933
21974
21976
21985
22005
22015
22027
22032
22053
22072
22078
22088
5571
22107
22105
22117
22124
22128
22143
22157
22215
22214
22228
22238
22241
22259
22260
22278
22283
22302
22314
22323
22336
22341
22345
22341
22364
22369
22376
22391
22377
22451
22458
22463
22466
22468
22483
6479
22504
22529
22539
22560
22566
22578
22598
22613
22648
22649
22648
22663
22680
22691
22695
22717
22729
22733
22774
22827
22847
22863
22853
22897
22913
22914
22934
22954
22958
22971
23034
23057
23055
23073
23089
23106
23108
23106
23123
8496
8497
23140
23159
23176
23183
23184
23186
23204
23211
23215
23236
1063
23238
23245
23248
23262
23265
23267
23274
23293
23309
23319
23326
23328
8419
23337
23345
23349
23417
23431
23455
23461
23473
23500
23504
23525
23524
23496
23540
23544
23563
23588
23602
23635
23638
23640
23653
23698
23708
23719
23755
23760
23771
23787
23819
23826
23847
23871
23879
23876
23881
23883
7087
23884
23914
23923
23938
7533
23949
23968
7113
23992
23996
929
23997
24001
24014
24016
23999
24014
24020
7165
24027
24031
24033
24036
24043
24051
7500
24056
24059
24071
24095
24103
24114
24130
7243
24133
24216
24225
913
24240
24250
24258
24266
24267
24279
24287
24295
24349
24351
24356
24361
24381
24378
24384
24378
24404
24412
24432
24447
24452
24455
24447
24456
24466
24477
24496
24505
24511
24514
24487
24526
24529
24532
24543
24546
24574
24576
24585
24594
24623
24643
24654
24665
24675
24684
24705
24708
24714
24717
24722
24726
24748
24752
24771
24778
24780
24786
24801
24814
24819
24822
24838
24849
24851
24870
24879
24885
24889
24900
24888
24908
24916
24905
24921
24924
24925
6648
24927
24908
24928
24945
24950
24952
24961
24960
24969
24970
24974
24969
24983
24996
25009
25021
25027
25029
25034
25047
25054
25066
25068
25066
25080
25088
25090
25093
25107
25113
25117
25143
25147
25159
25173
25174
25176
25184
25189
25215
25240
25252
25255
25269
25275
25282
8768
25284
25290
25295
25285
25284
25307
25311
25275
25317
25320
25338
25342
25357
25371
25387
25410
25432
25435
25425
25432
25465
25476
25478
25482
25494
25495
25501
21803
25505
25508
25512
25529
25534
25543
8832
25553
25548
25556
25563
25580
25583
25609
25614
25623
25630
25638
25654
25660
25681
25690
25704
25727
25739
25743
25763
25784
25792
25807
25810
25830
25834
25831
25841
25856
25869
25881
25898
25899
9154
25912
25935
25937
25980
25984
9191
25989
25996
26008
26033
26053
26055
26063
26051
26085
26094
26101
26112
26122
26132
26176
26180
26211
26219
26265
26280
26289
26290
26289
26324
26322
26331
26338
26350
26368
26396
26391
26400
26416
26434
9501
9506
26441
26442
26453
26523
26560
26590
26604
26626
26628
26657
26652
26688
26755
26787
26790
26802
26803
26818
26820
26831
26798
26841
26864
26867
26881
26866
26886
26903
26905
26909
26905
26911
26894
26934
26973
26994
26991
27002
27010
27032
27050
27010
27060
27069
27089
27098
27105
27114
27128
27142
27183
27232
27237
27246
27249
27260
27266
27292
9773
27307
27260
27361
27397
27433
27476
27482
27489
9837
9827
27503
27510
27534
27543
27545
27546
27563
27580
27600
27614
27646
27651
27679
27684
27694
27710
27703
27726
27742
27747
27749
27754
27765
27766
27780
27799
27809
27820
27831
27854
27858
27869
27854
27872
27889
27899
27915
27880
27924
27940
27972
27980
27984
27987
27984
27991
27997
28001
9947
9945
28004
28011
27991
28025
28031
28047
28052
28056
28064
28065
28074
28106
28108
28120
28125
28140
28120
28150
28192
28208
28219
28231
28238
28239
28305
28319
28329
28338
28351
28358
10177
28362
28376
28386
28392
28417
1287
28461
28472
28477
28481
28487
28501
28510
28482
28509
28519
28548
10266
28556
28563
28580
28607
28630
28635
28650
28662
28667
28668
28690
28693
28674
28706
28723
28742
28820
28821
28843
28821
28854
28861
28871
28886
28895
28928
28953
28957
28978
29009
29023
29025
29026
29061
29068
29085
29094
29103
29124
29178
29203
29205
29210
29232
10809
29273
29303
29300
29315
29310
29329
29341
29355
29392
29396
29397
11906
29414
29415
29425
29436
29467
29479
29484
29496
29499
29524
29536
29538
12115
29551
29562
29568
29580
29509
29593
29628
11830
29659
29666
29668
29714
29739
29755
29764
29779
29789
29810
29822
29834
29843
29851
29858
29864
29887
29974
29977
29984
29999
30000
29999
30008
30026
30029
30030
30058
30067
30085
30094
30106
30109
30129
30126
30146
30147
30182
30188
30250
30255
30271
30296
30318
30328
30344
30367
30374
30376
30413
30419
30418
30438
30441
24859
30470
30478
30501
30512
30496
30538
30547
30550
30591
30594
30597
30606
30610
30616
30633
30683
30710
30715
30724
30746
30749
30759
30766
30769
30773
30821
30823
30825
30842
30823
30840
30912
30924
30934
30951
30957
30959
30960
30961
30968
30971
30990
30994
30997
30999
31010
31026
31029
31045
31046
31047
31058
31064
31073
31098
31102
31119
31122
31119
31121
31129
31123
31151
31168
31196
23423
31199
12958
31208
31220
31234
31241
31240
31247
31249
31252
31250
31249
31259
12997
31270
31272
31288
31290
31294
31318
31330
31334
31343
31344
31343
31391
31398
13038
31415
13035
31424
31422
31429
31433
31435
31433
31447
31455
31466
31522
31537
31561
31575
31591
31603
31494
31616
31625
31627
31644
31660
31664
31698
31727
31741
31754
31807
31814
31828
31837
13471
13469
31846
31849
31856
31884
31889
13429
31883
31898
31899
31898
31910
13523
31925
13548
31931
31933
31931
31930
31947
31948
31970
31978
32013
32017
32023
32033
32039
32050
32059
32055
32063
32089
32092
32128
32159
32161
32165
32168
32171
32210
32277
32294
32295
32308
32314
32317
32328
32339
32354
32356
32363
32362
32369
32428
32430
32433
32446
32474
32477
32487
32511
32172
32515
32531
32539
32549
32565
32592
32607
32619
32637
32662
32676
32686
32700
32707
32709
32717
15386
32735
32747
32754
32764
32779
32785
32802
32832
32837
32860
32881
32889
32901
32881
32904
32921
32931
32968
32975
32990
32995
32997
33017
33044
33064
33081
33087
33105
33109
2979
33119
33124
33137
33146
33150
33164
33191
33195
33196
33210
33222
33256
33268
33278
33291
33294
33296
33348
33361
33364
33382
33457
6906
33460
33464
33457
33487
33504
33509
33519
33546
33547
33576
33612
33630
33615
33634
33646
33612
33661
33672
33693
33554
33711
33721
33722
33721
33732
33754
33756
33774
33779
33805
33823
33845
33852
33873
33898
33912
33936
33951
33958
33973
34010
34026
34029
34035
34049
34054
34081
34092
34110
34111
34127
34134
34139
34152
34166
34180
15614
34214
34216
34244
34255
34274
34280
34279
34289
34282
34302
34305
34334
34338
34339
34338
34346
34356
34382
34368
34384
34386
34394
34401
34424
34428
34438
34443
34472
34480
34509
34539
34548
34555
34562
34573
34583
34600
34601
34638
34647
34650
34653
34656
34684
34701
34727
34730
34727
34741
34746
34752
34746
34744
34789
34849
34898
34909
34927
34930
34956
34968
35000
35012
35023
35031
35038
35044
35050
35054
35070
35116
35124
35144
35182
35202
35244
35261
35262
35270
35277
35298
35302
35329
35342
35345
35348
35342
35368
35373
35379
35388
35406
35412
35417
35418
35433
35440
35458
35467
35476
35480
35498
35500
35498
35504
35502
35508
35517
35520
35525
35527
35532
35542
35548
35553
35559
16071
35566
35585
35611
35626
35644
35658
35665
35667
35670
35677
35679
35682
35693
35708
35710
35715
35717
35734
35697
35739
35732
35744
35753
35752
35765
35741
35767
35611
35771
35752
35785
35798
16135
35799
35855
35888
35893
35900
35906
35911
35919
35933
16359
35952
35963
35965
36022
36041
36088
36096
36122
36125
36158
36171
36172
36171
36202
16664
36213
36216
36193
36228
36226
36241
36250
36255
36258
36271
36284
36290
36304
36334
36343
36353
36380
36386
36397
36404
36430
36429
36448
36380
36474
36486
36498
36510
36527
36529
36544
36589
36593
36204
36610
36630
36644
36639
36684
36685
36708
36719
36735
36746
36785
36792
36821
36826
36831
36835
36847
36855
36864
36867
36864
36873
36897
36919
36939
36948
36938
36954
36956
36962
17203
36969
36971
36977
36981
36987
36984
36991
37006
37041
37056
37071
37076
37077
37088
37101
37109
37110
37121
37129
37116
37126
37133
37140
37148
37151
37158
37176
37190
37209
37229
37243
37258
37233
37229
37267
37274
37290
37281
16983
37299
37316
37311
37320
37335
37349
36699
36700
37355
37364
37362
37379
37380
37384
37401
37379
37414
37434
37448
37464
37467
37482
37480
37500
37528
37510
37554
37566
17956
37580
37596
3892
18016
37622
37659
37661
3988
37668
37678
37729
37594
37740
37773
37781
37790
37793
37812
37825
37835
37845
37846
37880
18322
37882
793
37894
37923
37930
37892
37944
37956
37962
37970
38012
18070
38039
38035
38049
38074
38071
38083
38097
38104
38109
38113
38097
38114
38130
38134
38158
38159
38166
38170
38172
38181
38195
18122
18121
38188
38200
38202
38218
38159
38232
38246
38247
38250
4268
4285
38259
38263
38275
38284
26331
38294
9707
38304
18157
18156
38311
38312
38340
38349
38352
38355
38361
38367
38368
38367
38383
38375
38367
38387
38400
38407
38349
38406
38409
38430
15462
38438
38435
38444
38452
22498
38478
38481
38489
38506
38524
38525
38533
38532
38541
38557
38582
38583
38594
38609
38607
38622
38620
38630
38623
38637
38646
38659
38679
38677
38687
19134
38717
38748
38755
38772
38770
38784
38781
38790
38801
38810
38832
38862
38875
38888
38898
38909
38924
38889
38967
38984
4778
38996
39027
39072
39079
39078
39084
39110
39051
39134
39135
39136
39135
39145
39148
39117
39179
39197
536
39199
39218
39232
39239
39244
39247
39244
39256
39282
39295
39300
39315
39322
39340
39372
20203
39367
39379
39384
39399
39423
39430
39432
39459
39478
39495
39511
39514
39534
39538
39545
39547
39558
39557
39561
39590
25563
39612
39633
39632
39676
39706
39758
39774
39786
39788
39799
39816
39827
39846
39847
39877
39880
39902
39928
39934
39952
39954
39957
39959
39972
39976
39997
40002
40008
40009
40011
40019
40020
40037
40030
40047
40062
40079
40084
40098
40114
40120
40138
40148
40188
40197
40215
40230
40263
40277
40291
40302
40318
40334
40340
40322
40350
40348
40362
40366
40393
40408
40412
40396
40414
40418
40419
40429
40456
40470
40488
40468
40501
40516
40531
40522
40537
40543
40546
40587
40608
40606
40627
40630
40636
40643
40660
40669
40672
40669
40692
40713
40735
40739
40747
40748
40772
40750
40811
40829
40844
40879
40874
40885
40896
40904
40921
21756
40948
40977
40999
41004
41037
41043
41078
41082
41087
41098
41115
41123
41150
41158
41163
41201
41206
41220
41227
41238
41242
41253
8349
41262
41272
41296
41305
41311
41321
41322
41329
41331
41353
41370
41381
41391
41392
41401
41429
41433
41435
41437
41439
41442
41443
41446
41450
41449
41459
40047
41460
41484
41497
41511
41515
41527
41537
41555
41587
41591
41587
41598
41613
41616
41626
41631
16252
41637
41665
41681
13318
41685
41689
41695
6811
41706
41724
41734
41760
41775
41782
41787
41793
41805
41808
41805
41833
41855
23871
4408
41858
41862
41875
7079
41878
41887
41890
41893
41902
23892
7185
41906
41915
41924
41929
41931
41944
41950
41966
41972
7167
41984
42010
6266
42017
42029
42038
42046
42051
42061
42041
42064
42074
42041
42099
42109
42112
24204
42139
42141
42159
42189
42193
42201
42202
42226
42231
42236
42245
42251
42236
42273
42317
42332
42355
24532
42365
42366
24879
42387
42394
42398
42407
42411
42417
42421
42426
42438
42361
42481
42491
42494
42491
42502
42504
42510
42516
42525
42532
42545
42542
42574
42576
42584
42585
42592
42594
42601
42604
42608
42612
42617
42625
42623
42639
42648
42652
42660
42662
42660
42680
42679
42689
42692
42697
42705
42723
42727
42735
42717
42758
42766
42693
42762
42771
42744
42783
42791
42799
42820
42819
42830
42831
42842
42843
42849
7901
42867
42869
42882
42891
42898
42963
42976
42982
42993
43008
43019
43024
43028
43024
43049
43068
43092
43103
43147
43156
43161
43178
43158
43191
43197
43207
43222
43221
43249
43257
43267
43269
43271
43249
43272
43322
43324
43330
43335
43324
43367
43372
43370
43383
43386
43400
43409
43417
43418
43424
43425
43438
43446
43459
43474
43496
24888
43516
43528
8718
43535
43542
43545
43558
43554
43564
43579
43586
43596
43606
43612
25058
43623
43627
43626
43624
43632
43642
43650
43661
43667
43679
43639
43698
43700
43712
43733
43738
43743
43753
43764
43777
43647
43783
43791
43802
43811
43713
43819
43817
43821
43852
43860
43861
43865
43867
43882
43894
43896
43924
43947
43963
43969
43968
43982
25143
43991
44000
44015
44025
44049
44061
44070
44088
44107
44165
44198
44199
44211
44227
44230
44235
44231
44251
44255
44275
44291
44299
44308
44316
44325
44333
44318
44408
44417
44412
44428
43128
44441
44455
44453
44466
44469
44479
25127
44489
44490
44501
44540
44554
44565
44596
44607
44624
44629
44630
44646
44662
44672
44682
44683
44691
44702
44703
44725
44730
44757
44772
44773
44783
44781
44798
44783
44803
44811
44831
44837
44852
44854
44858
44857
44869
44872
44883
44897
44883
44908
44912
44922
44929
44949
44950
44949
44952
44970
44983
45000
45011
43260
45049
45050
45060
45087
45093
45100
45103
45115
45118
45132
45142
45178
45179
45178
45186
45191
45199
45201
45203
45201
45208
45211
45212
45226
45236
45252
45269
45274
45278
45285
45294
45305
45314
45331
45346
45348
45361
45366
45378
45417
45439
45451
45507
45517
45533
45537
45553
45569
45575
45593
45594
45609
45633
45641
45656
45668
45685
45692
45712
45719
45740
45745
45752
45762
45769
45719
45793
45826
45834
45857
45858
45861
45886
45896
45902
45920
45932
45944
45974
35836
45977
45984
46003
46019
46039
46048
46061
46089
46108
46124
46129
46133
46153
46155
46164
46173
46180
46197
46206
46219
46220
46219
46227
46256
46268
46269
46278
46289
46297
46325
46336
46339
46344
46361
46384
46403
46408
46433
46443
46446
46463
46467
46475
46485
46522
46593
46598
46606
46617
46619
46617
46630
46642
46644
46663
46692
46693
46715
46737
46745
46749
46737
46260
46759
46760
46781
46788
46870
46864
46872
46919
46985
46988
47010
47040
47042
47069
47075
47079
47095
47108
47163
47187
47095
47197
47253
47258
47272
47310
47314
47323
47331
47347
47362
47343
47418
47442
47448
47469
47491
47505
47514
47515
47527
47534
47536
10709
47534
47546
47562
47567
11115
47578
47585
47597
1314
1315
47598
47609
47594
47622
47635
47631
47661
47674
47676
47717
47722
47729
47779
47787
47784
47800
47803
47827
47852
47851
47898
47925
47939
47956
47972
47970
47973
48015
48037
48057
48058
48062
48073
48076
48082
48085
48084
48089
48058
48099
48108
47984
48116
48112
48058
48129
48143
48165
48201
48216
48225
48227
48239
48238
48277
48294
48316
48325
48327
48346
48376
48394
48416
48425
48440
48452
48460
48469
48476
48493
48504
48515
48522
48566
48567
48577
48583
48594
48607
48621
48638
48644
48669
48671
48685
48689
48696
48706
48740
48760
48765
48771
48780
48802
48811
48863
48907
48906
48915
48932
26100
48939
48942
48953
45858
45859
45861
48961
48972
48975
48976
48981
49007
30839
49069
49075
49116
49140
49160
49167
49169
49167
49137
49182
49185
49201
49209
49212
49222
49221
49219
49261
49262
49261
49264
49272
49263
49276
49277
49276
49258
49281
49287
49301
49295
49302
49308
49342
31088
49351
49354
49353
49357
49378
49393
49417
49420
49425
49470
49488
49492
49499
49502
31219
49491
49510
31259
49513
31232
49524
49526
2671
49524
49531
49507
31339
49534
49540
31238
49534
31238
49555
49556
49557
49573
12957
49577
49575
49579
49589
49574
49593
49600
31214
31213
49613
49616
49634
49644
49647
49653
49654
49653
49662
49668
49679
49689
49698
49719
49762
49769
49767
49781
49782
31208
49797
49801
49804
49816
49819
49848
49860
49834
49870
49888
49892
49910
49916
49925
49935
49948
49958
49959
49963
49968
49977
49993
50002
50009
49993
50015
50018
50023
13030
50031
50037
50038
50044
31387
50037
31391
50038
31387
50053
50030
50061
50075
50085
50095
50118
50126
50150
50154
50187
50195
31461
50212
50258
50264
50266
50272
50284
50295
13324
50304
50308
50326
50314
50351
50353
50360
50374
50380
50403
50410
50407
50419
50444
50446
50449
50452
50457
50459
50477
50484
50498
50513
50524
50498
50538
50559
50593
50603
50606
50614
50649
50687
50703
50725
50722
50735
50738
50764
50775
50798
50805
50813
50825
50830
50834
50835
50842
50846
50861
50871
50868
50876
50875
50921
50936
50944
50946
50953
50990
51004
51017
51022
14088
14090
51035
51048
51074
51078
51110
51119
51128
33284
51137
51145
51157
51166
51221
51250
51253
51267
51277
51288
51289
51288
51291
51294
51297
51305
51326
51343
51355
14080
51364
51361
51370
14084
51376
51332
51366
51332
51387
51391
51400
51403
51400
51413
51418
51427
51435
51441
51458
51463
51472
51515
51525
51528
51526
51534
51571
51583
51600
51614
51622
51643
51646
51643
51664
51667
51672
51695
51733
51739
51821
51829
51835
51851
51860
51875
51883
51889
51895
15200
51898
51923
51928
51947
51948
51943
51954
51982
51990
52027
52032
52053
52058
52066
52080
52083
52105
52115
52124
52123
52126
35393
52138
52145
52158
52168
52176
52181
52188
52197
52194
52210
52223
52227
52258
52264
35738
52267
52273
52276
49270
49267
52279
52276
52283
52298
52293
52300
52317
52324
52326
52328
52342
52366
52379
52387
52391
52405
52408
52414
52411
52427
52449
52474
52536
52547
52505
52561
52576
52609
52628
52632
17075
52643
52669
52683
52701
52716
52717
52716
52725
52735
52743
52745
52761
52801
52819
52829
52835
52839
52846
52859
52870
52879
52883
52884
52896
52898
52902
52916
52921
52933
52957
52962
52980
52988
52990
52988
52993
37014
53012
53021
53033
53035
53037
53048
37462
53062
53076
53097
53108
53110
53117
53134
53160
53169
53188
53202
53230
53296
37793
37790
53313
53319
37863
53412
53421
53427
53441
53454
53475
53504
53529
53534
53542
53547
53571
53579
53591
53598
53604
38358
53616
53615
53621
53622
53638
53651
53656
53661
53671
53682
53683
53616
53615
53621
53698
35252
53703
53716
53717
53718
53722
53737
53739
53748
53749
53748
53765
53782
53813
53819
53816
53823
53836
35140
53851
35140
53869
53875
53889
53921
53962
53975
53990
54009
53947
54015
54030
54033
54043
54085
54096
53752
54105
38441
54109
53713
54118
54121
54137
54134
54144
38473
54161
54167
50293
54193
54194
54193
54195
54204
54216
54218
54240
54244
54253
54255
54264
54283
54292
54310
54322
54329
54341
10273
54364
54385
54406
11993
54412
54418
54445
54461
54484
54491
54498
54504
54520
54531
54532
54541
54537
54542
54553
54564
54581
31931
31930
54595
39511
54596
39514
54601
54643
54694
54717
54765
54785
54798
54812
54834
54849
54872
54798
54878
54903
54908
54903
54910
54923
54930
21082
54950
54963
54980
54997
55012
55029
55054
55063
55062
55102
55156
55170
55176
55158
55200
55246
55252
55263
55305
55322
55343
55355
55375
55343
55384
55423
55437
55447
55481
55490
55495
21564
55496
21564
55505
55529
40314
55539
55548
55590
55603
55605
55619
55625
55631
55646
55643
55665
55666
55665
55693
55696
55695
55714
55694
55693
55713
55725
55743
55750
55761
55774
55771
55787
55743
55793
55803
55814
55822
55825
20913
55849
55858
55866
55904
55914
55921
55926
55932
55955
55960
55973
39957
39954
55980
55989
56006
56032
56036
56074
56085
56093
56095
56097
56086
56096
56095
56118
56121
56181
56205
56206
56228
56230
56238
56249
56252
40563
56253
56279
56281
21748
56300
56316
40879
56305
56327
56330
56397
56401
56403
56427
56438
56450
56463
56422
56472
56481
56490
56401
56501
56509
56517
56541
56543
56503
56541
56547
56567
56569
56572
56573
56615
56656
56562
56671
56680
56737
56738
56737
56739
56734
56737
56753
56774
56782
56802
56814
56818
56823
42363
56830
56834
56835
56834
56846
56856
56860
56885
41414
56906
56922
56924
56928
56929
56932
56928
56940
56956
56982
42553
56983
56997
57022
57024
57032
57038
57058
57082
57088
57092
57101
57112
57089
57129
57153
57198
57218
57235
57269
57318
57325
57340
57365
57381
57410
57434
57442
57456
57477
57483
57495
57506
57510
57519
57539
57545
57552
57556
57562
57577
57583
57605
57646
57634
57666
57701
23892
57710
57727
57733
57755
57759
57769
57771
57770
57785
57780
57783
57801
57804
57819
57821
57831
57839
57865
57868
57885
57891
57895
57916
57918
57920
31849
57895
57918
57895
57928
57930
57935
57970
57973
57979
58028
58036
58039
42189
58041
58066
58070
58079
58104
58114
58123
58129
58138
58142
58143
58144
58158
58163
58202
58243
58269
58281
58284
58281
58290
58307
58311
58315
58322
58324
58336
58355
58375
58392
58393
58392
58398
58413
58417
58428
58432
58431
58439
58450
58483
58486
58500
58502
58500
58507
58509
58523
58521
58535
58546
58573
58575
58588
58602
58631
58639
58640
58654
58656
58668
58680
58690
58704
58720
58736
58737
58757
58779
58783
58801
58803
58811
58776
58815
58818
58831
58835
42779
58840
58838
58846
58861
58859
58863
58883
58885
58907
58908
58921
58885
58937
58939
58938
58942
58939
58938
58966
58985
58989
59032
59059
59062
59064
59084
59083
59104
59112
59123
59147
59155
59170
59174
59189
59190
59189
59193
59211
59209
59217
59243
59256
59265
59302
59314
59333
59341
59348
59351
59369
59398
59412
59422
59444
59474
43751
59488
59498
59513
59507
59528
59524
59532
44962
59548
59524
59555
59553
59559
59560
59559
59592
59520
59595
59598
59607
59612
59619
59622
59634
59637
59655
59660
59682
59729
59770
59766
59773
59784
59809
59831
59833
59857
59860
59873
59875
59879
59890
59899
59881
59905
59910
59915
59902
59921
59929
59931
59949
59964
59983
59996
60012
60013
60012
60023
60046
60053
60095
60119
60124
60136
60143
60154
60156
60171
60175
60156
60171
60184
60208
60197
60214
60218
60230
60229
60250
60260
60262
60265
60267
60268
60285
60297
60298
60297
60306
60312
60311
60343
60346
60339
60349
60361
60369
60373
60386
60389
60402
60404
60416
60431
60435
60448
60464
60478
60480
60486
60494
60492
60498
60500
60504
60507
60511
60513
60523
60529
60530
60534
60536
60550
60547
60552
60553
60552
60560
60562
60574
60589
60586
60592
60586
60604
60605
60607
60612
60634
60645
60658
60671
44710
60689
60692
60701
60703
60706
60711
60728
60750
60753
60758
60769
60792
60816
60817
60832
60879
60885
60888
60924
60930
60933
60942
60526
60954
60960
60970
61000
61012
61047
61056
61075
61082
61089
61094
61097
61116
61117
61141
61154
61161
61177
61186
61199
61260
61270
61279
61288
61292
61288
61286
61298
44772
61303
61307
61303
61314
61316
61314
61323
61334
61329
61335
61386
61394
61398
61402
61380
61407
61414
61417
61425
61422
61433
61440
61442
61453
61469
61470
61483
61491
61501
61506
61513
61516
61518
61520
61522
61558
61537
61563
61565
61563
61579
61597
61603
25591
61607
61609
61614
61624
61625
61636
61637
61638
61678
61680
61701
61703
61701
61715
61720
61728
61734
61737
61748
57867
61736
61752
61758
45201
61764
61771
61776
61777
61784
61794
61796
61822
61829
61831
61833
61829
61840
61834
61855
61861
61863
61865
61868
61869
58392
61876
61879
61885
45418
61890
61901
61903
61898
61609
61906
61916
61920
61923
61929
61947
61953
61962
61969
61992
62001
62022
45575
62034
62049
62073
62097
62119
62199
62260
62286
62297
62328
62337
62356
62363
62382
62390
62405
62411
62419
62418
62489
62499
10204
10203
62513
62523
62527
62559
62579
62583
62593
62599
62631
62637
62645
62653
62661
62667
62675
62741
62749
62754
62764
62782
62797
62805
62822
62826
62831
62839
62893
62896
62900
62953
62973
62985
62997
63009
63024
63027
63030
63046
63058
63068
63072
63079
63076
63124
63130
63136
63166
63181
63030
63171
63191
63197
63209
63217
63222
63243
63257
63260
63270
63273
63255
63278
63285
63317
63286
63299
63321
63270
63328
63333
63361
63362
63381
63373
63396
63390
63402
63428
63440
63453
63457
63478
63490
63518
63519
63527
63553
63554
63556
63571
63553
63591
63599
63475
63638
63644
63650
63658
63673
63682
63689
63690
63658
63720
63741
63720
63797
63801
63802
63815
63820
63824
63777
63833
63842
63870
63891
63941
63963
63977
48701
63987
64004
63975
63999
64013
64018
64027
64033
64048
64033
64055
64057
64071
64088
64055
64096
64077
64104
64124
64102
64134
64147
64151
49816
64163
64194
64216
49258
49276
64213
64223
64236
64242
64256
64258
64263
64287
64295
64302
64320
64325
64328
64287
64340
64350
64361
64365
64382
64403
64402
64413
64420
49417
64435
64459
64468
64474
64477
64491
64494
64507
64510
49613
64507
64520
64536
64543
64571
64581
64583
64599
64622
64635
64646
64649
64654
64669
64680
64688
64691
64707
64741
64765
64768
64759
64801
64840
64880
64890
64881
64900
64927
64924
64942
64931
64960
64963
64974
64978
64987
64989
64995
65013
65018
65035
65064
65063
65085
65067
65100
65117
65138
65067
65142
65144
65170
65171
65199
65208
65216
65249
65251
65259
65273
65287
65311
65314
65318
65331
65332
65344
65362
65370
65372
65410
65440
65457
65459
65469
65474
65477
65480
65478
65483
65507
65508
65507
65528
65542
65561
65573
65583
65603
65613
65620
65636
65644
65659
65660
65659
65666
65659
65667
65688
3171
65724
65735
65754
51012
65777
65797
65836
65847
65857
65875
65887
65895
65909
65913
65920
65950
65957
65976
65986
65990
66019
66029
66041
66052
66068
66079
66082
66079
66095
66107
66112
66109
66134
66146
66144
66180
66187
66194
66206
66243
66253
66273
3012
66278
66287
66294
66276
66279
66308
66312
66324
66343
66347
66366
66395
66408
66416
66436
66440
66441
66443
66441
66421
66472
66486
66490
66501
66513
66512
66519
66530
66417
66564
66569
66590
66597
66582
66605
66615
66621
66637
66648
66651
66654
66675
66727
35245
66730
52060
66707
66746
66751
66782
66791
66798
66801
66817
66826
66832
66855
66891
66902
66929
66909
52115
66945
66953
66983
66986
66996
67041
67068
67079
67086
67094
67090
67109
67113
67114
67126
67142
67154
52248
67155
35498
67171
49101
67174
67172
67181
67183
67185
67183
67205
67227
67243
67265
67268
67243
67297
67312
67318
67334
67332
67354
67363
67376
67378
67388
67282
67375
67392
67402
35739
35732
67415
67418
67426
67435
67437
67445
67460
67437
67462
67473
67493
67553
67565
67583
67587
67608
67620
67627
67631
67660
67661
67660
67662
67664
67662
67673
67660
67688
67687
67722
67727
67737
67767
67780
67777
67785
67796
37212
67817
67839
67846
67900
67922
67929
67966
67968
67981
67994
67968
68006
68007
53709
68031
68040
68049
68058
68066
68074
68079
54137
68097
68108
68106
68137
68138
68169
68176
68179
68184
68217
68227
68233
68246
68253
68322
68361
68425
68432
68433
68432
68483
68533
68545
68552
68557
68556
68581
68592
68602
68612
68635
68629
68654
68684
68689
68696
68715
68706
68728
68731
68732
68734
68731
68732
68743
68751
68731
68732
68761
68575
68765
68783
68784
68787
68818
68825
68826
68844
68838
68849
68825
68855
41442
68854
41442
68874
68888
68896
68897
68896
68907
68916
41483
68919
68929
68934
68938
68950
55587
68971
68988
68994
68988
69008
39969
39971
69019
69026
69044
69048
69066
69070
69071
69096
69106
69105
69112
69106
69105
69116
69124
69128
69138
69146
69155
69168
69179
69184
69196
69206
69254
69274
69278
69312
69349
69356
69362
69368
69373
69366
69378
69391
69406
56869
69421
69426
41331
69442
69474
69481
69464
69457
69484
69489
69506
69526
69531
69549
69564
69568
69583
69599
69637
69636
69658
69659
69677
69684
69699
69701
43846
69699
69725
69735
69779
69783
69779
69844
69845
69844
69862
69878
69879
69911
69902
69946
69949
69960
69962
69934
69969
70018
70028
70026
70029
70039
70046
70048
70044
70063
70060
70070
70044
70077
70086
70090
70095
70096
70099
70101
70111
70114
70124
70134
70141
70150
70154
70152
70159
70094
70178
70179
70194
70198
70202
57864
70222
70228
70258
70262
70269
70284
70290
70301
70317
70326
70337
70350
70388
70398
70424
70428
70431
70437
70443
70469
70474
70478
70484
70499
70503
70506
25245
70525
70538
70531
70541
70550
70553
70562
70567
70581
70586
70587
70581
70592
70613
70581
70638
70658
70562
70665
70677
70686
70708
70722
70729
59800
70749
70764
70771
70805
70743
70833
70837
70844
70846
70859
70879
70885
70901
70900
70924
70964
70965
71000
71001
71002
71012
71033
71079
71086
71083
71092
71106
71123
71142
71155
71159
71164
71178
71189
71193
71222
71202
71227
71241
71242
71254
71253
71261
71269
71272
71278
71302
71308
71314
71316
71319
71318
71327
71333
71332
71338
71352
71364
71365
71352
71374
71377
71378
71382
71362
71393
71399
71400
71404
71411
71413
71407
71401
71411
71419
71428
71430
71439
71444
71428
71445
71452
71231
71456
71461
71457
71460
71469
71476
71477
71476
71487
71492
71498
71522
71523
71522
71528
71536
71574
71599
71619
71632
71641
71653
71652
71668
71670
71685
71700
71711
71716
71719
71725
71752
71762
71775
71836
71842
71851
71857
71876
71904
71950
71962
71973
58655
71974
72000
72007
72031
72044
72052
72053
72054
72067
72083
72091
72090
72114
72115
72122
72131
72142
72146
72175
72159
72185
72191
72192
72205
72192
72217
72215
72252
72261
72275
72305
72312
72355
72364
72366
72381
72395
72419
72424
72429
72433
72437
72439
72477
72484
72489
72511
72518
58854
72535
72538
72547
72554
72565
72567
72575
72576
72589
59519
72608
72618
72621
72625
72635
72640
72642
72655
72674
72694
72719
72736
72755
69309
72770
72804
72815
72814
72822
72836
72848
72879
72897
72903
72732
72910
72925
72926
72946
72949
72960
72975
72987
72991
72999
72998
73020
73023
73028
73036
73044
73050
73051
73057
73072
73084
73076
73092
73108
73118
60369
73125
73137
73151
73148
73149
73152
73166
73174
73181
73182
73185
73198
73195
73215
73235
73257
60703
73267
73275
73288
73287
73303
73306
73305
73321
73332
73335
73351
73353
73357
44688
73369
73371
73388
73401
73416
73421
73428
73450
73456
73459
73473
73490
73493
73494
73498
73504
73490
73514
73537
73521
73543
73564
73570
61283
73578
44833
44832
73580
44833
44832
73587
73601
73602
73617
73620
73630
73632
73639
73643
70886
73658
73669
73675
73660
73690
73693
73692
73718
73723
73728
73742
73750
73764
73766
73767
73723
73773
73776
73789
60940
73797
60952
73794
73810
73827
73836
73856
73737
73868
73874
73816
73860
73816
73892
61258
73898
60552
73901
73923
73907
73938
73945
73942
73959
73964
73966
73968
73984
73987
73993
73980
74011
74026
73961
74030
74026
73961
74035
74045
74057
74058
74078
74080
74078
74082
74104
74111
74118
74124
74129
74144
74146
74148
74154
74178
74187
61535
61531
74192
74187
74194
74202
74180
74215
74220
71433
74227
74229
74241
74245
74246
74266
74277
74285
74289
74292
74296
74305
74344
74346
74359
74408
74424
74436
74445
74449
74498
74494
74500
74533
74536
74538
74527
74545
61624
74551
74558
74566
74572
74580
70218
74586
74593
74595
74614
74630
74593
74641
61515
74647
74654
74658
61727
74671
74672
74685
74688
61744
74685
61732
74697
74700
74697
74709
74714
74723
74700
74741
74746
74780
74788
74797
74804
74810
74822
74850
74853
74833
74847
74863
74875
74881
74845
74889
61752
74904
74915
74920
74916
74940
74842
74950
61911
61901
74959
74961
74968
74983
75014
74984
75039
75044
75059
75081
75091
75100
28362
75105
75117
75123
75132
75138
75151
75152
75160
75162
75160
75172
75180
75181
75180
75185
75192
75194
75213
62415
75225
75241
75220
75246
47067
75272
75310
75321
75341
75377
75385
75412
75426
75433
62730
75438
75445
75455
75483
75556
75577
75585
75588
75593
75592
75606
75616
75635
75639
75667
75678
75695
75694
75704
48765
75722
75729
75748
75769
75781
75785
75798
75821
75845
75852
75885
75888
75915
75928
75932
75931
75938
75937
5799
75953
75961
13340
75994
75957
76005
76041
76047
76056
76055
76071
76084
76095
76098
76123
76124
76126
76179
76213
76215
76218
76227
76235
76189
76269
76257
76292
76260
76295
76296
76313
76323
76326
76344
76341
76353
76383
76402
76408
76428
76429
76433
76442
76408
76453
76457
76468
76471
76356
76353
76481
76485
76513
76515
76513
76537
76530
76540
76546
76548
76556
76582
76586
76594
76618
76630
76636
76650
76667
76678
76722
76735
76685
76756
76771
76782
76787
76801
76776
76796
76806
76811
76817
76815
76822
76832
76833
76851
76864
76871
76888
76891
76918
76935
76949
76918
76953
76979
76983
64156
76996
77009
77020
77021
77044
77047
77058
77082
77107
77127
77138
77137
77151
77171
76811
77181
77202
77212
77217
77223
77232
77239
77245
76774
77253
77261
77264
77265
77267
77269
77278
77280
77295
77301
77298
77320
77358
77360
77378
77397
77394
77403
77414
77427
77433
77440
77457
77542
77554
77571
77574
77582
77592
77599
77620
77663
77668
77673
77695
77706
77707
77734
77745
77800
77807
77810
77807
77815
77818
77828
77839
77854
77845
77860
77876
77942
77962
77967
77970
77976
77981
77990
78001
78003
78004
78010
77701
78028
78034
78052
78058
78069
78103
78112
78122
78169
78173
78219
78228
78230
78302
78333
78332
78348
78356
78306
78357
78362
78373
78403
78408
78407
78424
78522
78480
78532
78536
78541
78546
78557
78565
78576
78584
66939
78599
78603
78615
78622
78640
78641
78669
78686
78709
78713
36735
67521
78751
78812
78814
78820
78837
78836
78889
78903
38532
78920
78929
78935
78967
78969
78976
79013
79022
79027
79031
79060
79146
79153
79163
79206
79240
79288
79293
79306
79305
79311
79325
79331
79244
79240
79334
79356
79368
79367
79380
79389
79395
79419
79427
79426
79436
79448
79450
79456
79428
79487
79498
79503
79574
79581
79583
79581
79584
5933
79585
79603
5946
5943
79604
79609
79585
79616
79625
79629
79651
79670
54974
79691
79720
79728
79733
79757
79767
79791
79800
79805
79838
79837
79839
79838
79855
79861
79867
79892
79891
79893
79892
79891
79896
79893
79915
79953
79981
79980
79995
80001
79957
80033
80035
80051
80053
80074
80077
80078
80077
80090
80102
80085
80103
80136
80156
80169
56869
80190
80205
80211
80210
80225
80243
80257
80261
58500
80267
58502
80279
80302
80310
6658
80311
6658
80321
80332
80342
80356
80365
80380
80360
80390
80391
80402
80403
80410
80409
80419
80433
80434
80433
80445
80452
80459
80522
80527
80517
80559
80541
80570
80468
80579
80586
80591
80595
80502
80601
80608
80611
80624
80586
80646
80668
80706
80714
80729
80744
80751
80754
80767
80776
80778
80792
80803
80805
80821
80823
80833
80834
80840
80846
80849
80880
80883
80906
80917
80942
80949
80942
80955
80980
80988
81027
81072
81077
81088
81052
81098
81103
81106
81103
81111
81121
81127
81145
81150
81163
81171
81185
81192
57847
81202
81217
81220
81236
81237
81247
81265
81276
81283
81290
81299
81333
81339
81363
81408
81424
42146
81418
81428
81435
81439
81441
81448
81472
81487
81492
81498
57970
81512
56082
81516
81538
81564
81590
81618
81625
81636
81641
81643
81673
81679
81691
81699
81696
81705
81713
81719
81695
81725
81681
81729
81736
71159
81751
71223
81757
81764
81773
81776
81779
81766
81783
81773
81776
81773
81807
81825
81823
81837
81841
81820
81837
81850
81770
81853
81850
81770
81860
81835
81862
81868
81873
81880
81886
81871
81889
61877
74071
81862
81899
81943
81945
81963
81967
81981
81990
82016
82025
82031
82059
82058
82074
82075
82090
81907
82097
82104
82125
82135
82137
82128
82149
82160
82169
82166
82207
82213
82251
82289
82300
82344
82388
82398
82399
82412
82416
82424
82431
82434
82466
82477
82493
82495
82499
82500
82512
82492
82518
82519
82525
82531
82533
82536
82540
82558
82561
82566
82576
82578
82580
82581
82573
82594
82596
82599
82606
82608
82612
82608
82617
82624
82622
82625
82629
82631
82633
71498
82632
82633
82652
82658
82665
82669
82700
82733
82736
82745
82746
82758
82761
82786
82790
82802
82801
82811
82809
82824
82549
82834
82836
82833
82834
82851
82823
82858
82871
82877
82881
82885
82920
82930
82939
82943
58831
72480
82972
82984
82987
82997
82999
83022
83023
83038
83053
83055
83064
83074
83077
83083
83098
24535
83103
83125
58436
83096
58436
83130
83137
83078
83146
83155
83159
83053
83174
83183
83185
83214
83234
83264
83269
83273
83280
83306
82939
83310
83324
83326
83312
83331
83337
83347
83366
83367
83363
83399
83395
83403
83409
83413
83412
83421
83423
83431
83463
25308
83469
83478
83490
83508
83514
83521
83545
83550
83595
83596
83607
83614
83620
83628
83625
83631
83653
83652
83672
83690
83695
83697
83725
83743
83750
83781
83788
73898
83791
83794
83806
83804
83816
74639
83815
83816
83818
83843
83850
83851
83850
83836
83858
83856
83865
83848
83876
73938
83872
83881
83882
83905
83922
83888
83923
83938
83940
83943
83953
83964
83974
74144
83979
83986
83997
73967
83998
73966
83997
84007
83984
84010
84020
84027
84030
84033
84050
84027
84064
84068
84076
84083
84107
84118
74227
84135
84152
84153
84164
84169
84172
84183
84194
84197
84206
84207
84210
84216
70221
84243
84246
84249
84264
84240
84281
84285
84353
84368
84370
84381
84386
84281
84392
84413
84443
84477
84501
84527
84240
84540
84548
84555
84570
84589
84629
84638
84643
84667
84673
84685
84691
84707
84694
84744
84765
84770
84808
84862
84863
84862
84865
84866
84865
84885
84902
84930
84941
84942
84949
84967
65331
85003
85002
85065
85082
85085
85127
85142
85148
85170
85175
85179
85188
85194
85202
85201
85208
85206
85212
85225
85232
85249
85258
85261
85273
85225
85283
85280
85225
85284
85295
78009
85317
85350
85341
85353
85364
85373
85406
85441
85493
85518
85512
85551
85575
85584
85594
85598
85605
85566
85642
85646
85657
85674
85676
85361
85685
85726
85738
85748
85779
85832
85844
85851
85855
85885
85594
85926
85991
85997
86025
86032
86038
86086
86152
86187
86203
86205
86218
86224
86238
86248
86265
86274
86283
86316
86313
86351
86384
86389
86393
86400
86403
86410
86414
86424
86443
86452
86487
86514
86528
86573
86579
86581
86579
86593
86573
86589
86625
86636
86646
86656
86681
86686
86687
86711
86735
86740
86763
86765
86779
86782
86793
86806
86839
86843
86856
86873
86856
86885
86891
86917
86958
86961
86957
86977
86987
86991
87000
87012
87020
87025
87030
87048
87046
87049
87055
87073
87089
87081
87098
87096
87108
87113
87119
87126
87132
87141
87149
87114
87167
87168
87182
87189
87198
36794
87216
87233
87249
87276
87279
87289
87233
87300
87303
87300
87348
87360
87372
78576
87409
87414
87430
87446
87481
87498
87514
79555
85200
87524
87525
69116
87565
80144
87575
87572
87586
87590
87605
87608
87634
87630
81079
87637
70172
70170
87647
87658
87672
87684
87693
87714
87723
87734
87755
87756
87702
87772
87787
87791
71054
87801
87776
87772
87820
87831
87843
87850
87853
87841
87870
87888
87901
87907
87920
87976
87983
87998
87997
88007
88011
88048
88049
88050
88075
88089
88096
88102
88105
88131
58199
88143
88141
88154
88159
87869
88167
88144
88170
88179
88153
88159
88201
88186
87830
88198
88207
88244
88254
88260
88262
88007
88279
88281
88289
88302
88337
88341
88343
88348
88351
88334
88357
88038
88368
88372
88387
88390
88396
88392
88399
88437
88438
88437
88444
88464
88470
88482
88501
88532
88594
88606
82542
88616
88624
88628
88633
88644
88637
88654
88639
88660
88664
88657
88670
88675
88676
88677
88686
88716
88749
88759
88766
88769
88779
88794
88796
88807
88810
88818
88840
88844
88845
71108
88848
88856
88863
88871
88884
88921
88927
88931
88941
88946
88969
88987
71118
88996
88997
89006
89019
89022
89024
89019
89022
89034
89040
89028
89045
89058
89038
89034
89065
89070
89089
89096
89106
89117
89125
89131
89140
89145
89106
89158
89185
89190
89194
89215
89212
82669
89230
89247
89288
82688
89314
89317
89325
89330
89332
89359
89365
89380
89400
81157
89402
89415
89418
89430
89429
89437
89438
89440
89453
89454
89453
89459
89461
61790
89473
89457
89480
89486
89493
89496
89509
74943
89511
89518
89520
89524
89536
89546
89542
89561
89572
89592
89597
89581
89604
89623
89662
83684
89681
89682
89729
74436
89745
89759
89774
89775
89774
89793
89804
89822
89864
89898
89903
89911
89913
61612
89923
89930
89935
89948
89951
89966
89948
89983
89980
89992
90000
90010
90018
90024
90035
90042
90066
90073
90075
90084
90091
90096
90103
90104
90112
90083
90123
90158
90159
90161
90126
90123
90159
90178
90193
90203
90245
90253
90263
90270
90286
90285
90313
90329
90337
90360
90380
90390
90396
90415
90430
90440
20422
90439
90446
64763
90453
90460
90480
90454
90491
90492
90499
90508
90511
90510
64738
90530
90508
90537
90547
90554
90563
90510
90577
90600
90607
90610
90611
90622
90616
90651
90667
90688
90689
90688
90691
90695
90720
90709
90721
90730
90741
90751
90754
90761
90769
90768
90783
90745
90791
90802
90812
90813
90817
90812
90810
90813
90837
90840
90850
90873
90877
90907
90911
90907
90919
90926
90979
90978
90991
90993
90985
91008
91038
91063
77574
91077
91102
91107
91118
91087
91127
77302
91139
91141
91154
91175
91194
91203
91216
91189
91218
91221
91228
90660
91231
91241
91239
91248
91261
91297
91310
91309
91328
91324
91363
91371
91384
91397
91369
91418
91405
91427
91428
91432
91427
91441
91450
91459
91463
91456
91464
91456
91473
91476
87630
91485
91490
91488
91502
91510
87870
91488
91490
91519
91527
88387
91524
91540
91607
91614
91628
91633
91642
91651
91657
91660
91657
91669
88592
91674
91686
91685
91691
91695
91703
91686
91690
91685
91733
91667
91738
91711
91741
91743
91686
91750
91752
91766
91771
88373
91777
91780
82526
91790
91793
91771
91800
82740
91813
91815
91813
91836
91839
91847
89418
89481
89453
89452
91855
91870
91874
91876
91875
91888
91891
91900
91906
91918
91919
91933
91939
89970
91951
91948
