34
36
44
75
83
97
116
117
130
131
134
141
149
169
173
185
190
199
201
207
223
242
245
247
307
315
336
345
364
372
382
388
391
402
425
433
445
448
451
445
456
459
469
473
479
487
496
506
507
517
522
527
538
540
551
549
565
564
569
576
579
587
589
593
604
610
612
620
621
624
621
627
644
650
653
654
658
512
666
683
684
691
706
733
741
753
766
780
788
789
800
816
827
851
866
879
900
904
906
934
939
949
956
964
965
970
971
974
976
1009
1012
1014
1020
1023
1027
1035
1038
1041
1048
1060
1079
1088
1092
1095
1104
1107
1104
1116
1122
1126
1139
1138
1153
1155
1170
1192
1194
1202
1212
1222
1224
1287
1295
1313
1332
1335
1348
1357
1386
1418
1421
1433
1455
1483
1484
1499
1497
1515
1538
1628
1641
1659
1671
1678
1681
1678
1680
1740
1743
1753
1765
1783
1786
1805
1816
1827
1835
1840
1861
1870
1876
1880
1888
1876
1891
1898
1922
1924
1936
1944
1955
1967
1992
2009
2019
2024
2029
2036
2045
2060
2056
2063
2080
2076
2099
2100
2113
2134
2139
2144
2151
2174
2177
2176
2186
2194
2197
2219
2231
2240
2266
2267
2272
2275
2280
2285
2293
2307
2309
2310
2337
2346
2354
2365
2378
2389
2421
2437
2442
2460
2467
2472
2475
2480
2482
2529
2532
2568
2578
2581
2587
2588
2589
2590
2629
2638
2648
2587
2658
2654
2665
2672
2680
2682
2696
2710
2713
2729
2747
2754
2760
2765
2766
2802
2817
2823
2826
2828
2830
2844
2854
2863
2877
2878
2877
2886
2925
2930
2937
2944
2946
2962
2975
2976
2977
2995
3004
3019
3024
3029
3034
3032
3039
3046
3049
3053
3073
3075
3087
3091
3092
3091
3102
3123
3124
3129
3124
3123
3139
3141
3161
3176
3182
3186
3201
3246
3252
3265
3268
3265
3283
3291
3305
3324
3333
3334
3344
3346
3352
3354
3370
3382
3385
3391
3412
3429
3441
3454
3470
3484
3493
3496
3542
3555
3574
3589
3609
3615
3622
3629
3647
3661
3679
3685
3701
3705
3722
3732
3736
3748
3750
3748
3762
3779
3782
3813
3812
3833
3858
3867
3944
3951
3962
3995
4025
4037
4042
4064
4024
4061
4071
4087
4110
4122
4139
4145
4160
4170
4176
4179
4187
4193
4190
4197
4234
4236
4245
4280
4312
4325
4330
4339
4342
4347
4365
4399
4405
4407
4436
4446
4450
4477
4502
4504
4509
4515
4527
4539
4543
4549
4553
4543
4561
4571
4567
4596
4602
4604
4605
4603
4622
4660
4661
4660
4663
4676
4683
4705
4712
4720
4743
4768
4781
4783
4788
4804
4861
4866
4869
4881
4886
4891
4921
4923
4933
4957
4959
4996
5009
5012
5020
5027
5029
5050
5100
5120
5153
5177
5199
5208
5215
5224
5222
5229
5275
5281
5289
5293
5299
5305
5311
5322
5337
5344
5343
5353
5373
5388
5440
5447
5457
5463
5476
5484
5490
5502
5507
617
5518
5609
5635
5646
5668
5680
5696
5708
5722
5731
5726
5744
5745
186
5775
5784
5801
5821
5828
5821
5872
5871
5877
5850
5874
5886
5891
5895
5917
5930
5965
5995
6005
6040
6050
6053
6061
6068
6105
6115
6131
6142
6153
6158
6162
6186
6203
6204
6221
6229
6245
6247
6263
6289
6293
6289
6322
6339
6346
6350
6367
6368
6400
6408
6422
6513
6548
6567
6596
6602
6622
6634
6635
6637
6652
6676
6679
6684
6697
6702
6726
6737
6758
6762
6766
6801
6810
6819
6836
6894
6895
6928
6930
6962
6967
6977
6990
6995
6996
7011
7017
7018
7046
7051
7057
7063
7064
7079
7085
7092
7096
7109
7127
7135
7134
7150
7193
7210
7207
7243
7249
7264
7271
1568
7278
7291
7293
7289
7300
7315
7316
7322
7320
7329
7330
7332
7347
7360
7362
7379
7389
7393
7399
7405
7407
7414
7423
7426
7430
7438
7449
7451
7449
7463
7466
7474
7470
7466
7479
7495
7498
7522
7526
7527
7526
7550
7562
7571
7576
7575
7580
7581
7589
7590
7593
7596
7590
7608
7631
7636
7650
7655
7666
7671
7669
7677
7684
7693
7703
7712
7710
7716
7724
7743
7754
7770
7789
7791
7813
7819
7822
7849
7853
7879
7904
7906
7916
7921
7926
7927
7926
7940
7955
7961
7970
7978
7969
7992
7996
8010
7869
8018
8019
8025
7968
8030
7989
8017
8018
8046
8052
8081
8093
8097
8106
8119
8121
8150
8153
8151
8156
8158
8146
8177
8184
8212
8217
8227
8230
8227
8247
8259
8261
8274
8279
8285
8287
8290
8292
8271
8268
8301
8318
8283
8311
8310
8329
8341
8340
8350
8352
8361
8375
8381
8411
8413
8422
8432
8443
8454
8463
8475
8479
8502
8505
8510
8511
8537
8544
8558
8589
956
8603
8613
8617
8624
8633
8635
8636
8635
8640
8653
8663
8673
8694
8692
8713
8724
8725
8738
8739
8743
8757
8754
8764
8796
8845
8868
8905
8912
8911
8920
8919
8923
8928
8960
8958
8969
8853
8986
8992
9007
9036
9053
9063
9072
9091
9090
9108
9113
9125
9129
9125
9136
9140
9141
9145
9140
9152
9154
9161
9164
9188
9209
9188
9223
9242
9279
9304
9306
9308
9292
9319
9329
9351
9381
9382
9371
9401
9411
9426
9431
9432
9434
9457
9473
9482
9496
9500
9501
9506
9508
9524
9525
9531
9536
9543
9544
9562
9564
9569
9578
9576
9593
9589
9606
9614
9628
9616
9275
9639
9662
9664
9662
9720
9694
9732
9733
9748
9758
9764
9770
9781
9786
9807
9816
9832
1048
9837
9845
9841
9838
9860
9858
9871
9886
9892
9895
9900
9913
9930
9941
9946
9954
9981
9983
9984
9994
10013
10020
10024
10032
10050
10052
10057
10058
10065
10104
10106
10104
10119
10129
10131
10132
10138
10163
10164
10192
10194
10196
10203
10204
10203
10211
10226
10225
10227
10253
10255
10259
10285
10297
10299
10303
10308
10317
8196
10324
10321
10336
10338
10370
10386
10397
10396
10438
10453
10466
10467
10471
10477
10487
10491
10504
10511
10512
10522
10526
10538
10539
10549
10571
10573
10584
10608
10622
10618
10632
10646
10650
10655
10662
10677
10691
10706
10725
10731
10742
10740
10748
10749
10754
10778
10804
10798
10806
10817
10828
10825
10871
10886
10899
10903
10926
10935
10957
10977
10980
10982
10977
10980
10989
1426
10998
11016
11019
11023
11030
11036
11041
11042
1422
11053
11059
11072
11084
11113
11117
11129
11137
11138
11139
11154
11156
11170
11175
11226
11247
11254
11258
11274
11129
11275
11282
11283
11296
11324
11343
10466
11358
11362
11376
11381
11406
11458
11493
11511
11521
1840
11493
11546
11554
11563
11566
11595
11609
11619
11616
11646
11662
11671
11676
11682
11681
11695
11701
11709
11716
11726
11760
11772
11778
11797
11836
11847
11854
11873
11876
11886
11893
11898
11905
11926
11928
11937
11950
11949
11953
11954
11963
11966
11970
11995
12003
12025
12045
12048
12045
7071
12056
12057
12061
12071
12072
12073
12075
12079
12089
12103
12112
12114
12118
12152
12158
12165
12167
12178
12179
12167
12178
12194
12189
12198
12192
12204
12212
12218
12214
12228
12135
12233
12212
12245
12252
12275
11905
12282
12292
12300
12303
12307
12316
12322
12316
12364
12376
12388
12320
12384
12397
12418
12421
12444
12494
12500
12501
12507
12511
12519
12545
12553
12559
12561
12572
12570
12578
12581
12594
12601
12605
12609
12637
12651
12653
12677
12687
12714
12720
12754
12765
12770
12795
12816
12820
12830
12843
12867
12868
12878
12880
12905
12908
12905
12922
12914
12952
12962
12983
12992
13001
12974
13007
13003
13034
13044
13054
12867
13063
13073
13079
13083
13091
13097
13123
13128
13192
13194
13197
13205
13194
13207
13228
13276
13280
13297
13302
13319
13321
13325
13331
13341
13353
13356
13428
13450
13471
13482
13483
13488
13553
13578
13579
13586
13591
13611
13640
13695
13705
13713
13725
13774
13779
13795
13807
13806
13843
13847
13861
13866
13890
13912
13918
2484
13948
13968
13966
13998
14007
14017
14020
14024
14025
14004
14036
14056
14059
14073
14075
14091
14095
14110
14124
14129
14137
14140
14152
14158
14167
14170
14171
14203
14211
14227
14258
14266
14269
14274
14279
14274
14281
14297
14303
3329
14307
14311
14316
14325
14314
14337
2987
14346
14376
14382
14383
14389
14331
14396
14406
14415
14416
14421
14431
14451
14449
14452
14432
14339
14451
14449
14461
14446
14467
14469
14465
14476
14485
14488
14496
14503
14517
14521
14532
14535
14546
14552
14571
14575
14579
14622
14619
14628
14639
14666
14674
14682
14685
14689
14701
14714
14736
14747
14751
14769
14772
14773
14776
14785
14788
14826
14832
14853
14872
14883
14895
14900
14908
14909
14927
14938
14953
14957
14919
14959
14971
14981
14980
14992
15014
15016
15027
15041
15044
15052
15072
15077
15085
15091
15115
15119
15125
15152
15158
15160
15178
15190
15198
15210
15218
15230
15264
15278
15315
15352
15381
15390
15392
15400
15404
15409
15411
15417
15430
15462
15464
15468
15480
15548
15549
15561
15581
15582
15600
15606
15610
15607
15630
15646
15653
15656
3414
15654
15667
15676
15683
15712
15715
15721
15743
15751
15775
15786
15798
15823
15827
15836
15874
15886
15895
15949
15989
15991
15994
16001
16009
16018
16012
16028
16029
16048
16047
16060
16068
16106
16109
3492
16117
16106
16122
16126
16127
16126
16133
16169
16183
16239
16261
16262
16272
4611
16281
16285
16289
16301
16307
16311
16314
16311
16323
16335
16379
16421
16423
16441
16442
16451
16479
16483
16490
16534
16536
16563
16568
16567
16569
16589
16614
16619
16623
16626
16638
16644
16669
16691
16694
16700
16743
16747
16746
16766
16773
16785
16799
16815
16826
16846
16850
16861
16891
16890
16898
16906
16929
16932
16966
16972
17031
17039
17056
17053
17066
17071
17084
17086
17095
17102
17128
17175
17192
16959
17198
17216
17237
17259
17286
17304
17337
17341
17354
17368
17379
17388
17401
17418
17442
17458
4109
17462
17470
17485
17497
17513
4234
17521
17538
17540
17584
17615
17621
17666
17685
17666
17686
17704
17719
17600
17615
17719
17723
17736
17743
17751
17763
17767
17779
17781
17787
17802
17809
17819
17823
17846
17852
17860
17872
17882
17908
17932
17941
17953
17956
17936
17930
17967
17975
18008
18047
18058
18066
18084
18087
18093
18107
18108
18111
18123
18107
18131
18133
18111
18102
18141
18158
18163
18192
18196
18200
18208
18215
18225
654
18232
654
18239
18250
18261
18277
18286
18296
18294
18303
18293
18307
18313
18315
18318
18333
18345
18370
18380
18370
18392
18404
18405
18420
18422
18435
18443
18458
18455
18459
18467
18476
18478
18483
18495
18550
18556
18572
18599
18601
18611
18629
18633
18637
18656
18689
18721
18732
18747
18762
18763
18825
18861
18867
4860
18915
18752
18951
18982
19010
19041
19049
19063
19073
19077
19086
19096
19124
19122
19125
19153
19155
19194
19208
19223
19254
19261
19263
19270
19276
19317
19325
19334
19338
19342
19348
2113
19368
19369
19407
19422
19432
19454
19455
19479
19502
19506
19536
19567
19569
19597
19603
19609
19603
19615
19630
19639
19645
19651
19689
19700
19704
4509
19710
19714
19738
19739
19744
19741
19748
14003
19767
19769
19767
19779
19781
19787
19761
19794
5212
19795
19804
19807
19816
19821
19834
19843
19848
19853
19891
19896
19909
19910
19933
19945
19982
19996
20020
5281
20023
20029
20023
20032
20068
20079
20082
20105
20116
20200
20221
20233
20239
20243
5504
20249
20268
20273
20275
20304
20310
20319
20320
20337
20341
20364
20368
20373
20380
20382
20383
20386
15044
20408
20411
20435
20442
20471
20459
20477
20486
20504
20520
20537
20540
20551
20556
20574
20575
20574
20598
5761
20602
20607
20624
20697
20716
20720
20744
20763
20766
20798
20834
20815
20838
20865
20869
20885
20897
20903
20907
20915
20926
20964
20942
20970
20978
20992
21008
21014
21018
6068
21041
21044
21042
21055
21052
21079
21078
21083
21149
21178
21180
21187
21214
21229
21231
21248
21256
21282
21299
21301
21302
21304
21312
21320
21311
21316
21324
21312
21350
21356
21358
21361
21376
21378
21389
21387
21426
21439
21462
21478
21484
21487
21495
21499
21505
21513
21548
21551
21555
21577
21596
21611
21618
21634
21639
21645
21647
21639
21645
21653
21660
21657
21671
21688
21696
21729
21742
21744
21757
21785
21786
21794
21801
21807
21810
21817
21794
21821
21819
21831
21785
21838
21632
21840
21856
21861
21898
21910
21943
21948
21967
21976
21978
21992
21994
21996
22007
22011
22111
22135
22171
22223
22240
22283
22284
22320
22331
22347
22356
22368
22389
22414
22418
22423
22450
22458
22478
22467
22475
22479
22486
22510
22516
22528
22510
22532
22568
22569
22475
22577
22588
22591
22588
22585
22597
22599
6751
9294
6752
22626
22643
22645
22646
22664
22668
22678
22680
22691
22694
22708
22730
22741
22744
22758
22798
22820
22827
21790
22848
22884
22903
22932
22294
22929
22955
22963
22978
22995
22998
23049
23060
23064
23073
23096
23109
23096
23106
23125
23138
23161
23165
23175
23190
23203
23211
23221
23237
23239
23255
23258
23277
23284
23289
23291
23310
23315
23327
23336
23347
23377
23382
23407
23419
23421
23438
23447
23449
23451
795
23459
23471
23474
23458
23471
23482
23485
23462
23478
23485
23492
23498
23512
23519
23525
23529
23537
23540
23548
23559
23560
23593
23602
23598
23603
23616
23619
23620
23619
23628
23659
23671
23682
23691
23704
23749
23760
23764
23777
23783
23787
23794
23823
23832
23866
23891
23884
23897
7079
23901
23912
23918
23921
23920
23933
23939
23938
23963
23969
23968
23970
23951
23987
23988
23994
23996
24002
24003
24014
24023
24026
24060
24063
24067
24075
24081
24086
24136
24165
24179
24187
24200
24187
24219
24227
24243
24258
24261
24270
24277
24280
24283
24285
24291
24321
24349
24368
24390
24394
24405
24419
24441
24444
24451
24484
24518
24523
24545
24561
24578
24601
24602
24609
24617
24610
24646
24644
24654
24675
24684
24688
24691
24700
24709
24715
24740
24748
24777
24780
24781
24787
24793
24804
24812
24830
24831
24841
24851
24852
7357
24856
24863
24867
24870
24877
24881
24887
24892
24897
24926
24952
24955
24952
24975
24979
24975
24946
24983
24987
24995
25009
25022
25034
25040
25046
25057
25088
25094
25110
25126
25129
25131
25150
25129
25155
25180
25182
25179
25180
25218
25256
25264
25289
25295
25298
25299
25308
25349
25351
25364
25374
25388
25389
25395
25406
25417
25422
25436
25463
25471
25496
25506
25508
25528
25536
25552
25600
25616
25617
25621
25635
25645
25652
25658
25662
25585
25666
25690
25697
25593
25713
25735
25734
25771
25795
25801
25806
25807
25816
25815
25858
25867
25874
25878
25884
25922
25931
25950
25931
25954
25979
25991
26016
26025
26028
26034
26038
26051
26065
26082
26088
26089
26088
26108
26101
26116
26113
7843
26119
7698
26132
26128
26153
26171
26174
26245
26269
26268
26273
26321
26323
26322
26325
26342
26350
26349
26355
26360
26368
26385
26406
26393
26414
26420
26447
26471
26465
26480
26484
26488
26485
26492
26495
26502
26511
26490
26492
26512
26520
26527
26536
26530
26541
26552
8613
26571
26575
26602
26630
26638
26646
26647
26664
26672
26694
26699
26710
26712
26717
26724
26728
26737
26753
26761
26760
26774
26772
26775
26804
26821
26823
26827
26838
9164
26849
26859
26867
26871
26890
26899
26922
26939
26955
26968
8141
26969
26976
8227
26985
26989
27000
27015
27026
27031
27036
27051
27068
27096
27123
27134
27143
27140
27152
27154
27164
27170
27178
27187
27188
27208
27209
27214
27218
27227
27225
27235
26962
27238
27215
27248
27251
27262
27265
27251
27277
27279
27286
27309
27315
27337
27351
27373
27378
27379
27378
27388
27405
27417
27437
27439
27440
27441
27442
27441
27446
27451
27454
27469
27441
27471
27472
27487
27499
27517
27526
8446
27529
27546
27620
27630
27632
27630
27633
27630
27646
27650
27664
27666
27662
27672
27691
27703
8474
27748
27772
27779
27814
27828
27844
27839
27879
27909
27912
27924
27931
27933
27940
27951
27942
27961
27963
27961
27976
27979
27976
27983
27987
27993
27999
28010
28016
28027
28036
28040
28062
28078
28113
28135
28159
28182
28196
28206
28230
28271
28275
28278
28306
28312
28318
28320
28324
28352
28383
28392
28397
28398
28397
28404
28405
28404
28416
28429
28432
28433
28432
28443
28446
28458
28490
28498
28507
28515
28525
28541
28557
28537
28561
28563
28574
28303
28304
28584
28595
28537
28557
28605
28607
28612
28611
28637
28638
28658
28659
28663
28676
28692
28695
28699
28708
28712
28700
28718
24258
28717
28725
28736
28737
28741
28702
28734
28764
28780
28781
28780
28790
28800
28808
28818
28830
28857
28861
28880
28884
28885
28884
28901
28902
28921
28934
28935
28943
28951
28965
28977
28996
29003
29010
29014
29023
29038
29023
29050
29057
29083
29085
29095
29136
29143
29155
29189
29191
29208
28963
29218
29217
29279
29296
29304
29307
29310
29307
29324
29332
29335
29332
29351
29383
29447
29451
29454
29457
29463
29473
29489
29497
29465
29463
29503
29504
29522
29534
29575
29597
29613
29626
29631
29648
29679
29682
29679
29694
29697
29702
29705
29708
29717
29720
29729
29735
29759
29767
29775
29783
29791
29821
29820
29837
29862
29879
29877
29888
29887
29890
29892
29919
29920
29910
29926
29931
29959
29967
29985
30005
30088
30093
30107
30124
30135
30151
30152
30171
30188
30189
30194
30197
30225
30227
30233
30239
30278
30305
30307
30314
30318
30321
30342
30341
30356
30372
30387
30403
30409
30418
30419
30436
30462
30468
30485
30507
30520
30527
30526
30543
9764
30561
30574
30575
30585
30592
30598
30602
30611
30621
30622
30621
30633
30644
30652
30667
30668
30672
30718
30727
30743
30758
30774
30806
30807
30808
30812
30829
30835
24101
30853
30850
30858
30873
30874
30873
30892
30893
30915
30928
30940
30946
30958
30961
30958
31013
31023
31021
31030
31036
31054
31073
31079
31083
31101
31085
31118
31131
31164
31171
31189
31199
31248
31257
31265
31281
31284
31282
31290
31291
31295
31317
31323
31333
31337
31353
31385
31394
31380
31414
31432
31322
31436
31448
31454
31499
31513
31535
31536
31549
31576
31588
31610
31612
31615
31639
31654
31655
31656
31691
31696
31698
31704
31706
31717
31722
8769
8770
31733
31736
31745
31755
31766
31767
31775
31776
31778
31779
31781
31787
31789
31797
31806
31813
31817
31818
31820
31822
31618
31826
31834
31872
31881
31892
31898
31910
31920
31924
31954
31965
31975
31994
31998
31993
32003
32008
32023
32032
32033
32040
32055
32061
32062
32076
32078
32083
32090
32091
32127
32129
32132
32130
32136
32144
32174
32178
32191
32188
32193
32235
32243
8196
32257
32270
32280
32283
32296
10334
32301
32326
32328
32356
32364
32383
32389
32403
32401
32414
32425
32433
32443
32446
32451
32487
32497
32498
32499
32506
32512
32536
32545
32553
32561
32563
7150
32582
32595
32627
32657
32686
32722
32723
32725
32723
32728
32742
32746
32752
32755
32756
32755
32762
32764
32768
32774
32789
32788
32793
32807
32820
32830
32839
32851
32853
32865
32872
32883
32890
32917
32958
32969
32988
32993
32995
32997
33063
33087
33049
33086
33114
33135
33148
25505
33155
33173
33176
33181
33190
33187
33210
33216
33213
33224
33226
33244
33250
33257
33265
33289
33298
33299
33306
33347
33354
33353
33372
33376
33379
33381
33386
33414
33417
33439
33459
33462
33485
33516
33527
33562
33583
33623
33670
33674
33687
33741
33750
33755
33767
33784
33790
33778
33792
33801
33823
33828
33820
33817
33841
33850
33870
33901
33897
33908
33889
33913
33885
33927
33854
33934
33941
33949
33941
33956
33960
33971
33977
33970
33971
33984
33997
34002
34021
34036
34038
34105
34121
34128
34137
34173
34182
34196
34229
34270
34280
34291
34306
10965
34323
34329
34334
34337
34340
34325
34349
34354
34359
34360
34374
34381
34384
34412
34419
1477
34426
34428
34431
34439
34426
34455
34484
34492
34504
34507
34509
34518
34527
34516
34548
34551
34583
34581
34595
34610
34649
34614
34646
34672
34728
34735
34757
13679
34762
34774
34783
34786
34789
34790
34839
34846
34859
34861
21000
34865
34944
34991
34993
34992
34998
35008
35020
35019
35022
35020
35033
35020
35039
35041
35044
35051
35062
35065
35075
35070
35080
35089
35120
35131
35142
35155
35172
35184
35190
35197
35200
35203
11963
35197
35211
35219
35228
35219
35208
35232
35238
35181
35241
35238
35244
35221
35278
35305
35312
35327
35342
26471
35354
35386
35390
35400
35421
35429
35428
35448
35451
26385
35465
35472
35480
35490
35497
35507
35513
35526
35575
35588
35590
35594
13079
35605
35613
35623
35627
35641
35645
35641
35653
35656
35664
35683
12746
35692
35703
35715
35726
35724
35732
35739
35755
35770
35782
35794
2360
35838
35841
35847
35849
35853
35849
35861
35862
35877
35888
35889
35901
35922
35930
35928
35939
35962
35980
36005
36023
36030
36033
36030
36040
36043
36046
36052
36082
36085
36087
36100
36103
36100
36107
36150
36176
36194
36225
36232
36233
36250
36256
36277
36280
36296
36300
19369
36318
36346
36348
36366
36370
14933
36371
36377
14957
14919
36384
36333
36434
36354
36443
36480
36497
36499
36500
36514
36550
36551
36550
36576
36586
36588
36592
36595
36627
36633
36647
36670
36672
36675
36711
36717
36725
36728
36757
36783
36833
36851
36869
36903
36912
36922
36921
36933
36939
36943
36957
36981
36991
37002
37004
37007
37023
37037
37039
37065
37068
37087
37096
37120
37140
37144
37151
37182
37197
37167
37209
37077
37216
37187
37228
37280
37249
37285
37299
37318
37388
37383
37412
37417
37414
37419
37409
37436
37453
37504
37508
37475
37516
37537
37544
37579
37592
37615
37622
37651
37636
37656
37666
37670
37684
37674
37722
37765
37824
37842
37883
37909
37923
37959
37967
37970
37967
37974
37975
38020
38033
38013
38044
38086
38091
38125
38156
38246
38263
14924
38264
38279
38290
38300
38308
38318
38319
38395
38409
38391
38421
38442
38466
38471
38488
38499
38519
38541
38561
38575
38592
38605
38609
38617
38655
38660
38669
38719
38725
38724
38786
38794
38809
38828
38869
22184
38882
38907
38934
38943
38968
38973
38987
38997
39004
39024
39036
39059
39098
39108
39124
39141
39177
39187
39205
39201
39207
39267
39288
39293
39313
39327
39348
39375
39401
39405
39424
39436
39447
39445
39466
39490
39488
39526
39530
39537
39551
39559
39568
39573
39576
39593
39599
39637
39669
39685
39726
39730
39743
39752
39753
39760
39778
39780
39786
3346
39820
39834
39850
39818
39827
39818
39824
39865
39883
39888
15742
39876
39895
39929
39935
39947
5535
39963
39980
39991
39977
39995
40011
40021
40032
40028
40062
40111
40125
40101
40141
40146
40181
40212
40253
40256
40254
40270
40281
40328
40349
40387
40403
40433
40450
40479
40489
40492
40516
40564
40581
40619
40618
40620
40623
40653
40677
40720
40725
40695
40736
17219
40754
40720
40770
40774
40777
40770
40774
40789
40796
40797
40802
40796
40807
40818
40830
40840
40844
40851
16330
40860
40895
40901
40900
40907
40923
40952
40980
40992
40996
41047
41116
41045
41135
41157
41160
41157
41159
41168
41169
41172
41226
41228
41226
41251
41256
41265
41296
41305
41302
41322
41338
41343
41359
41422
41443
41448
41470
41478
41479
4608
41499
41502
41504
41512
41516
18384
41512
18384
41521
41536
41542
41541
41545
41556
41557
41567
41571
41593
16334
41611
41640
41704
41715
41722
41750
41745
41554
41757
41782
41786
41803
41819
41845
41858
41860
41870
41879
41910
41914
41900
41929
29907
29890
41948
41960
41961
41948
41977
41983
42000
18586
41997
42009
42018
42031
42033
42034
42036
42040
42054
42067
42088
42120
42133
42137
42135
42147
42149
42147
42177
42184
42200
42203
42200
42208
42220
42224
42227
42241
42246
42250
42268
42280
42268
42289
42314
42348
42351
42394
42435
42440
42489
42496
42499
42585
42606
42626
42646
42675
42714
42728
42735
42756
42768
42771
42808
42823
42826
42825
42828
42843
42851
42863
42890
42922
42954
42964
42949
43003
43011
43015
43025
20133
43031
612
43039
43045
43048
43070
43069
43105
43123
43160
43204
43228
43413
43419
43423
43419
43426
43440
43473
43514
43518
43536
43545
43569
43586
43592
43600
43620
43623
43620
43629
43653
43672
43678
43697
43702
43703
43726
43735
43763
43766
43775
43786
43793
21358
43805
43824
43838
43853
43856
43845
43867
43874
43892
43896
43936
43986
43993
44010
44027
44023
44043
44050
44058
44068
44088
44097
44102
44104
44118
44164
44168
44191
21861
44192
44208
44252
44256
44269
44279
44292
44290
44305
44369
44395
44452
44500
44508
44507
44513
44521
44540
44550
44553
44566
44553
44597
44602
44615
44623
44635
44665
44703
44728
22884
44739
22662
44742
44745
22668
44756
44757
44774
22472
44779
44777
44784
44792
44786
44793
44801
44800
44809
44818
44827
44836
44844
44845
44858
44874
44876
44886
44889
44886
44894
44896
44902
44932
44943
44967
44950
44974
44994
45003
45006
45020
45042
45049
45088
45101
45126
45135
45145
45157
45166
45170
45164
45157
45176
45177
45159
45189
45193
45206
45208
45230
45260
45279
45285
45290
45320
45324
45337
45338
45348
45373
45381
45385
45411
45423
45402
45429
45430
45225
45421
45442
45452
45493
23006
45494
45500
45504
45510
45520
45530
45535
45542
45549
45572
45578
45586
45599
45610
45620
45626
45631
45630
45638
45643
45648
45619
45656
45658
45659
45658
45661
45674
45655
45679
45626
45696
45707
45709
45739
45744
45753
45837
45860
45864
45869
45877
45884
45882
45885
45888
45894
45910
45913
45912
45926
31189
45927
45935
45942
45958
23377
45964
45966
23512
45974
45982
46004
46020
46030
23619
46032
46051
46062
46061
45992
46082
46050
46088
46101
46105
46120
46135
46151
46120
46173
46190
46152
46215
46185
46227
46244
46245
46266
46286
46285
46289
46285
46296
46304
46308
46324
46326
46323
46337
46340
46352
45855
46356
46367
46370
46381
46384
46423
23848
46436
46441
6995
46444
46458
46470
46478
46477
46488
46491
46500
46510
46524
46547
46548
46547
46563
46581
46618
46627
46649
46500
46499
46668
46685
46706
46704
46707
46730
46736
46742
46745
46761
46773
46786
46791
46789
46826
46835
46845
46848
46856
46887
33412
46897
46892
46907
46908
46907
46914
46940
46955
47000
47016
47019
47032
47048
47052
47057
47104
47103
47116
47143
47154
47188
47197
47203
47197
47209
47236
47245
47269
10571
47271
47300
47307
47306
47310
47337
47341
47349
47367
47372
47376
47401
47412
47418
47411
47431
47443
47483
47495
47517
47537
47614
47636
47649
47650
47659
47668
47691
47700
47706
47367
47709
47710
47731
47739
47745
47755
32520
47766
47784
47785
47803
47805
47811
47819
47825
47833
47847
47856
47872
24724
24696
47892
47886
47911
1153
47917
1992
47939
47940
24740
47948
47909
47962
47966
47939
47977
47987
48000
48018
48022
48032
48051
48062
48069
48080
48083
48085
48077
48096
48102
48135
48136
48154
48168
48178
48187
48191
48187
25183
48195
48202
48233
48234
48248
48254
48272
48298
48296
48332
48328
48337
48340
48341
48350
48337
25613
48354
48372
48382
48383
48391
48399
24777
48407
48405
48418
48422
48440
48457
48481
48477
48418
48489
48493
48498
48504
48508
48510
48520
48503
48529
28772
28770
48532
48535
48540
48568
48576
48584
48589
48595
48619
26043
26028
26034
48628
48631
48664
48688
48689
48688
48700
48701
48711
48713
48711
48722
48724
48731
48732
48731
48742
48772
48785
7965
26265
7965
26264
48800
48809
48811
48819
48838
48839
48845
48849
48855
48838
48858
48877
48882
48870
48887
48914
48935
48957
48972
48974
48992
49005
49008
49005
49025
49029
49057
49074
49081
49087
49099
49134
49151
49153
49155
49163
49168
49049
49182
49208
49216
49228
49255
49264
49268
49278
49292
49304
49300
49312
49315
49320
49322
49324
26952
49328
8259
49340
49337
49345
49355
49368
49370
49368
49392
49398
49424
49469
49476
49483
49487
49490
49515
49532
49538
49524
49552
49568
49517
49515
49569
49593
49608
49568
49517
49515
49616
49615
49623
49629
49639
49671
49698
49700
8664
49719
49718
49727
49722
49736
49742
49746
49756
49736
49768
49770
49774
49785
49798
26737
49803
49824
49832
49864
27568
49871
49880
49883
49898
49899
49921
49920
49924
8143
49935
49924
49944
49960
50007
50008
50007
50014
26518
50026
49348
50036
8307
50046
50062
50089
50095
50098
50115
50118
50123
50126
50159
50173
50184
50193
50197
50216
50219
50236
50257
50283
50290
50302
50306
50318
50322
50320
50341
50336
50343
50359
50364
50378
50382
50401
50413
50414
50440
50475
50481
50511
50521
50538
50555
50573
50570
50591
50611
50624
50629
50645
50675
50737
50756
50760
50765
50773
50780
50787
50808
50819
50817
50822
50825
50868
50884
50893
50892
50902
50919
50928
50936
50961
50968
50978
50991
50998
51005
44904
51019
51029
51063
51090
51109
51113
51086
51141
51157
51163
51184
51199
51202
51206
51210
51220
51219
51244
51248
51259
51261
51269
51271
51276
51314
51348
51351
51348
51384
51388
51392
51406
51411
51426
51429
51468
51482
51487
51494
51520
51525
51534
9493
51553
51561
51571
51582
51552
51587
51586
51618
51634
9758
51645
51654
51688
51692
51748
51752
51784
51654
51792
51834
51864
51943
51952
51963
51966
51969
51972
52028
52029
52028
52062
52068
52075
52085
52120
52141
52170
52173
52213
52234
52220
52256
52267
52280
52283
52287
52289
52290
52294
52296
52309
52314
52324
52328
52321
52349
52372
52374
52403
52483
52507
52514
52527
52543
52551
52565
52591
52615
52648
52666
52675
52676
52691
52690
52697
52699
52704
52708
52726
52731
52734
52732
52738
52741
52752
52761
52773
52788
52789
52818
52830
52838
52842
52850
52865
52863
52866
52870
52894
52905
52948
52957
52962
52972
52982
52984
53001
53009
31962
31964
53025
53064
53072
53085
53116
53128
53155
53193
53194
53193
53204
53210
53234
53240
52726
53253
53251
53263
53272
53276
53272
53286
53289
53305
53307
53320
53323
53337
53353
53363
28697
53375
53373
53384
53388
53407
53419
53440
32136
53450
53449
53457
53449
53450
53482
53503
53517
53529
53541
53556
53565
53581
53587
53599
53575
53608
53612
53608
53632
53643
53650
53662
53678
53677
53680
53681
53680
53686
53683
53698
53702
53708
53714
53723
53698
53754
53778
53801
53821
53834
53857
53868
53892
53909
53913
53911
53935
53953
53958
53964
53971
53974
53981
53995
7426
54023
54035
54037
54040
54047
54073
54078
54095
54094
54108
54113
54125
54136
54143
54170
54113
54175
54179
54193
2036
54202
54203
54210
54213
54210
54236
54244
54243
54250
54236
54251
54261
54242
54275
54277
54279
54277
54298
54280
54301
54315
54327
54336
54371
54376
54386
54407
54416
54423
54442
54441
54459
54465
54485
47282
54504
54530
54531
54571
54598
54383
54636
54637
54639
54655
54704
54759
54765
54780
54782
33376
33377
46865
54780
54790
33381
54794
54792
54801
54808
54815
54817
54820
54817
54828
54843
54848
54843
54874
54884
54892
54897
54926
54989
55009
55008
55028
55030
55037
34539
34536
55060
55064
55084
55089
55099
55102
55122
55138
55143
55173
55192
55189
55199
35301
55252
55267
55300
55318
55347
55357
55384
55413
55421
55447
55472
55473
55479
55495
55510
55521
55510
55509
55561
55560
55564
55579
55596
55599
55581
55595
55617
55639
55655
55661
55677
35478
35480
55676
55677
55685
55686
55690
55686
55707
55795
55801
55845
55852
55854
55869
55929
55940
55945
55949
55956
55971
55985
56015
56029
56066
56070
56087
56093
56105
56104
56107
56104
56110
56114
56120
56149
56114
56129
56156
12855
56180
56185
56200
56204
56227
13016
56246
56283
56304
56318
56342
56355
56363
56365
56378
56386
56419
56433
56499
56516
56526
56535
56549
56552
56570
56592
13333
56591
56602
13311
56604
56614
56604
56617
56671
56675
56679
56706
56712
56715
56733
56755
56771
56777
56779
56789
56817
56816
56824
56852
56867
56877
56888
56897
56910
56878
56938
56954
56955
56959
56955
56973
56980
56983
57000
56985
57039
57054
57060
57081
57094
57098
57109
57134
57143
57148
57173
57212
57238
57242
57273
57284
57295
57297
57309
57323
57327
57338
57340
57338
37042
57368
57372
57379
57394
57423
57467
57482
57500
57519
57523
57551
57562
57576
57582
57612
57621
57641
57621
57667
56819
57680
57739
57740
57729
57749
57774
57782
57832
57837
57842
57853
57854
57846
2367
57894
57895
57911
57915
57918
57923
57951
2367
57346
37042
57846
57854
57951
37042
58015
58053
58106
58113
58135
2455
37077
13795
2467
37079
58138
58113
58166
58206
58240
58259
58263
58267
58294
58298
58312
37358
58319
58326
58377
58401
5713
58414
58429
58499
58512
58519
58352
58528
58542
58568
58571
58586
58597
58617
58638
58643
58698
37768
58771
58783
58812
58855
58867
58873
58875
58892
58919
58923
58933
58947
59016
59029
59065
59102
59161
59171
59211
59259
59264
59266
59259
59280
59285
59292
59298
59323
59333
59335
59350
59356
59333
59365
59369
59375
59365
59382
59392
59390
59394
59400
59402
59409
59426
59449
59458
59476
59473
59500
59531
59548
59553
59566
59548
59590
59599
59606
59656
59667
59672
59685
40297
59678
59702
59708
59709
59708
59715
59729
59744
59749
59761
59767
59779
59778
59799
59806
59808
59866
59867
59877
59879
59947
59958
59968
59980
60001
60012
60045
60051
60059
60077
60079
60086
60073
60118
60096
60163
60178
60223
60241
60248
60251
60253
60261
60270
60284
60300
60333
60349
60401
60399
60411
60420
60426
60444
60448
42319
60451
60477
60483
43971
60505
60504
60519
60536
60558
60619
60624
60611
60666
60681
60692
60690
60693
60690
60705
60706
60710
60714
60690
60744
60748
60752
60797
60825
60842
60877
60880
60886
60898
60901
60907
60911
60907
60917
60958
60966
60996
61018
61042
61048
61052
61055
61057
60901
61086
61096
61114
61126
61148
61155
61173
61183
61207
61245
61262
37505
61281
20365
61279
61292
61300
61314
61323
61334
61342
61376
61387
61395
61402
61421
61433
61448
61450
20697
61342
61467
61473
61510
61519
61527
61557
61564
61566
61577
61582
61585
61586
61595
61583
61598
61601
61607
61608
61610
61620
61607
61669
61695
61711
61728
61740
61756
61760
61767
61801
61816
61821
61827
61835
43766
61840
61843
61864
61863
61866
61867
61872
61896
61901
61899
61928
61982
61991
62036
62074
62076
62092
62096
62100
62104
62123
62133
62140
62155
62177
62155
62187
62201
62207
62250
62257
62263
62281
62284
62299
62310
62319
62331
62334
62351
62374
62385
62422
62472
62474
62489
62518
62532
62539
62548
62552
62548
62565
62572
62582
62583
62592
62596
62602
62618
62627
62641
43481
62646
62678
62674
62683
44029
62693
62697
62705
62707
62709
62718
62729
62747
62753
62758
62785
62770
62807
62823
62824
62826
62867
62864
62872
62880
62887
62892
62900
62905
62910
62927
62954
62959
62963
62967
62987
63041
63064
63067
63080
63087
63093
63114
63138
63151
63190
63208
44450
63241
63264
63297
63299
63332
63350
63360
63370
63377
63382
63392
63402
63417
63431
63432
63446
63427
63461
63459
63473
63463
63504
63529
63544
63554
63553
63555
63565
63578
63585
63590
63586
63585
63597
63604
63613
63620
63630
63636
63642
63648
63659
63661
63675
63679
22430
22428
63683
63297
63299
63690
63691
63690
63698
63710
63711
63716
63703
63702
63722
63705
63707
63735
63740
63720
63746
63749
63753
63756
63766
45514
63769
63766
45514
63773
63775
63786
63789
63786
63804
63814
63820
63832
63865
63881
63885
63891
63892
63894
63910
63912
63922
45623
45620
45619
45648
63923
63922
63932
63935
63958
45681
63965
63967
63970
45751
63973
63995
64043
64066
64076
64077
64088
64094
64103
45542
64110
64117
64120
64126
64133
64134
64167
64154
64152
64175
64162
64179
64190
64189
64202
64205
64084
64223
64232
64238
64246
64251
64234
64258
64312
64318
64341
64364
64369
64383
64395
64396
64395
64405
64412
64429
64440
64399
64447
64455
64471
64480
64494
23902
64513
64560
64562
64560
64563
64590
64627
64631
45869
64679
64740
64783
64796
64813
64819
64862
64863
64864
64866
64879
64884
64891
64913
64915
64918
64915
64939
64947
64962
64978
64990
65006
65013
25436
65018
65058
65074
65077
65058
65132
65125
65141
65152
65160
65166
65183
65201
65257
26867
65271
65283
65286
65306
65326
65335
65339
48565
65347
65370
65377
65393
65398
65406
65410
65460
65466
65474
65493
65513
65506
65511
65525
65543
65550
65572
65592
65593
65609
65614
65625
65647
65644
65674
65681
65689
65613
65674
65696
65705
65727
65741
65746
65785
65793
65783
65801
65806
65843
24758
65849
65867
65869
65879
65881
65882
65920
65959
65968
65993
66004
66014
66025
66030
27277
66060
66057
66067
66073
66072
66077
66073
66086
66092
66100
66099
66107
66112
66118
66123
66130
66148
66182
66195
66201
66205
66208
66213
66214
66230
66236
66253
66266
66283
66300
66325
66352
66373
66387
66406
66419
66108
66427
66444
66361
66483
66485
66502
66522
66549
66572
66575
66572
66580
66594
66598
49315
66616
48902
49304
49277
66653
66666
66691
66712
66720
66729
66744
66756
66770
66783
66807
66818
66823
66839
66844
66850
66861
66911
49445
66921
66929
66934
66943
66946
66957
66943
66966
66976
66979
66976
67012
67015
67026
67033
67036
49487
67033
67056
67059
67063
67065
67082
67009
67085
66995
67083
67094
67109
67112
67115
67113
67122
67135
67160
67182
67186
67185
67205
67210
67221
67226
67241
12549
67255
67271
67294
67298
67331
67329
67367
67375
67399
67408
67413
67421
67440
67448
67455
67460
67470
67487
67492
67498
67503
67545
67555
67557
67563
67571
67574
67577
67602
67612
67618
67626
50844
50826
67648
67658
67664
67657
67667
67668
67684
67687
67699
67703
67713
67687
67721
67729
67730
67745
67747
67760
67789
67824
67825
28748
67837
67803
67850
67859
67883
67884
48535
67890
67901
67906
67877
67907
67922
67938
67969
67984
68038
68050
68072
68080
68081
68082
68089
68127
50964
68152
68162
50999
68178
29356
68195
68206
29127
68228
8537
68240
68258
68263
68282
68292
68299
68305
68299
68320
68334
68346
68365
68397
68418
68432
68439
68448
68461
68458
68465
68475
68484
9522
68490
68499
68507
68516
68523
68532
68538
68556
68564
68588
68584
68596
68595
68625
68632
68655
68676
68684
68679
68719
68721
68724
68732
68740
68743
68779
68788
68806
51961
68828
68837
68838
68849
68854
68849
68859
68866
68867
68889
68898
68899
68904
68908
68977
69023
69018
69068
69090
69101
69102
69104
69126
69130
69141
69150
52914
69165
69174
69187
69200
69213
69223
69231
69235
69237
69254
69255
69261
69274
69286
69298
69308
69323
69350
69348
69356
69361
69382
69385
69388
69402
69411
69418
69432
69445
69460
69462
69463
69462
69465
69498
69505
69537
69534
69549
69546
69553
69563
69567
69584
69101
69595
69101
69612
69621
53683
69629
69634
69643
69644
69643
69632
69686
69703
69737
69758
69776
69788
69804
69817
69835
69901
69903
69904
69920
69994
70006
70024
70033
70042
70039
70057
70055
70070
70079
70108
70154
54792
70155
70172
70191
70196
70207
70228
70240
70244
70258
70272
70321
70329
70374
70396
70417
2049
70454
70489
70505
70513
70536
70552
70554
70570
70573
70582
70592
70606
70612
70619
70614
70617
70630
70633
70656
70658
70665
70687
70702
70761
70781
70780
70798
70827
70850
70856
70861
70867
70889
70905
70911
70928
70936
70942
70949
70952
70960
70959
70964
70978
70980
70983
70979
70999
71004
71005
71017
71014
71026
71025
71055
71063
71071
71106
71134
71145
71154
71170
57230
71178
71221
71240
71275
71283
71293
71301
71309
71329
71330
71350
71362
71382
71427
71435
71444
71443
71450
71468
71477
71481
71487
71472
71500
71515
71526
71557
71575
71500
71577
71588
71605
71608
71663
71676
71681
71683
71689
71692
71697
71735
71746
71750
71746
71764
71659
71785
71808
71824
71831
71846
71847
71868
71880
71881
71960
71971
71974
71986
71994
72044
72067
72073
72075
72073
72062
72084
72086
72091
72099
72106
72121
72133
72148
72149
72161
72187
72211
72235
72254
72277
72296
72300
72309
72325
72331
72318
72328
72353
72376
72389
72433
72434
72448
72459
72462
72475
59947
72478
72512
72520
72525
72534
72548
72549
4554
72553
72557
72575
72576
72582
72597
72600
19729
72603
72606
72608
72613
72621
72628
72632
72649
19754
72656
72667
72680
72688
72719
72720
72726
72727
72729
72741
72749
518
72753
72758
72760
72762
72773
72778
72782
72786
72791
4524
72798
72814
72813
72816
72823
72827
72831
72859
60752
72874
72879
72885
72889
72897
72913
72910
72915
72922
60875
72919
72915
72888
72929
72934
72940
60902
60901
72936
72952
72964
72988
72994
73024
73029
73028
73032
73060
73065
73069
73081
73087
73097
73108
73112
73117
73116
73119
73150
73190
73234
73246
73287
73297
73300
73315
73321
73324
73330
73347
73373
73375
62199
73380
73398
73401
73424
73435
43742
73451
73454
73451
73456
73455
73461
73476
73480
73482
73491
73493
73491
73504
73507
73517
73518
73523
73518
73539
73527
73546
73552
73557
73477
73564
73574
73571
73578
73581
73593
73601
73602
73608
73580
73630
73635
73659
73660
73659
73681
73703
73714
73732
73744
73746
73744
73750
73755
62963
73799
73812
63703
63702
73824
73830
73848
73847
73851
73855
73883
73890
73921
73934
73939
63529
73975
74000
74001
63981
74053
74065
74073
74089
74073
74091
74100
74111
74135
74137
74150
74153
74161
74189
74198
74199
74221
74252
74260
74274
74294
74306
74316
74334
74338
74349
74354
74362
74358
74390
74469
74475
74504
74511
74504
74520
74540
74569
74579
74609
74614
74621
74630
74631
74641
74648
74649
74653
74648
74649
74662
74670
74687
74697
74710
74712
74722
74727
74731
74737
74748
74766
74769
74784
74811
74828
74881
74888
74901
74912
74926
74945
74938
74955
74957
74977
74984
74993
75016
75024
75031
75034
75045
75083
75088
75095
75109
75112
75133
75160
75164
75178
75183
75228
75235
75234
75239
75235
75254
75248
75258
75262
75270
75268
75280
75286
65006
75297
75316
75342
75344
75358
65573
75374
75375
75391
75390
75395
75398
75391
75404
75417
75427
75436
75458
75473
75483
75526
75528
75537
75558
75586
75598
75613
75632
75661
75678
75723
75735
75745
75756
75757
75761
75769
75806
75801
75837
75835
75845
75853
75873
75882
75884
75889
75895
75888
75901
75904
75909
75908
75928
75930
75933
75948
75958
75971
75981
76053
76082
66312
76098
76111
76132
76138
76150
76160
76162
76213
76221
76248
76250
76248
76261
76263
76274
76283
76279
76290
50275
76289
76302
76312
76333
76337
76338
76372
76380
76390
76392
76405
76403
76417
76426
48693
76449
76453
76470
76504
76510
76515
76524
76521
76528
76541
76560
76565
76580
26651
26649
66901
66900
76583
76598
67182
76606
76625
76645
76698
76714
76747
67424
76761
76763
76771
76770
76778
76793
76795
76810
76793
76818
76821
76832
76835
76847
26942
76852
76905
76936
76951
76971
76974
76992
76993
77013
77035
77037
28846
77052
77058
77065
77074
77075
77094
77100
77085
77107
77111
77109
77119
77128
77132
77140
77077
77144
77161
77162
77169
77132
77173
77180
77176
77199
77143
77211
77215
77218
77074
77075
77229
77228
77232
77111
77228
77273
77247
77282
77289
77328
77340
77349
77331
77328
77336
77365
77371
77376
77379
77376
77390
77389
77412
77425
77435
77445
59402
77448
77458
77460
77470
77475
77507
77509
77518
77538
68767
68779
77549
77551
33206
77555
77556
77569
54392
54387
77579
77593
77605
77611
77640
77658
77667
77756
77761
77754
77770
77784
77785
77784
77788
77784
77793
77795
77799
77852
77875
77882
77883
77882
77887
77896
77904
77918
69351
77925
77933
77934
77941
69251
77966
77977
78017
69183
78043
78055
78068
78071
78073
78053
78083
78115
78128
78133
78146
78147
78153
78154
78157
78168
78170
78112
78167
78168
78180
78191
78192
78203
78211
78214
78226
78228
78231
78242
78240
78249
78258
78238
78234
78290
78285
78267
78288
78301
47016
78313
78336
78346
78357
78331
78371
78374
78375
78313
78384
78391
78395
78391
78401
78399
78410
78411
78425
78432
78446
78473
78481
78483
78498
78508
78539
78544
78546
78560
78564
78566
78570
78573
78580
78595
78600
78645
78689
78715
78720
78737
78757
78768
78787
78791
78809
78807
78813
78814
78821
78830
78841
78845
78848
78757
78855
70062
70064
78866
78861
54897
78864
78877
78893
78900
78912
78926
32755
78942
78955
78959
78972
78975
78980
78761
79006
69902
79003
79017
78966
79021
79022
79045
79072
79090
79113
79114
79182
79206
79215
79222
79246
79267
79276
79294
79358
79396
79441
34323
79451
79452
79477
79252
79480
79493
79495
79514
79541
79550
79587
79588
79587
79598
79587
11878
79647
79651
79652
79663
79674
79736
79750
79757
79759
79757
79777
79807
79826
56382
79839
79836
79902
79909
79918
79967
80014
80022
80031
80044
80072
80110
80124
80127
80137
80143
80146
80145
80196
80201
80175
61589
80215
80216
46323
80235
80256
80267
80282
80290
80292
80290
80307
80308
80311
80323
80334
80342
61601
80341
80354
80322
80371
80367
80424
80442
80487
80509
80526
80557
80572
80574
80586
80595
80609
80619
80613
80637
80645
80619
80651
80669
80674
80690
80677
80701
80706
80728
80729
80789
80795
80803
80805
80812
80814
80822
80820
80824
80826
80829
80855
80858
80897
80916
80917
80938
80955
80968
80988
81031
81073
81117
81123
81158
81195
81232
81240
81216
81259
81271
81272
81285
81304
81316
81324
81322
81323
81354
81363
81370
81371
81390
81399
81429
81441
81444
81450
81456
81478
81483
81484
81493
81517
81514
81522
81544
75885
81578
81574
81601
81638
81617
81606
81668
81681
26654
81685
81736
81754
81763
81771
81775
81781
81602
81790
81795
26665
81797
26665
81851
81852
81872
81876
81905
81939
81944
81954
81963
81980
81984
82000
81999
82007
82041
82050
82123
82131
82146
82173
82187
82203
82210
82212
82198
82219
82227
26482
82231
82241
76821
82258
82281
82292
82303
82313
76947
82336
77618
82340
82399
82431
82432
82461
82465
82476
82479
82431
82502
82516
82523
82524
82523
82527
82555
82589
82620
82624
82631
82640
82647
82685
82690
82713
82729
82734
82737
82748
82749
77903
82756
82775
82778
82780
82783
82782
82780
82834
82842
82861
82885
82894
82901
82942
82941
69370
82955
82973
82993
78083
83000
83020
83045
83052
83069
69455
78154
78157
83096
83091
83103
83104
83134
78575
83136
83150
83151
83125
83150
83159
83162
83175
83205
83229
83239
83250
83258
83275
83290
83324
83298
83320
83357
83364
83369
83384
83397
83400
83407
83384
83422
83424
83430
83442
83457
83203
83205
83466
83472
83493
83502
83524
83536
83541
83546
83550
83568
83584
83588
83590
83605
83604
83584
83614
83628
83667
83671
83588
83678
83672
83708
83718
83727
83744
83753
83755
83779
83780
83795
83797
83828
83835
83836
83847
83860
83909
83910
83932
83949
83967
83976
83988
84004
84027
84039
84050
84056
84083
84114
84122
84124
84130
84144
84150
84174
84175
84185
84236
84240
84253
84259
84285
84297
84301
84285
84320
84297
84348
84359
84363
83222
84390
84387
84400
84402
84415
84465
84489
84499
84510
84529
84535
84546
84582
84612
84624
84647
84650
84685
84691
84720
84723
84728
84747
84749
84761
84783
84787
84789
84794
84582
84816
84817
84816
84821
84823
84837
84880
84882
84936
84961
71714
84974
84978
85009
85011
85039
85044
85043
85060
85095
85098
85135
85140
85151
85159
85165
85173
85200
85213
85252
85260
85268
85270
85227
85286
83484
84465
85292
85313
85316
7059
85313
85321
85323
85327
85336
85349
85342
85366
85401
85408
85413
85418
85426
85424
85427
85461
85471
85468
85479
75978
85485
85492
85497
85500
85501
85508
85525
85540
85559
85575
85572
85624
85636
85669
85643
85675
85678
85691
85672
85702
85721
85724
85726
85738
85528
85760
85773
85779
85804
85801
85806
85813
85829
85827
85833
85843
85850
82482
85860
85865
85877
85914
85919
85927
85953
85970
85974
85984
85973
85987
85992
86000
85993
86019
86020
86030
86031
86030
86049
86034
85795
86056
86076
86092
86102
86112
86109
86116
86109
