7
29
31
74
94
98
136
173
194
200
223
262
293
317
424
436
500
541
563
607
641
706
782
802
851
865
887
898
925
943
977
992
1000
1004
1027
1033
1085
1136
1180
1204
1232
1234
1264
1291
1300
1303
1397
1423
1499
1502
1508
1532
1634
1642
1661
1663
1673
1730
1733
1754
1774
1805
1808
1810
1826
1834
1871
1946
1984
1991
2012
2026
2053
2077
2081
2093
2114
2117
2125
2137
2149
2165
2176
2186
2249
2386
2407
2423
2429
2521
2584
2710
2722
2725
2729
2806
2905
2912
2933
2953
2962
2978
3008
3074
3160
3188
3214
3223
3236
3257
3268
3341
3368
3406
3427
3442
3484
3491
3523
3578
3587
3599
3688
3692
3764
3835
3844
3853
3871
3878
3907
3941
4003
4102
4141
4162
4183
4205
4220
4249
4285
4298
4300
4358
4418
4441
4448
4493
4495
4582
4700
4715
4778
4792
4795
4805
4856
4955
4970
5074
5078
5084
5092
5243
5444
5561
5587
5647
5651
5701
5717
5818
5845
5906
6079
6143
6205
6212
6223
6268
6311
6490
6517
6533
6572
6595
6656
6704
6728
6758
6844
7189
7283
7360
7381
7388
7397
7399
7529
7585
7601
7636
7661
7681
7804
7847
7861
7867
7927
7933
7961
8020
8050
8164
8383
8416
8420
8476
8531
8701
8708
8728
8764
8786
8846
8893
8923
8950
8957
9004
9016
9028
9065
9124
9191
9203
9220
9254
9260
9319
9367
9400
9427
9433
9440
9479
9494
9550
9595
9602
9605
9686
9742
9866
9916
9926
9943
10040
10049
10058
10099
10160
10174
10231
10246
10300
10307
10328
10381
10394
10408
10415
10420
10430
10438
10493
10529
10549
10552
10624
10651
10658
10684
10687
10733
10771
10835
10888
10916
10943
10964
11027
11047
11059
11092
11140
11296
11350
11359
11410
11435
11468
11488
11492
11500
11518
11524
11554
11569
11602
11647
11650
11710
11755
11764
11813
11836
11869
11881
12017
12044
12050
12104
12139
12152
12166
12200
12208
12238
12289
12305
12310
12365
12415
12554
12560
12577
12581
12694
12710
12791
12802
12809
12817
12836
12859
13034
13126
13159
13184
13190
13191
13198
13226
13280
13339
13396
13403
13415
13514
13615
13661
13688
13750
13789
13817
13874
13922
13963
14047
14143
14168
14228
14240
14267
14297
14320
14363
14405
14411
14557
14561
14665
14675
14728
14759
14782
14860
14900
14905
14930
14957
14992
15002
15052
15221
15242
15320
15329
15425
15451
15493
15511
15538
15580
15608
15685
15748
15766
15781
15815
15847
15976
16042
16064
16084
16163
16180
16253
16316
16393
16405
16679
16807
16859
16900
16930
17021
17074
17210
17297
17309
17369
17551
17765
18496
18711
18855
18905
18959
19018
19154
19301
19324
19413
19447
19477
19529
19681
20033
20578
20675
20842
21254
21530
21870
22183
22204
22222
22246
22397
22412
22536
22681
23039
23082
23284
23567
23681
24038
24054
24298
24306
24454
24583
24734
25144
25208
25484
25571
25802
25888
25988
26011
26087
26141
26219
26221
26370
26396
26433
26501
26598
26603
26609
26684
26688
26693
26729
26866
26876
26891
26939
27011
27087
27112
27123
27236
27242
27344
27364
27394
27704
27712
27808
27818
27860
28109
28133
28147
28161
28216
28240
28268
28331
28375
28392
27830
28393
28402
28420
28508
28532
28393
28589
28161
28808
28597
28863
28931
29005
29036
29052
29054
29086
29128
29138
29159
29162
29179
29189
29228
29256
29267
29295
29308
29310
29407
29419
29462
29443
29551
29588
29626
29669
29806
29941
30386
30499
30547
30571
30599
30695
30714
30734
30812
30896
30902
31088
31097
31510
31549
31556
31627
31660
31721
31888
32024
32255
32390
32741
32789
32883
32924
33033
33146
33194
33278
33362
33755
33773
33954
34019
34082
34149
34311
34544
34618
34786
34901
34909
35045
35142
35194
35427
35611
36171
36222
36278
36283
36318
36335
36410
36446
36567
36596
36763
36774
36895
36943
37004
37093
37217
37332
37457
37464
37488
37836
38218
38245
38426
38514
38646
38988
39130
39152
39370
39488
39542
39585
39650
39726
40159
40276
40326
40360
40383
40507
40773
40809
41022
41088
41440
41487
41564
41644
41677
41987
41238
42017
42029
42038
42172
42318
42329
42360
42475
42803
42815
43099
43153
43288
42989
43305
43414
43443
43451
43494
43510
43613
43706
44071
44275
44338
44395
44443
44449
44583
44658
44684
44775
43906
44776
45048
45062
45080
45504
45699
46006
46022
46115
46161
46166
46193
46330
46539
46600
46658
46678
46787
47152
47683
47833
47875
48315
47875
48395
48461
48482
48503
48566
48985
49057
49118
49185
49415
49456
49470
49491
49679
49882
49928
50110
50130
50162
50170
50240
50319
50422
50681
50728
50777
50830
50876
50905
51053
51467
51482
51661
51701
51794
51802
51915
52094
52259
52365
52378
52389
52421
52451
52498
52555
52234
52573
52863
52879
52960
52966
53029
53062
53273
53648
53792
53902
53914
53950
53966
53965
53981
54143
54269
54572
54619
54626
54797
54881
55006
55043
55060
55117
55209
55228
55381
55416
55418
55432
55438
55463
55514
55580
55690
55712
55710
55726
55732
55739
55768
55835
55901
55915
55970
55976
56116
56128
56143
56267
56305
56411
56455
56470
56473
56548
56765
56783
56879
56891
56895
56930
56989
57139
57193
57196
57245
57259
57266
57407
57440
57469
57485
57520
57535
57581
57595
57736
57755
58084
58177
58355
58379
58381
58405
58438
58573
58654
58679
58999
59002
59126
59185
59189
59303
59398
59432
59582
59598
59615
59726
59735
59927
60046
60050
60092
60298
60345
60353
60466
60470
60479
60566
60631
60712
60745
60791
60806
60817
60899
60963
61061
61094
61123
61357
61474
61516
61567
61612
61799
61819
61835
61858
61867
62002
62069
62102
62150
62158
62261
62267
62377
62425
62439
62494
62522
62560
62590
62804
62810
62819
62849
62888
62897
63052
63230
63286
63350
63382
63482
63551
63545
63604
63695
63740
64082
64154
64199
64345
64508
64619
64641
64666
64828
64933
65029
65078
65104
65149
65179
65191
65515
65636
65710
65764
65971
66194
66251
66406
66475
66526
66619
66834
66451
66884
66962
66991
67055
67196
67238
67453
67492
67546
67604
67628
67756
67843
67879
67894
67945
67961
68015
68218
68272
68410
68450
68579
68671
68894
68906
68915
69198
68939
69290
69329
69397
69424
69447
69453
69524
69565
69571
69589
69688
69754
69805
69823
69853
69929
69941
69980
70013
70037
70067
70088
70091
70189
70196
70211
70360
70424
70459
70525
70546
70088
70628
70697
70784
70799
70889
70912
70957
70966
71167
71342
71423
71447
71467
71541
71162
71671
71741
71804
71825
71977
72040
72057
72074
72095
72115
71162
72208
72233
72313
72386
72445
72457
72508
72634
72673
72742
72815
72878
72916
73009
73210
73350
73355
73406
73466
73559
73712
73714
73748
73763
73834
73894
73924
73975
74038
74092
74147
74332
74382
74546
74648
74669
74677
74724
74648
74844
74945
74971
75088
75108
75214
75233
75291
75308
75365
75452
75490
75515
75581
75628
75735
75830
75947
75956
75961
76132
76142
76238
76379
76418
76447
76598
76649
76697
76724
76775
76951
76978
77100
77195
77295
77468
77521
77673
77696
77915
77932
77972
78050
78064
78185
78210
78280
78334
78385
78497
78530
78557
78574
78580
78658
78721
78780
78832
78919
79033
79040
79096
79127
79177
79205
79234
79258
78893
79291
79319
79365
79406
79444
79450
79479
79505
79520
79556
79580
79742
79787
79870
79556
79876
79991
80021
80247
80302
80353
80380
80387
80422
80464
80500
80533
80665
80684
80729
80732
80840
80929
81062
81074
81086
81118
81178
81200
81229
81235
81260
81320
81327
81395
81412
81419
81434
81470
81514
81517
81549
81686
81691
81919
82126
82307
82346
82349
82366
82396
82861
82917
83093
83107
83144
83170
83195
83225
83266
83429
83543
83861
83873
83906
84112
84215
84440
84620
84649
84707
84745
84758
84781
85156
85192
85405
85451
85462
85583
85603
85640
85780
85829
85840
85894
85957
86018
86084
86209
86246
86248
86269
86632
86785
86860
86998
87062
87274
87337
87392
87472
87611
87637
87644
87653
87721
87802
87826
88036
88124
88151
88292
88315
88697
88855
88897
88921
88943
89065
89105
89123
89143
89356
89452
89462
89614
89635
89839
89860
89863
90004
90085
90115
90124
90155
90278
90530
90536
90949
91057
91223
91241
91484
91493
91510
91777
91876
92147
92189
92503
92515
92525
92527
92576
92836
92894
92963
93088
93109
93130
93305
93334
93365
93455
93733
93766
94063
94240
94315
94552
94691
94820
94888
95045
95273
95363
95455
95531
95662
95785
95797
95861
95902
95905
96262
96383
96475
96566
96689
96853
96860
97093
97147
97264
97609
97690
97828
97910
98126
98155
98176
98180
98294
98383
98582
98695
98759
98825
98869
98953
98969
99053
99190
99220
99223
99253
99262
99280
99286
99320
99325
99364
99395
99412
99433
99437
99458
99544
99598
99676
99694
99800
99872
99881
99902
99916
99992
99997
100019
100030
100156
100208
100238
100246
100252
100267
100270
100360
100364
100432
100468
100492
100498
100510
100519
100528
100531
100616
100850
100870
100891
100895
100903
100945
100985
100990
101018
101030
101033
101042
101078
101308
101321
101335
101339
101345
101428
101440
101476
101488
101512
101524
101533
101543
101546
101549
101552
101567
101597
101603
101606
101608
101641
101792
101857
101873
101882
101906
101921
101975
101980
101984
102028
102035
102058
102070
102097
102107
102148
102161
102194
102317
102329
102362
102365
102430
102469
102557
102581
102626
102635
102644
102742
102830
102863
102919
102932
103033
103162
103240
103262
103355
103549
103630
103676
103781
104122
104182
104261
104366
104519
104563
104567
104654
104747
104750
104861
104887
105422
105809
105866
106001
106484
106598
106613
107183
107597
107896
107916
107928
108130
108281
108413
108613
108991
108995
109224
109309
109490
109687
109819
110020
110059
110125
110198
110476
110686
110914
111313
111502
111684
111835
112103
112219
112300
112772
112970
113014
113875
114238
114622
114711
114718
114913
115184
115216
115394
115675
115717
115945
116066
116131
116403
116432
116648
116403
116881
116945
117636
117679
117619
118313
118510
118594
118652
119071
119349
119526
119585
119984
120013
120069
120133
120327
120489
120565
120605
120614
120615
120722
120775
120863
121005
121021
121311
121332
121369
121437
121476
121488
121564
121577
121602
121656
121664
121665
121675
121694
121792
121823
121858
121913
122040
121690
122053
122308
122557
122775
123025
123154
123159
123631
123683
123748
124600
124648
125080
125170
125249
125387
125722
125903
125927
126137
126250
126317
126629
126742
126926
126991
127363
127469
127475
127561
127849
127957
128018
128044
128554
128627
128972
129403
129646
130195
130420
130921
131057
131173
131180
131534
131543
131576
131594
131780
131849
131915
131996
132113
132400
132722
132758
132791
132832
133015
133271
133364
133393
133450
133496
133600
133631
133678
133694
133751
133763
133823
133900
133905
133351
133961
133966
134144
134152
134158
134245
134248
134372
134399
134503
134588
134650
134717
134725
134834
134836
134887
134917
135305
135335
135397
135403
135416
135445
135508
135707
135752
135899
135967
136030
136084
136102
136124
136162
136183
136289
136490
136505
136675
136784
136806
136954
137165
137194
137222
137344
137550
137642
137839
138105
138282
138300
138314
138693
138699
138716
139004
139010
139094
139137
139234
139256
139463
139466
139487
139569
139595
139674
139875
139880
139951
139957
139984
140048
140066
140068
140072
140141
140156
140219
140324
140330
140345
140390
140420
140575
140590
140683
140699
140720
140786
140854
140857
140869
140884
140905
140930
141083
141100
141190
141373
141436
141445
141578
141607
141646
141812
141818
141883
141895
141971
141973
141982
142061
142222
142297
142378
142543
142622
142649
142751
142802
142811
142930
142964
142973
142988
143431
143434
143569
143572
143582
143608
143630
143666
143744
143776
143857
143873
143930
143947
143954
144017
144053
144101
144107
144127
144137
144143
144161
144179
144218
144278
144292
144325
144353
144392
144449
144464
144481
144547
144560
144566
144631
144637
144656
144689
144733
144742
144835
144862
144922
145006
145034
145042
145163
145256
145277
145420
145429
145456
145460
145502
145546
145630
145636
145702
145727
145730
145820
145876
145882
145933
146177
146248
146266
146272
146359
146365
146459
146495
146516
146546
146632
146642
146719
146737
146795
146803
146861
146900
146903
147050
147052
147148
147199
147245
147367
147397
147427
147500
147536
147590
147727
147743
147764
147795
147922
148319
148322
148403
148414
148483
148502
148508
148601
148784
148849
149051
149141
149146
149195
149224
149392
149543
149572
149606
149701
149729
149776
149783
149795
149804
149915
149956
149959
149977
150073
150146
150275
150343
150346
150349
150362
150371
150471
150532
150535
150640
150719
151100
151538
151550
151633
151823
151843
152017
152099
152134
152209
152282
152362
152468
152659
152735
153008
153092
153616
153668
153788
154049
154303
154309
154511
154685
154885
154903
155000
155084
155086
155260
155279
155375
155426
155435
155462
155467
155483
155636
155864
155990
156093
156149
156679
156713
156895
156905
156914
157055
157075
157127
157238
157312
157357
157504
157655
157733
157747
158105
158414
158478
158626
158647
158753
158966
159038
159196
159235
159244
159256
159404
159632
159680
159856
159889
159905
160087
160111
160120
160292
160306
160507
160510
160616
160696
160706
160874
161002
161068
161248
161351
161429
161434
161440
161445
161552
161915
161917
162100
162412
162491
162497
162513
162531
162547
162567
162598
162609
162622
162618
162633
162663
162672
162683
162640
162718
162721
162727
162730
162753
162683
162762
162769
162721
162771
162680
162786
162761
162791
162793
162798
162801
162813
162801
162821
162829
162685
162836
162838
162804
162814
162844
162846
162851
162854
162855
162791
162888
162893
162866
