9
12
258
333
336
342
363
384
558
941
959
1008
1011
1037
1236
1257
1326
1443
1462
1613
1696
1737
1856
1987
2231
2318
2395
2429
2461
2463
2628
2644
2698
2712
2725
2796
2855
2889
2992
3151
3249
3734
3818
3933
3981
4014
4171
4240
4278
4311
4557
4963
5277
5493
5637
5687
5837
6003
6063
6124
6198
6268
6288
6324
6385
6528
6800
6944
6966
7111
7231
7453
7776
7969
8165
8220
8364
8504
8556
8666
8721
8835
8944
8982
9059
9366
9444
9684
9827
9855
10101
10170
10331
10333
10383
10404
10606
10637
10737
10943
10951
11202
11325
11488
11755
11794
11826
11981
12216
12360
12434
12548
12708
13075
13174
13209
13326
13447
13452
13460
13542
13566
13602
13974
13983
14240
14292
14374
14454
14602
14731
14867
14879
15066
15067
15429
15448
15726
15882
16065
16185
16294
16407
16824
16983
17083
17173
17186
17213
17592
17643
17801
17814
17850
18010
18058
18414
18566
18604
18939
19049
19101
19110
19125
19218
19416
19486
19495
19525
19591
19679
19974
20340
20692
20745
21047
21066
21074
21105
21108
21111
21147
21202
21446
21988
22104
22250
22257
22281
22626
22650
22879
22915
22927
23004
23040
23159
23319
24496
24546
24565
24714
24921
25074
25386
25489
25580
25632
25644
25717
25906
26292
26406
26409
27299
27305
27443
27449
27974
27980
28633
28636
29250
29253
29270
29276
29758
29761
29831
31135
31138
31676
31688
31914
31917
32109
33273
33276
33297
33342
33566
33689
33695
34115
34517
34523
35851
35854
37211
38665
39233
39239
39331
40375
40541
41184
41187
42131
42137
42760
42803
42998
43534
44212
44215
44309
44315
44381
44387
44721
44724
45069
45088
45099
45102
45343
46247
46775
46781
47037
47461
47464
47677
47680
48592
49023
51830
53246
53252
53434
53518
53525
53531
54583
54720
54723
54796
54799
55044
55047
55810
57294
57297
57449
57455
57512
57518
58592
58598
59906
59912
60007
60010
60176
60182
60425
60914
60920
61398
61401
61899
62209
63569
63699
64408
64411
65912
66173
66181
66184
66411
66414
66676
66679
66692
66925
66929
67171
67174
67443
68256
68357
68935
68955
69473
69479
70587
70590
70967
70973
72013
72016
72036
72039
72064
72208
72324
72534
72546
72554
74475
75177
75180
75247
76031
76685
76853
76859
77377
77380
77779
78893
79525
80325
80328
81549
82047
82329
83025
83117
83123
84179
84185
84497
84516
84843
84846
84912
86222
86228
86644
88366
88369
88579
88593
88654
88845
89111
91531
92956
93989
93995
94094
94637
96251
96279
96327
97426
97517
97523
97637
97983
98455
99081
99367
99819
101055
102852
102855
103617
103620
104260
104263
104946
105432
105642
105900
106108
106534
107118
107719
108271
108301
108597
109212
19405
109224
109326
109381
109386
109747
109759
109849
110986
110992
111564
111570
112297
112303
112918
112924
113649
113907
116049
116809
120507
120513
121134
121758
122223
122326
122355
122458
122643
122649
