185
206
227
260
455
491
503
523
555
616
629
638
675
751
797
809
863
896
928
953
959
977
1025
1046
1079
1070
1101
1140
1157
1181
1249
1274
1316
1364
1370
1394
1406
1447
1456
1475
1480
1496
1568
1585
1589
1640
1760
1791
1808
1845
2062
2141
2153
2181
2198
2264
2283
2318
2340
2368
2366
2438
2510
2536
2550
2651
2756
2778
2880
2949
3002
3071
3137
3143
3155
3165
3206
3198
3227
3234
3257
3290
3308
3401
3483
3509
3518
3560
3624
3642
3731
3729
3756
3771
3867
3873
3889
3920
3950
3960
3990
4016
4027
4082
4094
4106
4187
4202
4268
4262
4276
4317
4322
4328
4331
4329
4338
4361
4385
4446
4482
4508
4541
4559
4571
4613
4626
4667
4709
4718
4739
4786
4797
4818
4859
4880
4913
4937
4991
5069
5120
5174
5180
5186
5216
5243
5264
5285
5303
5315
5333
5348
5360
5365
5431
5543
5552
5543
5577
5616
5633
5651
5680
5688
5690
5688
5697
5708
5741
5756
5762
5783
5799
5801
5799
5859
5885
5903
5915
5924
5930
5942
5948
5981
6068
6086
6110
6143
6167
6202
6215
6221
6251
6248
6269
6254
6272
6275
6293
6299
6302
6305
6342
6427
6438
6490
6509
6549
6594
6600
6608
6626
6644
6665
6674
6719
6757
6800
6806
6824
6860
6878
6923
6939
6944
7016
7022
7016
7034
7086
7105
7106
7114
7128
7145
7214
7229
7232
7247
7265
7286
7304
7442
7526
7567
7571
7586
7595
7603
7628
7627
7644
7650
7678
7689
7712
7754
7779
7823
7841
7814
7843
7814
7853
7910
7943
7985
8015
8072
8111
8114
8141
8165
8180
8189
8204
8219
8267
8303
8337
8345
8348
8402
8435
8471
8469
8472
8486
8489
8498
8507
8534
8546
8571
8588
8706
8733
8741
8747
8759
8782
8809
8834
8899
8910
8919
8945
8957
8964
8973
8996
9008
9020
9035
9086
9095
9122
9128
9139
9171
9186
9236
9244
9251
9275
9061
9261
9061
9293
9289
9317
9347
9295
9359
9367
9376
9452
9458
9460
9462
9468
9481
9488
9500
9600
9605
9611
9622
9653
9628
9656
9665
9719
9782
9840
9845
9877
9883
9887
9883
9914
9947
9953
9961
9967
9976
10003
10019
10024
10043
10090
10091
10090
10112
10182
10196
10192
10202
10222
10241
10282
10286
10288
10293
10318
10345
10373
10400
10478
10480
10478
10505
10511
10516
10522
10483
10538
10544
10516
10559
10565
10574
10616
10634
10648
10655
10660
10677
10694
10769
10802
10808
10877
10886
10934
10940
10967
11024
11039
11072
11162
11234
11297
11321
11513
11591
11597
11603
11636
11675
11705
11856
11888
11894
11924
11928
11948
11960
11993
12050
12056
12065
12126
12179
12212
12232
12258
12260
12258
12272
12282
12333
12340
12399
12485
12488
12559
12598
12613
12635
12707
12719
12767
12794
12828
12851
12857
12959
12980
13014
13073
13139
13157
13169
13190
13238
13281
13289
13319
13331
13340
13398
13406
13424
13481
13511
13529
13527
13535
13547
13574
13589
13601
13619
13703
13730
13732
13745
13750
13757
13777
13793
13816
13817
13859
13865
13915
13928
13961
13991
14010
14030
14042
14105
14123
14140
14153
14271
14276
14282
14356
14465
14471
14469
14494
14543
14595
14645
14693
14702
14723
14772
14780
14906
14910
14923
15041
15047
15062
15080
15131
15138
15194
15206
15235
15250
15263
15305
15314
15344
15375
15378
15395
15416
15434
15475
15485
15508
15531
15533
15542
15552
15566
15587
15591
15599
15623
15638
15650
15656
15702
15747
15759
15760
15776
15785
15800
15804
15818
15898
15980
16019
16055
16133
16163
16220
16239
16304
16310
16316
16382
16386
16511
16509
16517
16547
16553
16552
16574
16601
16596
16649
16653
16661
16676
16682
16712
16721
16752
16763
16787
16799
16844
16880
16874
16898
16955
17180
17192
17236
17270
17279
17291
17296
17318
17351
17366
17367
17382
17435
17441
17456
17496
17533
17546
17570
17586
17594
17609
17615
17630
17681
17696
17701
17742
17753
17805
17829
17889
17891
17889
17943
17966
17994
18036
18043
18052
18087
18094
18110
18164
18185
18216
18230
18242
18347
18353
18395
18452
18467
18473
18482
18488
18503
18510
18541
18545
18575
18624
18677
18685
18699
18742
18837
18851
18872
18893
18924
18925
18941
19038
19071
19089
19130
19274
19313
19318
19330
19394
19409
19422
19486
19515
19523
19562
19581
19584
19591
19620
19643
19648
19667
19712
19742
19748
19755
19817
19874
19922
19931
19949
19991
20021
20027
20036
20051
20069
20075
20079
20108
20132
20141
20153
20180
20186
20192
20210
20255
20294
20337
20351
20381
20390
20398
20504
20552
20570
20600
20675
20693
20729
20748
20768
20801
20921
20936
20954
21077
21248
21299
21311
21431
21494
21515
21524
21528
21632
21648
21827
21866
21909
21911
21983
21960
22013
22026
22044
22043
22175
22181
22238
22346
22430
22445
22448
22447
22523
22530
22543
22548
22601
22613
22637
22623
22636
22623
22710
22721
22733
22766
22778
22925
22946
22972
23027
23061
23138
23201
23231
23321
23351
23372
23373
23507
23534
23540
23555
23609
23675
23755
23809
23912
23953
23984
24014
24026
24038
24090
24116
24140
24155
24159
24200
24201
24236
24300
24302
24329
24333
24350
24368
24402
24404
24416
24444
24485
24536
24581
24599
24632
24663
24677
24836
24860
24875
24929
24944
24956
24420
24965
24977
24992
25010
25022
25037
25067
25115
25155
25199
25241
25247
25268
25313
25319
25325
25334
25361
25365
25418
25491
25589
25602
25616
25637
25677
25694
25706
25719
25751
25775
25836
25898
25949
25966
25985
25977
25991
26022
26092
26102
26126
26136
26151
26174
26303
26336
26363
26384
26399
26435
26450
26477
26483
26495
26510
26552
26558
26570
26579
26597
26606
26697
26724
26750
26783
26792
26814
26825
26833
26831
26849
26858
26864
26868
26942
26954
26969
27008
27032
27046
27043
27122
27143
27149
27164
27254
27281
27287
27316
27329
27340
27356
27380
27389
27422
27434
27449
27464
27554
27566
27614
27623
27655
27710
27731
27740
27780
27890
27935
27945
27998
28037
28064
28079
28086
28253
28348
28349
28366
28421
28478
28505
28517
28538
28583
28625
28634
28529
28661
28667
28682
28713
28721
28742
28772
28788
28810
28812
28819
28872
28884
28904
28946
29018
29064
29105
29123
29119
29132
29141
29157
29166
29202
29300
29308
29328
29351
29354
29366
29373
29403
29412
29453
29448
29497
29119
29624
29633
29648
29684
29738
29780
29786
29801
29810
29834
29843
29858
29856
29871
29921
29933
29969
29975
30017
30044
30059
30122
30137
30182
30191
30197
30203
30205
30209
30205
30221
30227
30233
30242
30269
30329
30354
30363
30374
30380
30402
30416
30408
30422
30506
30515
30518
30515
30527
30533
30551
30587
30662
30696
30704
30772
30770
30794
30828
30845
30977
31055
31065
31073
31081
31112
31124
31120
31211
31226
31241
31272
31277
31298
31299
31313
31322
31328
31355
31401
31410
31445
31500
31505
31527
31547
31562
31610
31607
31656
31700
31706
31745
31760
31796
31853
31913
31934
31959
31971
31994
32018
32040
32078
32102
32111
32109
32120
32123
32135
32198
32219
32256
32258
32256
32269
32321
32357
32400
32477
32484
32516
32519
32520
32532
32610
32621
32646
32657
32702
32782
32817
32837
32864
32882
32897
32899
32924
32957
33005
33014
33035
33036
33095
33113
33177
33357
33392
33428
33437
33492
33569
33620
33683
33719
33728
33767
33794
17469
33822
33852
33859
33864
33867
33918
33936
33938
33936
33941
33938
33936
33950
33980
34013
34046
34133
34154
34160
34178
34190
34211
34235
34247
34255
34289
34304
34365
34415
34420
34431
34505
34511
34529
34547
34574
34580
34586
34601
34673
34793
34799
34823
34850
34867
34865
34880
34886
34823
34885
34916
34928
34964
35024
35035
35042
35057
35053
35068
35090
35117
35132
35154
35136
35164
35216
35220
35231
35279
35299
35324
35330
35328
35366
35388
35396
35400
35409
35462
35487
35489
35516
35522
35589
35601
35642
35638
35644
35744
35753
35758
35753
35771
35792
35801
35807
35843
35852
35858
35915
35951
36002
36027
36048
36090
36152
36195
36227
36251
36296
36326
36344
36404
36410
36416
36422
36437
36446
36458
36502
36512
36532
36536
36548
36561
36581
36587
36626
36644
36668
36701
36713
36791
36899
36947
36954
37061
37079
37154
37173
37190
37208
37226
37229
37250
37262
37351
37502
37547
37559
37582
37607
37652
37664
37703
37805
37739
37811
37817
37823
37838
37940
37967
38096
38135
38153
38165
38186
38321
38327
38377
38397
38468
38480
38495
38519
38618
38720
38765
38776
38789
38843
38868
38911
38912
38916
38918
38922
38931
38961
38992
38998
39002
39025
39020
39106
39164
39180
39186
39248
39266
39331
39342
39358
39365
39395
39404
39472
39503
39521
39566
39585
39593
39605
39650
39675
39760
39764
39773
39798
39804
39806
39798
39821
39836
39848
39857
39872
39938
39947
39962
39976
39989
40007
39976
40020
40022
40083
40154
40172
40181
40190
40200
40204
40214
40187
40200
40218
40247
40316
40321
40334
40342
40370
40173
40376
40424
40430
40441
40529
40544
40601
40610
40646
40661
40678
40684
40678
40689
40694
40729
40736
40745
40782
40822
40829
40840
40850
40864
40868
40878
40888
40936
41066
41078
41102
41106
41116
41162
41174
41181
41249
41270
41291
41305
41321
41327
41332
41366
41387
41402
41520
41635
41642
41655
41696
41712
41733
41736
41783
41789
41819
41864
41897
41906
41907
41906
41912
41906
41914
41940
41979
41991
41973
41995
42014
42017
42014
42011
42077
42085
42102
42178
42311
42338
42350
42358
42365
42382
42392
42437
42455
42461
42467
42474
42479
42491
42500
42604
42607
42620
42623
42642
42645
42680
42707
42736
42782
42803
42818
42853
42876
42896
42914
42938
42944
42950
42998
43022
43094
43100
43133
43151
43316
43322
43343
43379
43403
43428
43433
43428
43448
43484
43556
43581
43591
43611
43666
43733
43748
43768
43773
43792
43813
43827
43859
43869
43880
43958
44006
44073
44121
44159
44168
44186
44207
44318
44345
44351
44390
44413
44438
44489
44525
44534
44606
44624
44642
44653
44675
44716
44861
44867
44936
44955
44966
44981
45029
45068
45086
45095
45101
45242
45338
45368
45377
45404
45415
45493
45494
45524
45521
45593
45632
45638
45662
45691
45695
45722
45773
45785
45803
45807
45878
45887
45890
45902
45959
45990
45992
45990
46000
46010
46037
46049
46061
46071
46085
46091
46115
46071
46137
46142
46271
46289
46368
46391
46424
46427
46457
46468
46538
46589
46638
46642
46662
46678
46693
46695
46725
46763
46803
46810
46816
46853
46863
46994
47012
47010
47016
47034
47057
47153
47180
47198
47196
47221
47255
47374
47423
47462
47486
47570
47609
47621
47633
47681
47725
47771
47797
47831
47861
47867
47891
47901
47961
47984
47999
48056
48089
48095
48128
48156
48180
48183
48188
48195
48219
48268
48289
48311
48388
48417
48433
48435
48449
48463
48469
48467
48475
48473
48469
48477
48481
48484
48479
48490
48492
48506
48557
48611
48662
48815
48851
48863
48492
48909
48910
48942
48956
48962
48968
48977
48980
49023
49163
49176
49184
49193
49297
49322
49401
49552
49559
49646
49678
49683
49721
49739
49805
49814
49853
49883
49940
49964
49992
50005
50121
50128
50164
50177
50204
50209
50232
50248
50263
50267
50255
50271
50287
50288
50311
50322
50326
50341
50387
50474
50501
50563
50566
50604
50621
50645
50717
50726
50737
50739
50788
50810
50852
50867
50888
50915
50959
50973
50981
51053
51065
51068
51098
51127
51137
51135
51173
51320
51353
51392
51431
51534
51661
51670
51702
51725
51759
51815
51872
51881
51953
51971
52013
52030
52058
52084
52097
52091
52103
52109
52124
52136
52148
52162
52192
52252
52276
52286
52291
52495
52501
52514
52553
52586
52645
52717
52736
52796
52871
52877
52895
52893
52925
52913
52930
52946
52949
53006
53063
53180
53189
53216
53293
53301
53327
53339
53358
53411
53419
53453
53495
53497
53513
53522
53605
53618
53630
53657
53662
53729
53753
53774
53804
53816
53888
53912
53918
53935
53937
53957
53966
53976
53992
54001
54004
54011
54001
54119
54124
54143
54197
54206
54212
54208
54227
54217
54248
54263
54269
54293
54299
54333
54353
54370
54369
54392
54518
54524
54704
54809
54911
55040
55051
55058
55178
55257
55292
55295
55301
55365
55376
55373
55403
55583
55607
55613
55753
55775
55835
55841
55904
55949
55961
56044
56096
56138
56149
56225
56321
56380
56389
56452
56445
56514
56590
56672
56693
56702
56720
56741
56843
56881
56960
57002
57007
57020
57113
57275
57290
57314
57318
57336
57380
57416
57458
57464
57554
57584
57611
57615
57641
57680
57692
57707
57743
57756
57806
57872
57881
57922
58107
58280
29754
58307
58309
58319
58322
58340
58365
58442
58475
58481
58487
58493
58528
58574
58592
58602
58650
58661
58902
58909
58997
59072
59141
59169
59180
59198
59285
59302
59402
59450
59466
59498
59514
59528
59582
59600
59606
59615
59626
59641
59646
59672
59679
59697
59716
59757
59768
59769
59779
59783
59841
59864
59868
59885
59892
59907
59973
59992
60086
60092
60118
60200
60206
60221
60224
60239
60245
60272
60278
60335
60362
60383
60392
60457
60488
60524
60533
60536
60533
60540
60548
60540
60563
60584
60623
60647
60671
60677
60698
60738
60765
60776
60821
60833
60847
60930
61040
61145
61154
61190
61192
61193
61197
61210
61209
61287
61367
61379
61387
61406
61419
61426
61430
61436
61463
61472
61493
61529
61538
61544
61550
61562
61568
61595
61601
61607
61624
61688
61699
61721
61736
61755
61757
61761
61781
61812
61818
61825
61834
61850
61875
61919
61952
61985
61988
62000
62012
62013
62036
62054
62052
62130
62156
62210
62252
62297
62308
62315
62327
62329
62420
62445
62478
62489
62487
62510
62515
62543
62588
62599
62627
62631
62639
62708
62726
62631
62735
62747
62750
62756
62777
62867
62877
62909
62930
62951
62969
63017
63045
63059
63066
63069
63074
63069
63080
63095
63155
63192
63196
63227
63236
63263
63281
63337
63341
63350
63385
63407
63428
63455
63476
63482
63494
63502
63516
63529
63545
63568
63581
63590
63599
63690
63791
63821
63824
63833
63842
63848
63884
63897
63932
63956
63985
64016
64040
64046
64072
64085
64130
64143
64170
64173
64218
64249
64253
64266
64303
64316
64315
64352
64373
64376
64396
64402
64409
64481
64496
64493
64531
64538
64573
64587
64617
64622
64637
64642
64635
64653
64706
64722
64745
64766
64805
64842
64782
64863
64902
64905
64991
64994
65078
65087
65108
65112
65114
65126
65171
65263
65275
65285
65298
65448
65466
65504
65612
65648
65686
65757
65769
65784
65886
65934
66017
66050
66056
66068
66083
66134
66188
66218
66239
66278
66302
66440
66519
66658
66848
66896
66923
66961
66986
67088
67100
67115
67232
67244
67265
67310
67361
67366
49516
67424
67439
67457
67647
67757
67763
67769
67835
67850
67853
67934
68081
68094
68150
68186
68220
68247
68258
68285
68290
68330
68329
68336
68329
68348
68366
68393
68402
68426
68450
68477
68528
68549
68579
68603
68615
68624
68645
68672
68693
68697
68726
68741
68753
68765
68798
68808
68828
68834
68864
68820
68915
68924
68940
68951
69041
69059
69194
69206
69312
69320
69362
69377
69386
69392
69413
69443
69467
69499
69518
69536
69554
69572
69596
69614
69644
69650
69644
69683
69691
69732
69761
69770
69794
69896
69902
69962
69971
69974
69980
69990
69993
70041
70079
70111
70131
70160
70137
70196
70208
70220
70313
70316
70329
70337
70342
70370
70429
70481
70484
70481
70511
70526
70631
70670
70737
70777
70785
70794
70832
70862
70887
70904
70919
70950
70968
70979
70998
71033
71037
71061
71096
71102
71107
71147
71170
71177
71170
71191
71277
71285
71297
71378
71392
71445
71471
71480
71555
71570
71619
71786
71816
71873
71918
71959
71957
72040
72128
72138
72173
72198
72209
72288
72305
72329
72366
72386
72398
72584
72605
72631
72647
72644
72671
72746
72887
72908
72971
73094
73156
73157
73156
73178
73277
73343
73370
73379
73388
73401
73415
73424
73439
73463
73484
73485
73490
73520
73518
73525
73583
73649
73655
73664
73699
73710
73721
73769
73877
74018
74061
74112
74117
74112
74129
74162
74157
74168
74189
74198
74213
74237
74394
74426
74473
74474
74503
74510
74531
74549
74561
74574
74577
74593
74619
74661
74729
74750
74780
74810
74839
74852
74878
74904
74929
74948
74991
75009
75023
75050
75056
75092
75107
75134
75140
75146
75161
75170
75194
75218
75225
75242
75254
75260
75294
75296
75312
75332
75240
75338
75353
75380
75407
75413
75506
75519
75529
75578
75619
75656
75704
75713
75710
75743
75767
75800
75806
75619
75825
75851
75872
75920
75998
76067
76075
76151
76198
76191
76218
76229
76271
76292
76301
76304
76306
76308
76373
76394
76401
76418
76448
76442
76478
76494
76517
76589
76568
76596
76605
76583
76625
76631
76695
76781
76790
76793
76805
76811
76824
76832
76850
76862
76876
76888
76919
76924
76944
76982
76987
77030
77048
77086
77093
77102
77142
77150
77201
77216
77222
77230
77267
77303
77326
77347
77374
77480
77516
77524
77569
77574
77642
77645
77665
77681
77687
77696
77732
77645
77741
77768
77787
77814
77822
77828
77843
77852
77867
77872
77882
77892
77906
77925
77933
77939
77945
77957
77980
77996
77999
78010
78016
77996
78059
78095
78107
78117
78140
78173
78179
78199
78228
78239
78286
78294
78336
78353
78372
78368
78434
78440
78557
78605
78635
78687
78701
78737
78760
78796
78809
78817
78844
78854
78866
78869
78873
78869
78878
78884
78890
78896
78902
78917
78925
78964
78971
78980
78971
79001
79014
79066
79106
79127
79136
79150
79154
79172
79201
79213
79226
79256
79294
79361
79373
79379
79391
79403
79412
79465
79488
79519
79541
79552
79612
79616
79631
79669
79701
79786
79825
79837
79868
79883
79925
79935
79959
79968
79973
79980
80014
80027
80084
80089
80108
80130
80089
80240
80238
80249
80261
80267
80300
80306
80329
80330
80438
80318
80465
80477
80475
80480
80481
80523
80526
80538
80573
80597
80611
80673
80675
80690
80747
80765
80780
80801
80810
80822
80849
80879
80871
80901
80909
80927
80999
81077
81084
81103
81125
81152
81161
81190
81117
81198
81217
81239
81281
81283
81347
81368
81386
81401
81407
81431
81438
81494
81495
81515
81551
81588
81647
81680
81699
81708
81728
81804
81839
81843
81869
81896
81920
81947
81959
81965
81977
81983
82007
82038
82058
82083
82144
82151
82179
82238
82263
82265
82283
82298
82319
82328
82358
82382
82421
82460
82481
82499
82547
82580
82598
82637
82660
82703
82709
82748
82765
82781
82790
82832
82833
82841
82857
82898
82985
83008
83015
83024
83043
83051
83045
83061
83095
83153
83156
83153
83204
83252
83258
83269
83340
83363
83375
83452
83500
83576
83621
83639
83666
83675
83687
83696
83702
83714
83720
83774
83920
83969
84011
84032
84053
84056
84067
84113
84117
84176
84221
84284
84288
84296
84314
84332
84405
84450
84467
84482
84485
84478
84494
84499
84500
84509
84551
84574
84579
84624
84636
84644
84657
84703
84696
84728
84809
84860
84877
84872
84888
84911
84917
84954
84993
85024
85025
85043
85055
85083
85086
85148
85157
85191
85217
85215
85226
85239
85261
85263
85306
85307
85343
85364
85388
85434
85437
85439
85437
85454
85497
85506
85523
85544
85556
85604
85631
85667
85676
85704
85808
85838
85922
85989
86033
86034
86045
86060
86099
86108
86112
86172
86220
86045
86228
86312
86319
86345
86346
86395
86403
86412
86493
86511
86519
86550
86552
86600
86660
86675
86699
86714
86744
86783
86812
86814
86825
86839
86974
86986
87017
87032
87110
87119
87126
87146
87143
87162
87203
87218
87239
87295
87329
87380
87389
87400
87415
87428
87427
87436
87462
87470
87485
87496
87500
87504
87527
87560
87674
87683
87707
87705
87723
87731
87761
87776
87815
87851
87854
87912
87938
87953
87998
88016
88073
88079
88087
88117
88119
88127
88142
88159
88229
88233
88320
88346
88366
88420
88451
88520
88644
88661
88703
88721
88805
54370
88843
88890
88907
88910
88907
88925
88930
88934
88961
88973
88979
89003
89025
89067
89090
89103
89138
89135
89154
89159
89186
89201
89243
89261
89342
89360
89383
89405
89430
89454
89464
89513
89529
89579
89584
89594
89630
89636
89650
89675
89681
89687
89693
89705
89711
89729
89735
89766
89798
89800
89807
89819
89852
89917
89897
89935
89938
90081
90117
90125
90134
90191
90227
90230
90232
90254
90266
90284
90296
90298
90296
90309
90338
90344
90368
90476
90530
90590
90596
90604
90623
90662
90680
90697
90739
90740
90749
90806
90842
90929
90956
90979
91019
91036
91049
91061
91067
91073
91090
91097
91109
91118
91160
91163
91169
91177
91199
91217
91229
91293
91320
91319
91315
91333
91355
91404
91414
91431
91507
91508
91529
91535
91538
91550
91584
91673
91759
91763
91781
91820
91859
91877
91940
91964
91971
91990
91992
92021
92033
92036
92075
92090
92150
92153
92159
92157
92171
92201
92234
92245
92294
92300
92311
92323
92324
92335
92357
92366
92401
92420
92435
92467
92468
92467
92489
92507
92509
92525
92567
92581
92619
92714
92726
92801
92825
92831
92879
92877
92905
92924
92930
92949
92999
93026
93059
93104
93149
93173
93187
93236
93244
93258
93284
93293
93332
93350
93371
93418
93440
93445
93429
93467
93475
93512
93524
93596
93600
93640
93642
93683
93695
93693
93722
93757
93801
93812
93856
93865
93889
93897
93915
93962
93998
94010
94014
94017
94067
94078
94094
94104
94109
94136
94145
94190
94196
94247
94281
94289
94301
94352
94386
94403
94434
94481
94541
94571
94589
94619
94634
94638
94661
94697
94715
94736
94748
94763
94817
94828
94880
94902
94907
94964
95048
95192
95249
95291
95324
95408
95459
95495
95531
95537
95567
95582
95603
95651
95663
95729
95733
95737
95753
95804
95912
95963
95990
95991
96002
96017
96019
96048
96089
96134
96164
96194
96221
96260
96283
96303
96332
96322
96378
96380
96528
96540
96553
96584
96608
96606
96632
96647
96659
96660
96677
96686
96696
96713
96738
96776
96791
96854
96860
96929
96944
96966
97001
97040
97046
97070
97081
97082
97151
97160
97178
97265
97271
97313
97343
97385
97433
97485
97506
97595
97632
97664
97718
97736
97745
97764
97763
97925
97964
97962
98021
98042
97917
98041
98054
98090
98095
98105
98216
98256
98270
98345
98351
98360
98376
98432
98425
98448
98456
98448
98486
98437
98484
98488
98500
98511
98517
98525
98555
98624
98684
98720
98729
98768
98782
98783
98782
98792
98882
98885
98920
99014
99061
99069
99101
99116
99138
99146
99139
99176
99244
99279
99338
99356
99381
99383
99391
99405
99488
99491
99527
99563
99692
99787
99814
99905
100073
100082
100220
100289
100298
100434
100445
100475
100493
100498
100524
100542
100553
100557
100663
100697
100742
100749
100850
100895
100907
100975
101012
101066
101128
101141
101147
101168
101177
101186
101217
101237
101243
101255
101222
101327
101351
101387
101415
101453
101459
101471
101480
101496
101564
101567
101603
101605
101613
101630
101645
101646
101651
101666
101672
101711
101752
101810
101828
101858
101915
101871
102245
102383
102392
102440
102481
102593
102611
102641
102664
102665
102664
102698
102749
102785
102794
102798
102857
102862
102866
102875
102883
102914
102935
103001
103019
103091
103121
103094
103178
103208
103256
103274
103280
103286
103325
103334
103358
103364
103397
103433
103440
103479
103499
103565
103613
103631
103751
103763
103775
103783
103826
103836
103835
103848
103853
103928
103934
104075
104147
104179
104174
104220
104266
104348
104364
104413
104451
104501
104535
104561
104624
104654
104795
104817
104825
104855
104902
104922
104946
105032
105080
105092
105141
105308
105271
105428
105436
105440
105578
105684
105722
105806
105812
105929
105932
105944
105947
105980
105982
105986
106007
106049
106061
106151
106160
106166
106325
106342
106379
106377
106421
106457
106583
106595
106619
106706
106751
106787
106811
106839
106901
106940
106955
107003
107030
107060
107067
107144
107170
107386
107456
107464
107627
107648
107663
107738
107744
107751
107876
107948
107164
108023
108143
108158
108179
108241
108239
108273
108287
108299
108305
108301
108299
108306
108320
108491
108527
108557
108569
108614
108619
108635
108692
108709
108767
108866
108941
109001
109029
109064
109094
109124
109191
109193
109217
109218
109259
109403
109505
109556
109571
109613
109640
109652
109658
109718
109727
109744
109775
109800
109808
109800
109835
109916
109943
109958
110016
110109
110134
110173
110177
110189
110195
110204
110222
110244
110249
110298
110339
110355
110357
110355
110360
110369
110387
110411
110432
110486
110495
110510
110579
110609
110654
110690
110752
110774
110816
110831
110837
110846
110861
110873
110874
110891
110892
111006
111077
111092
111110
111132
111133
111221
111249
111260
111263
111359
111371
111418
111425
111443
111458
111503
111506
111558
111608
111722
111863
111967
112004
112142
112208
112218
112352
112409
112457
112440
112472
112622
112646
112655
112664
112722
112742
112940
112952
112955
112964
112976
112994
113006
113061
113066
113072
113171
113174
113155
113198
113228
113246
113252
113282
113297
113377
113396
113402
113432
113492
113525
113645
113711
113765
113783
113858
113900
113907
113938
113942
113938
113949
113976
113981
113996
114008
114041
114046
114114
114126
114197
114233
114234
114263
114323
114332
114333
114375
114376
114398
114425
114449
114485
114504
114531
114542
114545
114554
114558
114569
114578
114605
114611
114653
114674
114692
114722
114728
114761
114767
114773
114815
114857
114878
114882
114907
114926
114930
114989
114995
115059
115064
115068
115110
115127
115137
115145
115215
115230
115247
115265
115059
115280
115298
115306
115352
115376
115394
115416
115445
115487
115535
115586
115592
115607
115655
115682
115687
115727
115745
115757
115763
115769
115790
115799
115792
115805
115832
115884
115889
115891
115910
115922
115949
116071
116096
116186
116219
116309
116330
116336
116432
116467
116498
116499
116562
116579
116588
116658
116684
116720
116759
116791
116792
116791
116805
116921
116981
116997
117026
117035
117053
117059
117083
117131
117149
117206
117226
117266
117276
117332
117368
117407
117413
117433
117460
117479
117484
117548
117583
117677
117676
117744
117806
117812
117843
117845
117843
117857
117867
117927
117929
117944
117936
117993
117998
118002
118034
118049
118067
118073
118104
118123
118127
118149
118177
118184
118259
118284
118286
118298
118313
118316
118346
118364
118400
118412
118520
118553
118565
118561
118569
118592
118649
118661
118685
118728
118734
118698
118780
118781
118811
110244
118817
118858
118865
118890
118895
118937
118981
119054
119069
119115
119150
119148
119216
119246
119279
119339
119364
119406
119420
119434
119498
119510
119552
119588
119591
119588
119636
119645
119660
119708
119720
119741
119771
119792
119804
119817
119837
119870
119909
119924
119941
120000
120020
120052
120093
120098
120157
120174
119941
120189
120197
120204
120212
120281
120355
120359
120377
120395
120464
120502
120509
120510
120509
120529
120556
120569
120575
120586
120594
120605
120629
120638
120734
120800
121019
121046
121088
121124
121142
121154
121166
121232
121280
121307
121426
121445
121475
121560
121587
121598
121622
121640
121708
121718
119491
121754
121790
121817
121826
121856
121862
121868
121873
121883
121934
121937
121957
121997
122003
122009
122018
122030
122045
122052
122083
122090
122083
122117
122129
122139
122160
122177
122183
122216
122217
122228
122331
122339
122384
122447
122486
122564
122729
122741
122777
122795
122825
122866
122885
122951
122976
123008
123065
123078
123101
123134
123273
123277
123283
123287
123305
123306
123314
123341
123362
123410
123428
123433
123443
123488
123548
123564
123609
123614
123646
123652
123667
123680
123699
123737
123778
123797
123818
123824
123857
123887
123941
123950
123959
124006
124021
124040
124142
124139
124181
124208
124277
124310
124354
124361
124392
124442
124455
124483
124484
124493
124556
124586
124595
124625
124640
124646
124686
124715
124745
124755
124784
124820
124892
124940
124994
125057
125075
125087
125141
125204
125237
125253
125255
125288
125295
125302
125363
125390
125439
125447
125450
125481
125515
125565
125571
125591
125657
125663
125694
125699
125740
125768
125774
125792
125798
125804
125828
125830
125847
125849
125826
125867
125942
125972
125977
126004
126002
126080
126086
126101
126123
126146
126164
126170
126200
126203
126200
126228
126230
126228
126226
126245
126256
126299
126350
126368
126389
126404
126437
126446
126453
126488
126514
126566
126620
126674
126690
126695
126707
126716
126719
126748
126776
126812
126875
126921
126933
126972
127037
127043
127041
127061
127058
127103
127110
127118
127131
127178
127187
127196
127244
127256
127334
127421
127499
127535
127547
127556
127568
127599
127601
127739
127784
127850
128051
128035
128054
128064
128076
128093
128108
128120
128147
128162
128177
128184
128192
128265
128327
128340
128354
128357
128384
128462
128504
128597
128642
128632
128651
128658
128672
128715
128737
128777
128774
128951
128959
129043
129086
129107
129116
129203
129233
129247
129287
129422
129428
129434
129461
129533
129548
129686
129714
129725
129754
129794
129800
129845
129891
129917
129891
130052
130247
130274
130286
130304
130360
130415
130500
130532
130535
130542
130565
130592
130688
130706
130889
130897
130910
130928
130993
131000
131042
131126
131178
131186
131192
130993
131208
131237
131247
131273
131309
131366
131380
131453
131460
131495
131522
131612
131699
131759
131789
131802
131828
131858
131864
131902
131963
131990
132185
132209
132410
132433
132434
132520
132587
132665
132710
132777
132785
132995
132997
133154
133211
133215
133238
133295
133331
133367
133416
133427
133511
133550
133574
133656
133673
133679
133684
133685
133703
133746
133758
133820
133835
133847
133853
133856
133880
133894
133898
133958
133983
133991
134031
134046
134054
134073
134102
134123
134144
134156
134189
134226
134249
134261
134354
134363
134369
134411
134441
134447
134459
134483
134497
134544
134551
134603
134657
134693
134717
134793
134864
134885
134912
134930
134973
134981
134987
134996
135009
135011
135036
135044
135050
135058
135072
135123
135144
135173
135179
135036
135188
135200
135212
135217
135233
135257
135263
135272
135302
135311
135347
135353
135365
135406
135437
135464
135473
135542
135571
135583
135604
135617
135625
135644
135650
135668
135675
135682
135683
135698
135713
135727
135734
135739
135779
135782
135788
135786
135829
135845
135857
135878
135829
135876
135923
135921
135956
136038
136082
136154
136167
136199
136198
136226
136224
136298
136332
136340
136385
136401
136416
136440
136448
136451
136471
136550
136562
136589
136610
136625
136648
136670
136679
136718
136743
136800
136822
136875
136883
136886
136898
136940
137060
137088
137144
137177
137195
137236
137249
137279
137306
137315
137333
137345
137351
137372
137419
137442
137456
137516
137552
137563
137625
137870
137874
137895
137917
137910
137975
138005
138003
138006
138005
138052
138099
138143
138166
138227
138243
138257
138261
138290
138317
138324
138353
138369
138387
138404
138435
138448
138446
138530
138561
138566
138581
138599
138605
138662
138704
138714
138734
138743
138875
138962
139064
139076
139085
139103
139114
139139
139217
139427
139447
139487
139557
139622
139673
139757
139768
139789
139829
139921
139932
139964
140054
140075
140102
140141
140234
140243
140247
140267
140285
140348
140432
140439
140489
140504
140529
140538
140579
140663
140673
140738
140768
140888
140918
140960
140972
140981
141036
141059
141104
141161
141172
141187
141188
141187
141255
141286
141311
141338
141356
141419
141429
141455
141469
141626
141701
141717
141746
141860
141932
141944
141986
141998
142023
142029
142106
142194
142344
142355
142344
142361
142553
142589
142601
142691
142727
142748
142767
142781
142793
142798
142802
142832
142767
142833
142850
142856
142889
142904
142910
142934
142940
142946
142970
143015
143087
143097
143126
143169
143186
143222
143234
143273
143277
143298
143309
143318
143336
143391
143427
143439
143464
143474
143507
143554
143564
143554
143568
143582
143588
143627
143654
143681
143690
143700
143709
143726
143709
143732
143746
143825
143904
143940
143942
143940
143943
143940
143964
143965
143964
143996
144008
144029
144038
144047
144065
144068
144083
144092
144095
144101
144119
144095
144130
144164
144167
144176
144183
144215
144239
144279
144305
144317
144343
144368
144431
144428
144437
144454
144452
144464
144489
144506
144554
144640
144755
144792
144827
144845
144893
144906
145067
145089
145098
145155
145192
145155
145229
145271
145301
145307
145367
145379
145391
145403
145472
145496
145589
145598
145664
145749
145752
145763
145799
145810
145884
145914
145937
145961
145970
146027
146056
146060
146078
146117
146198
146240
146267
146276
146295
146317
146327
146408
146423
146468
146519
146546
146600
146693
146702
146701
146655
146753
146771
146774
146780
146786
146841
146861
146879
146924
146928
146960
146970
146990
147049
147338
147344
147395
147419
147443
147476
147492
147500
147542
147581
147590
147596
147629
147638
147644
147656
147660
147694
147731
147786
147840
147863
147935
145155
147968
147972
147974
147972
148097
148121
148193
148355
148376
148382
148404
148445
148505
148547
148673
148877
148898
149033
149084
149143
149132
149177
149198
149234
149252
149294
149348
149366
149423
149753
149816
149867
149906
149922
149933
149926
149969
150012
150053
150073
150083
150098
150113
150158
150170
150203
150209
150242
150240
150260
150263
150266
150278
150326
150337
150336
150426
150443
150502
150569
150617
150629
150650
150681
150707
150710
150732
150733
150760
150786
150796
150824
150849
150873
150933
150965
151024
151107
151146
151152
151184
151193
151256
151308
151355
151366
151369
151397
151447
151466
151483
151526
151541
151553
151574
151620
151629
151652
151676
151682
151695
151721
151739
151766
151817
151823
151859
151891
152036
152126
152101
152164
152167
152180
152192
152247
152249
152247
152259
152246
152306
152326
152336
152341
152360
152369
152372
152387
152399
152410
152615
152658
152684
152720
152780
152846
152855
152906
152978
153029
153146
153144
153185
153281
153297
153362
153366
153401
153405
153437
153452
153456
153458
153456
153495
153503
153526
153548
153563
153569
153575
153601
153659
153671
153752
153785
153805
153821
153836
153842
153848
153878
153884
153896
153903
153908
153923
153935
153965
153992
154004
154010
154029
154055
154078
154091
154105
154118
154136
154135
154169
154179
154198
154199
154219
154244
154289
154319
154315
154325
154337
154382
154400
154406
154418
154454
154460
154464
154509
154613
154631
154684
154703
154799
154834
154854
154851
154883
154916
154955
154988
155030
155037
155046
155075
155081
155087
155216
155242
155315
155331
155348
155447
155471
155507
155513
155537
155678
155693
155708
155712
155726
155774
155965
155983
156014
156050
156110
156117
156123
156219
156235
156281
156296
156423
156449
156488
156521
156551
156557
156585
156593
156647
156670
156683
156699
156761
156780
156811
156848
156863
156873
156878
156884
156946
156950
156956
156962
156976
157009
157046
157064
157070
157076
157082
157115
157121
157145
157160
157175
157187
157191
157202
157212
157247
157271
157286
157292
157306
157315
157322
157328
157352
157409
157505
157523
157586
157622
157670
157694
157719
157760
157774
157808
157826
157837
157886
157976
158000
158004
158042
158087
158082
158086
158082
158136
158141
158180
158237
158283
158339
158363
158369
158378
158393
158394
158417
158426
158450
158462
158476
158489
158510
158561
158584
158605
158639
158632
158637
158722
158813
158831
158837
158858
158867
158877
158924
158935
158937
158939
158935
158937
158951
158990
159008
159032
159085
159086
159085
159107
159104
159121
159149
159158
159197
159212
159219
159230
159254
159323
159336
159362
159346
159368
159410
159427
159459
159528
159584
159590
159614
159620
159621
159635
159641
159656
159668
159677
159733
159741
159767
159776
159780
159803
159836
159842
159858
159912
159928
159926
159941
159973
159985
159992
160035
160085
160100
160160
160166
160178
160208
160214
160286
160322
160348
160382
160397
160409
160408
160463
160523
160590
160646
160652
160670
160676
160682
160711
160715
160721
160781
160793
160859
160882
160885
160937
160960
161009
161021
161035
161033
161043
161063
161072
161081
161087
161096
161108
161114
161135
161163
161189
161201
161243
161313
161376
161395
161424
161457
161577
161622
161663
161717
161781
161885
161891
161898
161885
161951
161960
162181
162183
162181
162221
162249
162289
162326
162353
162384
162390
162391
162413
162467
162479
162501
162530
162575
162629
162656
162665
162809
162863
162917
162938
162965
162966
162998
163043
163072
163139
163145
163184
163209
163168
163222
163226
163244
163251
163331
163337
163343
163349
163466
163488
163508
163544
163553
163561
163625
163649
163708
163733
163737
163743
163772
163818
163846
163898
163922
163931
163946
163955
163991
164007
164015
164069
164109
164110
164125
164129
164143
164183
164193
164201
164251
164252
164262
164276
164282
164318
164324
164414
164459
164519
164520
164555
164636
164684
164693
164756
164792
164819
164837
164846
164849
164873
164876
164912
164914
164987
163725
165020
165044
165080
165239
165317
165362
165434
165437
165479
165490
165500
165510
165530
165531
165566
165581
165612
165614
165637
165675
165707
165709
165758
165825
165858
165945
166064
166076
166139
166163
166250
166271
166292
166322
166357
166370
166376
166388
166424
166446
166484
166505
166543
166586
166592
166598
166685
166823
166846
166892
166910
166922
166982
167003
167010
167063
167066
167099
167103
167108
167126
167173
167197
167249
167291
167297
167351
167369
167375
167402
167511
167537
167561
167627
167672
167738
167844
167956
167985
168008
168029
168080
168127
168209
168215
168224
168344
168350
168356
168398
168413
168440
168458
168467
168482
168509
168533
168551
168583
168602
168608
168623
168635
168659
168664
168671
168691
168707
168722
168734
168721
168773
168794
168810
168902
168944
168992
168998
169019
169053
169056
169103
169165
169197
169202
169197
169238
169247
169262
169334
169349
169409
169415
169421
169433
169453
169457
169475
169532
169475
169538
169547
169556
169586
169598
169646
169652
169664
169682
169697
169709
169722
169769
169826
169836
169890
169925
169931
170010
170030
170060
170070
170115
170156
170177
170261
170270
170297
170303
170324
170387
170393
170510
170525
170546
170552
170564
170573
170579
170598
170660
170713
170722
170724
170731
170760
170783
170788
170819
170825
170830
170724
170842
170852
170888
170913
170948
170990
170999
171023
171059
171101
171107
171128
171185
171189
171195
171205
171211
171218
171195
171278
171317
171377
171444
171456
171468
171480
171485
171507
171557
171563
171573
171584
171592
171665
171680
171701
171707
171722
171752
171782
171806
171860
171905
171944
172022
172043
172055
172145
172160
172181
172196
172211
170346
172241
172334
172350
172358
172368
172412
172480
172484
172480
172496
172541
172559
172589
172595
172598
172607
172617
172626
172655
172679
172700
172748
172752
172904
172925
172946
172961
172981
173015
173058
173072
173108
173196
173210
173250
173292
173348
173390
173428
173470
173480
173510
173540
173603
173615
173672
173678
173687
173696
173714
173744
173837
173924
173948
173978
174014
174050
174092
174146
174092
174158
174258
174269
174311
174316
174425
174442
174500
174532
174722
174833
174868
174873
174878
174891
174905
174977
174983
174989
175001
175019
175025
175070
175103
175112
175148
175211
175232
175290
175319
175346
175466
175481
175493
175532
175536
175295
175574
175587
175589
175587
175599
175634
175648
175670
175685
175723
175787
175799
175815
175871
176051
176053
176279
176315
176333
176468
176507
176519
176531
176558
176570
176681
176789
176837
176902
176921
176927
176954
177014
177104
177138
177191
177204
177239
177245
177249
177251
177260
177275
177287
177305
177425
177584
177605
177727
177740
177857
177983
178034
178049
178118
178124
178154
178190
178211
178229
178272
178275
178280
178292
178296
178305
178301
178323
178358
178370
178420
178440
178553
178584
178652
178667
178685
178730
178743
178752
178785
178802
178871
178877
178883
178892
178912
178930
178967
178994
179012
179030
179042
179054
179056
179116
179132
179158
179189
179195
179212
179219
179254
179264
179285
179291
179312
179318
179332
179345
179351
179384
179411
179435
179456
179486
179531
179576
179581
179609
179639
179645
179657
179669
179738
179759
179780
179784
179814
179816
179837
179863
179928
179945
179988
179977
180009
179977
180260
180281
180316
180304
180329
180338
180359
180365
180401
180431
180437
180449
180455
180461
180464
180461
180473
180498
180500
180509
180533
180531
180538
180545
180557
180562
180563
180562
180596
180605
180641
180647
180653
180662
180680
180681
180680
180698
180707
180734
180735
180740
180735
180734
180753
180758
180764
180773
180797
180802
180813
180824
180833
180842
180859
180866
180889
180900
180995
181005
181010
181046
181072
181079
181121
181157
181202
181301
181316
181358
181391
181409
181415
181427
181485
181517
181546
181562
181561
181577
181667
181676
181668
181678
181696
181709
181787
181807
181309
181833
181877
181895
181907
181925
181934
181967
181988
181999
182009
182024
182036
182045
182063
180605
182078
182111
182148
182198
182270
182288
182296
182294
182300
182318
182324
182341
182385
182391
182411
182423
182424
182423
182429
182437
182441
182456
182461
182498
182549
182555
182631
182654
182724
182739
182743
182780
182803
182822
182867
182872
182879
182900
182927
182963
182966
182976
182998
183059
183094
183109
183110
183109
183136
183203
183222
183237
183246
183279
183389
183393
183396
183404
183446
183461
183497
183503
183509
183527
183529
183635
183641
183686
183786
183822
183845
183857
183866
183884
183929
183941
183947
183999
184004
184011
184058
184099
184112
184122
184184
184274
184313
184319
184373
184406
184414
184412
184454
184466
184472
184511
184527
184535
184592
184600
184614
184709
184715
184748
184769
184839
184865
184869
184883
184889
184930
184942
184967
184976
184982
184997
185006
185027
185045
185063
185078
185093
185111
185173
185204
185237
185249
185276
185280
185321
185461
185460
185504
185522
185534
185543
185562
185600
185621
185630
185714
185654
185726
185747
185753
185759
185818
185897
185906
185960
185952
185976
186070
186106
186113
186111
186119
186118
186149
186216
186236
186309
186314
186320
186344
186353
186328
186355
186328
186359
186407
186422
186425
186437
186443
186441
186449
186470
186516
186524
186669
186701
186712
186770
186785
186794
186859
186872
186902
186896
186919
186575
186926
186929
186926
186941
186959
187012
187139
187185
187213
187233
187337
187357
187388
187421
187454
187478
187511
187553
187562
187607
187613
187682
187739
187829
187851
187949
187995
188042
188054
188084
188091
188123
188189
188231
188312
188342
188381
188390
188396
188475
188564
188570
188582
188597
188615
188621
188654
188690
188741
188759
188816
188849
188858
188864
188912
189002
189008
189042
189050
189062
189074
189197
189224
189311
189317
189383
189391
189413
189489
189552
189560
189596
189655
189661
189671
189676
189684
189701
189713
189755
189761
189767
189811
189848
189872
189878
189923
189927
189946
189964
189974
189984
189985
190019
190055
190073
190113
190162
190196
190199
190200
190277
190372
190374
190383
190420
190421
190440
190463
190514
190520
190526
190541
190553
190589
190658
190682
190694
190706
190736
190787
190793
190862
190854
190874
190886
190937
191094
191102
191153
191195
191232
191245
191262
191294
191306
191326
191358
191360
191358
191387
191396
191414
191423
191450
191465
191508
191540
191582
191591
191606
191617
191693
191699
191756
191801
191898
191916
191921
191930
191966
191984
191993
192038
192056
192059
192065
192101
192106
192119
192128
192130
192134
192152
192154
192242
192260
192284
192286
192302
192341
192392
192396
192403
192440
192446
192487
192488
192503
192519
192551
192578
192590
192617
192634
192656
192665
192674
192680
192710
192716
192725
192743
192758
192745
192762
192776
192812
192819
192821
192827
192830
192845
192860
192895
192935
192980
192995
193034
193040
193100
193125
193115
193207
193220
193241
193256
193266
193286
193301
193355
193463
193518
193544
193555
193577
193601
193619
193652
193673
193679
193691
193700
193754
193796
193802
193854
193859
193868
193988
194030
194114
194118
194134
194141
194151
194190
194196
194249
194256
194320
194334
194343
194360
194369
194388
194396
194408
194417
194429
194427
194441
194468
194474
194480
194492
194522
194567
194642
194647
194657
194667
194696
194741
194774
194821
194852
194864
194893
194912
194983
195073
195074
195073
195137
195143
195173
195212
195226
195238
195248
195260
195265
195317
195336
195374
195387
195404
195489
195575
195579
195659
195698
195725
195824
195830
195836
195878
195884
195899
195911
195926
195932
195991
196100
196106
196130
196148
196217
196253
196272
196295
196328
196334
196451
196466
196484
196556
196583
196650
196661
196706
196722
196754
196766
196826
196994
197063
197117
197132
197153
197193
197216
197291
197377
197389
197408
197417
197513
197549
197576
197628
197663
197789
197804
197831
197879
197897
197900
197898
197906
197945
197984
197988
198008
198012
198017
198014
198029
198056
198062
198059
198140
198164
198173
198196
198224
198242
198287
198296
198308
198335
198337
198368
198389
198426
198449
198473
198509
198515
198545
198566
198593
198599
198623
198629
198635
198647
198726
198748
198770
198473
198776
198774
198788
198818
198869
198876
198871
198884
198929
198932
198956
198965
198977
198995
199004
199019
199042
199049
199070
199109
199127
199220
199215
199257
199265
199267
199276
199281
199298
199304
199332
199364
199397
199406
199424
199430
199457
199472
199496
199511
199520
199523
199529
199515
199547
199568
199630
199700
199706
199727
199733
199773
199782
199801
199802
199811
199832
199833
199839
199851
199858
199871
199889
199907
199913
199937
199943
199958
199975
200007
200035
200063
200078
200129
200135
200150
200156
200168
200195
200243
200252
200282
200300
200307
200309
200307
200356
200360
200356
200372
200436
200464
200471
200498
200556
200558
200556
200578
200588
200603
200624
200657
200678
200714
200726
200750
200749
200761
200749
200771
200897
200901
200936
200986
200993
201029
201040
201044
201183
201205
201248
201275
201300
201310
201326
201329
201334
201344
201401
201406
201407
201414
201381
201422
201506
201548
201587
201610
201635
201679
201680
201677
201679
201691
201708
201724
201739
201743
201785
201794
201839
201836
201842
201877
201919
202028
202043
202052
202079
202137
202197
202204
202206
202283
202331
202337
202340
202358
202409
202415
202433
202439
202523
202513
202553
202577
202581
202614
202646
202658
202667
202684
202728
202780
202805
202871
202919
202949
202973
202991
203018
203024
203028
203069
203075
203102
203160
203172
203186
203201
203280
203315
203328
203357
203367
203435
203462
203489
203595
203605
203630
203642
203657
203663
203720
203747
203765
203783
203843
203840
203846
203878
203909
203948
203960
203996
204002
204061
204117
204191
204197
204203
204215
204221
204230
204257
204284
204307
204334
204356
204365
204366
204423
204482
204491
204527
204549
204554
204560
204558
204578
204596
204623
204642
204659
204710
204714
204716
204717
204728
204749
204767
204762
204766
204761
204762
204800
204813
204819
204821
204819
204836
204879
204935
204933
204956
204972
204915
204983
204989
205004
205000
205007
205016
205038
205064
205070
205094
205106
205241
205256
205298
205314
205328
186344
205334
205340
205342
205352
205354
205389
205458
205478
205499
205511
205547
205581
205601
205624
205639
205664
205666
205694
205707
205718
197979
205727
205707
205763
205769
205775
205796
205769
205798
205912
205931
205961
206113
206048
206144
206156
206154
206164
206258
206273
206426
206432
206585
206601
206604
206618
206639
206645
206688
206777
206876
206906
207020
207039
207073
207158
207194
207221
207227
207245
207285
207305
207374
207386
207413
207419
207425
207440
207455
207653
207671
207725
207731
207776
207782
207794
207842
207872
207911
207923
207929
208004
208016
208064
208082
208094
208130
208160
208166
208182
208190
208269
208296
208343
208341
208342
208355
208361
208365
208410
208424
208475
208481
208506
208526
208544
208568
208589
208590
208611
208658
208659
208664
208673
208680
208695
208712
208724
208736
208745
208772
208814
208886
208915
208913
208982
209000
209010
209018
209033
209048
209060
209093
209132
209137
209171
209177
209220
209235
209191
209276
209308
209316
209321
209336
209346
209386
209390
209401
209416
209453
209500
209502
209633
209636
209638
209636
209649
209702
209717
209727
209744
209756
209762
209768
209780
209786
209816
209824
209836
209888
209893
209894
209906
209930
209953
209974
209994
210004
210039
210078
210066
210158
210285
210295
210314
210312
210407
210417
210422
210443
210465
210473
210485
210509
210518
210542
210593
210599
210608
210632
210647
210780
210786
210863
210870
210888
210899
210908
210917
210921
210950
210965
210972
210983
210992
210998
211049
211058
211080
211088
211104
211255
211253
211261
211262
211280
211301
211313
211340
211388
211420
211438
211454
211484
211523
211541
211533
211556
211607
211643
211664
211739
211757
211781
211787
211793
211823
211850
211943
211958
211964
211958
211973
212018
212036
212051
212130
212147
212195
212219
212226
212348
212385
212429
212450
212525
212621
212636
212642
212669
212681
212684
212687
212733
212747
212746
212762
212816
212834
212876
212890
212888
212894
212888
212900
212946
212950
212990
213029
212223
212998
213092
213101
213103
213105
213140
213146
213152
213202
213209
213181
213186
213314
213341
213356
213368
213349
213371
213385
213398
213404
213419
213429
213434
213446
213467
213503
213542
213566
213602
213653
213681
213686
213727
213749
213758
213781
213815
213872
213881
213899
213904
213941
213962
213978
214000
214118
214132
214139
214175
214187
214191
214254
214305
214406
214421
214451
214535
214613
214646
214658
214683
214715
214716
214735
214749
214769
214775
214833
214838
214852
214853
214875
214919
214983
214999
214998
215054
215110
215129
215135
215141
215159
215186
215195
215237
215246
215276
215284
215384
215387
215405
215420
215491
215531
215534
215633
215656
215663
215732
215792
215813
215834
215840
215861
215879
215921
215925
215970
216000
216012
216017
216029
216142
216176
216191
216203
216205
216221
216251
216283
216293
216323
216335
216434
216459
216463
216473
216513
216519
216534
216552
216581
216591
216608
216656
216682
216716
216722
216731
216926
216935
216941
216950
216967
217001
217031
217040
217091
217090
217097
217154
217163
217181
217253
217254
217262
217254
217253
217268
217283
217325
217331
217337
217343
217364
217496
217544
217568
217574
217595
217646
217691
217703
217713
217742
217778
217844
217886
217904
217922
218030
218055
218120
218153
218192
218210
218240
218258
218276
218321
218384
218392
218449
218558
218596
218721
218735
218759
218771
218828
218834
218870
218882
218975
219005
219014
219087
219158
219176
219180
219218
219213
219242
219272
219290
219311
219317
219326
219335
219353
219359
219365
219382
219425
219470
219472
219491
219512
219545
219590
219611
219623
219665
219749
219760
219425
219758
219425
219854
219863
219889
220007
220094
220154
220193
220281
220319
220373
220415
220442
220458
220475
220619
220643
220757
220883
220888
220946
220953
220965
220979
221004
221024
221086
221114
221119
221126
221246
221267
221275
221306
221312
221387
221420
221507
221513
221528
221534
221561
221610
221637
221696
221736
221777
221816
221859
221864
221976
222212
222548
222709
222920
222932
222986
222992
223007
223016
223034
223037
223073
223079
223102
223123
223121
223223
223261
223258
223274
223277
223298
223333
223382
223424
223436
223445
223459
223480
223517
223523
223621
223634
223640
223644
223696
223745
223790
223910
224042
224049
224116
224261
224273
224309
224305
224317
224375
224530
224546
224549
224558
224574
224576
224574
224648
224653
224678
224695
224721
224738
224752
224776
224781
224799
224801
224799
224803
224813
224799
224801
224803
224936
225077
225231
225235
225263
225347
225393
225401
225436
225466
225526
225550
225653
225731
225780
225815
225854
225899
225950
226006
226025
226029
226037
226074
226084
226091
226115
225847
226092
226136
226157
226105
226166
226178
226256
226281
226292
226312
226322
226334
226358
226492
226507
226528
226574
226340
226583
226637
226646
226644
226660
226670
226679
226697
226739
226754
226777
226823
226829
226858
226862
226943
226961
227153
227163
223333
227204
227219
227233
227242
227297
227342
227360
227386
227403
227501
227555
227649
227663
227687
227712
227738
227762
227801
227852
227859
227873
227899
227921
227957
227969
227978
227984
228005
228014
228134
228143
228158
228227
228230
228272
228383
228440
228471
228725
228740
228779
228809
228830
228875
228880
228885
228904
228938
229007
229022
229026
229046
229061
229073
229094
229133
229128
229142
229157
229158
229184
229176
229232
229271
229285
229316
229340
229358
229373
229409
229455
229472
229554
229606
229649
229652
229658
229712
229721
229738
229754
229760
229820
229839
229852
229889
229994
230141
230178
230213
230231
230297
230303
230403
230417
230477
230479
230477
230495
230504
230516
230530
230579
230591
230606
230638
230663
230669
230674
230659
230684
230708
230738
230756
230780
230837
230864
230879
230885
230891
231002
231041
231068
231074
231180
231193
231212
231233
231245
231267
231284
231295
231318
231341
231347
231353
231363
231365
231373
231506
231512
231518
231525
231536
231548
231587
231692
231802
231890
231965
232025
232031
232044
232086
232112
232163
232169
232226
232244
232326
232435
232500
232547
232585
232608
232673
232691
232718
232745
232774
232781
232904
233001
233012
233042
233048
233054
233141
233162
233273
233315
233378
233501
233549
233554
233582
233603
233636
233642
233648
233697
233753
233790
233795
233820
233846
233879
233918
233944
233990
234014
234041
234119
234131
234152
234172
234185
234187
234205
234221
234267
234293
234305
234317
234349
234375
234401
234403
234419
234437
234467
234485
234509
234533
234551
234563
234581
234616
234647
234704
234797
234869
234885
234895
234885
234974
235001
235031
235062
235064
235062
235084
235132
235147
235153
235166
235231
235265
235280
235328
235352
235420
235414
235425
235428
235445
235455
235493
235589
235667
235749
235835
235838
235940
235989
236015
236081
236135
236144
236194
236257
236267
236288
236292
236336
236342
236351
236399
236450
236480
236495
236522
236540
236549
236522
236588
236638
236631
236636
236714
236741
236795
236782
236793
236813
236819
236900
236912
236948
236949
236952
237041
237080
237092
237161
237251
237296
237341
237351
237356
237362
237432
237437
237456
237458
237605
237623
237677
237697
237716
237731
237765
237809
237833
237854
237860
237893
237962
237993
238028
238031
238028
238048
238157
238169
238205
238269
238299
238322
238358
238422
238626
238700
238919
239045
239338
239348
239516
239534
239628
239657
239732
239750
239801
239825
239881
239902
239935
239958
239966
240008
240018
240038
240053
240164
240202
240227
240233
240266
240296
240326
240335
240350
240356
240368
240409
240413
240443
240449
240455
240483
240485
240483
240487
240563
240597
240615
240632
240710
240740
240767
240813
240881
240889
240965
241000
241016
241114
241130
241164
241227
241265
241285
241451
241464
241470
241577
241615
241625
241635
241649
241661
241667
241666
241715
241751
241754
241751
241758
241769
241785
241802
241820
241829
241910
241922
241991
242077
242096
242102
242114
242119
242123
242171
242169
242179
242190
242250
242254
242271
242306
242351
242366
242387
242393
242406
242414
242422
242456
242462
242637
242658
242697
242804
242918
242919
242936
242957
242975
243012
243028
243012
243140
243152
243158
243191
243201
243239
243251
243281
243293
243300
243336
243426
243439
243450
243464
243516
243635
243648
243653
243675
243677
243683
243675
243677
243699
243764
243773
243803
243939
244004
244017
244067
244151
244160
244202
244220
244235
244280
244299
244324
244373
244391
244502
244517
244532
244530
244553
244583
244593
244620
244628
244674
244696
244834
244871
244886
244952
244979
245030
245036
245069
245102
245108
245120
245132
245138
245163
245210
245225
245223
245243
245249
245243
245294
245333
245357
245384
245393
245411
245438
245490
245516
245553
245560
245604
245612
245609
245615
245627
245658
245687
245729
245774
245796
245824
245834
245840
245868
245866
245888
245900
245906
245925
245948
245957
245963
245960
245996
246011
246016
246042
246047
245957
246080
246086
246122
246149
246190
246197
246223
246266
246308
246320
246338
246357
246404
246416
246426
246466
246515
246537
246575
246587
246683
246695
246721
246748
246752
246357
246745
246800
246783
246805
246878
246947
246953
246965
246971
246977
246989
247011
247043
247049
247202
247207
247230
247259
247277
247274
247283
247349
247379
247385
247445
247454
247491
247574
247617
247643
247811
247810
247823
247829
247835
247841
247847
247922
247964
247982
247991
248025
248022
248042
248081
248123
248156
248168
248354
248408
248412
248475
248507
248532
248576
248596
248626
248695
248777
248807
248811
248837
248993
249058
249083
249112
249117
249155
249177
249191
249218
249302
249335
249350
249404
249431
249424
249443
249455
249464
249497
249529
249550
249553
249569
249602
249650
249677
249683
249677
249704
249725
249763
249794
249800
249877
249886
249889
249899
249912
249969
249982
250013
250029
250031
250029
250106
250130
250145
250151
250163
250169
250175
250217
250238
250250
250258
250284
250307
250322
250337
250462
250517
250513
250619
250635
250637
250646
250652
250672
250685
250672
250674
250697
250741
250769
250775
250793
250817
250838
250874
250895
250905
250907
250905
250920
250928
250966
250970
250966
250976
250982
251009
251039
251063
251111
251117
251123
251204
251213
251243
251249
251255
251294
251317
251360
251372
251423
251495
251501
251540
251561
216682
251588
251608
251618
251638
251648
251657
251744
251777
251783
251790
251829
251831
251829
251837
251894
251924
251957
251990
251994
252026
252053
252104
252122
252194
252198
252201
252236
252242
252248
252259
252277
252341
252346
252380
252454
252530
252536
252551
252570
252581
252582
252638
252661
252677
252700
252707
252721
252736
252755
252777
252800
252822
252834
252920
253107
253125
253127
253125
253129
253154
253184
252584
253205
253212
253215
253265
253271
253293
253301
253316
253331
253398
253460
253483
253493
253482
253494
253514
253580
253586
253613
253640
253643
253684
253724
253762
253772
253821
253832
253844
253856
253871
253874
253916
253922
253929
253970
253976
253994
254015
254029
254054
254078
254081
254099
254108
254147
254186
254200
254226
254229
254240
254257
254279
254336
254372
254382
254417
254435
254495
254534
254538
254765
254774
254780
254792
254804
254834
254853
254876
255011
255068
255080
255102
255120
255132
255189
255197
255239
255245
255257
255267
255280
255320
255339
255365
255385
255383
255398
255449
255442
255488
255474
255506
255505
255566
255584
255590
255614
255639
255669
255671
255731
255755
255779
255781
255793
255842
255929
256007
256091
256106
256221
256247
256280
256286
256319
256405
256484
256490
256636
256677
256688
256697
256728
256853
256864
256871
256878
256937
256942
257012
257046
257144
257216
257222
257238
257363
257414
257435
257452
257516
257561
257611
257651
257687
257699
257713
257792
257806
257825
257843
257861
257870
258028
258089
258095
258104
258143
258182
258206
258215
258257
258281
258290
258377
258413
258419
258435
258443
258548
258559
258599
258638
258662
258674
258719
258749
258783
258794
258809
258872
258970
258984
259013
259019
259083
259101
259102
258978
259101
259114
259145
259162
259194
259220
259215
259232
259238
259268
259277
259283
259319
259325
259339
259343
259386
259467
259574
259655
259664
259676
259735
259819
259829
259901
259912
259994
260000
260048
260000
260093
260100
260144
260159
260169
260177
260183
260210
260234
260243
260297
260305
260325
260342
260352
260378
260432
260438
260450
260453
260459
260471
260486
260489
260498
260507
260513
260537
260558
260576
260588
260597
260606
260627
260675
260705
260717
260726
260747
260753
260789
260816
260831
260845
260885
260954
261023
261056
261110
261132
261201
261209
261245
261263
261305
261329
261333
261368
261407
261458
261593
261610
261636
261776
261597
261800
261838
261835
261844
261890
261923
261929
262031
262040
262067
262116
262142
262157
262206
262223
262256
262265
262295
262310
262312
262310
262340
262370
262381
262391
262381
262433
262441
262490
262496
262505
262520
262533
262556
262598
262640
262649
262673
262704
262799
262895
262901
262900
262967
263009
263015
263013
263021
263033
263049
263054
263090
263105
263090
263111
263130
263141
263139
263147
263153
263222
263228
263291
263303
263306
263303
263312
263358
263384
263396
263525
263523
263545
263619
263825
263849
263861
263888
263903
263943
263949
263969
263968
263977
264014
264027
264041
264027
264046
264047
264101
264104
264101
264116
264155
264167
264179
264239
264242
264255
264261
264279
264313
264323
264354
264387
264398
264405
264536
264539
264593
264599
264644
264662
264671
264692
264733
264789
264826
264837
264893
264906
264957
265048
265072
265103
265166
265190
265196
265216
265244
265280
265286
265334
265364
265373
265403
265421
265481
265487
265514
265535
265538
265542
265547
265654
265820
265842
265846
265862
265865
265884
265901
265958
265967
266010
266045
266126
266240
266294
266312
266321
266333
266344
266399
266429
266486
266492
266580
266594
266617
266630
266708
266714
266706
266723
266761
266771
266810
266840
266883
266903
266976
266975
266989
266999
267046
267057
267089
267131
267149
267179
267215
267257
267284
267288
267308
267329
267342
267384
267395
267384
267404
267446
267468
267475
267500
267504
267577
267612
267632
267659
267680
267686
267688
267695
267725
267752
267773
267828
267839
267872
267911
267939
267959
268028
268058
268065
268087
268086
268094
268147
268178
268202
268235
268247
268253
268259
268265
268304
268322
268349
268398
268416
268424
268445
268504
268511
268529
268570
268574
268582
268616
268661
268688
268694
268712
268739
268790
268812
268856
268863
268883
268889
268911
268912
268943
268952
268985
268994
269018
269022
269028
269040
269102
269120
269180
269192
269196
269222
269262
269270
269288
269336
269377
269387
269395
269423
269444
268419
269465
269483
269705
269727
269747
269753
269779
269802
269769
269808
269815
269816
269808
269826
269828
269826
269858
269870
269879
269897
269939
270001
270008
270022
270086
270125
270128
270173
270190
270194
270206
270253
270287
270322
270326
270322
270357
270392
270397
270400
270422
270482
270556
270655
270632
270654
270662
270692
270719
270803
270815
270814
270899
270904
270959
270968
270983
271007
271022
271028
271040
271091
271112
271130
271136
271160
271133
271203
271211
271218
271229
271268
271277
271295
271301
271352
271203
271388
271412
271421
271496
271520
271548
271554
271556
271569
271610
271647
271667
271703
271749
271788
271819
271556
271869
271895
271930
271936
271910
271949
271967
272036
272034
272057
272085
271877
272086
271877
272120
272153
272159
272195
272222
272333
272339
272387
272396
272402
272450
272531
272552
272561
272576
272588
272606
272608
272612
272621
272630
272664
272705
272710
272711
272710
272732
272765
272776
272789
272801
272894
272938
272894
273020
273018
273028
273051
273068
273149
273153
273161
273188
273203
273332
273351
273425
273449
273473
273484
273488
273502
273515
273521
273528
273568
273602
273646
273650
273659
273686
273698
273719
273731
273747
273785
273797
273823
273884
273938
273968
274019
274085
274221
274241
274330
274358
274484
274544
274664
274694
274696
274706
274725
274730
274745
274763
274822
274831
274835
274895
274924
274928
274934
274940
274947
274976
274990
274998
275034
275123
275181
275198
275246
275252
275283
275288
275307
275357
275378
275552
275615
275630
275639
275648
275663
275661
275699
275715
275737
275715
275762
275776
275774
275871
275903
275920
275948
276135
276143
276191
276260
276305
276359
276461
276488
276509
276585
276599
276634
276642
276662
276688
276675
276757
276675
276766
276772
276858
276902
276929
276944
276948
276997
277010
277034
277044
277064
277075
277088
277124
277139
277143
277175
277220
277242
277265
277284
277298
277284
277337
277554
277566
277610
277676
277682
277757
277768
277773
277774
277785
277796
277817
277861
277883
277880
277982
278009
278015
278021
278057
278120
278127
278165
278171
278206
278248
278376
278425
278534
278600
278584
278651
278665
278681
278696
278735
278744
278778
278784
278810
278819
278858
278912
278920
278980
278989
278995
279062
279092
279128
279122
279140
279152
279179
279209
279248
279284
279336
279338
279336
279368
279423
279449
279455
279514
278660
279731
279894
279911
279959
280004
280022
280118
280151
280187
280208
280229
280247
280286
280316
280350
280385
280397
280460
280478
280571
280569
280589
280586
280719
280799
280750
280823
280878
280881
280919
280982
281051
281072
281090
281099
281117
281240
281303
281345
281364
281410
281493
281558
281564
281570
281577
281625
281636
281660
281711
281726
281765
281777
281781
281807
281828
281860
281966
281984
281990
282005
282023
282038
282079
282162
282218
282242
282263
282269
282278
282305
282329
282339
282362
282368
282380
282407
282443
282455
282500
282581
282686
282752
282830
282862
282869
282873
282786
282878
282883
282896
282862
282938
282962
283004
283088
283187
283243
283283
283328
283358
283388
283409
283469
283505
283511
283526
283612
283634
283676
283937
284000
284170
284252
284276
284328
284384
284435
284501
284514
284531
284555
284567
284582
284594
284615
284621
284633
284654
284697
284736
284762
284788
284822
284831
284915
284928
284963
284984
285062
285071
285083
285104
285120
285178
285188
285200
285257
285272
285278
285392
285407
285413
285467
285490
285581
285674
285677
285674
285721
285734
285755
285752
285749
285758
285779
285899
285905
285946
285999
286190
286207
286360
286403
286413
286439
285728
286448
286476
286489
286499
286522
286532
286522
286545
286577
286586
286631
286633
286640
286736
286756
286777
286784
286783
286886
286918
286933
287009
287021
287156
287237
287244
287281
287319
287418
287444
287456
287495
287534
287558
287669
287678
287708
287792
287798
287819
287831
287885
287906
287936
287942
287948
287982
288020
288083
288104
288147
288171
288176
288197
288242
288266
288437
288478
288521
288533
288590
288656
288692
288726
288773
288782
288788
288845
288842
288854
288875
288909
288917
288952
288980
288992
289178
289234
289277
289358
289406
289424
289445
289464
289496
289586
289589
289618
289649
289654
289655
289673
289688
289715
289727
289745
289781
289814
289913
289928
289943
290022
290069
290075
290117
290281
290333
290402
290408
290414
290453
290459
290648
290705
290840
290882
290888
290933
290969
290975
291080
291092
291101
291123
291129
291147
291256
291260
291256
291281
291287
291341
291389
291482
291639
291645
291653
291683
291689
291710
291728
291782
291817
291869
291935
291968
291984
292032
292035
292082
292298
292304
292310
292325
292343
292364
292433
292444
292464
292469
292529
292547
292551
292562
292574
292600
292682
292700
292739
292760
292766
292768
292766
292784
292793
292811
292892
292898
292913
292958
292962
292971
292976
293051
293049
293171
293177
293206
293234
293249
293206
293264
293327
293348
293366
293408
293419
293444
293450
293462
293492
293500
293534
293546
293555
293567
293582
293626
278326
293648
293696
293690
293717
293813
293858
293920
293939
293966
294042
294080
294097
294104
294122
294153
294191
294245
294387
294419
294434
294440
294461
294521
294632
294644
294656
294737
294764
294812
294832
294893
294902
294920
294942
294965
294977
294983
295034
295055
295061
295067
295078
295097
295107
295132
295192
295280
295346
295347
295352
295367
295385
295433
295539
295578
295596
295652
295674
295695
295769
295799
295886
295955
295994
296054
296100
296108
296115
296132
296177
296343
296345
296372
296393
296430
296441
296446
296486
296495
296516
296602
296622
296627
296636
296727
296762
296768
296850
296867
296928
296946
296951
296946
297035
297053
297107
297194
297200
297232
297245
297269
297279
297351
297356
297413
297422
297443
297470
297573
297578
297593
297594
297593
297602
297618
297647
297797
297845
297890
297912
297910
297957
297992
298106
298133
298139
298158
298194
298257
298301
298304
298392
298430
298439
298445
298436
298532
298546
298646
298694
298718
298730
298742
298741
298760
298766
298805
298870
298907
298919
298988
299036
299067
299126
299162
299171
299181
299198
299399
299412
299666
299687
299774
299810
299819
299831
299911
299912
299914
299969
299974
300002
300016
300038
300047
300077
300086
300116
300149
300202
300227
300263
300293
300359
300461
300542
300513
300547
300557
300553
300563
300566
300572
300620
300674
300689
300707
300713
300727
300737
300770
300767
300781
300803
300781
300806
300809
300830
300827
300851
300938
300984
301013
301058
301068
301112
301124
301133
301183
301184
301259
301262
301279
301289
301352
301354
301451
301485
301527
301531
301550
301566
301547
301582
301652
301670
301686
301688
301686
301689
301698
301757
301787
301796
301945
302009
302018
302066
302081
302090
302231
302255
302288
302303
302327
302342
302372
302399
302420
302489
302513
302525
302539
302639
302663
302681
302684
302681
302690
302705
302783
297351
302882
302966
303167
303314
303320
303422
303461
303495
303527
303536
303558
303564
303590
303650
303743
303749
303761
303788
303792
303851
303921
303932
303937
303947
303937
303971
303961
303976
303981
304014
304033
304045
304089
304095
304110
304125
304169
304245
304249
304504
304532
304504
304544
304550
304562
304583
304757
304772
304826
304838
304901
304904
304931
305003
305030
305108
305147
305165
305324
305339
305378
305480
305597
305621
305669
305678
305685
305708
305720
305744
305754
305786
305828
305864
305885
305918
305997
306027
306038
306135
306179
306194
306269
306285
306317
306396
306473
306475
306554
306570
306602
306620
306638
306740
306761
306773
306831
306881
306941
306947
306968
306998
306995
307076
307100
307112
307127
307151
307215
307260
307271
307274
307385
307391
307424
307448
307454
307460
307506
307562
307577
307637
307646
307643
307670
307679
307760
307766
307814
307820
307859
307892
307922
307949
307970
307976
307985
308012
308046
308066
308087
308129
308255
308270
308282
308294
308324
308429
308489
308549
308553
308606
308616
308639
308648
308654
308685
308780
308915
308924
308936
308957
308925
308947
309047
309089
309095
309113
309125
309233
309260
309305
309365
309371
309377
309401
309407
309473
309476
309527
309553
309563
309566
309575
309605
309626
309638
309392
309689
309699
309701
309699
309752
309758
309791
309817
309824
309857
309902
309938
309921
309934
309944
309950
309952
309954
310085
310100
310106
310124
310178
310205
310218
310226
310262
310292
310290
310301
310316
310329
310379
310388
310397
310411
310423
310430
310526
310550
310588
310600
310608
310635
310643
310658
310682
310730
310736
310738
310744
310787
310793
310799
310811
310850
310862
310871
310895
310907
310928
310930
310942
310961
310967
310973
310998
311000
311002
311000
311023
311032
311054
311081
311120
311144
311156
311162
311234
311283
311285
311283
311287
311309
311321
311402
311426
311459
311522
311527
311588
311589
311633
311639
311659
311696
311698
311726
311765
311780
311792
311804
311825
311843
311849
311877
311945
311957
311966
312005
312035
312040
312056
312080
312077
312103
312122
312128
312164
312203
312272
312293
312299
312352
312389
312401
312554
312563
312575
312587
312653
312667
312695
312706
312719
312721
312638
312728
312746
312767
312788
312812
312833
312845
312899
312911
312941
312986
313029
313034
313043
