16
59
81
114
118
123
149
150
167
150
187
190
225
228
231
236
239
258
261
269
282
304
307
319
330
337
333
343
353
368
369
386
400
403
422
433
439
418
436
450
476
487
534
556
559
570
573
589
607
608
622
626
670
672
676
706
710
713
717
720
717
729
738
739
749
750
753
775
780
795
813
816
819
855
859
864
914
916
915
934
939
944
988
1013
1020
1022
1028
1041
59
1076
1087
1096
1133
1154
1156
1169
1212
1248
1251
79
1267
1280
1309
1350
1354
1358
1368
1381
1399
1439
1452
1464
1508
1546
1566
1574
1580
1581
1597
1600
1612
1619
1625
1638
1651
1653
1665
1691
1679
1708
1712
1716
1719
1737
1753
1761
1794
1811
1817
1834
1886
1903
1926
1934
1938
1961
1964
1971
1976
2015
2018
2019
2024
2035
2040
2044
2043
2067
2071
150
2074
2094
2103
2092
2118
2140
2146
2161
2183
2190
2193
2202
2207
2205
2221
2226
2255
2259
2272
585
2325
2333
2334
2351
2350
2354
2366
2367
2371
2377
2385
2390
2396
2401
2412
2419
2436
2439
2436
2443
2447
2454
2466
2468
2469
2480
2494
2496
2499
2506
2498
2533
2537
2565
2583
2585
2614
2613
2631
2639
2668
2667
2681
2679
2699
2729
2732
2750
2747
2772
2790
2801
2825
2827
2829
2832
2837
2842
2837
2835
2844
2845
2850
2855
2865
2869
2868
2884
2900
2896
2905
2936
2929
2938
2943
2952
2958
2968
2970
2155
2983
3000
3014
3021
3030
2865
3038
3064
3070
3085
3088
3098
3111
3114
3127
3141
3148
3150
3167
3163
3170
3232
3245
3289
3296
3313
3324
3353
3366
3388
3393
3403
3415
3423
3441
3466
3460
3472
3475
3487
3509
3522
3532
3536
3537
3564
3588
3591
3598
3615
3624
3641
3657
3659
3662
3665
3669
3680
3669
3714
3721
3722
3721
3769
3789
3786
3793
3796
3804
3806
3814
3854
3861
3868
3887
3889
3893
3897
3919
3928
3923
3942
3954
3955
3967
3997
4015
4024
4029
4035
4052
4054
4085
4086
4091
4092
4105
4133
4111
4141
4165
4174
4184
4217
4221
4263
4314
4324
4336
4355
4359
4399
4440
4454
4459
4477
4479
4498
4507
4506
4528
4530
4542
4552
4554
4557
4569
4571
4579
4578
4590
4612
4615
4630
4639
4638
4665
4674
4691
4709
4711
4717
4726
4734
4735
4749
4766
4772
4774
4776
4780
4789
4810
4811
4825
4839
4857
4876
4901
4903
4919
4930
4937
4957
4977
4982
4991
370
5002
5010
4995
5038
5061
5110
5113
5095
5132
5133
5145
5155
5145
5164
5177
5184
5196
5205
5213
5223
5232
5223
5244
5258
4857
5260
5284
5302
5317
5323
5326
5329
5342
5350
5382
5384
5385
5407
5417
5436
5448
5461
5491
5501
5515
5524
5532
5536
5564
5571
5586
5604
5611
5635
5640
5683
5688
5711
5724
5735
5737
5747
5757
5771
5773
5786
5791
5812
5834
5841
5848
5854
5856
5867
5883
5901
5904
5903
5935
5934
5942
5952
5970
5978
6002
6004
6019
6023
6032
6070
6083
6110
6117
6142
6147
6151
6187
6210
6216
6222
6223
6238
6237
6251
6252
6258
6276
6288
6296
6336
6346
6363
6366
6379
6409
6412
6445
6483
6493
6501
6509
6519
6523
6532
6534
6557
6562
6598
6603
6610
6635
6637
6684
6701
6702
6717
6725
6736
6750
6782
6784
6792
6807
6833
6844
6847
6848
6856
6857
6870
6885
6888
6896
6882
6905
6928
6936
6940
6960
6972
6979
6984
6987
6995
7015
7019
7018
7025
7028
7042
7049
7060
7066
7094
7114
7118
7124
7181
7185
7207
7204
7209
7211
7213
7250
7278
7282
7292
7299
7328
7354
7361
7375
7385
7394
7402
7404
7411
7400
7438
7447
7457
745
7464
7469
7470
7488
7498
7500
7505
7512
7521
7550
7552
7555
7572
7621
7625
7631
7636
7644
7645
7658
7673
7683
7650
7690
7700
7702
7705
7706
7705
7738
7773
7779
7811
7828
7840
7844
7838
7912
7929
7938
7940
7951
7972
7975
8027
8034
8086
8106
8177
8204
8244
8253
8272
8296
8328
8334
8379
8408
8403
8454
8461
1020
8484
8446
8487
8494
8500
8504
8533
8542
8555
8554
8576
8586
8583
8590
8607
8615
8648
8657
8662
8665
8690
8713
8736
8752
8783
8796
8801
8822
8796
8845
8892
8922
8951
8977
8987
9019
9039
9043
9070
9085
9099
9105
9113
9172
9207
9246
9262
9318
9336
9374
9376
9381
9413
9415
9433
9438
9444
9433
9484
9502
9510
9508
9526
9554
9575
9602
9636
9642
9655
9663
9679
9680
9679
9692
9704
9706
9707
9706
9711
9728
9732
9742
9757
9775
9778
9784
9787
9846
9854
9860
9862
9868
9876
9894
9906
9892
9917
9925
9933
1645
1642
9940
9955
10030
10039
10056
10058
10062
10065
6868
10076
10078
10083
10085
10094
10114
10132
10150
10154
10162
10165
10170
10177
10179
10184
10188
10192
10194
10197
10213
10237
10260
10268
10274
10272
10291
10293
10298
10293
10305
10317
10324
10336
10338
10345
10358
10370
10382
10384
10395
10414
10419
10439
10471
10489
10494
10508
10512
10553
10554
10591
10584
10596
10599
10615
2343
10622
10643
10647
10651
10668
10695
10741
10759
10773
10776
10785
10798
10812
10821
10847
1961
10852
10867
10898
10899
10898
10906
10933
10971
11003
11004
11015
11024
11030
11014
11037
11048
11052
11059
11065
11083
11086
11099
11102
11107
11143
11150
11167
11197
11205
11228
11243
11251
11256
11271
11280
11296
11313
11320
11317
11326
11330
11331
11334
11359
11365
11370
11371
11395
11407
11415
11419
11455
11456
11455
11467
11472
11502
11505
11508
11512
11516
11523
11527
11535
11550
11562
11588
11586
11608
11611
11640
11657
11659
11646
11682
11698
11704
11712
11709
11715
11734
11744
11752
11757
11804
11802
11809
11754
11815
11821
11829
11834
11840
11847
11844
11854
11869
11884
11894
11901
11912
11931
11943
11947
11943
11957
11964
11938
11961
11967
11975
11985
11995
12009
12020
12039
12043
12050
12075
12092
12100
12104
12131
12136
12140
12149
12153
12177
12183
3997
12185
12193
12202
12210
12228
12242
12272
12294
12314
12319
12344
12350
12371
12373
12374
12376
12378
12385
12386
12395
12399
12416
12426
12440
12439
12446
12460
12472
12486
12513
12518
12527
12528
12547
12555
12573
12570
12577
12581
12594
12598
12648
12650
12651
12688
12708
12719
12729
12753
12758
12776
12780
12786
12793
12802
12808
12814
12816
12830
12835
12841
12847
12855
12881
12793
12886
12902
12903
12907
12926
12923
12939
12808
12946
12958
12975
12978
12975
12986
12992
13000
13052
13051
13060
13063
13073
13084
13114
13125
13135
13143
13158
13162
13173
13202
13210
13224
13228
2844
13244
13246
13252
13265
13263
13279
13288
13291
13305
13302
13308
13327
13335
13349
13350
13374
13403
13429
13432
13441
13445
13481
13480
13489
13047
13503
13518
13523
13536
13550
13568
13569
13601
13568
13618
13628
13629
13648
13651
13667
13647
13668
13678
13681
13686
13691
13702
13710
13717
13732
13740
13756
13770
13774
13776
13779
13782
13797
13819
13866
13872
13893
13900
13977
13983
13981
14014
14017
14032
14038
14040
14067
14078
14085
14100
14118
14120
14161
14163
14176
14185
14219
14225
14232
14268
14282
14286
14292
14303
14317
14332
14329
14354
14359
14367
14402
14432
14471
14493
14498
14513
14523
14551
14561
14572
14579
14606
14605
14628
14626
14636
14653
14542
14666
14660
14667
14677
14678
14690
14720
14725
14731
14746
14752
14755
14806
14808
14841
14838
14862
14889
14930
14953
14969
7688
14978
14977
14980
14999
15023
15025
15045
15068
15074
15079
15085
15091
15092
15105
15109
15112
15115
15127
15138
15146
15149
15102
15151
15168
15175
15182
15184
15187
15189
15201
15198
15204
15220
15221
15226
15229
15248
15253
15272
15277
15280
15277
15333
15386
15385
15398
15408
15426
15439
15443
15500
15525
15540
15543
15550
15553
15550
15568
15573
15582
15594
15603
15611
15618
15631
15640
15631
15653
15663
15672
15681
15696
15705
15728
15741
15747
15748
15763
15768
15788
15814
4776
15820
15841
15865
15875
15884
15901
15926
15927
15930
4839
15947
15957
15975
15986
15994
16016
16019
16043
15540
16047
16081
16095
16112
16121
16123
16157
16174
16187
16157
16195
16199
16206
16211
16217
16221
16236
16237
16236
16244
16248
16343
16351
4876
16361
16370
16381
16425
16427
16434
16427
16440
16460
16458
16475
16491
16121
16118
16504
16516
16527
16539
16548
16554
16556
16561
16569
16589
16601
16609
16612
16605
16615
16649
16661
16667
16674
16677
16686
16657
16695
16704
16707
16711
16714
16728
16751
16777
16794
16810
16843
16854
16884
16900
16911
16937
16962
16966
16968
16986
17050
17048
17071
5261
17072
17108
17126
17122
17134
5229
17136
17134
5229
17143
17158
17162
5406
17171
17177
17207
17208
17232
17237
17239
17242
17261
17269
17295
17298
17299
17298
17316
17332
17333
17332
17357
17359
17397
17416
17422
17424
17434
17305
17449
17461
17490
17520
17528
17551
17559
17568
17589
17602
17609
17631
17669
17673
17682
17697
17712
17734
17762
17766
17768
17784
17829
17845
17850
17899
17946
17970
17989
17998
18008
18015
18028
18044
18045
18044
18067
18087
18090
18115
18113
18119
18123
18138
18164
18169
18178
2117
18189
18194
18195
18196
18201
18241
18263
18264
18282
18259
18303
18311
18315
18254
18327
18338
18342
5777
18355
18370
18377
18391
18400
18425
18421
18439
18462
18470
18485
18492
18493
18509
18516
18519
18527
18528
18558
18586
18601
18610
18632
18635
18644
18655
18657
18666
18679
18686
18703
18716
18723
18751
18748
18762
18767
18766
18790
18801
18804
18807
18842
18843
18850
18851
18850
18852
18853
18852
18855
18885
2346
18891
18894
18904
18909
18948
18969
18971
18979
18985
18999
19010
19012
19032
19046
19044
19051
19072
19102
19106
19109
19129
19140
6078
19102
19163
19178
19180
19186
19188
19195
19214
19223
19232
19230
19239
5777
19245
19248
19269
19270
19362
19365
19376
19377
19384
19392
19376
19408
19441
19442
19447
19461
19470
19471
19491
6693
19501
19506
19512
19555
19557
19572
19584
19591
19609
19608
19625
19633
19645
19655
19664
19682
19683
19692
19698
19705
19718
19722
19736
19770
19771
19789
19813
19835
19845
19851
19860
19863
19866
19869
19875
19888
19895
19933
19944
19954
19953
19978
19990
20006
20012
20020
20024
20028
20003
20045
20060
20071
20107
20123
20128
20133
20155
20154
20182
20188
20187
20197
20215
20246
20243
20249
20262
7025
20266
20274
20287
20304
20308
20314
20330
20336
20334
20353
20365
20375
20400
20406
20413
20438
20450
20453
20448
20461
6107
6106
20465
20468
20469
20500
20504
20511
20516
20494
20510
20574
20604
20615
20623
20628
20639
20652
20654
20670
20683
20690
20719
20717
20733
20710
20746
20759
20764
20767
20784
6510
20801
20803
20811
20819
20825
20852
20896
20902
20913
20960
20969
20976
20998
21001
20994
21015
21049
21055
21061
21078
21086
21105
21122
21146
21182
21189
21194
21223
21243
21254
21261
21265
21299
21300
21315
21328
6844
21350
21371
21399
21409
21418
21433
21445
21444
21456
21486
21504
21541
21542
21560
21542
21568
21586
21592
21595
21592
21597
21607
21612
21624
21628
21634
21650
21642
21661
21671
21675
21679
21702
21703
21710
21717
21728
21730
21710
21741
21725
21743
21750
21703
21758
21776
21795
21819
21825
21840
6901
21853
21867
21888
21914
21912
21924
21919
21937
21940
21953
21955
21959
22004
22008
22005
22023
22050
22065
22071
22068
22077
22086
22091
22093
22099
22105
22115
22120
22121
22127
22131
22144
22149
22159
22156
22165
22167
22170
22171
22180
22187
22189
22190
22189
22191
22193
22194
22197
22202
22220
22231
22232
22236
22246
22245
22270
22283
22291
22288
22295
22322
22340
22388
22417
22421
22429
22437
22442
22448
22467
22468
22467
22471
22473
22493
22507
22521
22555
22574
22553
22578
22582
22598
22604
22615
22633
22637
22638
22642
22679
22701
22727
22736
22747
22751
22761
22768
22775
22758
22784
22798
22810
22843
22810
22849
22851
22849
22852
22849
22870
22876
22889
22893
22897
22898
22917
22919
22935
22936
22942
22969
22966
22978
23000
23008
23018
23055
23059
23066
23074
23087
23136
23165
23178
23198
23199
23212
23214
23234
23239
23260
23277
23293
23297
23312
23323
23329
23331
23348
23407
7278
23416
7185
23443
23502
23499
23521
23523
23531
23546
23556
23571
23586
23605
23614
23669
23676
23689
23705
23714
23717
23725
23741
23755
23762
23760
23783
23789
23800
23814
23819
23820
23819
23823
23843
23863
23876
7650
23885
23931
23948
23983
23993
24009
24012
24013
24012
24022
24028
24037
24060
24081
24083
24105
24114
24126
24138
24211
24241
6784
24256
24261
11929
24270
24289
24324
24367
24368
24376
24413
7975
24414
24418
24424
24429
24433
24429
24461
24469
24478
24482
8420
24528
24550
24607
24637
24639
24642
24607
24648
24639
24655
24669
24678
24688
8729
24696
24733
24744
24756
9376
24775
24776
24775
24816
24819
24820
24841
24849
24859
24785
24867
24870
24876
24908
24922
24928
24937
24943
24969
25015
25024
25027
25034
25044
25047
25067
25074
25105
25130
21612
25136
25150
25208
25238
25268
25283
9706
25309
25322
25324
25326
25333
25329
25340
25343
25354
25359
25368
9709
25387
25412
25419
25433
25444
25465
25015
25480
25476
25501
25503
25527
25552
25555
25598
7207
7204
25596
25601
25618
25632
25645
25657
25664
25669
25686
25689
25709
25714
10145
21671
25727
25740
25745
25753
3884
25755
25782
25789
25438
25809
25813
25809
25806
25817
25820
25823
25828
25831
25838
25841
25840
25856
25837
25838
25868
25874
25889
25887
25891
25890
25896
25900
25903
25912
25918
25928
25932
25952
25957
25965
25967
25965
25989
25998
26012
26026
26038
26041
26053
26052
26057
26064
26078
26087
26088
26089
26091
26124
26128
26139
26185
26212
26225
26237
26253
23497
26269
26264
26271
26269
26264
26284
26298
26302
26314
26320
26334
26335
26347
26355
26365
26383
26389
26396
26405
26435
26436
26439
26442
26450
26454
26450
26463
26467
26472
26494
26497
26531
26537
26538
26554
26573
26592
26613
26620
26632
26629
26634
26637
26653
26662
26680
26682
26711
26715
26718
26728
26742
26780
26785
26800
10729
26802
26803
26847
26883
26897
26901
26908
26920
26922
26925
26939
26952
26962
26920
26995
27018
27025
27047
27048
27047
27055
27108
27125
27133
27139
27187
27230
27236
27243
27259
27260
27268
27272
27279
12229
27301
27309
27331
27335
27343
27361
27370
27393
27399
27442
27447
27459
27482
27491
27520
27523
27520
27540
27541
27553
11402
27569
27576
27589
27606
27613
27645
27650
27649
27671
27670
27683
27688
27711
27768
27782
27792
27795
27804
27830
27847
27850
27898
27902
27914
27927
27944
12450
27945
27952
12830
27961
27986
27993
27998
28063
28103
28105
28118
28152
28182
28217
28218
28251
28260
28261
28271
28279
28293
28294
28309
28311
28320
28326
28330
28351
28363
28374
28377
28374
28383
28429
28431
28446
28447
28453
28464
28481
28496
28523
28534
28537
28563
28564
28563
28604
28608
28617
28632
28629
28641
28646
28663
28668
28701
28712
28737
28740
28748
28747
28751
28748
28758
28782
28793
28799
28808
28818
28821
28846
28850
28835
28856
28866
28870
28866
28879
28883
28886
28893
28927
28942
28947
28971
28974
28973
28971
28975
28992
29004
29007
29032
29047
29038
29053
29054
29069
29080
29083
29138
29139
29146
29155
29156
29199
29220
29221
29242
29260
29279
29281
29337
29357
29402
29416
29436
29469
29470
29483
29506
29517
29523
29537
29538
29547
29551
29570
29590
29640
29667
29695
29691
29698
29699
29698
29703
29705
29716
29718
29732
29756
29821
29838
29847
29821
29856
29859
29865
29872
29880
29917
29932
29939
29941
29951
29971
29987
29990
29998
30014
10416
30018
30046
12358
30080
30134
30140
30144
30157
30167
30163
30183
12554
30190
30204
12724
2354
30229
30244
30254
30258
30270
30275
30288
30287
30297
30319
30330
30336
30343
30391
30418
13202
30430
30437
30448
30454
30458
30497
30504
30516
30533
30553
30600
30628
30660
13441
30687
30692
30727
30735
30750
30768
30802
30808
30821
30827
30876
30888
30898
30913
30924
30935
30922
30967
30971
30972
30984
31022
30995
31035
31042
31041
31053
31124
13644
31142
31147
31158
31175
31171
31202
31209
31206
31216
31240
31245
31257
31262
31285
31300
31309
31325
31326
31337
31333
31346
31350
31366
31367
31366
31372
31400
31406
31428
31456
31462
31465
31469
31477
31485
31504
2785
31507
31548
31555
31587
31633
31671
31679
31684
31704
31709
31712
31716
31726
31802
31823
31839
31937
31943
31952
31957
31973
31984
31987
31998
32008
32011
32022
32039
32045
32051
32061
32085
32090
32101
32109
32115
32130
32141
32152
32157
32171
32177
32088
32197
32202
32207
32213
32222
32223
32240
32245
32254
32279
32280
32289
32279
32299
32301
32307
32315
32314
32338
23931
32343
32370
32375
32381
32407
32410
32403
32422
32459
32455
32480
32490
32513
32530
32539
32551
32553
32611
32620
32629
32682
32703
32680
32712
3810
32728
32736
32739
32742
32754
32763
32774
32779
32786
32790
32804
32803
32818
32835
32745
32742
32838
32858
32819
32818
32853
32854
32873
32906
32922
32942
32960
32979
33009
33034
33052
33056
33057
33043
33064
33070
33091
33092
33093
33109
33123
33137
11900
33144
33151
33155
33171
33176
33182
33191
33201
33212
33225
33244
33268
33289
33293
33309
33325
33278
33340
33359
33361
33371
33378
33397
33398
33407
33408
33417
33433
33427
33444
33451
33498
33540
33602
33614
33639
33643
33661
33666
33672
33682
33706
33716
33717
33718
33738
33749
33756
33775
33815
33833
15978
33830
33847
33843
33856
33867
33925
33933
33943
33949
33993
34025
34038
34106
34108
34112
34116
34121
34164
34186
34192
34200
34202
34219
34221
34236
34216
34245
34251
34255
34276
34285
17221
34340
34336
34385
34388
34413
34424
34423
34430
34440
34442
34440
34448
34455
34475
34496
34508
34524
34537
34549
34554
34569
34578
34591
34590
34605
34624
34628
34629
34660
34649
34671
34675
34676
16513
34628
34694
34698
34703
34707
34709
34712
34722
34732
34748
34775
34783
34800
34811
34809
34829
34825
34837
34860
34863
34867
34872
34877
34887
34899
26803
34915
34954
34960
34955
34954
34977
35007
35014
35022
35004
35030
35043
35054
35063
35054
35070
35093
35098
35125
35141
35186
35177
35185
35190
35195
35202
35174
35217
35228
35230
35228
35232
16957
35233
35232
35238
34975
35254
35268
35284
35289
35302
35309
35228
35321
35329
35331
35332
35341
35354
35374
35448
35477
17453
35493
35499
35522
35535
35566
35583
35586
35587
35602
35609
35618
35636
17177
35638
35644
35661
35669
35672
35681
35683
35583
35711
35618
35714
35618
35726
35740
35730
35759
35775
34391
35760
35786
35781
35811
35817
35840
35855
35864
35911
35926
35946
18119
35958
35974
35988
36001
36006
36043
36048
36057
36076
36097
36099
36108
36130
36143
36161
36164
25147
36169
36174
36191
36195
36208
36215
36225
20455
36234
36239
36242
36244
36249
36255
36256
36255
36261
36265
36279
36291
36307
36318
36322
36316
36329
36337
36336
36346
36352
36452
36463
36471
36476
36478
18971
36484
18545
36498
36511
36517
36521
36541
36555
36561
36570
36576
36592
36609
36618
36632
36643
36654
36666
36707
36709
36723
5706
36736
36744
18736
36758
36762
36777
36769
36762
36810
36827
36832
36857
18327
36882
36885
36882
36892
36904
36918
37008
37023
37039
37081
37080
37105
37109
37116
37127
37138
37150
37160
37169
37199
37210
37216
26462
37213
37227
37237
37254
37289
37293
37281
37313
20253
37332
37335
37345
37351
37353
37366
37371
37381
37426
37461
37469
37473
37471
37487
37498
37492
37532
37525
37549
37570
37576
37626
37635
37649
37656
37665
37649
37678
37693
37710
37720
37734
37735
37754
37767
37768
37778
37789
37792
37807
37809
37828
37836
37828
37861
37869
37871
37889
37891
37889
37896
37933
37978
37993
24937
38001
24819
38029
38028
38045
38044
38060
38061
38075
38077
38084
38107
38134
38139
38129
38151
38164
38165
38168
38175
38182
38194
38222
38229
38236
38238
38241
38265
38296
38311
38316
38322
38323
38332
38340
38350
38361
38393
38395
38398
38409
38437
38425
38444
38446
38470
38466
38522
38532
38505
38535
38548
38557
38556
38583
38593
38626
32370
38627
38638
38647
38652
23758
38668
38684
23223
38709
38718
38728
22473
38758
38765
38758
38769
38803
38847
38849
38847
38861
38933
38940
38953
38968
38970
38881
38969
38980
39012
39021
39038
39036
39049
39055
39065
39049
39089
39118
39125
39116
39130
39148
39166
39165
39173
39175
39165
39183
39186
39209
39213
39219
22803
39248
39276
39284
39297
39314
39337
39362
39371
39463
39470
39468
39484
39502
39513
39523
39550
39559
39593
39598
39636
39645
39661
39672
39681
39686
39688
39695
39706
39742
39757
39779
39780
39787
39813
39827
15436
39838
39829
39845
39860
39888
39897
39904
39951
39965
40031
40035
40059
40066
40072
40074
40086
40084
40106
40114
40118
40137
40141
40150
40195
24482
40258
40276
40278
40284
40292
40235
40290
40306
40339
40344
40348
40355
40374
40383
40390
40398
40399
40414
40421
40428
40421
40437
40449
40450
40481
40535
40536
40531
40552
40588
40633
40650
40657
40663
40674
40675
40674
40683
40700
40706
40707
40678
40703
40719
40721
40719
40716
40723
40739
40756
9916
40760
40777
40734
40786
40793
40792
40809
40815
40820
40828
40835
40845
40866
40878
40888
40884
40901
40907
40947
40674
40675
40954
40970
40972
40995
41006
41011
41023
41056
41057
41065
41080
41082
41095
41104
41115
41116
41115
41134
41137
41146
41167
41161
41160
41200
41221
41246
41254
41264
41273
41296
41241
41297
41241
41285
41329
41334
41338
41346
41349
41352
41355
41352
41359
41373
41384
41386
41390
41393
41397
26145
41461
41470
41494
41525
41592
41601
41625
41641
41669
41675
41683
41685
41688
41717
41726
41755
41761
41791
41803
41821
41824
41845
41856
41864
41874
26320
41853
41874
41886
41932
41946
41993
41992
42004
42009
42025
42030
42037
42067
42091
42097
42103
42097
42121
42144
42148
42192
42199
37109
42227
42179
42229
42167
42266
42268
42267
42282
42268
42300
42367
42375
42352
42398
42425
42433
42445
42518
42541
42545
42554
42576
42586
27531
42594
42608
42613
42628
42632
42628
42635
42637
42642
42652
42656
42666
42684
42702
42725
42733
42758
42770
42772
42780
42784
42788
42813
31902
42823
42825
42831
42840
42851
42864
42865
42875
42887
42897
42896
42913
42920
42913
42937
42954
42985
43010
43035
43069
43071
43108
12311
43119
43103
43135
43138
22189
43154
43166
43176
43178
43189
43199
43203
43221
43225
43242
43245
43254
43260
43284
43329
43344
13106
43351
43361
43366
43379
43383
43420
30527
43433
43428
43441
43440
43455
43457
43489
43494
43507
43512
30984
43525
43533
43537
43542
43545
43560
43561
43571
43569
43576
43581
43596
43602
43608
43599
43560
43614
43633
43637
43635
43643
43651
43653
43510
43664
43677
43692
43711
43713
43716
43734
43742
43750
43768
43762
43775
43786
43788
43817
43833
43846
43874
43882
43886
43887
43902
43936
43938
43944
43947
43949
43954
3810
43962
31837
43968
43986
43998
44008
44017
44033
44062
44063
44140
44161
44176
44183
44186
44189
44205
44213
44214
44225
44206
44232
44225
44256
44272
44286
44293
44340
44373
44382
33070
44401
44403
44453
44469
44475
44488
44503
44508
44517
44518
44543
44561
44569
44580
44586
35178
44621
44634
34192
44666
44681
44705
44708
44712
44704
44725
44730
44734
44782
44784
44804
44807
44824
44711
44831
44838
35394
44860
5287
44900
44917
44921
44944
44957
44958
44981
44994
44807
45010
44981
45017
45031
45037
44944
45043
45053
45049
45031
45058
45060
45073
45075
45085
45089
45103
45112
45106
45125
45144
45150
45157
45159
45168
45198
45212
45223
45234
45247
45263
45240
45270
45291
45310
45361
45392
45405
45408
45415
45422
45423
45435
45464
34143
45479
45483
45501
45514
45516
45496
45519
45493
45531
45517
45554
45336
45333
45564
45567
45574
45579
45582
45584
45601
45604
45614
45622
45639
45588
45678
45702
45710
45705
45714
45741
45767
45809
45816
45818
45819
45818
45842
45843
45886
45890
45900
45922
45921
45925
45944
45946
45960
45938
45968
45970
45973
45944
45996
46034
46032
46055
46062
46096
46122
46123
46133
46149
46157
46158
46170
46203
46214
46234
46252
46276
46289
46290
34863
35347
46324
46336
46351
46332
46354
46360
46340
46378
46403
46419
46444
46477
46481
46486
26439
46508
46514
46522
46526
46535
46533
46558
46567
46583
46594
46596
46600
46608
46624
46633
46681
46691
46659
46705
46730
46732
46749
46783
46785
46790
46784
46798
46801
46803
46809
46819
46825
46826
46834
46831
46842
46843
46842
46854
46852
46855
46873
46908
46947
46954
46969
46975
46986
46996
47018
47040
47046
47088
47092
47088
47103
47129
47139
47145
47175
37275
47178
47184
47187
37305
47190
47233
47240
47270
47289
47301
47335
47348
47366
47375
47425
47456
47475
47489
47495
47515
47514
47530
47538
47552
47560
47568
47574
47593
47595
24881
47612
47622
47641
47673
47684
37979
47698
47709
47770
47776
20274
47782
37331
47812
47824
47846
47878
47883
47897
47918
47921
47927
47935
47966
48001
48003
22386
48013
48029
48075
48089
48103
38227
48111
48117
48140
48156
48160
48172
48187
48156
48205
48229
48255
48259
38661
48272
48288
48300
48307
48311
48307
48336
48365
48370
48375
48405
48409
48412
48427
48442
48441
48448
48452
48463
48472
48474
48482
48505
48511
48519
48523
48525
48535
48539
48549
48603
48628
48631
48628
48636
48651
48695
48757
48763
48768
48779
48784
48822
48834
48837
48840
48879
48885
48894
48898
48901
48908
48910
48918
48928
48937
48934
48954
48963
48975
48983
48987
48983
49020
49041
49075
49084
49085
49084
49089
49111
49128
49132
49142
49153
49163
49169
49172
49179
49186
49190
49210
49219
49238
49300
49322
49372
49381
49403
49420
49435
49439
49467
49466
49476
41384
49486
49508
49531
49532
49539
49569
23800
49579
49585
49584
49592
49596
49605
49608
49622
49623
49636
49630
49642
49673
10258
49698
49720
49747
49785
49807
49826
49833
49853
49861
49871
49892
49913
49915
49927
49972
49974
49997
50015
50035
50046
50064
50078
50084
50089
50099
50106
50125
50141
50161
50177
50214
50222
50226
50257
50262
50284
50296
50327
50329
50356
50430
50445
50466
50474
50490
50504
50519
50524
50556
50611
50632
50638
50640
50644
50648
50660
50659
50685
50703
50707
50620
50713
50690
50688
50710
50730
50738
50739
43486
50738
43486
50747
50748
50747
50758
50818
50830
50832
50880
50900
50973
50984
51015
51042
51045
51049
51060
51088
51106
3575
51125
51139
51147
51160
51166
51201
51218
51219
51229
51228
51262
51286
51289
51281
51301
51307
51286
51306
51313
51327
51348
43960
51359
51394
51400
51431
51441
51473
51489
26440
51491
26440
51486
26440
51499
51518
51521
51524
51539
51543
51550
51543
51563
51577
51576
51592
51630
51643
51683
51698
51715
51751
51762
51769
51777
51543
51762
51799
51807
51813
51820
51814
51836
51889
51893
51914
51921
51927
51941
51948
51963
51982
51989
51996
52033
52031
52037
52062
52072
52074
52086
52099
52089
52131
52134
52165
52167
52189
52195
52207
52215
52233
52252
52281
52315
52321
52342
52369
52371
52375
52369
52387
52395
52409
52416
52419
52443
52462
52467
52475
52477
52481
52483
52493
52517
52480
52520
52533
15981
52546
52557
52568
52578
52600
52636
52665
52668
52699
52714
52717
52735
52743
52753
52769
52765
52774
52834
48511
52827
48511
52840
52845
52831
52846
52855
52868
52887
52900
48628
39152
52920
52937
39276
52942
52951
52952
52975
52981
52990
52996
53009
53012
53022
53028
53037
53052
53058
53061
53073
53083
53086
53083
53089
53116
53128
53108
53160
39521
53186
53198
53232
53248
53257
53265
53262
53284
25376
53290
53326
53331
53335
53326
53344
53353
53360
53361
53293
53357
53376
53382
53405
53411
53421
53453
53472
53482
53524
53593
53599
53609
53614
53689
53695
53704
53709
53680
53724
53731
53737
53743
53778
53779
53778
53794
53805
53809
53824
53829
53810
53844
53854
53857
53881
53887
53903
53908
53923
53934
53952
53965
53974
53973
53981
53950
53995
54000
54006
54030
54057
54059
54081
54093
54097
54120
54121
54127
54121
54136
54140
54149
54160
54169
54172
54181
54199
54108
54214
54227
54241
54242
54245
54251
54255
54259
54269
54273
54294
54297
54312
54315
54322
54338
54347
54390
54382
54403
54410
54435
54441
49861
54471
54504
54516
54521
54538
22563
54546
54557
54569
54572
54590
54606
54498
54500
54643
54648
54660
54666
54678
54690
54696
54699
54696
54708
54717
54728
54747
54760
54776
54780
54777
54797
54798
54803
54807
54797
54824
54825
54826
54834
54838
54840
54852
54858
54855
54870
54843
54873
54879
54880
54884
54894
54899
54902
54891
54895
54902
54915
54916
54921
54918
54894
54930
54933
54935
54944
54942
54950
54966
55039
55035
55051
54813
55059
55084
55058
55122
55137
55147
55164
55176
55188
55194
55206
55213
55215
55221
54942
55243
55263
55277
55287
55298
55311
55314
55319
55322
55343
55350
55349
55359
55371
55368
55396
55401
55404
55437
55438
55474
55482
55488
55492
55522
55532
55544
55564
55592
55593
55592
55637
52569
55634
55644
55657
55675
55677
55706
55717
55725
53190
55744
55746
55766
55772
2412
55788
55797
55831
55847
55849
55847
55857
55862
55870
55871
55879
55893
55897
55908
55914
55919
55912
55921
55938
55946
55975
55984
56000
56009
56010
56021
56031
56052
56068
56094
56106
56123
56128
56125
56146
56168
56172
56200
56203
56235
43817
56245
56272
56276
56286
56314
56353
56367
56375
56443
56447
56461
56469
56503
56539
56545
56556
56557
56559
56576
56578
56584
56592
56596
56599
56606
56577
56623
56629
56649
56662
56712
56737
56749
56759
56592
56594
56781
56785
56800
56806
56824
56839
56846
56854
56869
51040
56872
56884
56902
56920
56929
56935
56938
56956
56960
56962
57009
57023
57026
56973
57033
57050
57067
57077
57085
57089
57085
57106
57109
57121
57150
57152
57161
57171
57178
57173
57188
57197
57215
57224
57231
55569
57286
57287
57310
57329
57337
57343
57357
57364
57366
57376
57384
57392
57403
57412
57443
57457
57472
57475
57474
57455
57489
57537
57556
57568
57574
57592
57618
57631
57652
57650
57657
57673
57674
57673
57686
57673
57701
57728
57740
57750
57749
57753
57754
57784
57785
57786
57791
57797
