888
0 1
21 22
36 37
48 49
49 57
67 68
68 77
77 80
90 91
106 107
121 119
119 124
124 132
133 134
141 142
149 150
152 153
9542 156
161 160
162 157
163 164
153 21
219 167
168 169
169 166
171 172
160 36
9430 174
37 48
175 176
57 180
1 67
184 185
186 187
188 189
190 191
91 106
192 193
196 195
197 198
195 194
199 200
202 203
132 204
206 207
204 208
144 209
207 133
134 202
203 199
200 197
198 192
193 190
191 188
9431 186
187 184
185 149
150 175
176 173
174 171
151 163
164 162
156 7
9470 206
9471 141
107 196
194 121
80 90
180 0
9371 161
166 151
223 152
222 212
9372 146
172 168
167 170
218 144
7 8
146 218
22 219
9434 220
208 221
8 222
212 223
266 267
380 381
652 653
756 757
900 898
953 952
967 965
978 967
1012 1013
1035 1036
1090 775
1093 1094
1163 1164
1172 1181
1244 1245
9415 1172
9412 1244
2419 1494
2420 1501
1046 1512
1533 1531
715 1522
1589 1590
259 1649
617 1664
643 1667
658 1669
2423 1672
9531 1673
1682 1681
1684 1687
1693 1691
1719 1720
249 1756
1772 1773
1775 1776
1778 1779
1756 1761
1662 1825
9401 1675
1681 1830
1275 1835
1844 1845
1850 821
1852 1853
9530 380
1882 1883
1892 652
1895 1896
1649 1726
1910 978
898 892
1773 1775
1935 1772
1938 1769
1940 1939
1943 1944
1946 1947
2436 1493
9416 1951
1936 1955
1932 1956
1741 1928
1924 1959
1923 1960
1181 1163
1779 1925
1164 1093
1963 900
1733 1964
9418 1258
1918 1965
1726 1919
823 1915
1720 259
1512 1969
381 1046
1972 1716
1909 1973
1908 1974
1976 1895
1903 1977
1901 1978
1700 1904
1761 1938
2459 249
1925 1741
1964 1778
1919 1733
1716 1719
267 1972
1896 266
1904 1976
574 1700
1845 1980
1891 1684
1980 574
9398 1983
1983 1985
2197 1524
1988 617
1691 1844
9397 1994
2477 1533
2478 1671
1841 658
1667 1998
1883 643
1664 1882
1825 1988
1687 1693
653 1662
1979 1892
2015 1891
1969 1589
2009 1852
1673 1874
1842 2030
2030 2032
2307 232
1998 1841
2004 1979
1939 1963
1531 2015
232 1940
952 591
2049 1837
1837 1833
2052 2026
1776 1943
1944 1946
2026 1828
1947 1936
1955 1932
1956 1924
1959 1923
1960 1918
1965 1090
775 1275
1830 2052
1835 1909
2032 2049
1973 1908
1974 1903
1977 1901
1978 1885
9408 1849
2497 1935
1934 823
9472 1767
591 1682
821 819
1493 2419
1496 2420
2422 1496
1524 2422
1671 2423
1746 1937
1751 1953
1769 2424
819 1842
1013 1910
9438 1879
1036 1012
1094 1035
1928 1746
1937 1751
1501 2436
1494 2437
889 1961
892 888
2451 889
1961 756
757 1934
1951 2458
9481 2460
2460 2464
9429 2468
2471 715
2474 2471
2476 2475
9424 2474
1672 2477
1669 2478
1879 2004
1915 2479
9448 2480
9446 798
9452 2482
1994 2009
9384 2483
9389 2485
9387 2484
9375 1850
9382 2489
965 2040
1833 953
1767 2497
2504 2505
2505 2515
2518 2519
9487 2531
2841 2549
9497 2568
9509 2636
9511 2650
2843 2667
2719 2720
2724 2725
9525 2726
2728 2729
2515 2733
9501 2637
2521 2737
9521 2769
2776 2719
2777 2776
9491 2539
9495 2566
9499 2583
2850 2740
9507 2635
9510 2652
9512 2663
2852 2680
9519 2690
9523 2716
9527 2728
2855 2780
2519 2521
2733 2518
9505 2778
2725 2777
2729 2724
9517 2779
2858 2783
9528 2514
2737 2513
2514 2530
2530 2840
9494 2841
2566 2842
9514 2843
2716 2844
2583 2845
2690 2846
2531 2847
2549 2848
2568 2849
9504 2850
2778 2851
9516 2852
2779 2853
2769 2854
2740 2856
2680 2857
2720 2858
2947 2948
3028 3029
3036 3028
9400 3051
3055 3056
3072 3073
3078 3079
3082 3083
9395 3090
3101 3102
3117 3118
3118 3120
3128 3144
3177 3178
5192 3191
3200 3198
5193 3205
5194 3207
5195 3211
3219 3217
9396 3092
3269 2947
3272 3064
9399 3272
3368 3369
9406 3383
9409 3386
5197 3393
3386 3050
5200 3495
3511 3514
4910 3517
3519 3525
3938 3939
9569 3946
3949 3096
5201 3964
3982 3983
5202 3985
3305 4148
4161 4162
4181 4182
4141 4185
4150 4232
4153 4233
4235 4236
4369 4367
4371 4372
4374 4371
4379 4380
4382 4383
4391 4392
4397 4398
4399 4397
4404 4399
4406 4407
4409 4411
4412 4409
4480 4478
4485 4486
4489 4490
3102 4494
4503 4504
4517 4518
4526 4527
9410 4533
4536 4537
4540 4538
9486 4541
5207 3190
9402 4549
3065 4557
9405 4558
3083 4562
5208 3077
5209 3352
5210 4576
5211 3368
5212 4583
4584 4582
4588 4584
4589 4590
4499 4589
3073 4601
3254 3072
4607 3949
3096 3101
4641 3233
3198 3219
4527 4710
5251 3392
4726 3017
9403 3385
4791 4792
4795 4796
4796 4797
4799 3519
4802 4803
4804 3546
3546 4805
4811 4812
4815 4816
4819 4820
4821 4822
3495 4823
4826 4827
4828 4829
4812 4795
4831 4832
4816 4811
4820 4815
4833 4834
4822 4819
4827 4821
4829 4826
4835 4836
4832 4828
4834 4831
4836 4833
4837 4835
4838 4837
5254 3204
4841 4838
4842 4841
4845 4842
4846 4845
4848 4846
4849 4848
4852 3945
4854 4853
4855 4856
4857 3938
4858 4849
4803 3254
3525 4802
3517 4799
4805 3511
4797 4804
4877 4105
4144 4724
4146 4722
4665 4467
4164 4161
4173 4168
4176 4172
4182 4175
4878 4181
4709 4556
9411 4188
4590 4588
4367 4358
4892 4369
4380 4374
4383 4646
4894 4386
4895 4643
4538 4535
4541 4542
3411 4897
4549 4412
4185 4881
4724 4141
4897 3895
4455 3410
4722 4144
4360 4618
4467 4146
4893 4379
4148 4665
4601 3078
4232 3305
4407 4404
4896 4406
4233 4150
9407 4548
4236 4153
4158 4235
3895 4189
4542 4540
3946 4858
4853 4852
4856 4854
4792 4855
3939 4791
4823 4857
3056 4551
4557 3055
3077 3065
3352 4563
5256 4581
5257 4575
3084 4606
3079 3084
5258 3980
5262 4598
5261 4496
5260 4457
5259 3988
5255 4726
5253 4728
5214 4499
5206 2915
5205 3411
4189 4158
5204 3986
5203 4101
5218 5184
5190 3162
5224 5191
3210 5195
3392 5197
3393 5200
4457 5205
4563 5208
3369 5209
4575 5210
4581 5211
4582 5212
4598 5214
4606 4607
5219 5218
5191 5190
5183 5223
9378 5225
5225 5227
5248 5241
4551 5251
4576 5256
4583 5257
4494 5261
5296 5297
5299 5300
5326 5327
5331 5333
5351 5352
5362 5363
5365 5366
5374 5375
5359 5379
5384 5385
5381 5386
5389 5391
5407 5408
5410 5411
5412 5413
5413 5415
6629 5624
5676 5674
5724 5722
6023 6021
6025 6023
5277 6171
6174 6175
6259 6257
6261 6259
6262 6261
6268 6269
6304 6305
6327 6328
6632 6347
6348 5402
6362 6363
6389 6390
5297 6396
6633 6345
6404 6406
5352 5362
6363 5277
6021 6174
5379 6352
5375 5359
6390 5374
5402 6389
5674 6436
5408 6441
5415 5407
6634 6480
5886 6348
5722 5676
9546 5724
6536 5820
6537 6536
6425 6537
6352 6425
6436 5886
5820 6420
6420 6535
6396 5305
5411 5412
5300 5410
5391 5299
5386 5389
5366 5381
5363 5365
6406 5351
5333 6404
6175 6362
5327 5331
5385 5326
5305 5384
6544 6545
6285 6546
6547 6548
6549 6375
6551 6304
6552 6371
6553 6368
6555 6366
9543 6556
6556 6365
6643 6264
6545 6268
6546 6544
6548 6285
6375 6547
6305 6549
6371 6551
6368 6552
6328 6553
6366 6327
6365 6555
6028 6025
9537 6632
6257 6633
9548 6636
6640 6638
9551 6640
6535 6028
6171 6262
6347 6642
6269 6643
6645 5293
9426 6647
6651 6652
6662 6664
6667 6668
9440 6693
7050 6697
9439 6699
6700 6705
6707 6709
6709 6711
6717 6718
6793 6798
6858 6859
6652 6916
7051 6970
6916 6987
6713 6994
6664 6666
7007 6672
7009 6677
7010 6682
9464 7012
7052 6945
6993 7020
7016 7023
6987 7022
6798 6858
7017 7024
7023 6658
7024 7016
7025 7017
7020 7021
6654 6660
7021 7025
6718 6720
6994 6717
6711 6713
6705 6707
9454 6702
9457 6695
9463 6687
6682 7011
6677 7010
6672 7009
6668 7007
6666 6667
6660 6662
7058 6793
7057 7026
7056 6656
7049 6654
6656 7049
9460 6690
9456 7050
6702 6700
6720 6721
6859 6651
7054 7053
6658 7056
6721 7057
7026 7058
7430 7123
7431 7128
7433 7202
7434 7240
9468 7067
9552 7126
9482 7344
7471 7239
7472 7351
7488 7326
7489 7353
9535 7430
9540 7431
7442 7438
7438 7245
7436 7442
7165 7459
7128 7460
7067 7461
7467 7462
7462 7466
7483 7479
7479 7244
7473 7483
7485 7352
7486 7485
7487 7486
7586 7587
7609 7610
7858 7555
7859 7561
7587 7603
7601 7609
7610 7778
7861 7781
7789 7765
7778 7789
7873 7780
7603 7601
9477 7863
9475 7865
7877 7878
7898 7899
7917 7918
7918 7926
7928 7938
7940 7951
7953 7963
7965 7975
7977 7984
8152 7996
8153 8009
8011 8018
8020 8030
8032 8041
8044 8045
7878 8053
8160 8058
8047 8063
8165 8065
8168 8068
8169 8069
8170 8070
8171 8071
8172 8072
8173 8073
8179 8078
8082 8083
8030 8032
8018 8020
8009 8011
8182 7998
7984 7986
7975 7977
7963 7965
7951 7953
7938 7940
7926 7928
8063 7917
8083 8047
7899 8082
8045 7898
8085 8044
8186 8090
8185 8085
8053 8089
8184 7876
8183 8088
7876 7877
7986 8152
7998 8153
8155 8157
7996 8182
8088 8184
8089 8185
8041 8186
8215 8213
8470 8222
8471 8209
8321 8320
8320 8386
8213 8385
8385 8433
8433 8432
8472 8215
8386 8472
9188 8601
9189 8609
9190 8600
9071 9072
9191 8708
9193 8666
9072 9077
9070 9071
9368 9345
221 9372
2490 9377
2483 9382
2484 9385
2485 9387
9390 9389
9392 9391
2437 9416
2458 9418
2475 9424
6647 9428
220 9432
2480 9446
2482 9450
2479 9452
7459 9468
2424 9472
9474 9475
7865 9477
7863 9479
7461 9482
9489 9488
2840 9489
2847 9491
2848 9495
2842 9497
2849 9499
2845 9501
2856 9505
2851 9507
2857 9517
2853 9519
2846 9521
2854 9523
2844 9525
6642 9543
6636 9546
6638 9548
7460 9552
