6
8
9
21
13
9
28
36
39
43
54
61
63
77
5
88
91
97
110
117
130
136
157
162
178
180
191
204
214
247
276
278
276
306
283
313
353
357
375
405
419
457
483
495
493
496
512
524
574
576
574
595
599
651
697
725
750
760
775
776
784
792
806
809
820
871
933
961
967
980
991
1000
1005
1015
1020
1022
1060
1059
1065
1071
1083
1096
973
520
1158
1163
1053
1161
1176
1200
543
1224
1238
1244
1204
1258
1269
589
1273
1298
1301
1351
1367
1388
1434
1446
1447
1452
1442
1463
1482
1491
1510
1554
1576
1605
1632
1647
1657
1701
1700
1719
1722
1733
1734
1741
1743
1753
1757
1766
1765
1767
1801
1797
1799
1813
1817
1818
1813
1828
1831
1894
1931
1943
1949
1966
1982
1988
1993
2040
2067
2078
2101
2108
2115
2126
2130
2135
2140
2132
2130
2146
2153
2176
2187
2190
2187
2207
2243
2244
2279
2302
2314
2351
2383
2390
2393
2390
2405
2422
2431
2434
2455
2460
2481
2487
2496
2514
2516
2514
2577
2657
2688
2740
2758
2766
2758
2793
2799
2835
2856
2871
2888
2894
2912
2936
2967
3008
3013
2375
3017
3029
3040
3045
3072
3078
3081
3085
3078
3097
3096
3100
3102
3105
3072
3074
3143
3148
3167
3193
3225
3248
3255
3277
3287
3311
3356
3369
3381
3387
3384
3438
3461
3465
3481
3501
3509
3501
3519
3538
3576
3609
3620
3653
3677
3682
3692
3709
3754
3774
3771
3777
3782
3787
3797
3798
3802
3811
3850
3849
3854
3856
3861
3854
3850
3872
3884
3895
3900
3917
3960
3977
3995
4023
4035
4086
4116
4135
4144
4170
4191
4200
4243
4312
4342
4351
4359
4373
4375
4379
4394
4396
4403
4409
3536
4447
4485
4494
4502
4443
4513
4545
4564
4590
4613
4616
4619
4613
4621
4634
4652
4658
4660
4682
4695
4708
4722
4732
4738
4741
4745
4758
4769
4772
4755
3836
4776
4787
4800
4806
4820
4828
4814
4830
4826
4847
4862
3949
4870
4921
4946
4996
5027
5037
5056
5078
5096
5111
5169
5174
5176
5199
5225
5259
5272
5278
5296
5302
5318
5330
5364
5370
5373
5384
5382
5390
5417
5443
5462
5485
5523
5519
5536
5548
5554
5558
5581
5606
5597
5604
5609
5607
5633
5654
5658
5668
5670
5687
5692
4714
5696
5692
4714
5701
5706
5711
5718
5720
5718
5738
5743
5732
5749
5762
5768
5777
4820
5785
5798
5817
5846
5854
5875
5878
5889
5908
5946
5976
5985
5992
5999
6003
6019
6030
6120
6136
6142
6152
6166
6183
6205
6217
6219
6241
5236
6255
6345
6353
6367
6424
6440
6447
6468
6501
5440
6513
6519
6528
6579
6580
6596
6598
6663
6667
6670
6678
6703
6707
6719
6728
6733
6729
6736
6740
5701
6757
6729
6761
6760
6779
6787
6807
6808
6815
6826
6807
6808
6833
6845
6843
6853
6787
6862
6863
6869
6892
6942
6952
7003
7043
7042
7052
7061
7067
7070
7090
7149
7150
7149
7162
7184
7199
7211
7231
7267
7296
7348
7349
7348
7377
7420
7463
7465
7479
7515
7525
7562
7557
7573
7614
7636
7642
7667
7670
7671
7673
7675
7685
7709
7716
7724
7723
6807
7726
7728
7724
7744
7751
7752
7714
7755
7758
7766
7764
7769
7800
7820
7824
7837
7839
7853
7899
7907
7926
7945
7978
7982
8049
8058
8070
8116
8133
8177
8190
8233
8263
8284
8293
8297
8298
8311
8324
8344
8364
8384
8386
8401
8432
8492
8517
8524
8530
8547
8577
8581
8586
8603
8612
8635
8634
8660
8661
8667
8673
8679
8684
8706
8719
8735
8740
8744
8689
8746
7763
8749
8753
8697
8751
8755
8763
8755
8769
8774
8769
8822
8828
8834
8838
8857
8897
8908
8951
8953
8967
8968
8967
8984
8993
9058
9061
9073
9096
9106
9129
8190
9138
9158
9181
9196
9248
9247
9278
9301
9312
9331
9337
9351
9358
9364
9369
9393
9398
9412
9420
9471
9502
9507
9547
9563
9583
9599
9524
9532
9606
9609
9621
9624
9642
9664
9680
9683
9703
9701
9710
9749
9759
9802
9811
9813
9838
9903
9912
10011
10037
10039
10042
10057
10081
10059
10128
10155
10176
10199
10233
10248
10271
10276
10277
10293
10333
10348
10362
10372
10430
10459
10461
10490
10499
10513
10571
10582
10586
10600
10596
10604
10606
10615
10617
10627
10650
10656
10676
10681
10688
10696
9775
10701
10706
10755
10753
10778
10809
10785
10836
10841
10847
10849
10847
10860
10883
10958
10971
10977
10992
11020
11037
11062
11071
11118
11131
11139
11143
11161
11187
11199
11207
11218
11226
11239
11247
11288
11299
11319
11332
11333
11359
10522
10487
10486
10523
11373
11379
11384
11403
11410
11429
11440
11443
11450
11451
11484
11502
11528
11543
11554
11561
11566
11573
11649
11655
11669
11748
11760
11774
11775
11785
11793
11794
11806
11852
11865
11895
11921
11939
11964
11971
11993
11997
12022
12041
12044
12058
12078
12082
12092
12097
12099
12116
12159
12160
12189
12193
12189
12221
12230
12251
12210
12256
12277
11381
12305
12318
12330
12331
12342
12347
12398
12399
12458
12487
12494
12496
12498
12512
12524
12534
12566
12569
12574
12577
12591
12660
12767
12768
12841
12962
12980
12989
13005
13043
13065
13068
13071
13065
13076
13083
12041
13099
13110
13115
13116
13120
13153
13154
13153
13164
13182
13194
13215
13255
13261
13275
13274
13292
13297
13332
13349
13362
13390
13388
13407
13408
13432
13489
13516
13532
13570
13579
13585
13598
13609
13621
13657
13669
13679
13684
13692
13729
13756
13794
13898
13947
13948
13959
13966
13981
13994
13991
14018
14052
14090
14140
14168
14187
14194
14213
14222
14225
14231
14234
14236
14263
14271
14282
14277
14300
14314
14364
14372
14375
14379
13211
14384
14403
14437
14442
14443
14452
14458
14468
14474
14484
14497
14501
14511
14497
14519
14526
14569
14488
14594
14595
13372
14612
14611
14624
14628
14655
14696
14734
14730
14745
14782
14810
13657
14842
14877
14885
14899
14910
14961
14973
14986
15026
15028
15074
15079
15091
15117
15179
15181
15180
15230
15247
15303
15309
15318
15391
14076
15396
15413
15422
15425
15426
15469
15474
15530
15531
15537
15541
15545
15559
15563
15567
15566
15568
15582
15622
15626
15634
15647
15658
15667
15679
15702
15706
15713
15729
15744
15751
15786
15791
15801
15818
15825
15833
15822
15853
15855
15859
15865
15883
15884
15883
15899
15898
15920
15918
15924
15916
15930
15949
15950
15955
15963
16006
16022
16045
16057
16067
16088
16129
16130
16161
16172
16188
16194
16200
16203
16213
16227
16259
16278
16335
16365
16362
16458
16472
16484
16498
16502
16527
16537
16603
16634
16684
16695
16694
16714
16723
16734
16766
16780
16820
16823
16856
16885
16903
16934
16948
16947
16958
16957
16972
16996
17003
17010
17006
17016
17025
17036
17047
17067
17112
17114
17141
17147
17151
17196
17205
17215
17224
17225
17241
17252
17260
17256
17259
17274
17281
17289
17308
17314
17256
17324
17345
17349
17356
17359
17366
17368
17422
17436
17482
17488
17494
17522
17560
17569
17572
17584
17589
17596
17602
17610
17639
17569
17645
17649
17651
17649
17652
17668
17680
17697
17707
17732
17781
17779
17806
17815
17791
17829
17836
17848
17850
17860
17862
17928
17985
18036
18052
18114
18144
18159
18164
18180
18257
18282
18293
18312
18317
18346
16817
18356
18358
18372
18393
18404
18411
18433
18465
18504
18507
18517
18522
18528
18534
18526
18543
18544
18553
18554
18576
18598
18605
18606
18613
18616
18618
18616
18629
18708
18733
18742
18755
18761
18790
18802
18832
18830
18835
18840
18850
18867
18871
18882
17401
18905
18908
18905
18917
18941
18951
18952
18967
18975
18991
19031
19046
19069
19085
19093
19095
19096
19098
19126
19232
19237
19244
19251
19256
19263
19283
19301
19297
19305
19311
19323
19320
19321
19337
19328
19342
19382
19392
19430
19524
19545
19546
19545
19585
19595
19637
19683
19685
19704
19754
19765
19801
19819
19843
19866
19876
19910
19950
19961
19963
19976
19988
19997
20009
20040
20053
20064
20080
20106
20126
20146
20149
20164
20180
20183
20208
20215
20225
20246
20251
20279
20286
20296
20301
20311
20302
20324
18790
20323
18790
20328
20388
20399
20401
20438
20448
20472
20479
20480
20483
20516
20518
20537
20557
20565
20576
20593
20606
20626
20636
20640
20663
20689
20725
20749
20765
19254
20794
20837
20846
20947
20961
20976
21010
21012
21051
21082
21106
21111
21162
21165
21188
21241
21255
21278
21290
21298
21306
21328
21370
21372
21384
21417
21405
21455
21471
21441
21468
21477
20134
21494
21510
21528
21546
21548
21574
21597
21609
21631
21648
21654
21672
21681
21743
21752
21755
21761
21782
21796
21843
21857
21863
21861
21874
21884
21897
21903
21917
21916
21919
21921
21931
21990
21947
22000
22007
22013
20626
22067
22104
22111
22114
22111
22124
22137
22145
22150
22156
22162
20759
22180
22238
22242
22294
22303
22330
22355
22370
22434
22444
22481
22500
22503
22530
22571
22616
22626
22630
22645
22683
22708
22725
22732
22738
22741
22767
22796
22813
22818
22827
22849
22855
22862
22863
22866
22893
22902
22908
22915
22930
22924
22936
22957
22954
22970
22976
23007
23025
23042
23051
23052
23058
23064
23069
23092
23119
23128
23135
23182
23200
23213
23214
23208
23235
21847
23269
23272
23289
23303
23322
23331
23348
23344
23349
23356
23369
23405
23410
23418
23449
23457
23470
23527
23542
22192
23541
23550
23555
23553
23559
23567
23581
23578
23605
23616
22278
23619
23653
23677
23692
23740
23755
23777
23802
23813
23849
23864
23915
23921
23938
23952
23954
23961
23971
24007
24033
24043
24046
24065
24066
24091
24109
24121
24188
24199
24210
24220
24231
24232
24237
22933
24242
24263
24264
24273
24285
24283
24294
24298
24305
24342
24345
24362
24371
24379
24383
24421
24427
24451
24467
24476
23200
24491
24507
24524
24539
24558
24608
24614
24639
24655
24673
24707
24715
24719
24740
24743
24782
24810
24814
24816
24823
24826
24822
24866
24871
24878
24882
24883
24886
24896
24897
24896
24900
23645
24914
24920
24930
24914
24940
24948
23677
24966
25015
25060
25069
25093
25091
25121
25139
25150
23910
25211
25220
25226
25237
25249
25262
25265
25275
25337
25353
25354
25361
25353
25376
25377
25383
25419
25425
25444
25451
25471
25479
25520
24197
25542
25545
25553
25498
25563
25565
25562
25563
25574
25578
25596
25604
25589
25614
25638
25641
25648
25663
25675
25671
25691
25712
25722
25732
25756
25772
25785
25793
25806
25836
25862
25877
25890
25897
25863
25888
25934
25938
25942
25950
25959
26000
25998
26015
26022
26030
26039
26040
26050
26064
26107
26109
26107
26126
26137
26166
26171
26176
26181
26188
26193
26201
26193
26214
26225
26301
26293
26311
26398
26412
26452
26454
26467
26468
26482
26518
26562
26572
26626
26686
26693
26714
26717
26720
26717
26744
26740
26757
26768
26787
26789
26800
26802
25501
26841
26873
26875
26902
26923
26926
26923
26938
26935
26941
26945
25697
26954
26977
26970
26990
26995
26989
27000
27010
26975
27013
27042
27054
27073
27099
27104
27113
27121
27124
27099
27129
27130
27138
27146
27144
27153
27157
27189
27192
27212
27219
27226
27219
27242
27237
27255
26030
27262
27265
27277
27304
27306
27324
27346
27359
27360
27375
27376
27375
27388
27398
27402
27415
27424
27447
27449
27473
27523
27534
27537
27557
27583
27598
27632
27637
27635
27660
27675
27685
27687
27689
27708
27716
27723
27744
27759
27786
27802
27811
27829
27866
27867
27901
27906
27901
27914
27926
26638
27938
27942
27950
27951
27967
27975
27981
27992
28001
28033
28068
28076
28088
28106
28126
26869
28131
28135
28148
28153
28155
28178
28198
28204
28222
28227
28234
28258
28261
28256
28280
28277
28287
28266
28314
28331
28340
28339
28366
28373
28382
28393
28402
28427
28437
28440
28446
28466
28460
28472
28477
28479
28480
28492
28509
28508
28529
28535
28539
28552
28559
28564
28585
27432
28591
28637
28646
28673
28675
28720
28775
28783
28798
28806
28807
28814
28822
28829
28838
28853
28873
28877
28889
28877
28968
28977
29022
29049
29069
29088
29100
29106
29118
29133
29154
29160
29161
29183
29188
29199
29209
29210
29224
29227
29239
29222
29247
28095
29257
29258
29269
29283
29284
29283
29294
29271
29299
29318
29339
29371
29376
29377
29376
29379
29376
29393
29394
29435
29431
29457
29467
29477
29487
29491
28393
29498
28402
29508
29517
29516
29540
29545
29549
29558
29575
29589
29593
29596
29600
29608
29612
29621
29647
29606
29605
29660
29665
29671
28552
29679
29701
29705
29726
29777
29792
29800
29818
29829
29875
29889
29909
29924
30020
30043
30058
30067
30118
30135
30143
30173
30194
30207
30223
30233
30241
30276
30292
30302
30314
30325
30324
30331
30336
30342
30374
30385
30389
30413
30417
30448
30471
30486
30502
30511
30526
30528
30550
30556
30559
30579
30611
30613
30620
30643
30649
30656
30728
30734
30737
30745
30746
30745
30754
30768
30771
30791
30793
30809
30799
30814
30824
30829
30832
30841
30847
30854
30841
30843
30860
30862
30864
30871
30888
30882
30899
30902
30909
30916
30901
30923
31023
31027
31043
31046
31063
31153
31157
31194
31264
31269
31292
31298
31303
31331
31338
31344
31347
31351
31381
31392
31401
31405
31422
31444
31461
31477
31484
31494
31510
31525
31531
31540
31545
31540
31570
31565
31576
31589
31598
31631
31630
31652
31677
31689
31698
31721
31735
31737
31748
31751
31752
31763
31771
31779
31798
31809
31814
31844
31855
31858
31865
31878
31881
31884
31889
31890
31893
31903
31905
31912
31922
31919
31932
31937
31952
31953
31945
31963
30620
30647
31983
31952
31992
32024
32029
32030
32034
30684
32036
32058
32051
32081
32085
32086
32089
32114
32118
32136
32142
32180
32204
32202
32209
32231
32235
32243
32247
32250
32262
32265
32274
32235
32315
32337
32353
32379
32380
32379
32391
32400
32403
32409
32432
32464
32483
32495
32500
32518
32523
32526
32569
32571
32588
32596
32598
32634
32668
32678
32682
32704
32710
32709
32720
32721
32752
32758
32761
32794
32818
32822
31400
32833
32849
32864
32939
32947
32957
32975
32986
32984
32990
32997
32999
33003
32999
33008
33029
33041
33073
33092
33098
33105
33112
33092
33114
33115
33117
33124
33128
33146
33148
33146
33162
33163
33165
33190
33192
33226
33228
33242
33243
33263
33267
33277
33292
33295
33308
33272
33336
33365
33375
33386
33396
33405
33421
33425
33437
33456
33457
33474
33477
33494
33523
33533
33535
33563
33566
33575
33589
33602
33600
33606
33616
32182
33623
33643
33648
33657
33704
33717
33741
33756
33788
33829
33836
32474
33854
33872
33899
33921
33929
33945
33953
33955
34003
34017
34021
34040
34057
34089
34115
34116
34126
34132
34134
34136
34140
34173
34183
34187
34191
34210
34206
34212
34220
34236
34240
34236
34244
34246
34260
34286
34289
34290
34297
34302
34311
34315
34316
34326
34342
34344
34349
34358
34365
34376
34382
34387
34391
34413
34432
34456
34458
34460
34458
34492
34506
34507
34517
34518
34541
34548
34557
34569
34582
34609
34624
34628
34635
34643
34660
34667
34675
34684
34686
34692
34711
34719
34720
34722
34720
34730
34738
34746
34757
34759
33368
34764
34781
34796
34808
34815
34819
34822
34828
34832
34834
34828
34850
34860
34853
34874
34888
34918
34917
34927
34938
34953
34976
34992
35012
35015
33612
35012
35045
35058
35062
35037
35077
33643
35079
35081
35084
35088
35100
35117
35195
35217
35258
35286
35290
35306
35321
35327
35393
33936
35472
35487
35497
35499
35503
35499
35501
35512
35518
35522
35528
35542
35549
35553
35548
35569
35573
35589
35600
35612
35613
35618
35639
35651
35656
35665
35674
35704
35706
35714
35718
35728
35734
35728
35736
35744
35746
35756
35765
35766
35768
35782
35788
35786
35806
35819
35818
35837
35847
35855
35879
35972
35973
35984
35993
35997
36006
36030
36043
36056
36053
36072
36074
36088
36090
36088
36097
36108
36120
36144
36159
36163
36176
36194
36197
36205
36210
36211
36210
36213
36216
36226
36234
36254
36255
36272
36276
36270
36291
36292
36302
36309
36302
36360
36363
36372
36382
36384
36392
36413
36425
36435
36442
36449
36456
36460
36461
36472
36489
36498
36502
36507
36525
36534
36546
36573
36574
36578
36573
36590
36592
36602
36619
36623
36637
36640
36643
36649
36653
36668
36669
36715
36744
36780
36789
36805
36832
36865
36890
36930
36933
36949
36948
36970
36972
36970
36986
36985
37021
37037
37058
37066
37071
37079
37085
37086
37094
37100
37109
37130
37140
37145
37156
37160
37156
37169
37171
37182
37194
37195
37204
35609
37212
37215
37225
37234
37260
37263
37258
37274
37316
37330
37332
37327
37338
37348
37345
37365
37368
37372
37381
37387
37381
37392
35776
37399
37393
37406
37411
37470
37484
37512
37539
37545
37539
37558
37557
37573
37578
37596
37605
37608
37617
37625
37678
37680
37690
37693
37696
37705
37707
37710
37729
37730
37729
37731
37744
37798
37805
37837
37842
37857
37866
37872
37890
37921
37937
37926
37948
37942
37947
37953
37958
37959
37963
37971
37976
37971
37980
37997
37999
36643
38012
38013
38020
38030
38041
38049
38075
38115
38172
38231
38258
38328
38347
38378
38381
38411
38422
38424
38441
38437
38452
38468
38469
38470
38476
38480
38491
38422
38505
38502
38526
38531
38537
38550
37223
38556
38562
38566
38570
38566
38593
38599
38603
38605
38599
38603
38620
38624
38635
38636
38642
38644
38654
37306
38669
38675
38672
38681
38689
38712
38715
38739
38773
38780
38788
38796
38807
38816
38836
38846
38852
37484
38869
38880
38889
38905
38919
37573
38932
38939
38961
38966
38975
38984
38999
39004
39038
39060
39054
39055
39069
39082
39078
39086
39100
39103
39110
39122
39131
39143
39158
39159
39167
39176
39188
39195
39206
39211
39274
39304
39330
39331
39342
39345
39358
39362
39386
39471
39478
39486
39512
39542
39544
39586
39590
39586
39610
39632
39638
39642
39652
39649
39671
39673
39702
39701
39709
39729
39730
38558
39729
39739
39749
39761
39762
39770
39775
39781
39758
39797
39815
39812
39830
39832
39814
39847
39852
39857
39863
39869
39878
39892
39907
39843
39915
39916
38677
39915
39924
39921
39943
39951
39958
39962
39973
39986
39983
40028
40031
40046
40081
40127
40131
40137
40149
40152
40216
40237
40243
40247
40249
40259
40249
40300
40330
40339
40338
40356
40373
40379
40376
40422
40431
40443
40471
40479
40505
40514
40531
40562
40582
40584
40588
40599
40609
40613
40650
40679
40684
40712
40715
40733
40746
40790
40791
40790
40794
40805
39610
40875
40873
40891
40933
40937
40936
40949
40958
40982
40988
41006
41009
41019
41024
39928
39924
41025
41045
41052
41065
39958
41074
41086
41094
41102
41114
41122
41147
41168
41171
41174
41171
41186
41192
41193
41209
41219
41231
41236
41242
41260
41270
41282
41309
41340
41347
41371
41417
41418
41417
41424
41447
41482
41490
41500
41498
41506
41511
41513
41517
41520
41533
41535
41549
41557
41572
41577
41586
41599
41639
41683
41700
41732
41737
41790
41797
41822
41838
41837
41851
41865
41866
41876
41885
41892
41913
41962
41981
41983
42030
42036
42043
40746
42059
42084
42095
42149
42154
42162
42181
42203
42127
42209
42216
42226
42235
42244
40933
42281
42294
42270
42272
42308
42309
42332
42338
42351
42358
42365
42370
42376
42384
42386
42433
42439
42472
42505
42526
42539
42578
42579
42614
42647
42663
42680
42688
42704
42728
42734
42782
42788
42797
41491
42804
42808
42821
42840
42843
42866
42885
42890
42896
42922
42925
42939
42940
42942
43013
43021
43051
43061
43077
43106
43110
43128
43166
43170
43178
43199
43227
43226
43268
43316
43321
43342
43354
43374
43403
43410
43444
43467
43474
43479
43481
43501
43507
43542
43554
43559
43577
43602
43612
43642
43644
43676
43696
43701
43712
43719
43720
43729
43742
43743
43757
43763
43780
43788
43792
43805
43877
43887
43896
43910
43926
43947
43958
43980
44006
44023
44028
44110
44185
44206
44212
44215
44225
44226
44264
44268
44271
44299
44333
44336
44345
44334
44364
44383
44393
44412
44418
44436
44433
44443
44447
44457
44510
44507
44525
44531
44539
44594
44637
44662
44664
44687
44740
44746
44753
44759
44769
44781
44786
44803
44796
44810
44829
44881
44894
44898
44923
44919
44935
44941
44972
44987
44981
44992
45001
45013
45009
45018
45040
45059
45066
45065
45081
45091
45101
45134
45149
45172
45178
45212
45226
45229
45226
45241
45245
45253
45266
45272
45299
45302
45308
45309
45319
45299
45323
45299
45336
45350
45361
45372
45373
45376
45381
45400
45402
45400
45411
45418
45444
45450
45473
45488
45502
45510
45511
45515
45511
45523
45534
45542
45561
45511
45515
45568
45575
45595
45606
45625
45636
45643
45667
45671
45667
45682
45705
45727
45729
45738
45735
45741
45760
45765
45779
45777
45809
45823
45824
45836
45868
45875
45885
45888
45890
45885
45896
45913
45920
45924
45927
45924
45929
45931
45938
45916
45940
46006
46031
46043
46110
46180
46206
46263
46284
46324
46357
46365
46372
46399
46400
46423
46420
46427
46423
46438
46463
46468
46493
46501
46512
46520
46527
46541
46544
46550
46553
44951
46558
46564
46590
46606
46608
46631
46638
46656
45187
46659
46683
46694
46709
46716
46721
46735
46740
46743
46750
46753
46750
46764
46781
46785
46787
46805
46807
45308
46808
46817
46822
46824
46828
46840
46852
46860
45356
46882
46886
46903
46907
46914
46941
46951
45464
46988
46997
47003
47017
47026
47045
47050
47052
47061
47066
47078
47093
47098
47108
47120
47127
47150
47169
47203
47210
47223
47236
47261
47271
47279
47282
47286
47287
47313
47357
47367
47388
47398
47454
47469
47473
47515
47554
47584
47638
47665
47678
47683
47688
47719
47727
46292
47780
47787
47806
47814
47826
47835
47894
47891
47917
47921
47931
47938
47948
47951
47960
47972
47973
47972
47995
48007
48011
48024
48031
48032
48043
48044
48055
48043
48061
48067
48065
48073
48072
48091
48125
48129
48143
48141
48152
48145
48191
48200
48202
48209
48218
48230
48238
48245
48247
48262
48278
48289
48291
48289
48298
48302
48306
48356
48371
48382
48385
48390
48419
48421
48432
48454
48462
48480
46917
48456
48453
48486
48511
48477
48507
48501
48524
48538
48539
48545
48560
48564
48568
48609
48616
48632
48644
47108
48650
48652
48671
48683
48690
48697
48696
48712
48725
48757
48766
48784
48792
48842
48862
48878
48907
48923
48926
48951
48952
48960
48967
48970
48973
48988
48992
49000
49002
49005
49019
49055
49060
49062
49073
49085
49089
49104
49062
49108
49104
49115
49123
49172
49205
49217
49223
49239
49245
49256
49262
49266
49322
49333
49344
49363
49366
49377
49394
49431
49439
49443
49460
49481
49484
49488
49509
49519
49536
49548
49549
49562
49583
49616
48258
49631
49632
49673
49682
49686
49690
49689
49712
49720
49735
49737
49756
49762
49766
49771
49784
49829
49860
49890
49891
49893
49897
49872
49874
49903
49916
49959
49955
49951
49972
49993
50000
50010
50014
50078
50084
50090
50102
50147
50155
50186
50194
50191
50207
50224
50230
50244
50267
50284
50304
50321
50325
50318
50350
50361
50364
50370
50385
50414
50455
50466
50498
50514
50525
50532
50545
50550
50548
50554
50572
50592
50591
50597
50612
50615
50629
50637
50641
50648
50657
50661
50687
50711
50713
50741
50759
50779
50787
50784
50801
50775
50788
50813
50826
50834
50849
50851
50852
50851
50899
50901
50903
50901
50908
50913
50924
50941
49711
50948
50964
50990
50994
51032
51043
49853
51044
51064
51063
51058
51076
51074
51085
49885
51088
51098
51110
51113
51112
51162
51183
51238
51253
51268
51271
51274
51320
51365
51417
51448
51461
51475
51507
51519
51524
51557
51562
51571
51575
51579
51586
51593
51592
51601
51623
51622
51630
51648
51686
51715
51748
51759
51769
51772
51791
51793
51806
51818
51836
51844
51871
51877
51885
51894
51899
51907
51854
51925
51938
51946
51965
51962
51976
51991
52001
51998
52028
52041
52010
52060
52058
52071
52068
52085
52091
52096
52123
52126
52123
52136
52158
52171
52181
52190
52199
52200
52206
52216
52223
52224
52221
52239
52242
52257
52262
51040
52278
52284
52307
52324
51127
52330
52331
52347
52352
52347
52361
52362
52378
52386
52404
52441
52471
52487
52514
52560
52579
52603
52623
52657
52669
52688
52709
51507
52745
52784
52782
52791
52800
52811
52817
52819
52827
52841
52846
52861
52874
52875
52892
52901
52919
52950
52961
52973
52972
52976
52999
53019
53021
53040
53048
53053
53056
53080
53086
53089
53086
53105
53106
53110
53120
53128
53152
53162
53172
53227
53249
53267
53271
53297
53329
53342
53347
53354
53385
53396
53403
53406
52154
53418
53437
52151
53436
53448
53454
53467
53463
53514
53507
53521
53528
53536
53546
53549
53546
53561
53557
53570
53579
53572
53570
53598
53614
53626
53629
53640
53656
53655
53675
53728
53731
53758
53765
53777
53786
53804
53821
53848
53823
53846
53858
53859
53891
53934
53950
53979
54027
54043
54067
54068
54076
54080
54085
54100
54109
54107
54120
54121
54155
54161
54163
54166
54185
54196
54211
54221
54223
54228
54238
54239
54256
54259
54269
54279
54293
54297
54304
54343
54354
54374
54392
54405
54416
54426
54471
54486
54497
54509
54518
54526
54543
53312
54580
54584
54602
54609
54635
54649
54676
54677
54701
54712
54721
54726
54735
54744
54745
54744
54775
54781
54793
54807
54848
54856
54896
54899
54904
54907
54923
54948
54951
54948
54963
54968
55034
55056
55065
55082
55100
55107
55131
55149
55229
55232
55263
55267
55273
55277
55286
55273
54084
55295
55299
55311
55333
55339
55336
55349
55360
55364
55372
55393
55399
55418
55429
55431
55442
55463
55460
55474
55482
55500
55511
55517
55512
55518
55517
55512
55534
55549
55570
55576
55589
55594
55609
55624
55641
55642
55649
55650
55654
55663
55694
55701
55685
55708
55709
55719
55717
55724
55726
55732
55734
55745
55743
55788
55802
55808
55814
55821
55830
55858
55863
55864
55873
55895
55907
55915
55941
55953
55969
55973
55983
55992
55998
55969
56002
56003
56012
56035
56036
56035
56039
56094
56101
56110
56122
56150
56166
56172
56181
56212
56243
56259
56293
56300
56321
56325
56336
56367
56379
56398
56405
56431
56445
56452
56456
56465
56474
56473
56479
55302
56485
56495
56490
56498
56512
56516
56537
56552
56564
56553
56572
56575
56604
56616
56618
56616
56631
56650
56681
56690
56701
56704
56728
56744
56749
56757
56763
56792
56819
56815
56818
56823
56851
56861
56862
56869
56888
56894
56902
56915
56921
56934
56944
56952
56950
56973
56984
56995
57008
57017
57043
57044
57051
57078
57107
57109
57111
57118
57137
57159
57165
57198
57277
57318
57327
57334
57344
57356
57368
57372
57377
57391
57399
57407
57406
57429
57431
57429
57435
57445
57460
57465
57513
57541
57545
57567
57583
57588
57595
57608
57617
57632
57639
57659
57671
57689
57761
57762
57773
57776
57793
57794
57793
57803
57812
57820
57830
57835
57841
57853
57862
57895
57904
57907
57889
57904
57914
57920
57943
57942
57949
57942
57952
57954
57952
57963
57978
57999
58013
58031
58033
58061
58073
58105
58122
58126
58163
58171
58178
57098
58176
58194
58195
58209
58216
57198
58219
58240
58247
58273
58270
58282
58287
58311
58319
57249
58315
58327
58335
58347
58360
58410
58423
58449
57368
58447
58456
58469
58470
58469
58478
58481
58512
58529
58512
58541
58562
58586
58594
58602
58621
58628
58634
58640
58636
58648
58637
58661
58675
58684
58688
58697
58696
58711
58725
58733
58734
58735
58753
58756
58764
58776
58781
58785
58802
58818
58843
58854
58866
58871
58884
58887
58912
58918
58922
58929
58894
58950
58960
58970
58974
58986
58984
58994
59032
59039
59047
59050
59061
59067
59064
59074
59070
59080
59061
59088
59098
59103
59128
59131
59169
59189
58101
59203
59198
59216
59224
59230
59241
58140
59255
59257
59264
59261
59289
59298
59308
59320
59319
59329
59332
59368
59392
59428
59440
59442
59462
59470
59483
59510
59511
59546
59549
59554
59587
59586
59602
59607
59621
59617
59628
59638
59643
59656
59668
59677
59682
59681
59696
59713
59748
59756
59766
59753
59777
59776
59793
59812
59816
59829
59841
59865
59871
59879
59896
58899
59922
59942
59947
59951
59959
59965
59980
59979
59993
60009
60012
60020
60026
60035
60040
60052
60023
60070
59059
60095
60102
59141
60122
60154
60171
60176
60182
60191
60188
60195
60206
60203
60215
60227
60231
59284
60255
60273
60284
59342
60288
60293
60316
60334
60344
59392
60357
60370
60380
60392
60396
60414
60461
60469
60495
60518
60543
60547
60576
60588
60594
60608
60639
60645
60657
60658
60657
60668
60692
60759
60763
60772
60777
60788
60798
60813
60818
60824
60839
60846
60847
60859
60868
60926
60928
60943
60938
60958
60963
60970
60976
60984
60983
60992
60995
61001
61013
61021
61031
61040
61052
61067
61072
61082
61084
61091
61097
61098
61110
61141
61160
61163
61181
61192
61208
61249
61275
61279
61253
61288
61302
61325
61330
61345
61349
61371
61377
61402
61424
61431
61450
61465
61479
61480
61487
61505
61514
61515
61553
61556
61567
61594
61598
61563
61617
61627
61649
60557
60556
61678
61664
61692
61699
61711
61732
61736
61740
61791
61834
61874
61875
61868
61883
61886
61907
61898
61960
61986
62011
62028
62049
62065
62058
62069
62075
62097
62100
62102
62100
62125
62144
62159
62161
62164
62192
62221
62230
62254
62252
62263
62273
62295
62297
62298
62313
62326
62332
62334
62332
62347
62387
62385
62393
62405
62418
62436
62475
62488
62496
62508
62509
62528
62544
62597
62610
62629
62641
62642
62641
62647
62670
62683
62695
62700
62701
62720
62723
62728
62736
62738
62720
62761
62767
62774
62782
62833
62836
62857
62862
62867
62881
62887
62904
62912
62907
62904
62920
62913
62932
62933
62932
62938
62943
62940
62952
62954
62924
62956
62965
63020
63048
63076
63084
63110
63115
63131
63155
63213
63244
63258
63306
63326
63346
63374
63382
63383
63382
63395
63403
63439
63446
63463
63461
63472
63483
63491
63499
63503
63496
63513
63520
63523
63526
63544
63549
63573
63579
63636
63638
63648
63659
63654
63695
63703
63716
63731
63738
63775
63785
63800
63801
63800
63812
63817
63828
63833
63828
63863
63859
63880
63941
63937
63978
63981
63976
63990
63996
62899
64003
64011
64007
64013
64011
64007
64022
64030
64035
64054
64058
64069
64074
64118
64124
64135
64139
64151
64177
64211
64214
64228
64241
64247
64256
64283
64306
64307
64306
64327
64376
64389
64406
64449
63446
64455
64475
64484
64483
64512
64524
64536
64548
64558
64566
64577
64610
64612
64623
64625
64623
64633
64640
64681
64697
64725
64741
64784
64792
64805
64803
64806
64824
64821
64827
64848
64852
64857
64863
64881
64902
64932
64931
64957
64962
64998
65003
65044
65048
65053
65069
65073
65081
65111
65137
65157
65168
65186
65187
65201
65215
64062
65222
64068
65236
65280
65331
65336
65354
65374
65376
65381
65384
65388
65392
65400
65402
65407
65405
65410
65417
65419
65435
65434
65438
65455
65454
65460
65461
65466
65533
65551
65594
65624
65632
65672
65673
65699
65705
65704
65712
65719
65731
65736
65741
65750
65773
65794
65800
65802
65812
65809
65822
65849
65879
64769
65907
64827
65908
65910
65917
65931
65956
65964
65987
66017
66021
64927
66038
66097
66107
66115
66157
66178
66180
66202
66204
66217
66232
66259
66265
66284
66291
66320
66358
66366
66386
66394
66406
66407
66411
66413
66414
66433
66436
66451
66452
66457
66458
66474
66485
66497
66501
66523
66538
66554
66568
66574
65369
66580
66613
66622
66626
66629
66631
65417
66643
66644
66653
66652
66662
66673
66689
66691
66700
66709
65485
66711
65485
66740
66746
66747
66775
66792
66798
66809
66792
66859
66872
66873
66892
66903
66906
66932
66936
66937
66962
66961
66982
66991
67001
67015
67023
67043
67048
67069
67093
67098
67108
67112
67146
67161
67168
67172
67178
67212
67222
67228
67247
67255
67273
67294
67305
67350
67384
67410
67466
67476
67483
67485
67488
67506
67509
67534
67544
67549
67552
67553
67575
67577
67582
67619
67623
67634
67650
67660
67668
67686
67699
67711
67729
67747
67745
67761
67765
67773
67795
67796
67797
67795
67803
67830
67866
67872
67927
67929
67984
66608
68009
67990
68018
68023
68030
68039
68041
68039
68051
68063
68069
68089
68143
68166
68181
68188
68210
68254
68265
68276
68279
68306
68309
68351
68364
68373
68378
68391
68404
68419
67057
68450
68478
68496
68503
68507
68512
68490
68525
68569
68578
68583
68592
68593
68611
68614
68611
68616
68617
68620
68635
68638
68652
68657
68685
68696
68710
68772
68778
68808
68826
68829
68859
68883
68902
68909
68932
68938
68945
68957
68967
68981
68953
68952
68983
68992
69015
69024
69038
69088
69089
69126
69142
69166
69170
69178
69193
69197
69204
69203
69209
69204
69221
69232
69241
69257
69271
69289
69302
69311
69317
69323
69395
69405
69413
69422
69434
69438
69451
69462
69477
69485
69499
69513
69539
69544
69556
69572
69582
69604
69628
69637
69654
69684
69718
69754
69757
69787
69791
69814
69819
69830
69837
69857
69859
69862
69887
69888
69887
69905
69940
69943
69947
69943
69957
69998
70022
70027
70037
70169
70194
70201
70203
70201
70209
70241
70264
70296
70308
70324
70343
70342
70346
70356
70363
70370
70376
70385
70400
70407
70464
70478
70476
70483
70494
70524
70529
70541
70546
70557
70564
70587
70585
70598
70602
70601
70619
70611
70650
70696
70698
70703
70713
70757
70805
70833
70843
70846
70853
70877
70884
70881
70887
70891
70914
70932
70933
70938
70948
70965
70987
71003
71019
71021
71081
71082
71102
71156
71157
71176
71253
71264
71272
71276
71287
71285
71299
71303
71307
71321
71351
71359
71365
71370
71397
71407
71418
71436
71448
71513
71512
71537
71536
71556
71565
70264
71571
71577
71565
71589
71602
71605
71617
71629
71632
71642
71653
71655
71663
71688
71693
71688
71718
71731
71786
71791
71796
71800
71814
71820
71814
71862
71876
71881
70541
71898
71926
71934
71945
71953
71958
71963
72004
72049
72067
72086
72094
72098
72109
70846
72127
72131
72140
72138
72173
72185
72215
72220
72225
72254
72251
72286
72294
72326
72334
72356
72354
72400
72407
72414
72442
72449
72442
72460
72457
72475
71170
72486
72506
72511
72506
72537
72540
72546
72564
72577
72583
72596
72605
72619
72623
72634
72663
72661
72677
72698
72741
72786
72804
72850
72859
72870
72953
71606
71605
72940
72962
72968
72976
72974
73010
73020
73027
73039
73049
73047
73070
73078
73090
73099
73136
73146
73164
71887
73171
73217
73220
73217
73234
73240
73242
73260
73288
73296
73308
73272
73355
73365
73368
73394
73406
73414
73419
73430
73439
73419
73444
73453
73467
73484
73488
73471
73507
73503
73512
73546
73551
73560
73565
73577
73584
73591
73601
73608
73613
73623
73584
73639
73661
73668
73674
73704
73728
73761
73777
73792
73811
73806
73816
73854
73890
73912
73922
73925
73926
73936
73942
73978
73987
74009
74019
74017
74015
74052
74034
74060
74063
74086
74107
74114
74071
74122
74128
74148
74149
74169
74183
74188
74247
74258
74281
74288
74292
74303
74312
74313
74326
74348
74365
74368
74394
74422
74452
74482
74485
74492
74501
74506
74516
74506
74521
74525
74531
74530
74545
74546
74545
74556
74560
74574
74587
74585
74589
74590
74606
74614
74663
74682
74684
74693
74732
74744
74751
74828
74871
74894
74891
74898
74905
74917
74925
74964
74971
74983
74984
74987
74993
73462
74999
75005
75022
75016
75031
75044
75030
75039
75055
75059
75067
75091
75101
75103
75101
75113
75136
75148
75189
75188
75205
75226
75250
75274
75293
75310
75317
75320
75322
75327
75301
75321
75346
75345
75361
75385
75397
75421
75423
75425
75448
73933
75451
73933
75463
75473
75484
75496
75502
75526
75545
75554
75558
75574
75585
75591
75602
75609
75613
75610
75625
75629
75630
75645
75659
75662
75692
75697
75717
75725
75755
75761
75787
75795
74331
75823
75842
75848
75868
75872
75878
75887
75892
75898
75917
75920
75953
75970
75972
75986
75990
75999
76013
76015
76023
76055
76069
76085
76089
76094
76112
76130
76233
76246
76253
76254
76264
76287
76329
76369
76373
76393
76395
76407
76432
76442
76446
76456
76474
76481
76486
76497
76498
76510
76515
76500
76521
76523
76544
76547
76553
76555
76611
76617
76621
76653
76676
76680
76684
76710
76719
76734
76774
76781
76786
76788
76804
76810
76820
76832
76845
76852
76882
76890
76899
76908
76909
76921
76933
76942
76957
76997
76993
77000
77006
77010
77012
77014
77019
77026
77038
77042
77012
77045
77038
77051
77027
77055
77065
77067
75621
77091
77097
77102
77095
77109
77141
77143
77159
77168
77178
77175
77193
77205
77211
75761
77217
77232
77253
77254
77253
77260
77276
77282
77253
77254
77325
77352
77364
77369
77375
77386
77389
77400
77398
77420
77422
77420
77438
77453
77462
77484
77497
77503
77484
77516
77551
76064
77563
77576
77600
77612
77618
77621
77666
77705
77741
77760
77768
77790
77809
77820
77831
77847
77873
77876
77881
77899
77915
77918
77924
77934
77941
77938
77947
77965
77957
77979
77983
76526
78017
77988
78018
78029
78044
78050
78074
78075
78081
78100
78104
78106
78135
78140
78165
78184
78190
78193
78205
78209
78208
78226
78241
78248
78277
78280
78287
78291
78295
76783
78298
78307
78312
78319
78326
78356
78367
78372
78404
78427
78442
78459
78470
78472
78474
78486
78484
78501
78511
78520
78527
78535
78544
78550
78554
77099
78568
78592
78597
78598
78597
78607
78608
78616
78618
78631
78659
78669
78694
78703
78696
77248
78713
78721
78755
78761
78765
78805
78802
78809
78830
78835
78838
78852
78860
78869
78881
78885
78890
78906
78930
78933
78936
78937
78963
78967
78970
78981
78978
78988
78987
78992
78991
78996
79021
79028
79025
79034
79039
79067
79078
79081
79106
79125
79149
79169
79189
79226
79238
79245
79248
79250
79294
79304
79309
79307
79317
79322
79329
79334
79337
79329
79359
79369
79374
79381
79355
79353
79412
79414
79422
79436
79440
79451
79463
79461
79471
79490
79515
79536
79558
79580
79581
79602
79616
79618
78193
79642
79643
79642
79645
79661
79676
79678
79709
79717
79753
79765
79767
79765
79771
79765
79792
79797
79811
79828
79833
79846
79865
78398
79878
79885
79890
79909
79910
79942
78492
79948
79953
79962
79969
79984
79996
80002
80023
80044
80039
80060
80085
80090
80091
80110
80108
80141
80149
80167
80174
80181
80197
80227
80251
80257
80265
80278
80290
80295
80301
80312
80311
80318
80329
80331
80338
80344
80357
80358
80362
80365
80362
80370
80373
80391
80395
80415
80416
80418
80421
80425
80428
80432
80437
80444
80451
80464
80467
80464
80477
80463
80488
80509
80519
80528
80531
80533
80528
80538
80559
80557
80569
80573
80594
80619
80633
80635
80656
80666
80682
80697
80730
80744
80754
80765
80786
80826
80836
80841
80845
80861
80870
80891
80888
80899
80913
80916
80922
80924
80922
80933
80935
80939
80944
80954
80948
80944
80960
80927
80967
80968
80967
80978
80984
80990
80994
80989
81015
79451
81017
81019
79451
81028
81057
81063
81068
81066
81076
81084
81103
81114
81118
81132
81137
81151
81156
81183
81194
81196
81210
81214
81218
81224
81227
81228
81231
81276
81293
81303
81326
81330
81339
81347
81357
81365
81374
81386
81402
81406
81411
81418
81435
81470
81475
81492
81503
81508
81532
81537
81544
81545
81551
81532
81563
81574
81577
81581
81584
81590
81593
81599
81619
81620
81641
81648
81652
81661
81700
81712
81723
81768
81765
81775
81786
81792
81806
81808
81820
81836
81842
81873
81900
81915
81916
81918
81927
81937
81959
81967
81979
81984
82000
82015
82023
82031
82039
82044
82049
82060
82069
82071
82087
82127
82155
82174
82183
82191
82201
82198
82211
82216
82225
82229
82249
82268
82275
82287
82303
82318
82349
82369
82377
82387
82413
82417
82422
82432
82429
82439
80841
82464
82475
82481
82484
82495
82502
82514
82520
82530
82531
82542
82555
82552
82543
82550
82561
82571
82582
82579
82594
82601
82575
82597
82607
82633
82645
82646
82668
82685
82691
82708
82717
82722
82728
82735
82737
82765
82785
82798
82834
82852
82876
82888
82895
82903
82906
82921
82930
82939
82976
83025
83028
83041
83059
83062
83065
83071
83085
83097
83095
83101
83110
83111
83110
83120
83151
83149
83152
83156
83170
83185
83202
83208
83214
83234
83241
83298
83303
83298
83340
83370
83379
83392
83400
83417
83419
83432
83445
83464
83471
83482
83510
83517
83522
83542
83558
83574
83585
83589
83613
83625
83639
83641
83643
83668
83671
83672
83687
83695
83703
83714
83751
83759
83776
83787
83822
83828
83850
83859
83864
83859
83870
83919
83946
83962
83964
83972
83986
83985
83989
83993
84007
84020
84025
84046
84058
84059
84065
84080
84082
84092
84096
84116
84124
84137
84142
84151
84158
84130
84170
84175
84198
84194
84225
84229
84261
84258
84265
84278
82686
84304
84306
84326
84330
84339
84355
84365
84369
84376
84390
84405
84425
84461
84472
84482
84507
84514
84533
84540
84553
84556
84567
84587
84597
84616
84614
84630
84641
84639
84651
84672
84671
84678
84682
84687
84697
84698
84703
84713
84717
84725
84727
84736
84746
84764
84828
83778
84835
84849
84857
83799
84892
84896
83846
84929
84953
84965
84995
84997
85032
85046
85047
85050
85054
85058
85066
85073
85101
85098
85115
85135
85132
85139
85143
85156
85174
85183
85186
85194
85204
85215
85221
85239
85253
85303
85307
85312
85314
85321
85328
85331
85346
85355
85369
85370
85387
84341
84339
85404
85412
85418
84365
85424
85429
85436
85447
85453
85469
85487
85493
85500
85513
85516
85525
85534
85540
85546
85560
85551
85564
85579
85614
85652
85657
85655
85677
84694
85683
85694
85696
85709
85713
85725
85741
85751
85796
85804
85827
85836
85841
84881
85844
85860
85865
85871
85873
85874
85873
85851
85889
85928
85951
85956
85959
85967
85971
85978
85975
85988
86005
86016
86043
86060
86067
86075
86094
86104
86112
86128
86159
86164
86169
86176
86180
86179
86184
86194
86200
86207
86216
86217
86233
86253
86254
86253
86272
86287
86299
86308
85399
86316
86315
86322
86345
86394
86400
86429
86450
86461
86462
86480
86486
85657
86487
86488
86495
86508
86513
86517
86523
86536
86588
86603
86606
86638
86646
86669
86672
86675
86677
86683
86691
86697
86712
86729
86739
86744
86740
86753
86774
86772
86778
86786
86838
86841
86873
85991
85988
86868
86885
86889
86897
86915
86935
86946
86954
86970
86984
86986
86991
87004
87026
87041
87043
87067
87080
87088
87098
87100
87118
87130
87113
87141
87146
86288
87147
87168
87181
87186
87198
87203
87233
87278
87295
87302
87310
87314
87335
87337
87379
87404
87410
87415
87433
87439
87448
87455
87453
87457
87460
87478
87490
87491
87500
87510
87550
87551
87550
87556
87550
87565
87572
87576
87594
87631
87671
87680
87705
87710
87713
87720
87724
87745
87750
87775
87777
87790
87826
87845
87865
87871
87879
87880
87891
87908
87912
87908
87915
87934
87937
87942
87912
87950
87956
87961
87967
87974
87995
88010
88017
87248
88042
88045
88050
88067
88068
88089
88100
88097
88127
88116
88163
88184
88188
88185
88221
88236
88246
88242
88327
88339
88352
88374
88404
88421
88423
88433
88441
88442
88460
88496
88511
88523
88526
88523
88531
88545
88571
88594
88601
87826
88604
88608
87851
88627
88639
88645
88648
88651
88660
88665
88680
88678
88694
88713
88730
88736
88741
88753
88806
88805
88812
88821
88849
88865
88871
88884
88892
88894
88899
88901
88910
88914
88921
88940
88971
88973
88971
88986
88994
89000
88133
89007
89021
89039
89045
89050
89045
89066
89088
89123
89115
89135
89137
89139
89163
89188
89195
89203
89218
89224
89203
89239
89228
89227
89250
89254
89273
89279
89287
89299
89216
89335
89352
89401
89413
89419
89427
89431
89427
89437
89459
89461
89470
89480
89491
89494
89499
89500
89504
89502
89511
89540
89545
89555
89561
89596
89613
89678
89689
89698
89702
89710
89697
89732
89744
89750
89751
89766
89781
89792
89797
89790
89823
89828
89824
89836
89851
89009
89881
89882
89884
89890
89922
89903
89926
89952
89991
90005
90002
90023
90027
90036
90045
90046
90074
90102
90115
90116
90128
90157
90166
90183
90201
90215
90217
90226
90239
90246
90256
90259
90256
90262
90283
90293
90294
90298
90304
90309
90327
90357
90377
90403
90432
90509
90530
90539
90550
90563
90565
90594
90598
90601
90610
90613
90622
90632
90638
90643
90647
90667
90674
90689
90684
90688
90703
90704
90719
90730
90732
90763
90784
90797
90805
90812
90854
90873
90880
90887
90886
90914
90931
90954
90965
91004
91007
91001
91004
91013
91027
91033
91034
91061
91069
91070
91069
91075
91086
91095
91104
91105
91126
91135
91137
91151
91152
91169
91185
91192
91212
91245
91264
91267
91268
91267
91282
91284
91290
91319
91377
91406
91415
91425
91440
91457
91469
91496
91495
91511
91513
91516
91517
91516
91551
91564
91562
91572
91574
91572
91589
91604
91611
91634
91658
91670
91671
91705
91707
91717
91730
91734
91757
91773
91778
90914
91782
91807
91812
91871
91873
91878
91886
91892
91871
91901
91906
91931
91932
91934
91947
91954
91976
91995
92012
91116
92020
92024
92029
92037
92046
92054
92056
92115
92110
92137
92156
92168
92189
92199
92234
92230
92278
92287
92308
92338
92343
92354
92363
92375
92389
92442
92448
91734
92458
92459
92458
92477
92517
92551
92572
92573
92572
92580
92562
91790
92588
92597
92598
92595
92618
92598
92595
92634
92669
92675
92668
92674
92693
92709
91921
91918
92725
92729
92733
92715
92728
92715
92747
92749
92752
92754
92775
92811
92814
92825
92834
92857
92862
92857
92898
92918
92924
92932
92981
92994
93005
93035
93036
93048
93062
93061
93065
93035
93116
92354
93136
93135
93143
93145
93150
93152
93157
92395
93163
93160
93173
93177
93211
93235
93233
93241
93296
93306
93308
93323
92572
93335
93355
93364
93373
93380
93389
93398
93406
93407
93417
93419
93417
93424
93464
93462
93470
93487
93514
93520
93535
93533
93538
93554
93553
93557
93565
93571
93577
93607
93605
93632
93650
93654
93653
93669
93679
93689
93690
93705
93717
93748
93758
93794
93818
93838
93850
93852
93859
93858
93865
93877
93888
93904
93906
93912
93925
93923
93953
93956
93976
93190
93988
93997
94007
94037
93242
94040
94041
94040
94046
94049
94052
94057
94048
94059
94077
94093
94114
94146
94153
94158
94160
94165
94174
94194
94199
94211
94236
94254
94290
94292
94290
94318
94317
94336
94352
94366
94375
94355
94407
94410
94429
94447
94465
94473
94484
94512
94537
94544
94552
94569
94566
94584
94603
94625
94655
94677
94713
94725
94740
94748
94745
94765
94770
94776
94777
94787
94788
94805
94810
94827
94824
94836
94858
94869
94894
94895
94900
94911
94913
94928
94953
94958
94959
94967
94965
94976
95004
94154
95014
95016
95018
95031
94171
94172
95038
95046
95051
95072
95090
95134
95168
95166
95172
95181
95193
95207
95228
95267
95276
95299
95298
95308
95325
95382
95396
95430
95450
95446
95451
95450
95457
95465
95466
95444
95475
95481
95490
95496
95499
95505
95511
95521
95511
95529
95546
95547
95546
95551
95558
95560
95571
95575
95594
95599
94872
95607
95615
95625
95632
94911
95631
95642
95669
95675
95716
95718
95732
95759
95758
95772
95780
95799
95809
95810
95809
95821
95826
95839
95854
95859
95867
95866
95877
95916
95939
95947
95952
95969
95967
95977
95987
95992
96008
96032
96057
96080
96084
96097
96100
96106
96128
96123
96148
96158
96160
96179
96230
96247
96259
96267
96277
96281
96282
96284
96282
96287
96305
96313
96319
96330
96337
96340
96347
96353
96366
96378
96384
96395
96391
96416
96423
96426
96439
96453
96451
95571
96470
96465
96474
96481
96493
96501
96518
96517
96527
96525
96572
96592
96600
96608
96617
96627
96629
96651
96657
96661
96665
96673
96674
96684
96690
96701
96734
96747
96772
96780
96808
96817
96840
96845
96841
96849
96864
96873
96878
96882
96927
96928
96927
96938
96967
96986
96997
97028
97054
97067
97141
97148
97152
97165
97183
97194
97205
97218
97237
97241
97246
97251
97272
97282
97294
97291
97304
97311
97332
97344
96469
97365
97387
97392
97416
96533
97436
97457
97463
97472
97489
97496
97523
97530
97546
97547
97549
97560
97567
97608
97625
97621
97624
97659
96737
97674
97685
97697
97694
97712
97726
97735
97736
97768
97767
97773
97770
97783
97782
97789
97794
97807
97805
97811
97821
97824
97839
97841
97843
96899
97873
97881
97920
97933
97934
97947
97981
97990
98001
98017
98020
98107
98120
98133
98147
98146
98159
98164
98161
98172
98180
98212
98223
98236
98238
98244
98169
98262
98274
98282
98278
98291
98296
98301
98309
98310
98361
98376
98393
98396
98399
98416
98418
98420
98427
98462
98463
98483
98505
98509
98513
98517
98529
98543
98553
98551
98548
98555
98559
98564
98570
98583
98592
98595
98592
98598
98585
98622
98639
98644
98650
98664
98670
98669
98681
98704
98711
98709
98720
98725
98738
98752
98754
98762
98784
98781
98788
98813
98822
98833
98841
98840
98891
98890
98893
98920
98921
98920
98930
98947
98954
98950
98959
98969
98977
98981
98977
98984
98986
98993
98999
99007
99010
99019
99021
99025
99031
99035
99051
99054
99062
99068
99077
99085
99116
99121
99146
99168
99176
99207
99208
99213
99223
99239
99252
99255
99261
99273
99287
99293
99295
99317
99319
99339
99341
99339
99345
99369
99382
99429
99442
99471
99476
99489
99497
99526
99529
99561
99572
99674
99681
99687
99707
99725
99759
99772
99775
99779
99788
99803
99804
98592
99813
99814
99832
99833
99836
99853
99871
99877
98664
99889
99903
99904
99928
99943
99940
98706
99971
99968
99975
99980
99975
99986
99997
99984
100002
100010
100011
100022
100046
100055
100052
100057
100059
100066
100057
100069
100075
100094
100109
100111
100124
100132
100143
100172
100182
100190
100191
98966
100208
100219
100233
100254
100274
100276
100275
100285
99016
100300
99035
100303
100315
100334
100337
100338
100342
100338
100356
100372
100368
100377
100380
100382
100404
100447
100450
100463
100482
100485
100492
100510
100518
100517
100528
100522
100530
100526
100536
100538
100546
100549
100554
100555
100567
100571
100576
100574
100581
100595
100597
100588
100601
100588
100611
100634
100658
100679
100675
100692
100716
100729
100735
100761
100764
100769
100786
100788
100786
100792
100839
100842
100849
100854
100869
100893
100900
100957
100966
100974
100984
100993
101015
101017
101015
101025
100957
101030
101029
101034
101045
101050
101061
101086
101092
101076
101101
101105
101101
101121
101145
101148
101183
101203
101218
101224
101222
101218
101250
101217
101260
101271
101275
101284
101294
101306
101303
101314
101325
101350
101368
101376
101405
101404
101409
101418
101423
101439
101437
101433
101451
101480
101488
101499
101501
101506
101518
101521
101525
100244
101531
101534
101549
101552
101573
100273
101578
101589
101600
101605
101616
101624
101625
101638
101641
101643
101653
101657
101668
101683
101678
101677
101679
101689
101691
101728
101742
101760
101783
101808
101826
101839
101842
101848
101856
101866
101868
101879
101881
101899
101909
101918
101939
101938
101947
101956
101985
102012
102029
102038
102069
100951
102098
102115
101038
101029
102146
102151
102185
102188
102199
102221
102225
102246
102253
102260
102289
102310
102314
102310
102323
102317
102347
102348
102371
102373
102375
102380
102386
102387
102403
102373
101230
102409
102415
102423
102443
102467
102473
102478
102447
102484
102475
102486
102493
102492
102499
102510
102519
102524
102492
102557
102550
102563
102571
102579
102586
102642
102644
102642
102686
102702
102719
102730
102737
102750
101617
101613
101616
101613
102766
102775
102772
102796
102801
102807
102825
102829
102831
102834
102841
101678
101677
102850
102857
102860
102862
102890
102884
102932
102937
102958
102969
103001
103000
103003
103015
102994
103025
103049
103053
103067
103070
103089
103105
103135
103141
103163
103174
103178
103233
103255
103276
103296
103303
103304
103315
103323
103328
103325
103335
103340
103359
103381
103387
103393
102338
103376
103412
103429
103428
103433
103431
103437
103441
103446
103451
103481
103483
103497
103507
103508
103511
103526
103523
103535
103552
103578
103586
103587
103601
103606
103614
103632
103638
103644
103651
103661
103678
103685
103693
103699
103708
103728
103729
103761
103774
103781
103785
103795
103801
103824
103829
103837
103853
103858
103859
103870
103877
103883
103869
103877
103892
103890
103893
103897
103914
103922
103919
103923
103927
103934
103928
103939
103960
103967
103978
103989
103997
104000
104033
104031
104059
104069
104076
104101
104106
104111
104116
104126
104134
104193
104214
104215
104231
103229
104239
104267
104269
104264
104281
104284
104287
104298
104311
104326
104363
104375
104378
104387
104388
104393
104400
104401
104410
103402
104425
104427
104433
104467
104473
104482
104488
104493
104497
104505
104508
104528
104533
104555
104568
104584
104590
104608
104617
104621
104641
104642
104644
104646
104690
104686
104695
104751
104761
104771
104776
104799
104801
104807
104816
104823
104838
104855
104874
104885
104886
104898
104903
104898
104906
104919
104929
104951
104948
104969
104985
104982
105001
105011
105014
105039
105046
105047
105046
105060
105066
105068
105076
105097
105100
105123
105119
105141
105149
105158
105190
105193
105200
105199
105273
105285
105286
105304
105324
105333
105340
105346
105364
105399
105408
105443
104297
105474
105504
105530
105545
105562
105577
105572
105581
105579
105592
105597
105601
105606
105621
105625
105632
105675
105697
104555
105713
105718
105751
105780
105788
105797
105788
105803
105812
105813
105818
105847
105852
105892
105896
105911
106011
106014
106027
106043
106048
106049
106062
106067
106075
106095
106099
106113
106122
106146
106147
106160
106174
106182
106193
106209
106213
106218
106233
106235
106264
106271
106290
106312
106336
106339
106352
106357
106359
106367
106377
106384
106421
106425
106441
106484
106483
106574
106580
106616
106634
106653
106659
106663
106678
106680
106686
106687
106718
106725
106737
106754
106772
106774
106785
106804
106800
106835
106839
106854
106856
106880
106885
106898
106915
106908
106922
106973
106993
106997
107028
107036
107040
107052
107064
107084
107100
107124
107131
107138
107155
107162
107170
107197
107206
107226
107249
107262
107275
107288
107344
107413
107416
107418
107408
107424
107419
107432
107437
107444
107455
107470
107478
107494
107516
107555
107609
107620
107635
107650
107653
107663
107704
107711
107723
107744
107747
107744
107748
107756
107736
107760
107769
107774
107784
107787
107806
107812
107823
107828
107843
106835
107859
107864
107884
107886
107896
107919
107941
107954
107957
107963
107972
107993
108033
108039
107027
108046
108075
108092
108093
108099
108113
108131
108160
108165
108181
108194
108200
108195
108221
108225
108224
108233
108243
108254
108255
108270
108274
108322
108308
108330
108346
108355
108356
108365
108369
108382
108394
108424
108457
108511
108525
108535
108552
108561
108586
108619
108639
108667
108689
108693
108707
108710
108714
108731
108739
108740
108739
108724
108745
108758
108797
108802
108818
108824
108833
108837
108845
108871
108873
108887
108898
108917
108926
108930
108954
108968
108974
108983
109002
109029
109033
109043
109064
109070
109100
109102
109108
109131
109139
109161
109167
109224
109240
109245
109256
109266
109245
109270
109278
109300
109309
109318
109323
109328
109333
109353
109360
109388
109399
109419
109439
109453
109464
109477
109509
109525
109528
109541
109525
109521
109542
109544
109556
109585
109589
109588
109585
109607
109628
109636
109633
109643
109644
109651
109676
109674
109699
109712
109713
109747
109750
109774
109782
109793
109814
109821
109829
109848
109864
109885
109891
109894
109884
109914
109923
109934
109955
109959
109929
109970
109989
109997
110000
110008
110011
110020
110030
110031
110030
110034
110039
110045
110072
110080
110099
110107
110122
110127
110137
110144
110155
110157
110189
110213
110218
110216
110252
110308
110317
110328
110337
110408
110407
110419
110425
110431
110454
110464
110467
110479
110498
110497
110501
110503
110547
110557
110573
110582
110583
110586
109428
110611
110633
110635
110642
110645
110643
110658
110673
110694
110713
110715
110726
110738
110742
110744
110742
110735
110752
110761
110758
110763
110770
110776
110787
110790
110791
110787
110798
110775
110805
110814
110860
110903
110924
110938
110947
110967
110988
111013
111028
111031
111030
111058
111060
111102
111108
111117
111127
111133
111140
111145
111151
110031
111159
111178
111203
111212
111207
111215
111217
111235
111240
111245
111253
111255
111271
111283
111291
111297
111304
111333
111341
111360
111429
111462
111511
111526
111535
111562
111592
111600
111612
111619
111628
111637
111639
111665
111667
111692
111709
111717
111731
111739
111751
111761
111768
111766
111778
111795
111815
111839
111849
111892
111906
111913
111928
111940
111937
111944
111962
111964
111974
111973
111977
110739
111989
111991
111997
112001
112010
111980
112011
111980
112055
112052
112058
112055
112079
112082
112139
112165
112181
112192
112198
112212
112228
112230
112227
112246
112251
112273
112285
112293
112301
112293
112309
112312
112314
112354
112359
112336
112364
112372
112386
112400
112441
112485
112510
112516
112526
112546
112560
112563
112568
112571
112619
112652
112661
111269
112682
112717
112736
112745
112756
112769
112777
112792
112794
112820
112845
111513
112870
112882
112887
112920
112935
112969
111578
112973
112969
111578
112979
112981
113003
113041
113053
113052
113062
113069
113073
113094
113098
113120
113135
113139
113143
113145
113153
113164
113168
113189
113192
113200
113210
113215
113217
113215
113228
113229
113237
113266
113290
113309
113328
113329
113340
113352
113364
113378
113394
113404
113411
113423
113429
113437
113439
113477
112030
113482
113484
113495
113494
113515
113518
113552
113526
113554
113579
113582
113586
113590
113586
113617
113633
113636
113665
113661
113683
113698
113700
113708
113700
113721
113726
113739
113789
113763
113793
113795
113810
113793
113812
113830
113806
113829
113841
113844
113850
113854
113871
113877
113906
113913
113915
113926
113942
113939
113959
113962
113981
114000
114006
114013
114001
114018
114021
114033
114049
114065
114088
114094
114110
114118
114119
114141
114168
114178
114209
114213
114212
114235
114240
114248
114264
114293
114303
114318
114356
114383
114391
114393
113084
114395
114400
114402
114395
114412
114414
114412
114418
114452
114472
114479
114485
114494
114530
114535
114547
114560
114558
114585
114605
114615
114628
114629
114628
114635
114646
114654
114659
114663
114672
114699
114767
114771
114778
114780
114781
114795
114805
114818
114827
114839
114840
114845
114861
114871
114878
114876
114881
114897
114909
114904
114914
114930
114933
114941
114949
113507
114955
114964
114991
114993
115010
115031
115036
115035
115038
115043
115048
115050
115057
115065
115075
115097
115113
115128
115133
115149
115154
115149
115164
115173
115174
115189
115200
115220
113768
115203
115242
115244
115242
115251
115256
115266
115277
115294
115296
115301
115330
115347
115352
115370
115371
115388
115399
115418
115427
115451
115454
115455
115463
115471
115434
115497
115523
115520
115531
114110
115544
115548
115559
115568
115574
115583
115587
115612
115611
115624
115625
115635
115650
115649
115655
115659
115678
115691
115715
115725
115747
115752
115779
115784
115805
115840
115846
115864
115886
115907
115812
115822
115914
115911
115918
115934
115929
115957
115967
115980
115982
115991
116000
115999
116001
116006
116029
116042
116075
116080
116092
116096
116103
116110
116103
116130
116150
116171
116185
116195
116197
116195
116211
116235
116270
116274
116282
116292
116299
116306
116320
114930
116329
116341
116346
116357
116383
116386
116393
116410
116441
116444
116450
116465
116478
116492
116498
116525
116538
116548
116563
116565
116563
116570
116574
116581
115191
116602
116609
116615
116641
116645
116650
116672
116680
116704
116715
116723
116725
116736
116748
116754
116766
116772
116782
116784
116787
116792
116794
116799
116812
116829
116833
116845
116854
116860
116870
116894
116903
116894
116923
116924
116941
116958
116987
116992
116993
116992
116998
117001
116965
117009
117020
117032
117042
117050
117091
117069
117096
117098
117096
117107
117128
117148
117169
117184
117199
117201
117244
117249
117261
117260
117294
117229
117317
117309
117315
117319
117335
117331
117362
117314
117360
117368
117380
117399
117416
117432
117470
117514
117523
117560
117569
117577
117587
117626
117631
117625
117637
117640
117647
117648
117662
117664
117669
117676
117697
117703
117704
117721
117730
117739
117749
117750
117768
117781
117784
116318
116336
117797
117792
117819
117842
116386
117850
117847
117858
117883
117898
117901
117905
117947
117961
117976
117988
118004
118021
118025
118031
118037
118043
118051
118058
118062
118075
118091
118093
118106
118109
118106
118102
118110
118119
118124
118140
118161
118175
118178
118196
118222
118250
118256
118286
118307
118347
118348
118361
118373
118396
118374
118403
118417
116999
118424
118441
118447
118469
118540
118539
118560
118563
118574
117130
118550
118583
118582
118590
118601
118622
118635
118654
118656
118654
118673
118706
118726
118725
118739
118699
118744
118760
118770
118786
118798
118806
118818
118841
118861
118874
118884
118907
118925
118969
118956
118985
118999
119004
119018
119014
119023
119047
119050
119051
119047
119060
119066
119072
119071
119080
119087
119083
119112
119116
119119
119129
119141
119185
119191
119185
119223
119226
119233
119241
119252
119262
119270
119299
119300
119327
119332
119330
119342
119343
119360
119356
119353
119365
119381
119377
119384
119389
119393
119402
118058
119407
119418
119427
119432
119441
119454
119476
119500
119510
119522
119530
119534
119542
119552
119556
119557
119569
119580
119588
119595
119600
119606
119608
119615
119595
119621
119624
119651
119674
119678
119683
119698
119705
119734
119759
119812
119818
119848
119854
119858
119878
119890
119904
119917
119920
119927
119926
119946
119954
119956
119965
119971
119954
119980
119992
120019
120037
120058
120064
120081
120098
120106
120135
120143
120148
120165
120175
120189
120197
120196
120202
120210
120220
120248
120260
120292
120313
120319
120330
120341
120350
120368
120394
120402
120431
120426
120441
120448
120510
120511
120514
120519
120522
120532
120533
120548
120563
119414
120573
120591
120601
120602
120601
120610
120619
120628
120629
120633
120621
120596
120644
120645
120678
120692
120701
120707
120714
120730
120739
120742
120741
120757
120801
120830
120839
120898
120905
120907
120920
120941
120942
120953
120976
120985
120982
120983
121000
121010
121018
121022
121033
121052
121058
121085
121081
121097
121101
121115
121120
121117
121122
121133
121149
121160
121177
121178
121197
121203
121227
121240
121242
121251
121256
121259
121289
121309
121318
121329
121353
121382
120289
121386
121404
121429
121454
121499
121492
121502
121507
121525
121531
121528
121536
121553
121557
121575
121582
121596
121604
121618
121623
121620
121648
121693
121696
121715
121680
121738
121747
121767
121770
121790
121833
121838
121852
121855
121873
121878
121889
121910
121924
121937
121962
121970
121972
121982
121990
120904
122001
122047
122045
122048
122047
122052
122066
122086
122098
121000
122110
122116
122134
122137
122136
122141
122147
122137
122168
122172
122181
122197
122208
122221
122232
122239
122253
122261
122260
122266
122273
122274
122283
121192
121195
121192
122299
122302
122315
122335
122354
122370
122378
122376
122388
122408
122427
122495
122506
122593
122600
122609
122612
122615
122638
122645
122656
122661
122679
121570
122683
122690
122696
122700
122704
122716
122713
122719
122723
122729
121618
122732
122730
122739
122758
122764
122776
122784
122782
122797
121682
122805
122816
122817
122823
122826
122842
122844
122860
122876
122878
122886
122888
122886
122889
122925
122929
122982
122987
122988
122991
123022
121943
123057
123066
123085
123098
123100
123115
123117
123120
123128
123142
123151
123164
123171
123174
123189
123191
123189
123201
123200
123205
123200
123214
123227
123245
123251
123224
123252
123270
123301
123310
123319
123323
123343
123381
123388
123419
123429
123433
123446
123471
123483
123486
123503
123540
123564
123569
123572
123581
122612
123624
123640
123645
123648
123658
123661
123667
123683
123685
123701
123722
123730
123748
123755
122776
123772
123775
123783
123794
123795
123805
123808
123819
123824
123836
123840
123844
123864
123868
123897
123911
123913
123934
123930
123942
123956
124004
124018
124040
124055
124090
124098
124105
124123
124145
124149
124162
124194
124227
124239
124248
124256
124291
124290
124298
124300
124321
124334
124363
124421
124445
124454
124463
124465
124473
124495
124514
124540
124546
124558
124570
124585
124565
124578
124565
124588
124594
124597
124603
124605
124629
124650
124669
124688
124681
124698
124714
124676
124725
124722
124730
124736
124769
124771
124774
124776
124812
124815
124845
124877
124893
124930
124942
125026
125033
125044
125041
125092
125093
125094
125100
125103
125130
125136
124522
125139
125144
125139
125161
125173
125178
125208
125214
125216
125219
125214
125247
125254
125268
125279
125233
125281
125322
125327
125335
125339
125365
125377
125385
125413
125417
125418
125435
125440
125444
125445
125465
125485
125490
125500
125509
125515
125543
125556
125566
125578
125604
125620
125653
125659
125685
125697
125699
125700
125711
125728
125730
125744
125751
125785
125795
125799
125829
125841
125842
125851
125857
125854
125851
125876
125911
125912
125916
125564
125895
125921
125925
125941
125934
125947
125951
125974
125990
125986
126026
126033
126051
126056
126053
126061
126071
126080
126096
126155
126156
126174
126173
126182
126177
126198
126210
126215
126231
126189
126251
126269
126265
126279
126278
126281
126298
126310
125951
126323
126347
126348
126375
126380
126375
126389
126390
126395
126407
126408
126411
126431
126444
126452
126455
126471
126470
126484
126493
126508
126521
126541
126545
126549
126572
126586
126582
126581
126587
126599
126606
126613
126622
126625
126618
126632
126639
126644
126653
126655
126665
126663
126673
126689
126694
126700
126706
126708
126722
126721
126729
126736
126743
126744
126755
126770
126776
126796
126802
126805
126809
126840
126848
126856
126887
126893
126921
126936
126954
126979
126996
126998
127024
127049
127059
127080
127083
127105
127106
127105
127111
127126
127139
127140
127148
127162
127175
127199
127198
127204
127216
127221
127220
127238
127253
127251
127265
127220
127269
127287
127284
127299
127343
127351
127367
127376
127385
127377
127390
127413
127417
127423
127429
127435
127447
127453
127462
127460
127463
127456
127077
127462
127460
127486
127503
127510
127521
127540
127567
127587
127594
127602
127625
127628
127648
127661
127696
127708
127718
127740
127682
127755
127781
127796
127798
127814
127833
127438
127837
127838
127848
127857
127872
127875
127878
127888
127894
127899
127901
127916
127929
127932
127934
127932
127929
127940
127953
127974
127973
127978
127988
128006
128009
128031
128056
128059
128076
128093
128157
128164
128176
128193
128216
128222
128166
128231
128232
128255
128261
128290
128303
128301
128324
128339
128340
128356
128359
128387
128395
128410
128434
128452
128462
128484
128504
128505
128519
128540
128542
128540
128546
128547
128615
128633
128634
128650
128669
128684
128680
128712
128704
128747
128748
128771
128772
128785
128805
128806
128813
128820
128862
128866
128873
128879
128887
128899
128905
128918
128949
128952
128959
128974
128977
128978
128987
128994
128978
128674
129006
129008
129013
129022
129037
129043
129079
129082
129092
129106
129118
129140
129172
129182
128849
129206
129228
129241
129249
129265
129270
129289
129300
129339
129340
129353
129364
129421
129428
129435
129442
129460
129476
129480
129501
129227
129508
129510
129508
129514
129521
129530
129551
129257
129560
129572
129584
129588
129298
129591
129298
129601
129616
129636
129627
129643
129658
129677
129681
129685
129711
129716
129717
129718
129751
129760
129772
129793
129794
129816
129838
129844
129855
129862
129861
129887
129892
129895
129906
129908
129928
129946
129953
129956
129964
129980
129990
130003
130009
130019
130028
130036
130037
130036
130040
130060
130114
130119
130160
130162
130172
130178
130196
130198
130201
130223
129887
130227
130232
130235
130234
130258
130265
130268
130273
130283
130287
130283
130294
130301
130318
130322
130359
130406
130424
130457
130464
130474
130471
130489
130501
130498
130506
130512
130520
130525
130529
130533
130543
130556
130552
130560
130565
130560
130586
130601
130613
130617
130581
130622
130643
130644
130657
130315
130662
130670
130684
130693
130701
130712
130711
130737
130746
130740
130769
130783
130782
130793
130813
130826
130821
130834
130836
130844
130861
130838
130879
130880
130879
130898
130904
130916
130920
130918
130929
130934
130929
130927
130940
130944
130956
130953
130964
130967
130964
130668
130969
130970
130979
130975
130994
131008
131006
131018
130967
130964
130668
131028
130684
131038
131061
131097
131124
131130
131143
131159
131165
131174
131181
131186
131189
131181
131186
131199
131209
131224
131226
131230
131235
131245
131279
131293
131309
131313
131308
131319
131327
131332
131334
131332
131339
131341
131351
131350
131359
131362
131108
131400
131404
131409
131428
131459
131488
131482
131492
131488
131498
131492
131509
131519
131518
131528
131551
131580
131587
131592
131600
131608
131607
131639
131645
131657
131652
131665
131669
131673
131676
131686
131703
131715
131747
131750
131747
131753
131759
131764
131786
131789
131805
131809
131818
131830
131834
131835
131805
131852
131872
131876
131890
131895
131892
131908
131904
131918
131901
131915
131928
131931
131635
131951
131960
131965
131974
131988
131998
132012
132023
132032
131744
132041
132042
132064
132072
132080
132094
132103
132101
132116
132149
132155
132158
132164
132168
132175
131925
132203
132221
132226
132235
132253
132277
132287
132291
132292
132306
132312
132329
132331
132334
132342
132341
132358
132400
132405
132414
132420
132428
132430
132435
132450
132221
132461
132477
132485
132494
132503
132508
132514
132522
132525
132530
132533
132565
132566
132571
132589
132592
132595
132592
132603
132606
132603
132610
132614
132603
132631
132640
132649
132651
132658
132630
132682
132685
132688
132695
132447
132699
132704
132707
132714
132720
132734
132756
132764
132776
132777
132788
132797
132794
132801
132807
132790
132820
132832
132837
132848
132854
132864
132865
132869
132882
132896
132905
132906
132916
132922
132921
132933
132931
132945
132957
132964
132973
132982
132911
132993
133005
133007
133010
133019
133030
133026
133034
133064
133065
133097
133096
133098
133109
133118
133121
133132
133137
132926
133151
133157
133160
133164
133163
133171
133176
133184
133189
133193
133194
133198
133204
133217
133151
133223
133241
133271
133272
133278
133046
133282
133285
133290
133310
133320
133327
133335
133338
133346
133350
133356
133362
133360
133375
133390
133392
133394
133408
133422
133426
133436
133445
133458
133478
133481
133503
133534
133539
133551
133552
133561
133567
133589
133596
133608
133625
133647
133651
133666
133677
133704
133709
133729
133731
133739
133760
133765
133778
133790
133791
133797
133619
133814
133846
133848
133861
133866
133882
133892
133904
133906
133916
133936
133965
133976
133978
133994
133989
133997
133989
133824
134001
134010
134008
134015
134010
134008
134018
134025
134045
134001
134050
134085
134113
134139
133969
133965
134149
134151
134168
134185
134201
134203
134208
134209
134208
134214
134217
134223
134240
134241
134252
134254
134252
134262
134287
134304
134353
134367
134371
134349
134378
134389
134394
134410
134432
134445
134449
134469
134499
134500
134515
134518
134543
134552
134557
134552
134563
134571
134576
134582
134581
134591
134593
134589
134597
134589
134605
134619
134625
134646
134651
134654
134656
134674
134733
134744
134751
134763
134762
134805
134813
134818
134823
134835
134848
134851
134855
134861
134867
134868
134875
134899
134901
134913
134945
134941
134960
134989
135019
135027
135021
135042
135037
135052
135079
135081
135087
135093
135132
135154
135166
135169
135184
135210
135225
135226
135280
135297
135295
135309
135316
135321
135324
135332
135365
135372
135402
135429
135512
135532
135570
135605
135617
135662
135713
135800
135816
135829
135891
135966
136008
136025
136077
136084
136156
136244
136263
136290
136317
136340
136368
136407
136449
136477
136482
136480
136477
136488
136515
136577
136590
136605
136633
136694
136711
136807
136822
136857
136867
136877
136886
136893
136907
136953
136987
137005
137033
137045
137055
137062
137088
137118
137161
137168
137173
137192
137204
137208
137217
137088
137254
137276
137297
137315
137319
137341
137367
137377
137389
137446
137493
137501
137524
137544
137568
137600
137621
137657
137684
137776
137785
137804
137814
137852
137864
137881
137889
137898
137917
137929
137936
137942
137950
137966
137973
137981
138015
138029
138103
138115
138138
138175
138207
138248
138258
138261
138258
138271
138277
138297
138317
138357
138379
138395
138407
138423
138437
138432
138441
138486
138490
138511
138523
138545
138586
138622
138630
138644
138653
138648
138658
138669
138687
138719
138734
138747
138751
138793
138810
138829
138843
138855
138893
138896
138901
138910
138951
138963
138996
138991
139016
139036
139044
139069
139087
139090
139100
139105
139158
139204
139209
139224
139232
139249
139252
139265
139296
139349
139355
139449
139459
139576
139581
139611
139623
139641
139634
139651
139661
139673
139674
139692
139710
