1
25
55
82
105
132
135
155
153
178
185
204
218
219
226
241
278
300
329
382
416
458
491
516
554
572
587
614
637
660
692
722
737
747
790
796
811
839
853
836
859
895
906
910
932
989
1009
1018
1029
1073
1077
1081
1077
1103
1106
1111
1119
1129
1154
1161
1175
1222
1224
1228
1244
1245
1271
1281
1287
1286
1303
1376
1382
1384
1392
1423
1427
1460
1468
1486
1494
1524
1563
1576
1674
1678
1732
1756
1778
1821
1841
1847
1854
1209
1885
1937
1944
1951
1976
1981
2025
2118
2143
2151
2157
2173
2183
2218
2221
2223
2245
2254
2284
2291
2326
2329
2377
2399
2421
2459
2468
2483
2488
2506
2525
2526
2578
2587
2603
2616
2622
2624
2622
2700
2706
2719
2737
2736
2763
2774
2779
2815
2823
2826
2835
2849
3094
3102
3151
3198
3226
3230
3262
3297
3325
3342
3397
3404
3420
3427
3554
3605
3621
3633
3647
3668
3676
3697
3761
3825
3861
3947
3950
4005
4021
4030
4042
4051
4053
4071
4099
4126
4144
4169
4197
4237
4254
4292
4308
4405
4439
4443
4487
4529
4611
4624
4651
4669
4694
4713
4718
4726
4816
4838
4850
4869
4900
4910
4973
4983
4982
5003
5011
5036
5041
5048
5072
5073
5080
5096
5138
5142
5149
5142
5156
5184
5204
5213
5205
5215
5232
5242
5258
5311
5337
5373
5388
5405
5373
5429
5488
5535
5605
5623
5673
5746
5812
5822
5854
5861
5958
5968
5980
5987
5994
6020
6033
6064
6070
6075
6106
6122
6127
6184
6186
6200
6262
6325
6369
6381
6392
6406
6424
6452
6456
6463
6522
6536
6543
6555
6613
6628
6636
6639
6650
6661
6679
6748
6751
6772
6774
6810
6843
6891
6895
6901
6947
6971
7006
7042
7065
7087
7147
7170
7173
7177
7201
7260
7394
7421
7427
7467
7473
7485
7625
7630
7655
7712
7723
7738
7751
7804
7855
7880
7897
7925
7927
7938
8035
8063
8078
8103
8116
8129
8166
8181
8188
8245
8265
8285
8288
7530
8293
8310
8339
8345
8346
8345
8358
8391
8415
8426
8475
8497
8515
8542
8553
8558
8560
8586
8596
8618
8622
8638
8644
8698
8703
8726
8737
8770
8816
8828
8859
8862
8899
8903
8924
8923
8928
8949
8981
9020
9035
9047
9068
9130
9136
9145
9202
9213
9284
9309
9348
9433
9449
9451
9455
9463
9473
9474
9488
9495
9504
9528
9554
9559
9561
9589
9629
9650
9673
9738
9753
9777
9847
9861
9888
9916
9920
9020
9988
10015
10039
10040
10039
10061
10067
10071
10084
10100
10106
10118
10176
10203
10263
10264
10296
10318
10337
10344
10370
10398
10421
10419
10433
10448
10443
10457
10459
10475
10498
10503
10527
10528
10582
10607
10653
10656
10690
10714
10751
10750
10757
10784
10815
10822
10868
10875
10909
10922
10936
10938
10991
11019
11040
11047
11062
11142
11144
11177
11157
11178
11194
11217
11223
11250
11251
11279
11295
11311
11350
11375
11426
10176
11443
11462
11464
11469
11485
11506
11524
11528
11545
11567
11579
11582
10378
11588
11612
11656
11672
11686
11695
11707
11717
11730
11761
11783
11889
11896
11899
11917
11940
11947
11986
11999
12009
12033
12054
12062
12074
12076
12114
12135
12163
12193
12204
12225
12228
12263
12314
12354
12359
12370
12372
12399
12425
12459
12480
12481
12500
12496
12575
12592
12606
12608
12630
12646
12655
12691
12703
12719
12765
12787
12806
12826
12831
12837
12839
12837
12851
12877
12888
12939
12954
12975
12989
13000
13086
13091
13095
13117
13168
13175
13196
13168
13222
13271
13288
13331
13338
13342
13379
13398
13423
13434
13446
13461
13465
13483
13541
13561
13565
13566
13569
13648
13651
13661
13682
13709
13713
13718
13735
13761
13790
13838
13860
13865
13913
13927
13952
13959
14024
14043
14063
14084
14137
14159
14188
14206
14244
14268
14283
14401
14448
14461
14463
14498
14504
14537
14571
14577
14600
14668
14697
14755
14746
14773
14813
14862
15005
15020
15028
15075
15108
15140
15144
15150
15298
15415
15450
15468
15489
15502
15503
15520
15523
15580
15585
15614
15624
15645
15663
15674
15724
15748
15767
15775
15795
15812
15846
15849
15846
15889
15914
15957
15978
15982
16035
16038
16083
16141
16174
16248
16266
16281
16304
16310
16318
16323
16328
16371
16400
16407
16422
16441
16459
16486
16502
16508
16520
16521
16535
16575
16587
16589
16587
16611
16622
16636
16655
16659
16692
16821
16823
16827
16837
16870
16887
16893
16933
16953
16972
16982
16992
17024
17049
17082
17109
17178
17182
17216
17229
17258
17260
17274
16218
17324
17326
17334
17394
17408
17444
17463
17523
17561
17573
17586
17614
17622
17629
17634
17648
17660
17688
17693
17694
17715
17724
17747
17756
17760
17813
17847
17882
17890
17914
17956
17995
18008
18016
18032
18069
18085
18090
18096
18115
18155
18177
18228
18299
18317
17324
18327
18341
18358
18366
18399
18401
18424
18435
18462
18485
18493
18499
18518
18531
17558
18569
18600
18611
18607
18642
18643
18642
18732
18757
18772
17747
18789
18806
18816
18872
18890
18907
18913
19039
19061
19065
19057
19094
19108
19118
19148
19158
19192
19199
19222
19233
19242
19285
19294
19344
19358
19364
19437
18424
19497
19505
19518
19534
19584
19596
19606
19621
19632
19645
19698
19749
19770
19776
19798
19810
19827
19869
19890
19941
20014
20042
20058
20062
20108
20128
20140
20179
20204
20214
20243
20264
20265
20274
20280
20301
20330
19387
20379
20401
20425
20435
20445
20448
20458
20471
20479
20506
20523
20529
20536
20542
20581
20586
20591
20622
20633
20646
20649
20663
20669
20702
20711
20712
20728
20782
20808
20827
20841
20851
20854
20859
20851
20872
20904
20920
20926
20934
20975
20980
20996
21007
21036
21060
21069
21114
21118
21152
21164
21175
21180
21191
21211
21237
21252
21281
21291
21322
21336
21342
21408
21439
21452
21456
20454
21474
21516
21551
21556
21588
21632
21744
21805
21834
21839
20883
21966
21991
22027
22068
22066
22101
22149
21228
22155
22195
22209
22287
22307
22340
22360
22377
22380
22382
22398
22399
22431
22445
22453
22455
22458
21547
22467
22475
22491
22503
22510
22558
22569
22572
22596
22597
22602
22608
22620
22645
22681
22693
22710
22750
22756
21813
22781
22808
22822
22856
22870
22872
22901
22923
22935
22965
22999
23027
23072
23149
23162
23177
23248
23268
23271
23278
23285
23301
23304
23310
23314
23331
23337
23368
23404
23413
23436
22487
23447
23502
23510
23511
23541
23547
23548
23580
23596
22712
23612
23636
23713
23728
23760
23802
23822
23834
23850
24045
24048
24078
24087
24094
24111
24129
24132
24149
24158
24163
24189
24199
24201
24205
24245
24249
24252
24273
24279
24286
24305
24330
24335
24345
24359
24372
24384
24416
23502
24461
24498
24535
24547
24588
24596
24612
24618
24674
24740
24775
24790
24827
24860
24864
24867
24928
24966
25002
25003
25032
25110
25119
25127
25122
25135
25177
25182
25184
25192
25194
25238
25257
25262
25268
25351
25367
25381
25412
25409
25414
25421
25433
25463
25486
25496
25502
25508
25509
25511
25548
25572
25575
25606
25610
25616
24588
25620
25640
25659
25684
25729
25742
25758
25760
25766
25784
25846
25851
25882
25887
25911
25919
25932
25937
25950
25955
25963
26028
26031
26055
26060
26055
26064
26072
26076
26089
26102
26111
26204
26209
26245
26277
26289
26291
26289
26312
26359
26369
26376
26382
26393
26427
26436
26442
26487
26491
25548
26588
26591
26613
26666
26663
26713
26816
26814
26818
26832
26851
26879
26886
26923
26928
26947
26950
26951
26952
26967
26993
27014
27020
27027
27059
27067
27106
27119
27135
27169
26209
27171
27218
27220
27232
27260
27288
27331
27336
27341
27353
27379
27401
27400
27406
27449
27474
27487
26500
27514
27525
27543
27586
27587
27640
27691
27699
27713
27760
27777
27811
27822
27832
27873
27877
27878
27877
27895
27903
27927
27938
27942
27971
27989
28001
28008
28029
28095
28107
28114
28150
28190
28205
28212
28224
28238
28264
28266
28264
28284
28290
28295
28292
28318
28325
28365
28367
28399
28427
28435
28455
28482
28490
28491
28507
28530
28535
28559
28593
28701
28722
28742
28758
28781
28804
28811
28834
27873
28855
28898
28930
29031
29063
29075
29143
29159
29164
29171
29154
29212
29211
29265
29304
29323
29326
29371
29412
29434
29445
29456
29468
29474
29557
29563
29583
29589
29640
29655
29663
29693
29701
28758
29774
29832
29850
29884
29948
29989
30000
30014
30022
30046
30092
30136
30154
30182
30235
30242
30255
30279
30282
30279
30280
30301
30311
30335
30368
30375
30415
30558
30579
30600
30630
30641
30687
30705
30726
30727
30747
30751
30765
30775
30801
30817
30846
30856
30870
30899
30907
30936
30988
31013
31028
31038
31183
31218
31232
31253
30301
31267
31277
31291
31301
31340
31343
31360
31371
31448
31454
31465
31474
31475
31481
31488
31503
31506
31524
31541
31551
31555
31562
31677
31713
31716
31726
31827
31861
31920
31932
31953
31978
32001
32018
32040
32048
32125
31112
32156
32196
32201
32259
32260
32275
32279
32294
32305
32336
32339
32355
32387
32405
32410
32426
32438
32469
32482
32495
32521
32590
32609
32618
32649
32663
32687
32691
32751
32754
32858
32878
32926
32940
32962
32963
32962
32995
33002
33021
33047
33076
33104
33113
33157
33161
33194
33211
33227
33234
33243
33278
33308
33314
33357
33363
33411
33492
33498
33507
33509
33518
33540
32649
33549
33600
33606
33625
33640
33650
33648
33657
33678
33762
33773
33784
33794
33809
33807
33870
33890
33893
33908
33914
33955
33954
33993
34029
34082
34091
34095
34098
34141
34149
34157
34179
34245
34251
34263
34278
33212
34291
34299
34309
34323
34325
34341
34364
34391
34421
34481
34486
34508
34527
34554
34611
34622
34653
33543
34680
34727
34852
34863
34875
34897
34914
34923
33873
34933
34966
34985
34997
35054
35069
35068
35129
35158
35161
35184
35225
35257
35271
35328
35353
35359
35375
35385
35407
35421
35478
35504
35513
35591
35592
35600
35627
35693
35694
35715
35774
35817
35822
35930
35990
36054
36108
36107
36139
36144
36153
36186
36191
36209
36254
36269
36287
36289
36344
36380
36387
36363
36403
36449
36450
36489
36493
36548
36572
36590
36625
36640
36649
36653
35504
36657
36695
36712
36733
36750
36789
36878
36879
36902
36952
36959
36957
36993
37040
37095
37134
37155
37156
37165
37174
37184
37223
37250
37276
37283
37312
37324
37335
37337
37341
37370
37394
37411
37471
37474
37487
37508
37543
37569
37650
37657
37679
37687
37721
37751
37756
36812
37762
37780
37791
37818
37833
37868
37875
37877
37886
37905
37919
37974
37984
38022
38048
38059
38082
38088
38112
38121
38162
38175
38179
38190
38243
38253
38261
38270
38275
38282
38295
38304
38292
38344
38364
38386
38398
38418
38437
38446
38462
38491
38502
38507
38531
38535
38537
38566
38567
38566
38584
37504
38632
38647
38699
38710
38715
38743
38777
38792
38810
38812
38819
38834
38858
38864
38873
38898
38897
38981
39002
39026
39076
39099
39123
39141
39149
39161
39162
39201
39221
39232
39284
39282
39292
39288
38194
39426
39447
39459
38386
39532
39559
39560
39567
39576
39613
39634
39691
39701
39734
39767
39863
39899
39912
39947
39958
40009
40015
40021
40028
40119
40130
40146
40152
40158
40209
40214
40251
40283
40285
40290
40292
40290
40327
40341
40364
40395
40401
40488
40506
40515
40531
40532
40608
40632
40658
40676
40739
40744
40804
40813
40815
40833
40834
40874
40919
40925
40935
40952
40964
40965
40987
40995
41022
41048
41079
41101
41109
41112
41125
41187
41207
41244
41243
41279
41291
41309
41319
41315
41336
41343
41346
41379
41399
41412
41420
41425
41434
41445
41450
41456
41485
40395
41491
41501
41541
41571
41562
41615
41644
41658
41721
41722
41739
41744
41764
41771
41779
41817
41821
41881
41883
41906
40844
41912
41923
41940
41948
41943
41960
42005
42011
42022
42049
42048
42052
42071
42069
42090
42113
42133
42147
42155
42157
42184
42195
42263
42304
42310
42341
42338
42368
42370
42398
42400
42403
42458
42509
42544
42550
42558
42568
42610
42612
42646
42696
42772
41727
42776
42810
42840
42878
42891
42916
42929
42982
43040
43049
43052
43104
43106
43121
43142
43161
43200
43223
43237
43242
43256
43260
43266
43275
43289
43295
43301
43334
43353
43361
43365
43374
43389
43407
43419
43471
43489
43494
43511
43541
43551
43556
43593
43614
43653
43658
43701
43718
43723
43728
43723
43785
43790
43795
43817
43821
43847
43918
43949
43954
41912
43979
43991
43994
44000
44012
44066
44075
44081
44093
44101
44115
44124
43112
44133
44161
44226
44295
44329
44335
44343
44351
44358
44433
44442
44453
44501
44512
44522
44549
44551
44571
44580
44605
44611
44623
44637
44673
44699
44719
44718
44757
44774
44781
44789
44827
44833
44839
44840
44853
44861
44863
44889
44898
44965
45005
45041
45059
44039
45065
45089
45092
45098
45140
45174
45185
45190
45215
45240
45312
45353
45365
45384
45428
45447
45460
45461
45469
45508
45513
45521
45548
45558
45559
45558
45589
45605
45610
45622
45639
45660
45681
44672
45689
45701
45722
45728
45733
45737
45739
45759
45780
45783
45825
45826
45842
45864
45863
45873
45884
45896
45888
45884
45900
45903
45915
45974
45984
46007
46013
46031
46067
46085
46104
46112
46116
46122
46133
46246
46251
46262
46339
46353
46368
46363
46389
46407
46423
46449
46477
45488
46513
46521
45555
46553
46576
46584
46592
46606
46613
46624
46633
45628
46638
46654
46677
46691
46713
46759
46801
46895
46919
46931
46940
46956
46971
46972
47024
45002
47048
47086
47118
47166
47183
47209
47281
47289
47297
47330
47361
47421
47458
47470
47476
47523
47537
47556
47560
47624
47644
47645
47662
47669
47730
47738
47756
47758
47785
47808
47818
47832
46801
47861
47941
47968
47969
47992
48048
48052
48082
48083
48082
48089
48086
48095
48137
48174
48217
48218
48242
48246
48253
48261
48269
48301
48304
48319
48367
48382
48396
48418
48438
48441
48448
48496
48501
48550
48604
48653
48676
48691
48702
48745
48780
48801
48811
48845
48861
48873
48888
48893
48977
48999
49055
49088
49098
49133
49145
49154
49163
49195
49193
49197
49213
49233
49248
49289
49308
49356
49363
49386
49410
49425
49421
49434
49439
49514
49560
49570
49572
49586
49663
49666
49686
49714
49721
49745
49741
49786
49837
49876
49885
49891
49903
49904
49906
49920
49936
49959
49971
50001
50021
50041
50088
50093
50169
50214
50232
50251
50264
50275
50278
50316
50338
50382
50419
50431
50525
50532
50538
50546
50662
50710
50738
50782
50787
50798
50824
50905
50907
50946
50964
50987
51006
51030
51039
51063
51082
51091
51115
51123
51145
51220
51260
51295
51343
51421
51427
51421
51437
51479
51503
51546
51559
51587
51616
51645
51652
51658
51672
51697
51708
51730
51753
51759
51845
51880
50787
51893
51911
51926
51934
51942
50874
51961
51968
51998
52023
52041
52049
52076
52077
52080
52116
52122
52216
52243
52253
52262
52304
52309
52322
52365
52369
52398
52403
52445
52451
52445
52487
52490
52512
52610
52629
52672
52698
52716
52734
52767
52787
52830
52871
52882
52906
52933
52936
52948
52958
52976
53004
53054
53065
53079
53110
53123
53160
53179
53183
53186
53189
53235
53238
53270
53273
53344
52337
53352
53366
53416
53421
53449
53476
53511
53531
53546
53592
53594
53610
53673
53681
52716
53690
53691
53733
53753
53774
53777
53783
53795
53847
53862
53945
53980
53988
53996
54057
54093
54090
54113
54127
54164
54181
54186
52193
54245
54249
54254
54272
54284
54335
53294
54351
54354
54402
54423
54427
54436
54451
54463
54466
54471
54546
54605
54617
54621
54687
54717
54738
54763
54771
54804
54816
54826
54837
54843
54844
54925
54940
54945
54963
54969
54987
54999
55010
55044
55061
55073
55089
55205
55259
55329
55357
55361
55367
55408
55417
55458
54504
55480
55485
55504
55533
55598
55610
55615
55619
55628
55639
55656
55697
55720
55730
55815
55823
55834
55835
55870
55881
55884
55934
55942
55941
55946
55949
56025
56059
56062
56093
56109
56172
56192
56199
56231
56261
56262
56282
56294
56321
56339
56342
56357
56365
56369
56424
56426
56424
56449
56452
56472
56509
56544
56552
56568
56582
56603
56611
56654
56676
56701
56709
56726
56732
56757
56772
56815
56821
56820
56855
56887
56930
56937
56938
56943
56957
56960
56966
55972
56981
57030
57108
57138
57176
57212
57230
57254
57275
57281
57292
57296
57299
57317
57323
57357
57417
57421
57417
57468
57482
57521
57557
57563
57574
57593
57608
57702
57714
57718
57734
57891
57911
57920
57930
57954
57965
57989
58000
58002
58000
58045
58061
58098
58172
58199
58214
58238
58247
58253
58265
56339
58298
58304
58324
58363
58386
58411
58440
58460
58462
58513
58520
58526
58529
58537
58569
58602
58613
58627
58661
58673
58701
58707
58723
58724
58740
58763
58785
58792
58912
58916
58932
58965
58976
58980
58994
59013
59037
59045
59052
59066
59071
59096
59104
59119
59135
59143
59271
59280
59291
59303
59349
59355
59394
59444
58439
59450
59480
59488
59531
59535
59551
59566
59568
59582
59594
59627
59667
59706
59700
59712
59729
59742
59750
59795
58735
59830
59857
59886
59896
59898
59909
59914
59919
59925
59934
59985
59992
59996
60003
60018
59001
60078
60108
60111
60182
60195
60212
60236
60241
60257
60272
60278
60290
60300
60327
60333
60345
60353
60362
60371
60372
60417
60424
60425
60444
60472
60519
60577
60593
60608
60666
60682
60703
60725
60765
60766
60765
60778
60802
60851
60852
60851
60882
60963
61065
61072
61093
61144
61150
61169
61172
61169
61178
61196
61202
61211
61244
61265
61327
61378
61379
61409
61459
61474
61480
61489
61506
61521
61527
61553
61562
61565
61613
61633
61639
61643
61660
61671
61674
61671
61689
61740
61756
61817
61840
61864
61869
61894
61907
61958
61942
61964
61987
62062
62084
62101
62122
62144
62163
62246
62318
62354
62363
62371
62383
62394
62451
62542
62559
62579
61504
62588
62606
60534
62630
62663
62672
62677
62704
62732
62737
62754
62773
62779
62793
62827
62849
62857
62867
62876
62885
62999
63068
63164
63176
63224
63258
63276
63284
63309
63322
63343
63445
63476
63482
63554
63582
63605
63615
63641
63637
63694
63710
63721
63731
63751
63761
63759
63767
63781
63808
63815
63817
63834
63852
63940
63967
63969
63968
63976
63986
64007
64025
64037
64043
64049
64069
64135
64169
64189
64199
64195
64223
64228
64236
64300
64310
64332
64366
63309
64374
64387
64408
64448
64472
64473
64580
64601
64642
64684
64690
64698
64702
64727
64732
64758
64770
64800
64813
64882
64918
64926
64929
64936
65013
65030
65051
65076
65079
65108
65133
64318
65147
65174
65195
65197
65207
65235
65269
65340
65337
65355
65389
65405
65414
65455
65481
65492
65520
65574
65667
65701
65717
65723
65733
65742
65785
65787
65791
65809
65824
65827
65835
65867
65868
65867
65976
66019
66096
66111
66115
66137
66167
66164
66176
66201
66207
66222
66228
66249
66251
66261
66291
66303
66323
66352
66431
66451
66460
66500
66506
66509
66512
66521
65547
66535
66548
66635
66639
66643
66662
66765
66780
66792
66798
66819
66851
66854
66885
66915
66930
66959
66964
67025
67034
67040
67057
67064
67142
67163
67180
67192
67230
67286
67303
67352
67358
67405
67424
67459
67522
67524
67549
67582
67646
67660
67672
67688
67737
67775
67782
67799
67850
67913
67944
67964
66947
68048
68058
67013
68063
68107
68126
68131
68165
68174
67180
68182
68192
68218
68222
68221
68257
68261
68272
68277
68364
68409
68425
68447
68487
68500
68513
68524
68529
68536
68541
68556
68554
68563
68589
68603
68613
68628
68636
68659
68672
68674
67617
68719
68726
68728
68732
68729
68728
68734
68739
68744
68747
68760
68769
68787
68826
68832
68837
68854
68858
68873
68882
68883
68890
68901
68911
69056
69074
69080
69111
69136
69173
69204
69224
69253
69285
69298
69327
69403
69432
69447
69499
69572
69586
69630
69655
69674
69667
69693
69747
69771
69835
69864
69869
69885
69912
69955
69997
70004
70053
70118
70133
70145
70189
70211
70239
70259
70282
70315
70319
69298
70337
70374
70382
70401
70431
70478
70501
70517
70518
70525
70601
70635
70667
70698
70729
70727
70756
70787
70813
70846
70913
70985
71027
71051
71093
71105
71125
71141
71170
71223
71227
71349
71364
71386
71409
71425
71431
71441
71442
71494
71508
71532
71536
71538
71565
71596
71609
71615
71640
71643
71702
71710
71735
71741
71748
71764
71779
71783
71788
71790
71831
71856
71877
71895
71970
71983
71987
72031
72055
72095
72122
72143
72152
72170
72207
72219
72251
72254
72276
72286
72314
71223
72330
72353
72349
72483
71386
72499
72524
72539
72559
72568
72595
72597
72603
72619
72642
72671
72690
72731
72740
72762
72779
72789
72806
72820
72835
72842
72846
72856
72873
72882
72901
72905
72913
72923
72939
72964
72974
73009
73011
73020
73025
73080
73096
73160
73163
73244
73260
73267
73269
73281
73335
73356
73374
73376
73374
73386
73426
73439
73447
73466
73522
73534
73540
73556
73593
73611
73664
73682
73751
73825
73829
72795
73869
73886
73912
73920
73939
73959
73987
74011
74056
74076
74116
74140
74154
74239
74268
74278
74300
74336
74346
74389
74394
74417
74463
74538
74555
73445
73447
74564
74578
74584
74588
74605
74624
74647
74693
74700
74712
74729
74746
74795
74839
74834
74873
74901
74946
75025
75040
75057
75080
75102
75151
75199
75234
75236
75242
75254
75308
75310
75335
75338
75339
75400
75404
75439
75498
75581
75587
75586
75600
75608
75641
75697
75706
75734
75735
75747
75750
75768
75788
75800
75828
75849
75842
75874
75898
75948
75953
75956
75985
75987
76014
76044
76055
76106
76135
76139
76132
76174
76172
76182
76295
76309
76319
76346
76342
76349
76393
76419
76455
76493
76540
76588
76592
76600
76604
76629
76658
76672
76705
76732
76746
76773
76810
76840
76886
76892
76996
77117
77123
77314
77381
77397
77411
77439
77456
77494
77527
77555
77570
77576
77610
77627
77638
77642
77638
77669
77722
77727
77758
77788
77821
77830
77863
77884
77896
77948
77960
77980
77993
78013
78022
78032
78038
78092
78102
78128
78124
78142
78208
78242
78260
78268
78297
78300
78362
78392
78413
78427
78455
78481
78555
78576
78585
78603
78617
78656
78668
78721
78752
78761
78806
78818
78821
78824
78842
78883
78905
78934
78961
78964
78973
78990
79014
79031
79042
79047
79053
79132
79135
77949
79152
79157
79169
79191
79231
79253
79281
79291
79307
79322
79333
79360
79361
79396
79399
79413
79447
79512
79517
79553
79572
79591
79599
79677
79713
79752
79784
79805
79849
79890
79899
79902
79925
79937
79955
79994
80003
80069
80081
80135
80146
80168
80166
80175
80191
80201
80247
80275
80324
80342
80402
80425
80437
80440
80466
80491
80495
80506
80528
80527
80550
80621
80627
80637
80648
80655
80691
80694
80717
80732
80740
80759
80780
80806
80814
80820
80902
80961
80964
80966
80964
81035
81060
81089
81188
81215
81242
81260
81326
81368
81418
81431
81434
81438
81437
81470
81555
81556
81581
81604
81613
81631
81651
81669
81683
81698
81704
81706
81726
81728
81749
81750
81755
81782
81788
80622
81800
81807
81817
81827
81860
81863
81882
81954
81971
81979
81993
82014
82018
82029
82045
82054
82060
82076
82122
82139
82164
82168
82256
82372
82399
82410
82494
82503
82533
82542
82563
82622
82641
82644
82652
82663
82675
82702
82757
82795
82804
82844
82853
82869
82904
82928
82932
82935
82938
83000
83012
83055
83110
83120
83126
83150
83190
83203
83207
83219
79781
83248
83279
83312
83314
83333
82247
83342
83343
83363
83381
83387
83391
83411
83414
83450
83453
83476
83486
83501
83497
83502
83517
83526
83607
83634
83659
83662
83674
83692
83696
83711
83714
83722
83752
83779
83791
83806
83815
83834
83837
83849
83883
83908
83909
83926
83954
83972
83980
83985
84014
84020
84016
84063
84113
84130
84136
84152
84161
84167
84178
84191
84204
84209
84230
84240
84249
84256
84271
84303
84334
84352
84391
84392
84423
84436
83343
84476
84491
84515
84542
84648
84651
84667
84669
84681
84699
84706
84727
84738
84779
84788
84809
84816
84831
84840
84863
84880
84889
84899
84904
84907
84929
84934
83865
84942
84977
84985
82795
85004
85029
85030
85029
85056
85079
85075
85088
85103
85195
85209
85210
85218
85223
85229
85296
85300
85323
85344
85374
85389
85411
85458
85473
85485
85512
85598
85601
85662
85703
85720
85782
84635
85792
85832
85843
85844
85881
85927
85943
85948
85953
85973
86016
86056
86099
86107
86141
86207
86225
86228
86225
86237
86291
86296
86291
86414
86462
86516
86526
86541
86571
86582
86606
86615
84491
86627
86648
86706
86714
86718
86784
86813
86824
86834
86848
86884
86877
86900
86915
86943
86951
86957
86963
87005
87008
87005
87042
87079
87101
87107
87109
87151
87184
87188
87191
87204
86150
87303
87312
87310
87329
87348
87358
87429
87442
87448
87458
87485
87499
87535
87552
86571
87559
87560
87606
87677
87702
87728
87741
87786
87795
87793
87852
87861
87868
87881
87899
87915
86824
87917
87938
86835
87993
87999
88003
88011
88037
88058
88060
88058
88087
88126
88127
88138
88148
88152
88174
88189
88209
88228
88229
88238
87121
88253
88249
88266
88270
88319
88321
88360
88366
88381
88389
88404
88411
88443
88455
88491
88502
88511
88518
88541
88562
88608
88621
88631
88641
88656
88692
88700
88739
88741
87535
88751
88759
88769
88788
88790
88787
88817
88826
88829
88898
88910
88919
89031
89042
89059
89079
89088
89150
89191
89206
89219
89268
89274
89283
89289
89333
89358
89368
89390
89401
89405
89409
89424
89450
89455
89474
88375
89526
89545
89551
89552
89557
89559
89560
89564
89604
89662
89663
89771
89813
89831
89843
89885
89887
89904
89909
89915
89975
89990
89993
89988
89990
90017
90041
90069
90066
90093
90127
90154
90155
90168
90193
90191
90254
90314
90348
90391
90408
90437
90459
90479
90485
90500
90497
90553
90600
90616
90626
90655
90659
90682
90722
90740
90739
90773
90826
90842
90918
90954
90955
90954
90997
91012
89931
91034
91046
91058
91073
91079
91124
91129
91143
91163
91171
91195
91203
90069
90066
91215
91252
91259
91288
91294
91299
91401
91427
91466
91472
91488
91494
91498
91503
91510
91547
91570
91593
91618
91650
91686
91706
91701
91708
91716
91762
91768
91769
91782
91813
91853
91879
91903
91913
91955
91977
91983
92008
92014
92019
92022
92027
91034
92049
92166
92171
91163
92187
92210
92215
92220
92229
92248
92255
92279
92309
92319
91269
92374
92381
92396
92404
92426
92519
92534
92541
92567
92571
92601
92613
92648
91573
92670
92673
92616
92613
92691
92688
92703
92720
92741
92748
92767
92832
92852
92855
90776
92881
92906
92909
92917
92969
92967
92996
93021
93064
93110
93122
92042
93125
93133
93146
93147
92069
93146
93167
93188
93217
93236
93275
93282
93297
93303
93336
93349
93352
93362
93373
93420
93427
93437
93443
92396
93457
93470
93479
93492
93523
93529
93531
93542
93550
93552
93576
93550
93585
93586
93599
93602
93615
93626
93625
93628
93625
93644
93651
93654
93664
93672
93678
93697
93722
93728
93732
93749
93758
93820
93822
93840
93846
93861
93867
93870
93949
93986
93989
92920
94017
94032
94047
94060
94065
94071
94078
94122
94130
94142
94160
94211
94214
94216
94262
94268
94286
94298
94330
94336
94347
94379
94380
94399
94425
94500
94518
94532
94540
94549
94547
94551
94599
94593
94610
94661
93523
94673
94707
94721
94734
94763
94772
94781
94814
94849
94853
94908
94987
95010
95021
93921
95130
95148
95252
95261
95267
95315
95345
95365
94286
95369
95409
95462
95463
95492
95523
95554
95567
95573
95660
95664
95667
95697
95700
95706
95735
95765
95798
95809
95811
95849
95863
95867
95873
95904
95917
95951
95970
96000
96035
96068
96085
96177
96184
96192
96243
96275
96299
96315
96330
96331
96347
96416
96419
96441
96439
96463
96502
96504
96524
96549
96552
96556
96555
96583
96607
96642
96646
96658
96682
96683
96682
96688
96724
96777
96810
96814
96818
96865
96896
96912
96915
96926
96931
96956
96966
96956
96992
96994
97003
95863
97017
97048
97072
97100
97138
95997
95998
97148
97181
97184
97188
97214
97233
97289
97294
97311
97333
97378
97394
97393
97418
97445
97460
97540
96463
97556
97559
97565
97579
97582
97632
97644
97647
97677
97681
97685
97700
97743
97746
97792
97808
97811
95653
97834
97831
97896
97951
97966
97977
98012
98013
98018
98045
98050
98073
98096
98106
98110
98114
98161
98181
98189
98207
98270
96106
98285
98288
98323
98400
98401
98417
98497
98540
98564
98567
98597
98626
98632
98654
98664
98678
97552
98689
98714
98749
98753
98774
98776
98793
98816
98864
98877
98942
98945
98942
98998
99046
99067
99071
99073
99070
99071
99103
97969
99138
99190
99205
99223
99224
99262
99266
99327
99378
99402
99413
99431
99452
99456
99511
99631
99641
99649
99695
99737
99743
99744
99743
99750
99754
99772
99778
99787
99804
99840
99874
99902
99919
99915
99929
99949
99956
99984
100042
100058
100060
100058
100079
100096
100111
100150
100172
100192
100203
100230
100236
100266
100277
100381
100417
100457
100463
100477
100519
100534
100593
100610
100634
100637
100650
100676
100706
100715
100720
100756
100815
100823
100858
100895
100905
100940
100951
100960
100996
101009
101019
101049
101068
101152
101166
101169
101188
101216
101221
101293
101323
101337
101343
101345
101348
101362
101376
101408
101417
101425
101436
101461
101535
101547
101550
101561
101588
101698
101705
101711
101741
101749
101762
101799
101810
101822
101824
101836
101858
101916
101940
101946
101971
101981
102015
102031
102035
102075
102104
102129
102146
102152
102171
102178
102243
102284
102297
102309
102317
102332
102335
102370
102421
102428
101401
102442
102451
102466
102467
102482
102498
102505
102578
102610
102626
102631
102666
102678
102698
102715
102722
102739
102748
102760
102765
102860
102869
102914
102923
102935
102944
102965
102979
102994
103017
103037
101971
103041
103047
103094
103127
103141
103173
103175
103227
103241
103243
103291
103309
103315
103329
103348
103373
103378
103383
103402
103499
103504
103521
103543
103579
103640
103647
102505
103652
103655
103664
103672
103701
103777
102631
103808
103844
103862
103872
103884
103913
102765
103922
103932
103949
103982
104048
104045
104108
104106
104114
104176
104187
104196
104206
104232
104280
104302
104311
104326
104335
104338
103166
104363
104373
104421
104433
104511
104517
104529
104544
104556
104565
104568
104565
104571
104617
104642
104661
104680
104721
104733
104778
104821
104901
104920
104954
104976
104996
105008
105031
102780
105077
105106
105134
105158
105154
105194
105219
105225
105228
105235
105260
105284
105283
105292
105307
105327
105385
105391
105402
105412
105419
105458
105520
105570
105568
105579
105588
105614
105625
105642
105672
105683
105713
105759
105777
105785
105788
105825
105883
105911
105975
106026
106043
106042
106047
106073
106079
106082
106084
106091
106103
106126
106142
106184
106217
106219
106247
106260
106285
106309
106356
106399
106407
106456
106473
106492
106490
106510
106581
106588
106587
106606
106625
106627
106630
106644
106658
106661
106662
106686
106704
106723
106724
106731
106760
106772
106776
106809
106832
106834
105758
106832
106837
106841
106850
106868
106870
106923
106934
106969
107009
107031
107049
107075
107070
107080
107093
107151
107163
107190
107192
107230
107240
107275
107284
107321
107333
107365
107397
107402
107424
107422
107445
107459
107464
107519
107523
107528
107523
107548
107613
107614
107642
107648
107695
107737
107749
107758
107759
107758
107780
107778
107791
107778
107841
107867
107880
106775
107900
107958
107964
107965
107964
107970
107984
107998
108011
108017
108044
108102
108119
108143
108141
108154
108195
108245
108254
108260
108268
108284
108329
108332
108347
108463
108472
108478
108482
108486
108590
108613
108624
108638
108642
108726
108781
108826
108829
108839
108886
108888
108906
108917
108914
108962
108974
108986
109019
109044
109056
109064
109070
109077
109082
109085
109149
109205
109232
109244
109259
109289
109319
109321
109385
109391
109426
109445
109459
109471
109476
109544
109578
109586
109653
109661
109673
109678
109706
109738
109744
109738
109754
109772
109777
109791
109793
109791
109811
109830
109865
109884
109890
109911
109927
109931
109964
110015
110014
110030
110038
110043
110059
110062
110087
110124
110131
110136
110139
110144
110177
110195
110213
110222
110242
110274
110326
110339
110352
110363
110372
110375
110393
110400
110411
110426
110455
110480
110481
110480
110525
110528
110558
110634
110670
110694
110711
110732
110748
110794
110816
110821
110843
110876
110912
110916
110930
110938
110940
110946
110962
110984
111014
111022
111047
111078
111170
111176
111230
111231
111348
111372
111382
111391
111390
111396
111415
111420
111449
111470
111486
111494
111561
111609
111633
111686
111687
111726
111737
111767
111789
111799
111818
111823
111831
111858
111864
111919
111974
112032
112029
112043
112072
112103
112113
112114
112132
112174
112192
112194
112222
112236
112241
112273
112280
112326
112358
112374
112387
112411
112421
112442
112455
112462
112486
112533
112550
112562
112670
112674
112702
112713
112738
112758
112787
112793
112842
112856
111886
112878
112886
112891
112904
112932
112935
112932
112945
112975
112994
113001
113004
113009
113013
113034
113053
113061
113086
113120
113152
113175
113186
113210
113216
113227
113361
113363
113384
113395
113419
113427
113419
113437
113538
113582
113630
113637
113701
113732
112702
113790
113800
113809
113840
113846
113860
113862
113932
113937
113949
113966
114012
114040
114052
114067
114086
114122
114154
114159
114178
114197
114195
114198
114204
114205
114263
114275
114277
114287
114297
114324
114355
114368
114376
114404
113223
114464
114479
114481
114493
114498
114505
114577
114587
113384
114592
114597
114614
114622
114640
114656
114678
114689
114703
114737
114749
114758
114770
114779
113582
114893
114889
114913
114922
114929
114943
114945
115019
115032
115045
115051
115085
115120
115132
115137
115150
115169
115171
115178
115198
115266
115293
115309
115339
115268
115391
115407
114132
115459
115478
115523
115526
115540
115560
114355
115578
115587
115599
115624
115639
115666
115677
115708
115732
115739
115747
115758
115775
115812
115820
115846
115877
115895
115901
115904
115916
115955
115991
116030
116060
116075
116090
116103
116123
114922
116128
116132
116151
116180
116231
116251
113840
116343
116364
116407
116447
116452
116451
116461
116469
116489
116501
116534
116536
116546
116634
116648
116701
116704
116701
116729
116738
116768
116799
114394
116804
116806
116843
116882
116883
116882
116893
116896
116942
116961
116970
117009
117085
117152
117189
117191
117189
117195
117229
117258
117301
117303
117306
117313
117368
117378
117397
117401
117419
117416
117467
117465
117497
117518
117565
117563
117567
117618
117637
117651
117713
117728
117775
117785
117808
117820
117827
117836
117860
117896
117911
117917
117936
116707
117992
116768
118012
118110
118133
118151
118164
118196
118217
118246
118251
118297
118339
118346
118358
118374
118385
118393
118426
118429
118457
118463
118472
118535
118540
118546
118585
118592
118604
118651
118697
118744
118799
118807
118826
118835
118839
118874
118876
118889
118908
118927
118946
119008
119033
119036
119063
119107
119117
119123
119167
119174
119180
119243
119246
119265
119301
119317
119323
119346
119363
119375
116789
119388
119405
119417
119425
119428
119443
119465
119466
119488
119503
119543
119587
119590
119597
119657
119669
119690
119692
119713
119720
119731
119741
119800
119809
119836
119849
119862
119893
119906
119919
119930
119952
119965
119978
120002
120025
120026
120025
120027
120025
120063
120075
120088
120139
120147
120162
120174
120176
120183
120189
120249
120253
120304
120307
120317
120322
120334
120389
120461
120491
120495
120527
120537
120555
120576
120591
120629
120643
120671
120667
120693
120700
120711
120735
120762
120767
119301
120832
120849
120864
120862
120910
119417
120984
121009
121033
121066
121072
121075
121102
121175
121207
121232
121248
121315
121309
121328
121378
121387
121397
121405
121409
121405
121429
121536
121556
121577
121602
121637
121654
121664
121676
121695
121709
121718
121721
121738
121745
121750
121754
121778
121797
121819
121838
121874
121889
121903
121934
121946
121958
121976
121979
121994
122008
122062
122066
122069
122087
122090
122135
122159
122198
122205
122233
122247
122281
122292
122357
122372
122379
122389
122405
122406
122408
122418
122437
122517
122540
122554
122631
122639
122628
122710
122728
121124
122765
122800
122802
122822
122976
123010
123016
123105
123145
123172
123190
123187
123193
123242
123244
123299
123327
123354
123365
123398
123412
123426
123441
123458
123482
123494
123505
123523
123549
123587
123598
123620
123626
123645
123675
123686
123693
123726
123762
123798
123814
123821
123848
123853
123871
123877
123888
123896
122507
123934
123958
123988
123992
124020
124023
124038
124070
124116
124104
124132
124187
124241
124262
124268
124274
124295
124306
124319
124342
124414
124415
124414
124421
124429
124438
124497
124514
123043
124513
124537
124556
124560
124577
124601
124612
124617
124622
124634
124650
124663
124664
124663
124666
124688
124692
124690
124715
124719
124756
124758
124763
124765
124805
124811
124822
124825
124841
124862
124907
124925
124953
124974
124994
123354
125057
123611
125077
125076
125094
125097
125133
125152
125163
125160
125184
125181
125190
123667
125253
125291
125290
125301
125307
125313
125320
125337
123824
125341
125372
125402
123896
125419
125478
125491
125503
125621
125635
125660
125662
125666
125662
125701
125770
125773
125780
125798
125826
124325
125872
125912
125927
125933
125944
125970
125974
125999
126035
126058
126060
124537
126071
126081
126136
126134
126152
126174
126189
126218
126214
126220
126234
126243
126249
126262
126279
126282
126288
126317
126335
126347
126369
126375
126440
126465
126480
126523
126580
126597
126600
126606
126620
126626
126699
126694
126813
126863
126871
126886
126901
126975
126983
127037
127085
127094
127106
127109
127114
127144
127148
127202
127220
127224
127318
127344
127345
127347
127369
127398
127412
127499
127493
127589
127592
127628
127700
127749
127753
127767
126534
127783
127798
127905
127936
127993
128047
128060
128101
128105
128128
128171
128200
128229
128231
128243
128295
128309
128318
128355
128390
128387
128396
127172
128411
128423
128428
128468
128469
128492
128518
128534
128553
128613
128629
128661
128671
128704
128713
128720
128756
128767
128778
128780
128798
128815
128821
128880
128883
128901
128961
128980
129025
129036
129046
129060
129078
129163
129188
129195
129199
129230
129236
129240
127993
129259
129275
129300
129326
129332
129347
129355
129374
129416
129435
129443
129445
129458
129478
129518
129572
129583
129584
129614
129671
129695
129698
129708
129734
129755
129764
129776
129779
129809
129818
129856
129880
129899
129937
130101
130107
130112
128893
130160
130159
130186
130201
130211
130271
130290
130305
130331
130372
130440
130445
130450
130452
130491
130510
130542
130552
130588
130602
130641
130646
130664
130667
130671
130730
130743
130757
130772
130797
130818
130825
129560
130832
130838
130853
130859
130862
130874
130877
130895
130928
130942
130956
130974
131018
131030
131042
131050
131060
131058
131087
131150
131162
131226
131262
131296
131327
131338
131339
131387
131397
131403
131423
131435
131449
131468
129080
131472
131489
131495
131522
131531
129128
131606
131626
131649
131665
131681
131702
130568
131713
131730
131757
130615
130612
131764
130624
131771
131772
131809
131810
131824
131842
131859
131863
131875
131941
131969
131998
132008
132050
132098
132106
132120
132130
132146
132149
132150
132155
131004
132163
132169
132172
132169
132179
132188
132212
132219
132239
132263
132274
132272
132278
132311
132323
132392
132405
132438
132448
132476
132479
132488
132537
132542
132595
132602
132625
132657
132722
132732
132764
132767
132812
132866
132868
132881
132914
132940
132947
132949
132955
132995
133006
133015
133034
133065
133143
133190
133248
133258
133265
133322
133337
133387
133463
133497
133537
133546
133559
133573
133576
133586
133619
133631
133662
133704
133713
133734
133755
133758
133800
133810
133865
133870
133890
133901
134042
134067
134074
134082
134120
134149
134158
134159
134170
134209
134236
134251
134278
134299
134378
134370
134418
134487
134548
134570
134573
134591
134687
134715
134775
134803
134823
134842
134858
133597
134918
134934
134963
134961
134983
134991
135009
135010
135009
135024
135034
135039
135049
135060
135087
135101
135118
135124
135135
135201
135209
135216
135245
135283
135289
135301
135319
135325
135326
135325
135361
135370
135412
135430
135449
135479
135490
135502
135525
135542
135601
135603
135625
135703
135731
135750
135763
135775
135810
135822
135863
135888
135898
135909
135918
135931
135954
135986
135990
136000
136061
136088
136118
136141
136149
136158
136149
136188
136208
136209
136246
136291
136302
136304
136347
136377
135209
136399
136418
136436
136444
136470
136490
135303
136506
136508
136532
136556
135410
136571
136580
136595
136598
136605
136643
136651
136672
136692
136722
136737
136750
136783
136789
136800
136868
136871
136868
136892
136904
136907
136979
136986
137053
137080
137109
137141
137179
137192
137198
137216
137220
137228
137230
137243
137253
137254
137273
137306
136141
137317
137323
137336
137332
137405
137465
137489
137494
136369
137506
137517
137521
137554
137562
137631
137634
137631
137651
137662
137689
137695
137701
137702
137719
137726
137734
137746
137758
137772
136585
137794
137799
135488
137857
137873
137899
137914
137925
137931
137942
137963
137972
137976
137999
138043
138089
138098
138136
138139
138205
138217
135901
138238
138272
138299
138314
138334
138354
137228
138360
138361
138368
138397
138479
138466
138491
138502
138507
138522
138533
138523
138535
138545
138568
138580
138603
138639
138653
138720
138725
138742
138759
138805
138817
138823
138835
138839
138856
138871
138887
137774
138908
138914
137794
138934
138942
138949
138984
138982
138990
139022
137887
139034
139041
139046
139070
139092
139097
139095
139139
139142
139149
139153
139160
139161
139169
139229
139269
139273
139302
139309
139324
139323
139366
139377
139402
139429
139459
139463
139485
139513
139555
139599
139639
139642
139652
139665
139705
139722
139772
139783
139819
139837
139838
139837
139862
139894
139902
139913
139932
139939
139950
139954
139993
140001
140015
140041
140085
140090
140103
138990
140109
140155
140207
140213
140219
140222
140224
140231
140252
139112
140259
140282
140279
140297
140309
140330
140354
140359
140396
140410
140419
140420
140432
140450
140483
140497
140537
140567
140572
140596
140603
140607
140611
140632
140649
140653
140660
140715
140733
140739
140760
140773
140801
140808
140817
140846
140877
140878
140889
139603
140898
140910
140912
140914
140931
140954
140988
141030
141055
141067
141125
141137
141156
141168
141185
141207
141232
139940
138816
141293
141311
141319
141337
141351
141375
141463
141465
140155
141497
141538
141549
141569
141587
141650
141681
141692
141711
141736
141750
141765
141794
141822
141866
141868
141886
141896
141914
141943
141950
141982
142065
142108
142110
142115
140914
142120
142129
142158
142238
141070
142259
142264
142301
141106
142309
142310
142309
142337
142351
142476
142487
140015
142516
142519
142527
142563
142577
142628
142660
142681
140207
142709
142725
142742
142763
142835
142881
142896
142909
142915
142925
142923
142946
142970
142992
143067
143098
143125
143130
143150
143167
142056
143182
142083
143187
143191
143205
143217
143224
143234
143244
143246
143250
143259
143286
143305
143350
143355
143375
143382
143375
143402
143447
143468
143519
143573
143578
143580
143599
143645
143671
143676
143742
143762
143783
143840
143856
143867
143896
143897
143916
143936
144046
144067
144086
144093
144130
144163
144194
144228
144237
144243
144246
144247
144268
144278
144272
144299
143266
144301
144318
144324
144330
144359
144360
144375
144394
144505
144612
144615
144635
144641
144652
144674
144686
144766
144768
144788
144808
144814
144841
144857
144879
144896
144898
144935
144941
144950
145002
145021
145038
145066
145117
145151
145160
145174
145183
145229
145242
145252
145306
145317
145335
145354
145356
145357
145361
145341
145380
144283
145387
145392
145420
145431
145524
145536
145537
145580
145586
145597
145633
145673
145703
145722
145732
145737
145744
145747
145765
145772
145781
145780
145790
145831
145838
145852
145853
145855
145864
145883
145940
145959
145985
146054
146084
146090
146110
146123
146128
146156
146170
146218
146221
146234
146323
146335
146352
146361
146373
146429
146428
146455
146468
146493
146496
146497
146508
146518
146525
146544
146548
146563
146580
146589
146618
146633
146637
146651
146663
146674
146705
146753
146763
146795
146803
146807
146816
146817
146831
146844
146891
146902
146917
146947
146973
147011
147017
147024
147067
147073
147100
147118
147139
147159
147167
147175
147203
147242
147266
147275
147320
147358
147365
147383
143956
147415
147423
147441
147459
147467
147512
147529
147543
147619
147626
147653
147658
147663
147680
147699
147720
147732
147741
147758
147782
147795
147834
147845
147869
147902
147912
147915
147912
147952
148021
148073
148174
148188
148216
148223
148229
148283
148304
148307
148309
148322
148372
148375
148389
148449
148455
148456
148508
148523
148571
148581
148629
148641
148654
148667
148730
148753
148787
148789
148792
148801
148817
148829
148835
148846
148855
148887
148990
149004
149009
149016
149022
149033
149047
149067
147912
149195
149209
149224
149218
149236
149259
149264
149284
149283
149294
149315
149349
149352
149367
149375
149411
148208
149420
149432
149486
149493
149501
149503
149528
149621
148431
149628
149648
149668
149716
149717
149724
148558
149746
149763
149784
149790
149808
149825
149840
149830
149888
149895
149949
149964
149975
149976
149981
150026
150048
150106
150190
150203
150204
150227
150247
150289
150324
150351
150366
149212
150370
150369
150392
150429
150432
150437
150445
150461
150496
150502
150514
150523
150547
150554
150574
150590
150596
150626
150633
150636
150662
150668
150680
150688
150698
150702
150719
150731
150745
150777
150788
150792
150788
150842
150851
150850
150853
150870
150877
150887
150893
149755
150900
149753
150946
150965
150977
150981
150987
150996
151007
151015
151018
151037
151042
151057
151065
151081
151107
151124
148785
151222
151230
151239
151250
151272
151282
151298
151304
151324
151338
151363
151365
151390
151411
151453
151493
151504
151552
151588
151611
151640
151660
151718
151724
151745
151747
151784
151814
151817
151900
151907
151919
151914
151933
151961
149620
152023
152055
152066
152057
152071
152081
152095
152201
152212
152209
152227
152259
152271
152295
152347
152357
152358
152402
152410
152418
152440
152485
152506
152546
152573
152593
152645
152697
152724
152727
152736
152746
152771
152793
152799
152827
152869
152878
152876
152901
152926
151808
152939
152954
153000
150698
151913
153020
153022
153056
153088
153141
153145
153160
153170
153177
153183
153213
153214
153224
153239
153259
153270
153277
153317
153323
153335
153342
152212
152209
153372
153379
153403
153415
153435
153448
153462
153469
153494
153519
153546
153552
152418
152415
153554
153582
153626
153650
153656
153660
153663
153688
153698
153801
153825
153837
153862
153912
153940
153944
153988
153995
154022
154028
154033
154056
154064
154076
154106
154128
154138
154184
154216
154235
154270
154277
154284
154296
154316
154327
154339
154354
154383
154391
154397
154401
154411
154439
154444
154484
154503
154510
154524
154538
154540
154551
154601
154616
154632
154638
154668
154685
154682
154700
154704
154728
154760
154764
154770
154788
154822
154838
154865
154896
154899
154914
154927
154955
155000
155025
155059
155075
155100
155136
155142
155145
155191
155218
155246
155255
155251
155276
155284
155291
155297
155384
155486
155491
155517
155549
155545
155591
155587
155603
155607
155625
155626
155625
155640
155648
155742
155751
155758
155770
155772
155770
155784
155799
155811
155820
155822
155826
155840
155844
155846
155856
155861
155867
155888
155902
155920
155934
155977
156080
156103
156118
156122
156161
156170
156179
156274
156303
156329
156327
156374
156380
156407
156437
156494
155333
156500
156518
156542
156545
156550
156557
156601
156611
156621
156636
156639
156641
156639
156684
156705
156707
156718
156733
156752
156763
156769
156775
156792
156813
156832
156880
156895
156900
156923
156926
156942
156956
156980
157007
157041
157047
157054
157110
157117
157127
157145
157150
157180
157196
157250
157266
157299
157319
157333
157339
157346
157355
157382
157388
157382
157401
157455
157481
157487
157489
157509
157506
157513
157518
157537
157593
157631
157650
157699
157706
157715
157772
157802
157808
157820
157826
157846
157852
157870
157921
157929
157931
157966
157978
158003
158013
158023
158025
158027
158025
158034
158035
158034
158099
156760
156763
158105
158147
158168
158169
158212
158224
158241
158258
158264
158273
158281
158295
158333
156976
158348
158440
158456
158499
158523
158547
158625
158632
158681
158691
158719
158741
158765
158776
158784
158788
158793
158818
158820
158836
158906
158908
158916
158951
158960
158980
158979
158989
159000
159007
159058
159062
159058
159111
159143
159198
159212
159216
159266
159289
159310
159322
158059
159320
159352
159358
159375
159401
159429
159455
159461
159466
159526
159533
159545
159558
159581
159587
159599
159607
159642
159673
159694
159698
159759
158441
159760
158440
159791
159804
159814
159872
159900
159938
159965
159971
160080
160095
160102
160114
160131
160155
160171
160180
160197
160272
160285
160309
160325
160367
160374
160388
159042
160396
160403
160415
160436
160469
160484
160492
160534
160547
160568
160626
160660
160707
160721
160722
160731
160732
160731
160750
160783
160793
160804
160811
160827
160830
160844
160847
160857
160894
160913
160919
160969
160982
161084
161107
161167
161175
161191
161205
161247
161301
160023
161317
161337
161357
161417
161422
161441
161464
161479
161530
161537
161548
161558
161557
161590
161598
161605
161737
161753
161756
161806
161807
161817
161816
161833
161850
161880
161895
161945
161956
161960
161990
161991
162005
162036
162050
162059
162065
162048
162074
160707
162095
162173
162182
162196
162210
162253
162277
162282
162329
162375
162442
162545
162552
162602
162622
162640
162644
162664
162670
162677
162712
162753
162773
162807
162898
162916
162929
162944
162971
162986
162987
163030
163034
163037
163044
163090
163127
160544
163146
163184
163186
163198
161916
163208
163201
163223
163228
163301
163305
163315
163319
163321
163330
163338
163359
163401
163422
163452
163461
163473
163493
163577
163596
163613
163658
163661
163667
163712
163732
163786
163796
163806
163821
163841
163884
163930
163947
163952
163970
163998
164015
164033
164051
164078
164113
164159
164166
164200
164211
164240
164266
164279
164283
164302
164316
164333
164347
164359
164378
164455
164464
164582
164628
164715
164725
164731
164759
164773
164768
164779
164786
164799
164806
164842
164845
164859
163452
164875
164894
164920
164924
164929
164949
164975
164970
165044
165058
165068
165085
165106
165124
165147
165167
165170
165171
165167
165180
165189
165180
165192
165195
165202
165217
165246
165247
165260
165270
165287
165290
163970
165360
165363
165415
165419
165434
165455
165479
165481
165569
165580
165619
165624
165628
165637
165673
165716
165722
165725
165730
165739
165755
165788
165834
165899
165902
165913
165926
165965
165974
166031
166038
166047
166055
166065
166083
166119
166138
166144
166155
164821
166194
166197
166228
166247
166292
166294
166292
166345
166357
166383
166386
166383
166425
166456
166449
166534
166555
166599
166611
166625
166640
166642
166640
166650
166653
166771
166775
166806
166867
166872
166873
166881
166887
166890
166920
166932
166946
166960
166969
166974
166996
167024
167063
167082
167129
167213
167220
167272
167285
167307
167328
167341
167359
167370
167381
167382
167387
167477
167521
167529
167578
167621
167625
167634
167639
167651
167693
167694
167734
167743
167764
167771
167788
167831
167846
167921
167931
167937
167939
167977
167985
167996
168031
168046
168050
166736
168118
168168
168228
168233
168240
168241
168246
168261
168283
168376
168379
168383
168386
168389
168397
168410
168443
168464
168497
168528
168543
168580
168606
168612
168605
168641
168649
168660
168678
168693
166003
168695
168703
168720
168731
168737
168743
168739
168737
168748
168753
168781
168794
168831
168836
168870
168943
168949
168978
168990
169053
169051
169059
169074
169090
169095
169121
169144
169147
169152
169171
169175
169184
169190
169209
169244
169266
169287
169301
169300
169325
169329
169341
169346
169354
169363
169376
169452
169457
169481
169516
169537
169578
169593
169600
169616
169627
169628
169678
169708
169717
169751
169823
169829
169844
169903
169914
169935
169951
169955
169979
169984
169997
170036
170040
170078
170083
170091
170121
170133
170152
170151
170164
170203
170240
170264
170291
170340
170352
170476
170496
170513
170540
170553
170563
170562
170601
170616
170617
170616
170664
170696
170765
170793
170808
170851
170849
170869
170880
170894
170898
169564
170899
170937
170982
170988
171024
171025
171050
171047
171055
171058
171112
171253
171267
171277
171295
171313
171322
171326
171403
171415
171424
171484
171496
171563
171564
171615
171647
171686
171749
171780
171800
171812
171823
171835
171841
171844
171876
170435
171908
171920
171926
171925
171967
171983
172034
172083
172127
172180
172197
172235
172282
172298
170836
172310
172353
172385
172394
172399
172422
172428
172448
172479
172500
172553
172556
172565
169772
172573
172608
172622
172643
172647
172689
172695
172739
172756
172787
172798
172813
172854
172864
172863
172898
172929
172949
172959
172992
173035
173053
173093
173122
173146
173173
173178
173177
173198
173209
173234
173243
173256
173336
173348
173358
173366
173387
173415
173442
173459
173531
173544
173547
173565
173577
173578
173659
173680
173703
173727
173756
173752
173764
173773
173779
173792
173801
173803
173807
173803
173822
173831
173832
173855
173864
173872
173891
173899
173916
173957
173969
173985
174021
174036
174045
174054
174061
174069
174128
174156
174169
174237
174252
174251
174261
174273
174285
174313
174353
174363
174390
174399
174425
174451
174500
174521
174534
174578
174606
174613
174628
174656
174700
174707
174710
174755
174764
174774
174798
174863
174867
174884
174895
174913
174915
174919
174915
174921
174924
174979
174988
175003
175015
175041
175087
175090
175097
175108
175140
175180
175193
175225
175253
175274
175279
175303
175354
175356
175407
175410
175417
175460
175477
175492
175497
175530
175560
175587
175620
175669
175679
174333
175757
175765
175830
175894
175903
175911
175934
175961
175974
176009
176048
176054
176041
176062
176071
176118
176110
176126
176140
176144
176154
176193
176214
176256
176278
176322
176333
176354
176370
176386
176408
176488
176522
176541
176570
176590
176600
176615
176627
176639
176642
176648
176657
176675
176717
176723
176743
176780
176806
176817
176827
174061
176831
176863
176904
176915
176926
176952
176988
177002
177018
177021
177065
177066
177078
177085
177099
177156
177163
177176
177187
177195
177221
177231
177243
177238
177300
177328
177332
177328
177335
177341
177347
177360
177356
177398
177407
177420
177429
177434
177438
177483
177484
177503
177526
177555
177565
177588
177599
177607
177619
177631
177653
177677
177689
177693
177705
177719
177735
177752
177766
177777
177780
177802
177824
177850
177857
177858
177857
177909
177935
177937
177954
177977
178001
178008
178030
178057
178067
178090
178179
178192
178216
178220
178287
178296
178305
178342
178347
178362
178377
178444
178460
178429
178492
178491
178497
178517
178533
178540
178549
178566
178579
178664
178671
178692
178698
178710
178722
178727
178730
178722
178752
178758
178766
178774
178786
178817
178824
178834
178867
178881
177482
178887
178879
178904
178925
178942
178964
178985
178990
178995
179009
179038
179073
179100
179131
179153
177719
179168
179162
179189
179203
179235
179250
179298
179304
179368
179375
179382
179388
179516
179564
179608
179639
179654
179670
179664
179712
179725
179730
179732
179769
179786
179852
179918
179924
180052
180062
180089
180098
180107
180130
180127
180134
180165
180254
180281
180285
180333
180350
180359
180374
180419
180430
180440
180452
180460
180468
180492
180505
180507
180546
180551
180556
180571
179253
180599
180612
180647
180716
179388
179390
180719
180731
180851
180864
180883
180930
180949
180951
180999
181011
181055
179796
181107
181138
181150
181155
181159
181180
181255
181278
181285
181287
181308
181315
181314
181348
181356
181358
181362
181381
181402
181447
181456
181447
181461
181465
181476
181521
181547
181584
181607
181618
181628
181632
181657
181674
181706
181774
181784
181774
181879
181916
181924
181946
181947
180546
181964
181976
182006
182040
182058
182076
182116
182125
182163
182177
182195
182212
182214
182246
182285
182310
182333
182367
182414
182417
182429
182438
182572
182589
182619
182616
182633
182647
182661
182674
182682
182699
182711
182717
182738
182752
182794
182798
182802
182837
182835
182911
182945
182949
182965
182971
182987
183002
183009
183029
183032
183066
183097
183099
183125
183131
183138
183160
183162
183175
183212
183215
183243
183244
183325
183337
183358
183366
183372
183376
183381
183404
183437
183458
183485
183490
183524
183534
183590
183637
183642
183651
183660
183666
183692
183707
183708
183818
183864
183889
183945
183981
184025
184041
184052
184068
184088
184110
184142
184195
184213
184260
184332
184343
184362
184364
184378
184395
184433
184444
184436
184435
184443
184451
184469
184472
184504
184533
183138
184529
184543
184557
184572
184576
184607
184639
184648
184658
184723
184727
184749
184775
183381
184804
184827
184839
184845
184859
184874
184877
184871
184883
184930
184961
184997
185000
185019
185047
185057
185082
185101
185104
185106
185146
185171
185184
185189
185234
185240
185256
185284
185298
185301
185306
185324
185331
185377
185378
185377
185457
185509
185539
185611
185621
185637
185661
185677
185710
185718
185735
185737
185763
185778
185789
185803
185811
185853
185877
185883
185884
185895
185903
185907
185910
184572
185919
185923
185932
185934
185958
185971
185993
186071
186077
186086
186115
186139
186152
186171
186200
186215
186245
186253
186260
186280
186293
186299
186308
186315
186328
186336
185039
186345
186359
186397
186427
186431
186427
186434
186437
186446
186465
186473
185146
186498
186506
186546
186582
186596
186626
186639
186651
186694
186696
186731
186736
186762
186783
186785
186783
186819
186835
186840
186862
186901
186947
186986
187025
187052
187065
187080
187098
187120
187128
187139
187144
184314
187164
187180
187193
187229
187259
187280
187344
187369
187378
187380
187378
187448
187458
187500
187518
187526
187543
187580
187613
187629
187649
187650
187649
187682
187705
187712
187717
187721
187717
187763
187812
187825
187859
187903
187915
187925
187931
187936
187963
187989
187999
188022
188050
188096
188133
188136
188209
188239
188257
188260
188262
188271
188274
188302
188350
188379
186898
188395
188416
188428
188448
188465
188515
188520
188521
188529
188533
188550
188556
188589
188619
188625
188645
188659
188670
188676
188679
188702
188711
188734
188751
188805
188809
188830
188841
188842
188852
188859
188882
188897
188916
188929
188947
187429
188961
189035
189087
189116
189152
189167
189223
189257
189274
189284
189320
189338
189391
189408
189424
189446
189447
189471
189474
189484
189503
189523
189538
189518
189545
189553
189562
189569
189571
189553
189586
189601
189623
189662
189666
189672
189687
189696
189710
189739
189784
189805
189863
189911
189930
189940
189917
189983
189989
190002
190022
190023
190054
190061
190065
190071
190101
190136
190139
190136
190158
190165
190252
190328
190341
190360
190363
190376
190379
190430
190439
190467
190496
190543
190593
190607
190632
190660
190666
190675
190694
190698
190716
190758
190779
190802
190814
190839
190860
190861
190874
190883
190901
190919
190987
190992
191004
191018
191034
191050
191059
191065
191073
191079
191125
191132
191146
191183
191178
191185
191196
191211
191254
191299
191314
191319
191380
191403
191423
191431
191452
191461
191495
191532
191543
191564
191568
191580
191618
191633
190322
191632
191642
191700
191718
191719
191729
191735
191745
190398
191747
190398
191757
191760
191796
191845
191847
191850
191895
191914
191921
191925
191948
191957
191965
191994
192008
192034
192043
192058
192063
192065
192091
192105
192159
192174
192207
192220
192242
192266
192284
192296
192301
192322
192329
192344
192393
192438
192441
191114
192465
192470
192480
192493
192507
192522
192547
192566
192564
192570
192661
192672
192677
192684
192712
192753
192789
192818
192827
192901
192942
192977
192992
192991
193003
192992
193020
193026
193040
193048
193056
193071
193086
193103
193127
193151
193164
193172
193182
193216
193239
193257
193328
193354
193357
193354
193384
193397
193427
193463
193484
193520
193569
193632
193648
193664
193675
193706
193741
193752
193773
193819
193817
193827
193841
193852
193859
193877
193887
193893
193896
193934
193950
193959
193962
193966
194015
194030
194032
194038
194045
194128
194139
194176
194189
194239
194258
194260
194291
194304
194336
194340
194358
194377
194382
193124
194388
194394
194413
194449
194482
194486
194482
194512
194520
194523
194564
194577
194578
194577
194632
194641
194687
194711
194735
194780
194832
194838
194855
194861
194868
194875
194878
194885
194892
194903
194905
194914
194970
194983
195022
195054
195070
195094
195119
193964
195146
195158
195173
195179
195181
195197
195194
195230
195236
195255
195283
195299
195303
195359
195365
195393
195389
195407
195436
195468
195467
195518
195541
195550
195552
195550
195597
195598
195611
195614
195611
195627
195634
195661
194547
195675
195686
195749
195751
195777
195794
195882
195898
195946
195951
195982
196013
196043
196053
196215
196295
196317
196359
196382
196399
196468
196484
196493
196500
196508
196530
196535
196552
196568
196582
196587
196591
196598
196622
196629
196650
196672
196694
196703
196729
196748
196786
196794
196799
196827
196858
196868
196898
196907
196970
196994
197045
197060
197075
197125
197204
197211
197265
197275
197302
197306
197298
197311
197336
197359
197394
197432
197497
197532
197547
197550
197551
197570
197587
197598
197610
197640
197643
197664
197693
197728
197740
197751
197774
197782
197802
197816
197812
197817
197836
197845
197847
197850
197856
197864
197885
197886
197892
197915
197969
198065
198083
198089
198156
197033
198165
198163
198176
198183
198201
198233
198235
198257
198273
198280
198279
198315
198322
198332
198344
198349
198380
198408
198423
198470
198501
198508
198525
198575
198581
198623
198640
198655
198699
198707
198710
198769
198776
198866
198925
198924
198966
198982
198995
199017
199044
199056
199095
199100
199135
199157
199166
199200
199217
199226
199240
199250
199284
199366
199463
199520
199531
199566
199572
199566
199583
199617
199652
199692
199708
198590
199717
199753
199752
199763
199767
199788
199800
199826
199844
199865
199874
199869
199893
199917
199955
199954
199963
199974
199995
200002
200020
200024
200035
200038
200117
200137
200168
200204
200244
200249
200294
200342
200351
200408
200472
200516
200553
200563
200567
200570
200584
200590
200620
200632
200637
200668
200674
200686
200745
200773
200796
200804
200826
200835
200855
200882
200897
200932
200967
200986
200964
200987
200993
200986
200987
201071
201102
201113
201135
200045
201173
201181
201200
201201
201209
201213
201220
201236
201256
201262
201269
201280
201291
200168
201310
201336
201402
201453
201485
201582
201614
201648
201650
201648
201664
201668
201681
201680
201705
201722
201761
201762
201849
201881
201882
201895
201897
201915
201913
201926
201966
201986
201992
202002
202007
202013
202029
202024
202049
202074
202073
202079
202091
202093
202105
200913
202112
202120
202131
202175
202177
202225
202224
202253
202274
202317
202328
202341
202354
202387
202384
202392
202464
202498
202540
202556
202552
202559
202561
202592
202652
202664
202718
202731
202739
202742
202744
202753
202761
202796
202814
202847
202974
202978
202974
202979
202974
202985
203065
203102
203126
203138
203165
203173
203209
203211
203224
203237
203262
203279
203282
203286
203279
203298
203355
203374
203409
203416
203429
203437
203461
203472
203483
203509
203518
203517
203523
203546
203555
203556
203575
203587
203597
203630
203651
203655
203690
203702
203725
203813
203821
204007
204011
204010
204019
204111
204121
204127
204142
204145
204161
204169
204186
204209
204215
204217
204229
204282
204308
204326
204398
204407
204437
204442
204477
204486
204501
204504
204542
204559
204572
204574
204572
204576
204606
203472
204623
204643
204692
204726
204732
204749
204756
204777
204788
202485
204825
204830
204832
204833
204847
204874
204950
205027
205029
205034
205073
205075
205111
205119
205127
205137
205157
205176
205181
205199
205214
205224
205242
205236
205276
205297
205312
205343
205349
205355
205377
205384
205388
205434
205494
205502
205509
205534
205544
205548
205604
205597
205616
205652
205682
205703
205707
205748
205829
205826
205852
205871
205865
205911
205917
205935
205939
205955
205967
205965
205971
205993
206012
206034
206063
206067
206096
206103
206111
206135
206223
206227
206247
206255
206256
206266
206291
206301
206331
206340
206358
206355
206380
206387
206396
206411
206406
206433
206529
206566
206602
206606
206611
205377
206633
206656
206683
206711
206720
206721
206739
206754
206835
206866
206923
206925
206947
206956
206971
206984
205792
206994
207009
207013
207009
207032
207075
207096
207118
207173
207179
207200
207206
207226
207230
206001
207269
207302
207308
207335
207338
207344
207389
207386
207422
207439
207452
207454
207475
207485
207520
207546
207574
207586
207596
207602
207601
207631
207649
207657
207723
207755
207781
207797
207820
207821
207820
207831
207836
207841
207862
207897
207929
207994
208052
208057
208080
208102
208145
208163
208179
208233
208248
208260
208266
208331
208343
208374
208403
208409
208421
208449
208475
208489
208493
208509
208553
208568
208613
208618
208625
208629
208642
208723
208738
208740
208738
208755
208832
208855
208860
208866
208959
208965
208972
208977
208976
208991
209011
209009
209028
209045
209048
209074
209085
209105
209123
209131
209147
209154
209166
209181
209216
209292
209304
209314
209344
209339
209351
209363
209390
209391
209396
209404
209427
209430
209440
209444
209445
209448
209467
209469
209483
208332
209521
209537
209556
209567
209593
209621
209633
209635
209680
209719
209725
209732
209762
209775
209785
209792
209823
209890
209931
209951
209952
209956
209963
209977
209997
210015
210074
210090
210101
210111
210119
210124
210139
210143
210145
210178
210185
210194
210215
210229
210234
210243
210262
210275
210307
210325
210342
210354
210364
210397
210399
210463
210472
210492
210505
210509
210511
210517
210554
210551
210571
210608
210617
210620
210640
210646
210648
210653
210662
210693
210698
210731
210739
210691
210758
210764
210773
210775
210791
210794
209390
210806
210825
210834
210839
210848
210860
210866
210872
210879
210968
209672
210980
210990
211028
211066
211070
211088
209729
211105
211123
211151
211181
211203
211238
211253
211293
211300
211320
211323
211335
211338
211383
211396
211402
211413
210024
211425
211443
211457
211471
211520
211523
211541
211571
210148
211586
211579
211591
210163
211614
211630
211673
211683
211759
211782
211784
211812
211830
211839
211857
211865
211891
211923
211929
212000
212019
211982
212025
212043
212055
212058
212073
212087
212084
212213
212237
212258
212261
212278
212292
212308
210974
212315
212335
212384
212386
212399
212401
212407
212410
212439
212458
212498
212493
212506
212508
212512
212528
212544
212553
212562
212570
212586
212618
212623
212651
212655
212681
212762
212768
212778
210092
212801
211532
212802
212808
212809
212837
212851
212857
212859
212904
212919
212942
212975
212982
212987
213054
213083
213086
213098
213103
213108
213137
213136
213145
213161
213172
213182
213228
213257
213270
213277
213276
213283
213288
213307
213360
213368
213380
213396
213399
213425
213456
213488
213494
213497
213508
213529
213543
213576
213614
213610
213621
213633
213664
213674
213694
213714
213717
213724
213775
213785
213789
213798
213839
213856
213876
213923
213954
213962
214006
214026
214048
214066
214079
214081
214089
214095
214131
214183
214196
214228
214243
213058
214285
214291
214306
214314
214317
214319
214338
213136
214352
214358
214361
214370
214371
214421
214436
214458
214549
214553
214580
214679
214710
214712
214710
214719
213621
214743
214788
214817
214822
214920
214931
214966
214976
214980
214997
215018
215045
215070
215099
215108
215121
215127
215138
212903
215144
215157
215221
215229
215249
215253
215277
215285
215298
215390
215405
215406
215434
215438
215444
215450
215459
215471
215477
215513
215528
215531
215553
215559
215579
215640
215719
215734
215745
215771
215790
215804
215849
215898
215905
215928
215953
215963
215995
216032
216033
216092
216124
216138
216144
216169
216200
216217
216221
216228
214003
216229
214003
216264
216274
216289
216315
216334
216350
216361
216369
216364
216380
216400
216406
216426
216454
216464
216503
216506
216524
216532
216537
216549
216569
216576
216580
216583
216630
216633
216645
215406
216655
216658
216695
216696
216715
216721
216727
216756
216763
216785
216800
216804
216821
216848
216863
216869
216884
216957
216986
216992
216998
217003
217001
217104
217107
217136
217141
217144
217215
217249
217287
216169
217295
217299
217310
216208
217340
217396
217409
217441
217471
217512
217547
217544
217614
217617
217627
217642
217640
217662
217669
217655
217689
217737
217743
217768
217760
217776
217801
217806
217848
217867
217883
217890
217900
217940
217936
217975
217997
218034
218037
218050
218079
218092
218148
218164
218191
218206
218219
218235
218289
218307
218377
218401
218478
218498
218506
218537
218558
218559
218565
218591
218600
218620
218649
218655
218680
218711
218779
218793
218850
218861
218900
218898
218907
218927
218934
218996
219048
219094
219103
219119
219152
219210
219231
219254
219287
219300
219327
219342
219345
219347
219357
219372
219415
219462
219507
219535
219538
219589
219592
219597
219619
219645
219657
219660
219657
219681
219687
219695
219698
219707
219742
219757
219760
219777
219791
219800
219814
219817
219858
219870
219893
219899
219911
219964
219969
219977
220017
220025
220029
220041
220092
220126
220136
220145
220148
220175
220189
218934
220221
220239
220261
220280
220289
220300
220322
220325
220352
220355
220385
220386
220415
220448
220472
220520
220521
220553
220556
220571
220572
220573
220585
220617
220622
220668
220710
220713
220787
220813
220820
220830
220841
220854
220859
220883
220884
220950
220957
220961
220968
220984
220993
220995
221042
221068
221072
221081
221106
221136
221147
221165
221161
221163
221178
221203
221231
221268
221281
221318
221335
221352
221361
221369
221414
221460
221517
221549
221558
221564
221571
221589
221612
221653
221660
221666
220521
221711
221726
221732
221766
221798
221906
221959
221966
221985
222002
222036
222044
222054
222063
222108
222145
222152
222148
222154
222184
222200
222206
222228
222233
222269
222287
222307
222315
222332
222359
222380
222411
222443
222461
222465
222489
222505
222519
222530
222564
222570
222575
222608
222628
222634
222648
222684
222698
222713
222734
222800
222820
222832
222854
222873
222889
222921
222932
222942
222948
222954
222971
222981
223010
223029
223085
223103
223112
223103
223119
223120
223176
223180
223197
223315
223335
223337
223355
223356
223381
223404
223433
223479
223504
223519
223521
223550
223552
223550
223629
223664
223670
223699
223730
223763
223776
223782
223832
223840
223868
223880
223890
223918
223925
223985
223996
224018
224044
224069
224080
224116
224118
224140
224160
224190
224193
224190
224215
224243
224255
224277
224298
224296
223204
224308
224335
224337
224366
224382
224442
224462
224542
224560
224590
224599
224617
224620
224635
224652
224654
224684
224697
224736
224780
224787
224801
224820
223677
224835
224877
224890
224899
224919
224927
224930
224948
224951
224945
224975
223949
224996
225011
225021
225040
225046
225040
225047
225040
225095
225101
225121
225131
225140
225169
225178
225186
224116
225210
225236
225234
225249
225259
225274
225286
225298
225307
225328
225352
225359
225452
225448
225462
225512
225519
225549
225571
225604
225612
225619
225629
225635
225641
225646
225661
225679
225693
225715
225722
225758
225756
225809
225815
225822
225833
225809
225840
225846
225868
225884
225890
225903
225930
225948
225973
225981
226007
226016
226034
226064
226070
223946
226106
226139
226212
226260
226310
226361
224205
226386
226390
226397
226423
226432
226460
226470
226504
226547
226575
226569
226580
226586
226604
226626
226653
226671
226696
226703
226699
226710
226724
226729
226761
226801
226806
225722
226817
226842
226845
226842
226883
226923
226933
226934
226956
227009
224907
227011
224907
227066
227091
227108
227139
227158
227161
227168
227212
227215
227240
227272
227310
227319
227342
227355
227372
226329
227390
227439
227523
227557
227562
227628
227662
227721
227729
226724
226719
227731
227738
226729
227747
227752
227766
227772
227779
227833
227921
227926
227984
227992
228032
228041
228070
228080
228085
228094
228136
228160
228253
228260
227212
228268
228267
228284
228302
228308
228355
228369
228383
228401
228421
228423
228440
228447
228454
228458
228533
228677
228686
228711
228749
228756
228761
228797
228803
228809
228826
228835
228854
228903
228944
228956
229050
229071
229077
229085
229099
229130
229142
229150
229241
229264
229293
229299
229310
229319
229330
229359
229356
229366
229388
229392
229441
229466
229456
229497
229504
229528
229564
229565
229607
229611
229636
229687
229715
229731
229762
229773
229812
229847
228859
229877
229883
229877
229897
229887
229914
229915
229914
229916
229937
229942
229943
229961
229979
230002
230005
230076
230093
230106
230127
229107
230129
230135
230148
229136
230218
230223
230284
230289
230340
230343
230358
230367
229326
230379
230408
230425
229392
230460
230463
230481
230497
230521
229494
230541
230543
230541
230582
230585
230593
230611
230622
230630
230663
230739
230743
230774
230799
230817
230833
230843
229743
230844
230874
230891
230913
230916
230952
230966
230967
230987
230992
231005
230992
231010
231028
231125
231128
231142
231144
231145
231154
231156
231172
231203
231209
231266
231277
231284
231300
231311
231356
231385
230355
231388
231395
231404
231504
231534
231545
231554
231566
231567
231577
231581
231577
231595
231619
231621
231635
231655
231709
231711
231747
231767
231868
231885
231881
231945
231967
231975
231983
231987
232013
232029
232060
232072
232078
232111
232119
232132
232139
232151
232175
232262
232267
232275
232295
232298
232364
232370
232379
232391
232424
232436
232495
232512
232530
232553
232560
232567
232588
232598
232608
232612
232608
232614
232632
232754
232764
232775
232784
232791
232849
232898
233001
233008
233079
233132
233156
233168
233180
233186
233185
233190
233211
233220
233267
233288
233329
233398
233439
233558
233560
233594
233590
233626
233639
233649
233687
232394
233693
233704
233717
233720
233733
233755
233765
233846
232598
233877
233890
232650
233943
234018
234023
234048
234051
234033
234018
234067
232844
234087
234134
234143
234156
232914
234163
234179
234182
234200
234213
234235
234283
234287
234294
234302
234306
234318
234353
234392
234429
234442
234471
234469
234479
234490
234498
234506
234569
234583
234595
234631
234625
234684
234691
234742
234748
234753
234783
234806
234820
234872
234916
235117
235120
235143
235172
235181
235194
235202
235212
235247
235269
235279
235290
235293
235309
235318
235346
235351
234113
235374
235401
235437
235455
235459
235495
235496
234255
235495
235526
235532
235556
235589
235586
235582
235629
235626
235648
235652
235655
235671
235700
235712
235718
235721
235751
235769
235781
235788
235786
235823
234621
235841
235860
235888
235901
235922
235956
235958
235963
235961
236000
236009
236007
236021
236025
236028
236123
236125
236129
236138
236144
236153
236164
236166
236193
236230
236243
236255
236280
236283
235055
236318
236335
236339
236474
236543
236550
236567
236580
236599
236638
236675
236682
236725
236733
236744
236747
236757
236822
236832
236844
236854
236857
236873
236890
236900
236923
236952
236961
236970
236985
237017
237026
237059
237062
237092
237098
237102
237185
237257
237299
237317
237338
237346
237348
237349
237355
237398
237425
237440
237455
237473
237494
237518
237533
237538
237611
237645
237685
237721
237722
237721
237740
237745
237751
237765
237779
237787
237788
237801
237897
237917
237925
237931
237935
237937
237935
237987
238022
238017
238028
238149
238192
238215
238223
238237
238242
238251
238268
238278
238284
238287
238301
238307
238309
238325
238340
238357
236961
238363
238372
238385
238400
238428
238438
238445
238449
238467
238475
238490
238495
238500
238495
238494
238521
238534
238547
238574
238592
238605
238626
238669
238682
238694
238695
238715
238730
238747
238767
238774
238780
238841
238869
238887
238898
237494
238947
238980
238988
239009
239023
239045
236318
239112
239137
239147
239150
239172
239178
239181
239205
239222
239236
239238
239245
239267
239295
239318
239334
239380
239418
239492
239591
239598
239639
239663
239685
239688
239708
238325
239765
239777
239789
239793
239829
239836
239839
239848
239875
239877
239883
239891
239937
239948
239963
239980
239982
239995
240000
240007
240014
240021
240067
240083
240080
240087
240081
240083
240089
240149
240179
240185
240202
240218
240227
240236
240260
240276
238866
240292
240302
240314
240337
240356
240375
240387
240402
240427
240438
240446
240483
240532
240536
240540
240641
240647
240668
240675
240731
240744
240788
240794
240804
240810
240850
240825
240896
240897
240925
241004
241014
241031
241041
241115
241130
241140
241142
241160
241171
241188
241194
241204
241245
241263
241276
239879
239877
241283
241298
241342
241397
241425
241435
241451
241460
241468
241537
241541
241587
241602
241610
241624
241718
241721
241761
241781
241801
241802
241815
241831
241841
241843
241852
241861
241869
241875
241888
241892
241904
241907
241919
241932
241941
241949
242007
242021
242043
242121
242123
242121
242139
242148
242161
242183
242189
242191
242219
242225
242221
242234
242258
242267
242273
242289
242296
242308
242342
242401
242408
242416
242431
242437
242455
242471
242485
242504
242532
242534
242553
242559
242560
242571
242582
242592
242598
242621
242637
242638
241325
242637
242651
242653
242685
242711
242733
242769
242774
242784
242866
242888
242909
242919
242970
242979
242991
243052
243057
241731
243069
243073
243099
243108
243132
241859
243148
241877
243158
241904
243180
243248
243262
243266
243300
243310
243314
243319
243345
243363
243369
243399
243431
243453
243473
243525
243539
243549
243590
243611
243674
243712
243729
243737
243745
243792
243818
243826
243830
243835
243848
243854
242581
243898
243924
243938
243967
243998
244025
244049
244112
244137
242935
244163
244166
244196
244208
244223
244233
244234
244268
244271
244295
244313
244330
244349
244350
244369
244379
244378
244400
244415
244418
244434
244451
244464
244508
244536
244553
244592
244599
244638
244645
244676
244727
244697
244759
244808
244841
244845
244860
244868
244884
244911
244915
244922
244930
244978
245014
245021
245086
245089
245098
245162
245174
245185
245192
245198
243869
245214
245229
245238
245261
245273
245300
245319
245332
245355
245373
245388
245409
245413
245419
245450
245462
245504
245520
245547
245550
245574
245585
245591
245682
245691
245718
245741
245764
245783
245781
245800
245810
245843
244560
245855
245863
245886
245976
245984
245997
246056
246063
246083
246101
246154
246156
246174
246189
246244
246251
246254
246256
246263
246283
246282
246294
246301
246311
246344
246348
246353
246362
246416
246468
246477
246486
246519
246540
246543
246553
246570
246576
246626
246679
246692
246710
246713
246729
246756
246763
246784
246854
246876
246901
246908
246974
247016
247028
247031
247043
247056
247088
247090
247096
247124
247131
247161
247230
247231
247261
247289
247368
247387
247392
247412
247454
247484
247495
247541
247600
247611
247635
247666
247720
247730
247746
247752
247774
247871
247901
246671
247937
247953
247974
247996
248015
248027
248031
248052
248075
248086
248109
248132
246873
248213
248214
248232
248264
248271
248283
248303
248318
248325
248348
248363
248381
248434
248436
248466
248504
248519
248546
248553
248574
248586
248592
248606
248612
248615
248621
248623
248666
248668
247290
248682
248696
248706
248721
248741
248760
248809
248816
247473
248827
248838
248876
248881
248895
248951
248966
248990
249016
249032
249068
249084
249120
249138
249204
249215
249266
249272
249286
249302
249338
247996
249350
249371
249373
249387
249404
249427
249464
249458
249485
249534
249596
249602
249633
249649
249652
249654
249760
249799
249825
248581
249881
248648
249896
249911
249930
249933
249963
249960
249982
249988
250009
250024
250039
250075
250083
250102
250111
250109
250133
248927
250150
250165
250192
249023
250230
249058
250237
250251
250258
250290
250320
250331
250350
250365
250402
250399
250409
250418
250465
250475
250512
250523
250529
250534
250566
250574
250593
250599
250610
250613
250722
250735
250737
250760
250762
250777
250783
250807
250838
250847
250851
250884
250914
250915
249616
250919
250923
250932
250934
250943
248352
250956
250966
250984
250994
251002
251075
251080
251121
251132
251152
251174
251199
251234
251258
251270
251281
251305
251323
251303
251327
251354
251420
251429
251431
251439
251448
251470
251482
251492
251500
251509
251527
251512
251536
251655
251694
251762
251765
251773
251779
251793
251819
251847
251850
251862
251881
251883
251884
251883
251906
251904
251912
251957
251981
251987
251991
252035
252052
252063
252113
252115
252113
252117
252149
252156
252177
252204
252216
252221
252255
252276
252300
252325
252326
252344
252386
252419
252428
252463
252471
252547
252556
252561
252615
252620
252627
252679
252697
252704
252777
252827
252819
252852
252862
252896
252932
252933
252935
252933
252960
252978
252979
252987
253002
253007
253085
253097
253106
253107
253119
253162
253186
253187
253186
253201
253213
253223
253317
253322
253327
253381
253383
253395
253400
253425
253434
253445
253470
253500
253512
253522
253546
253606
253652
253684
253708
253723
253762
253783
253802
253834
253856
253880
253915
253954
253968
253979
254046
254057
254066
254069
254084
254074
254105
254127
254133
254141
254133
254148
254182
254235
254301
254298
254304
254318
254326
254344
254352
254390
251946
254407
254444
253272
254462
254470
254474
254546
254557
254575
254587
254597
254601
254651
254684
254732
254735
254745
254760
253675
254765
254794
254850
254865
254884
254913
254957
254963
254984
253852
255010
255022
255024
255039
255046
255139
255198
255222
255252
255255
255252
255264
255271
255277
255279
255269
255285
255297
255303
255316
255332
255357
255374
255387
255391
255398
254275
255402
255420
255426
255447
255466
255472
255493
255506
255558
255566
255572
255586
255641
255648
255681
255705
255736
255749
255757
255781
255794
255855
255864
255928
255965
255971
254826
255993
255995
256002
256021
256037
256044
256072
256078
256086
256075
256112
256204
256279
256290
256295
256321
256342
256363
256375
256394
256438
256467
256503
256553
256562
256581
256588
256616
256624
256637
256646
256643
256672
256679
256703
256723
256732
256725
256746
256771
256775
256818
256825
256828
256839
256913
256937
256958
256987
256996
256999
257006
257058
257065
255954
257105
257119
257131
256021
257162
257173
257238
257243
257275
257309
257318
257320
257333
257373
257391
257394
257399
257412
257414
257436
257492
257497
257489
257498
257517
257520
257527
257549
257617
257651
257694
257717
256613
257725
257750
257752
257761
257789
257795
257866
257951
257958
257970
257999
258031
258049
258056
258083
258093
258091
258102
258119
258122
258128
258139
258161
258176
258208
258210
258234
258241
258240
258261
258274
258305
258330
258340
258372
258420
257275
258497
258504
258513
258534
258550
258552
258564
258584
258590
258620
258627
258644
258652
258671
258705
258731
258738
258755
257641
258762
258809
258844
258869
258872
258876
258892
258934
258939
258944
258961
258985
258995
259013
259064
259074
259099
259107
259118
259132
259137
259155
259212
259220
259233
258040
259291
259321
259356
259365
259374
259376
259404
259410
259480
259494
259513
259553
259567
259570
259587
259606
259615
259643
259658
259683
259705
259752
259785
259791
259817
259829
259904
259930
259932
259930
259946
259947
259961
259967
259972
260002
260030
260033
260073
260080
260099
260133
260155
260169
260172
260191
260218
260233
260243
260253
260262
260267
260265
260281
260262
260300
260314
260318
260359
260378
260397
260419
260427
260431
260456
260457
260459
260490
260519
260524
260530
260537
260541
260554
260573
260659
260658
260696
260735
260771
259540
260783
260833
260845
260863
260888
260949
260979
260982
260997
261038
261050
261078
261092
261110
261118
261157
261173
261179
261204
261214
261215
261266
261269
261273
261287
261310
261334
261390
261412
261405
261438
261458
261461
261472
261474
261472
261487
261499
261522
261524
261522
261536
261562
261564
261568
261564
261576
261619
261624
261649
261663
261669
261672
261692
261694
261701
261716
261717
261716
261753
261758
261760
261785
261812
261827
261846
261863
261905
261906
261950
261952
261959
262072
262091
262166
262197
262215
262254
262266
262337
262360
262374
261133
262390
262398
262452
262453
262460
262526
262557
262564
262570
262574
262578
262627
262657
262662
261361
262680
262696
262697
262696
261398
262757
262759
262766
262778
261499
262779
262799
262820
262827
262843
262845
262886
262893
262919
261624
262936
263005
263013
263173
263191
263231
263331
263346
263370
263419
263424
263431
263448
263535
263557
263565
263570
263557
263575
263578
263632
262410
263669
263703
263749
263766
263772
263783
263802
263810
263822
263833
263839
263841
263869
263886
263905
263907
263922
263957
263960
262650
263969
263985
264017
264019
264028
264038
264059
264058
264067
264078
264083
262734
264078
264126
264139
264167
264181
264212
264281
264312
264321
264338
264374
264386
264391
264413
264414
264482
264492
264477
264501
264526
264655
264665
264738
264803
264807
264810
264880
264913
264934
264963
264973
265002
265050
265056
265075
265103
265127
265154
265157
265154
265166
265226
265223
265220
265255
265305
265347
265365
265396
265404
265414
265435
265437
265457
265476
265500
265502
265565
265570
265589
265613
265695
265719
265727
265728
265760
265800
265801
265803
265837
265854
265870
265963
266071
266144
266166
266188
266203
266227
266247
266264
266270
266275
266365
266376
266400
266401
266465
266464
266496
266499
266520
266527
266533
266538
266543
266597
266654
266656
266724
266742
266761
266768
266784
265417
266797
266830
266934
266939
266981
267000
267082
267084
267091
267100
267121
267144
267160
267171
267197
265882
267207
267225
267235
267242
267278
267282
267299
267294
267297
267312
267322
267327
267353
267411
267440
267452
267495
267509
267528
267546
267570
267576
266219
267610
267676
267693
267732
267738
267794
267819
267886
267921
267923
267956
267995
268001
268004
268056
268066
268062
268096
268111
268133
268145
268191
268228
268256
268259
268297
268340
268343
268344
268343
268349
268358
268393
268486
268488
268524
268538
268551
268567
268632
268691
268712
268735
268779
268782
268790
268803
268826
268922
268945
268953
269006
269020
269036
269052
269060
267412
269067
269086
269089
269097
269119
269190
269199
269219
269244
269273
269302
269372
269419
269434
269489
269499
269507
269518
269531
269572
269592
269606
269669
269726
269727
269735
269744
269748
269749
269760
269752
269766
269779
268135
269807
269831
269855
269857
269870
269909
269917
269933
269945
269951
270040
270041
270048
270058
270068
270072
270082
270116
270139
270164
270168
270179
270194
270225
270236
270263
270285
270292
270310
270391
270437
270465
270505
270517
268951
270536
270543
270564
270567
269067
270564
270616
270623
270725
270727
270765
270769
270786
270810
270818
270817
270839
270878
270895
270905
270912
270922
270982
271010
271022
271029
271027
271034
271060
271088
271091
271094
271097
271113
271165
271195
271223
271244
271250
271269
271277
271288
271298
271300
271310
271331
271340
271344
271348
271357
271407
271415
271442
271463
271472
271473
269992
271481
271510
271521
271557
271565
271589
271601
271623
271636
271651
271667
271681
271687
271700
271706
271720
271782
271840
271850
271857
271860
271869
271940
271973
271998
272012
272076
272171
272198
272203
272218
272240
272252
272250
272288
272297
272307
272338
272347
272373
270875
272384
272388
272447
272470
272483
272489
272495
272507
272529
272542
272544
272567
272553
272589
272596
272625
272642
272654
272668
272684
272734
272744
272750
272756
272779
272783
272779
272810
272817
272845
272847
272900
272923
272930
272936
272945
272972
273008
273015
273023
273045
273035
273052
273084
273116
273126
273156
273238
273248
273312
273354
273375
273396
273464
273482
273495
273500
273529
273539
273587
273627
273636
273637
273667
273690
273711
273717
273797
273812
273850
273872
273884
273893
273902
273913
273931
273971
273988
273997
274040
274045
274079
274081
274079
274091
274100
274122
274138
274146
274175
274190
274194
274200
274205
274208
274211
274244
274251
274261
274268
274280
274293
274302
274319
274331
274311
274352
274376
274411
274424
274429
274442
274445
274468
274508
274516
274543
274553
274560
274573
274606
274639
274650
274685
274701
274740
274754
274793
274825
274890
274893
274900
274955
274973
275030
275034
275088
275091
275141
275182
275157
275219
275238
275304
275313
275327
275405
275411
275448
275460
275547
275563
275575
275608
275669
275687
275758
275778
275840
275852
275858
275867
275904
275908
275930
275933
275951
276006
276039
276065
276072
276106
276154
276197
276205
276223
276236
276258
276259
276319
276339
276346
276357
276368
276371
276368
276381
276385
276438
276519
276530
276550
276570
276623
276642
276661
276712
276729
276743
276748
276785
276812
276866
276883
276887
276942
276948
276980
277044
277052
277061
277071
277121
277140
277187
277192
277204
277234
277249
277319
277336
277356
277376
277412
275718
277421
277432
277463
277493
277506
277570
277586
277589
277588
277594
277606
277609
277619
277655
277656
277674
276041
277680
277685
277704
277722
277786
277797
277804
277842
277851
277869
277894
277907
277921
277928
277995
278009
278014
278025
278055
278085
278111
278151
278181
278191
278196
278216
278225
278229
278252
278265
278271
278300
278314
278355
278428
278433
278460
278471
278490
278515
278525
278555
278604
278645
278648
278660
278702
278723
278734
278756
278752
278831
278840
278861
278899
278914
278925
278942
278945
278969
278985
278988
279035
279039
279057
279084
279099
279112
279156
279154
279161
279200
279219
279191
279250
279257
279334
279359
279368
279388
279414
279425
279458
279492
279569
279575
279644
279647
279665
279673
279678
279689
279710
279757
279772
279796
279828
279861
279884
279919
279957
279966
279985
279984
280009
280028
280046
280061
280070
280127
280135
280141
280163
280228
280234
280296
280304
280318
280363
280396
280409
280413
280438
280457
280466
280517
279291
280518
280517
279291
280523
280526
280531
280534
279304
280584
280588
280607
280660
280666
280739
280744
280764
280803
280832
280835
280867
280873
280886
280909
280934
280964
281033
281075
281101
281116
281130
281144
281152
281156
281207
281261
281263
281280
281297
281350
281401
281417
281422
281433
281448
281459
281471
281508
281533
281558
281580
281600
281608
281646
281660
281668
281684
281722
281727
281732
281745
281758
281764
281776
281758
281795
281805
281815
281825
281847
281859
281860
281878
281879
281893
281891
281887
281900
281917
281928
281938
281958
281984
282032
282065
282083
282109
282124
282135
282164
282169
282213
280909
282221
282212
282248
282314
282326
282335
282356
282363
282383
282401
282431
282463
282476
282497
282527
282560
282662
282671
282677
282683
282689
282695
282704
282721
282729
282736
282762
282808
282810
282829
282841
282872
282870
282894
282913
282921
282931
282966
282993
283007
283030
283039
283044
283069
283085
283081
283087
283096
283097
283101
283119
283129
283132
283169
283174
283250
283260
283270
283275
283281
283289
283306
283348
283357
283369
283381
283430
283432
283509
283550
283588
283607
283621
283667
283676
283667
283691
283706
283727
283742
283753
283778
283792
283814
283853
283868
283882
283907
283917
284003
284079
284084
284104
284119
284127
284132
284142
284157
284181
284200
284201
284200
284202
284206
284208
284222
284226
284261
284264
284287
284333
284348
284391
284407
284412
284419
284484
284491
284510
284527
284532
284553
284579
284614
284627
284628
283176
283174
284674
284724
284766
284825
284869
284877
284921
284922
284962
284979
284980
284981
285000
285010
285015
285034
285037
285051
285064
285085
285110
285122
285127
285134
285161
285162
285170
285219
285226
285273
285279
285299
285315
285354
285415
285429
285454
285467
285503
285515
285530
285536
285515
285630
285642
285651
285655
285787
285793
285809
285843
285892
285927
285992
286017
286030
286050
286074
286111
286119
286129
286131
286152
286189
286204
286232
286230
286236
286244
286246
286258
286277
286287
286370
286372
286412
286429
286455
286458
286492
286512
286524
286538
286536
286547
286627
286606
286630
286636
286639
286654
286666
286697
286704
286766
286769
286775
286781
286775
286796
286822
286851
286855
286864
286869
286895
286936
286943
286934
286990
286993
286990
287005
287007
287038
287061
287094
287109
287121
287169
287191
287199
287213
287218
287229
287239
287271
287285
287323
287332
287339
287375
287393
287406
287413
287454
287470
287496
287527
287550
287577
287583
287584
287593
287600
287603
287656
287663
287665
287675
287678
287684
287720
287722
287720
287725
287783
287786
287808
287817
287835
287847
287873
287879
287880
287893
287904
287102
287906
287919
287960
287982
288023
288048
287225
288083
288089
288090
288101
288116
288175
288213
288220
288254
288258
288271
288280
288328
288361
288388
288389
288437
288458
287586
288475
288481
288491
288509
288520
288537
288563
288562
288575
288591
288614
288618
288628
288664
288662
288683
287879
288692
288696
288710
288747
288757
288776
288786
288790
288797
288812
288829
288833
288842
288859
288881
288910
288927
288935
288956
288970
288974
288977
288991
289018
289052
289085
289090
289138
289152
289177
289208
289231
289244
289247
288500
289272
289296
289302
289317
289346
289364
289380
289403
289432
289442
289445
289456
289487
289493
289502
289512
289583
289586
289595
289616
289624
289626
289659
289681
289684
289687
289720
289718
289738
289769
289771
289769
289778
289779
289787
289816
289830
289837
289870
289889
289935
289961
290008
290029
289222
290054
290069
290070
290089
289323
290093
290106
289328
290129
290123
290140
290147
290156
290228
290284
290299
290315
290317
290318
290335
290351
290406
290411
290424
290459
290503
290512
290541
290557
290568
290646
290684
290699
290700
290786
290787
290800
290802
290867
290872
290874
290882
290893
290937
290949
290953
291030
291047
291045
291092
291086
290568
291165
291173
291174
291219
291247
291260
291266
291286
291293
291317
291332
291344
291363
291371
291396
291406
291408
291412
291408
291497
291500
291512
291518
291531
291069
291556
291566
291569
291603
291625
291639
291659
291696
291702
291717
291720
291278
291744
291750
291762
291766
291773
291787
291812
291813
291812
291875
291885
291897
291915
291947
291952
291971
292015
292052
292066
292102
292112
292105
292135
292148
292164
292236
292276
292325
292326
292331
292355
292452
292493
292489
292508
292542
292545
292588
292599
292619
292633
292643
292683
292684
292699
292704
292718
292725
292728
292744
292752
292792
292794
292840
292863
292887
292923
292931
292951
292947
292966
292979
292588
292999
293002
293023
293032
293054
293082
293092
293112
293115
292704
293149
293167
293175
293237
293261
293279
293287
293299
293314
293362
293403
293418
293464
293470
293023
293523
293532
293558
293577
293567
293584
293588
293598
293605
293620
293631
293655
293773
293790
293805
293850
293023
293879
293906
293943
293950
293986
294078
294141
294215
294227
294255
294273
294324
294327
294364
294370
294397
294409
294443
294501
294537
294610
294627
294683
294686
294710
294716
294732
294340
294745
294758
294774
294792
294811
294854
294868
294878
294926
294931
294945
295006
295010
295017
295034
295040
295025
295046
295061
295122
295135
295149
295157
295216
295240
294834
295248
295266
295277
295280
295296
295294
295317
295324
295331
295338
295334
295349
295374
295387
295425
295446
295449
295458
295462
295465
295458
295462
295473
295483
295490
295061
295498
295518
295529
295549
295603
295614
295621
295635
295714
295716
295748
295775
295781
295786
295808
295819
295856
295858
295930
295941
295965
295972
296007
296024
296067
296076
296090
296121
296198
296279
296337
296363
296377
296394
296399
296415
296441
296467
296484
296488
296502
296517
296620
296631
296680
296692
296695
296707
296710
296721
296741
296838
296865
296878
296943
296952
296680
296986
297032
297112
297122
297202
297219
297228
297235
297256
297288
297303
297302
297314
297348
297353
297348
297362
297376
297411
297417
297418
297417
297455
297461
297490
297543
297557
297567
297574
297578
297648
297652
297675
297724
297744
297756
297806
297828
297847
297868
297936
297948
297956
297968
297984
298003
298014
297730
298042
298054
298062
298085
298211
298265
298296
298335
298362
298420
298421
298457
298482
298508
298611
298639
298642
298679
298739
298754
298790
298811
298853
298862
298865
298899
298928
298941
298954
298961
298973
299006
299027
299138
299209
299211
299264
299273
299280
299306
299330
299342
299410
299417
299441
299443
299503
299564
299572
299607
299667
299705
299703
299719
299772
299789
299803
135087
299817
299839
299894
