20
17
26
66
70
85
130
145
198
272
283
338
349
355
405
407
409
415
421
469
475
481
520
535
577
578
590
596
634
638
644
31
653
667
672
81
687
746
768
788
820
852
882
897
906
989
1011
1017
1055
1057
1075
1435
1447
1576
1582
1579
1584
1588
1585
1584
1601
1650
1672
1675
1683
1681
1687
1695
1771
1772
1780
1777
1786
1783
1789
1792
1789
1790
1822
1828
1834
1911
1923
1992
2011
2020
2026
2032
2038
2049
2055
2060
2061
2066
2067
2072
2073
2078
2079
2084
2085
2090
2091
2096
2097
2102
2103
2108
2109
2114
2115
2120
2121
2126
2128
2136
2143
2191
2203
2221
2216
2237
2299
2334
2339
2341
2362
2377
2383
2406
2411
2413
2428
2443
2439
2466
2471
2473
2514
2519
2556
2561
2563
2598
2603
2605
2640
2645
2647
2656
2688
2693
2695
2710
2748
2753
2755
2776
2820
2827
2854
2850
2859
2865
2871
2877
2883
2929
2939
2935
2945
2941
2951
2947
2957
2953
2963
2959
2969
2965
2975
2971
2981
2987
2983
2993
2999
3005
3026
3032
3038
3044
3050
3056
3062
3068
3074
3080
3086
3092
3098
3121
3127
3133
3139
3145
3151
3157
3163
3169
3175
3181
3187
3217
2237
3229
2339
3241
2411
3253
2471
3265
2519
3277
2561
3289
2603
3301
2645
3313
3325
3349
3365
3367
3373
3379
3385
3391
3421
3427
3433
3439
3445
3456
3463
3475
3493
3496
3493
3499
3511
3517
3523
3529
3553
3577
3589
3601
3700
3748
3754
3760
3766
3804
3809
3811
3829
3863
3871
3877
3907
3925
3854
3973
3997
4027
4033
4045
4050
4054
4068
4105
4111
4110
4127
4153
4207
4206
4225
4125
4127
4242
4267
4291
4297
4315
4221
4363
4369
4387
4389
4393
4399
4405
4311
4417
4423
4477
4479
4501
4525
4527
4542
4544
4557
4567
4585
4578
4597
4603
4626
4537
4640
4647
4662
4665
4569
4681
4678
4687
4705
4759
4765
4813
4819
4846
4857
4855
4863
4861
4869
4867
4880
4895
4897
4915
4924
4955
4957
4955
4963
4969
4988
4992
4997
4999
5011
5035
5033
5065
5082
5118
5119
5126
5131
5138
5153
5167
5190
5215
5225
5294
5296
4662
5300
5302
5311
5315
4716
5340
5382
5389
5400
5442
5450
5464
5486
5501
5503
5515
5524
5539
5564
5568
5573
5590
5683
5701
5761
5764
5761
5766
5770
5783
5804
5796
5842
5873
5875
5900
5903
5924
5928
5933
5953
5957
5959
5957
5994
5996
6019
5667
6032
6055
6073
6092
6108
6127
6184
6193
6200
6215
6217
6230
6241
6247
6260
6264
6269
6327
6373
6380
6391
6404
6471
6484
6509
6511
6524
6548
6552
6557
6679
6680
6682
6680
6703
6716
6751
6757
6760
6781
6785
6808
6816
6839
6841
6847
6854
6884
6888
6893
6895
6910
6969
6984
7054
7058
7064
7058
7068
7084
7116
7149
7153
7162
7193
7195
7201
7210
7244
7248
7253
7255
7343
7374
7392
7410
7416
7413
7434
7437
7481
7494
7496
7500
7511
7541
7550
7569
7575
7581
7600
7605
7627
7675
7698
7711
7720
7734
7757
7759
7780
7793
7820
7824
7829
7831
7854
7858
7863
7868
7869
7874
7880
7889
7927
8072
8097
8131
8132
8137
8180
8191
8215
8227
8228
8245
8148
8264
8276
8287
8311
8317
8335
8243
8341
8347
8372
8383
8389
8395
8407
8411
8413
8419
8425
8333
8437
8443
8449
8468
8485
8491
8497
8501
8521
8539
8545
8564
8587
8605
8600
8648
8654
8658
8662
8701
8697
8733
8761
8809
8857
8866
8885
8881
8891
8887
8915
8917
8944
8954
8960
8966
9008
9025
9031
9037
9049
7868
9055
9061
7880
9085
9193
9205
9229
9253
9269
9271
9360
9367
9370
9360
9373
9376
9373
9379
9382
9379
9385
9388
9385
9391
9394
9391
9397
9400
9397
9403
9406
9403
9409
9412
9415
9418
9415
9421
9424
9421
9427
9430
9427
9433
9436
9433
9442
9439
9438
9457
9483
9481
9493
9495
9493
9505
9507
9505
9517
9519
9517
9529
9531
9529
9541
9543
9541
9553
9555
9553
9565
9567
9565
9577
9579
9577
9591
9589
9603
9601
9619
9628
9634
9631
9640
9646
9652
9658
9664
9670
9676
9682
9688
9694
9700
9722
9728
9734
9740
9746
9752
9758
9764
9770
9776
9782
9788
9794
9811
9817
9823
9829
9841
9847
9853
9859
9865
9871
9877
9883
9894
9948
9961
9967
9973
9996
10024
10039
10045
10068
10105
10128
10152
10176
10194
10218
10232
10236
10260
10267
10274
10278
10302
10316
10318
10326
10350
10363
10372
10383
10410
10438
10482
10495
10501
10507
10512
10516
10512
10536
10542
10584
10591
10593
10584
10599
10597
10603
10605
10603
10609
10611
10609
10617
10615
10623
10621
10629
10635
10641
10647
10645
10653
10659
10657
10665
10663
10798
10887
10914
11002
11007
11128
11125
11131
11143
11153
10919
11239
11371
11383
11771
11789
11814
11887
11891
11907
11915
11921
11924
11941
11954
11956
11953
11954
12036
12056
12065
12119
12125
12132
12137
12152
12151
12190
12196
12202
12221
12233
12280
12295
12340
12353
12619
12625
12631
12637
12643
12685
12691
12745
12778
