0
1
2
3
4
5
6
7
8
9
10
11
12
13
14
15
16
17
18
19
20
21
23
24
25
26
27
28
29
30
31
32
33
34
35
36
37
38
39
40
41
42
43
44
45
46
47
48
49
50
51
52
53
54
55
56
57
58
59
60
61
62
63
64
65
66
67
68
69
70
71
72
73
74
75
76
77
78
79
80
81
82
83
84
85
86
87
88
89
92
93
94
95
96
97
98
99
100
101
102
103
104
105
106
107
108
109
110
111
112
113
114
115
116
117
118
119
120
121
122
123
124
125
126
127
128
129
130
131
132
133
134
135
136
138
139
140
141
142
143
144
145
146
147
148
149
150
151
152
153
154
155
157
158
159
160
161
162
163
164
165
166
167
168
169
170
171
172
173
174
175
176
177
178
179
180
181
182
183
184
185
186
187
188
189
190
191
192
192
193
194
195
197
198
199
200
201
202
203
204
205
206
207
208
209
210
211
212
213
214
215
215
216
217
218
220
221
222
223
224
225
226
227
228
229
230
231
232
233
234
235
236
237
238
239
240
241
242
243
244
245
246
247
248
249
250
251
252
253
254
258
259
260
261
262
263
264
265
266
267
268
269
270
271
272
273
275
276
277
278
279
280
281
282
283
284
285
286
287
288
289
290
291
292
293
294
295
296
297
298
299
300
301
302
303
304
305
306
307
308
309
310
311
312
313
314
315
316
317
318
319
320
321
322
323
324
325
326
327
328
329
329
330
330
331
332
333
334
335
336
337
338
339
340
341
342
343
344
345
346
347
348
349
350
351
352
353
353
354
355
356
357
358
359
360
361
362
363
364
365
366
367
368
369
370
371
372
373
374
375
376
377
378
379
380
381
382
383
384
385
386
387
388
389
390
391
392
393
394
395
396
397
398
399
400
401
402
403
404
405
406
407
408
409
410
411
412
413
414
415
416
417
418
419
420
421
422
423
424
425
426
427
428
429
430
431
432
433
434
435
436
437
438
439
440
441
442
443
444
445
446
447
448
449
450
451
452
453
454
455
456
457
458
459
460
461
462
463
464
465
466
467
468
469
470
471
472
473
474
475
476
477
478
479
480
481
482
483
484
485
486
487
488
489
490
491
492
493
494
495
496
497
498
499
500
501
502
503
504
505
506
507
508
509
510
511
512
513
514
515
516
517
518
519
520
521
522
523
524
525
526
527
529
530
532
534
535
536
537
539
540
541
542
543
544
545
546
547
548
549
550
551
552
553
554
555
556
557
558
559
560
561
562
563
564
565
566
567
568
569
570
571
572
573
574
575
576
577
578
579
580
581
582
583
584
585
585
586
587
588
589
591
592
592
593
593
594
594
595
595
596
596
597
597
598
599
600
601
602
603
604
605
606
607
608
609
610
611
612
613
614
615
616
617
618
619
620
621
622
623
624
625
626
627
628
629
630
631
632
633
634
635
636
637
638
639
640
641
642
643
644
645
646
647
648
649
650
651
652
653
654
655
656
657
658
659
660
661
662
663
664
664
665
666
667
668
669
670
672
673
674
675
676
677
678
679
680
681
682
684
698
699
701
702
703
705
706
707
708
709
710
711
712
713
715
715
717
719
721
723
725
727
729
730
732
733
734
736
737
738
739
740
741
742
743
744
745
746
747
748
749
750
751
752
753
754
755
756
757
758
759
760
761
761
762
763
763
764
765
766
767
768
769
770
771
772
773
774
775
776
777
778
779
780
781
781
782
783
784
785
786
787
788
789
790
791
792
793
794
795
796
797
798
799
800
801
802
803
804
805
805
806
807
808
809
810
811
812
813
814
815
816
817
818
819
820
821
824
826
827
828
829
830
831
832
833
834
835
836
837
838
839
840
841
842
843
844
845
846
847
848
849
850
851
852
853
854
855
855
856
857
858
859
860
861
862
863
864
865
866
867
868
869
869
870
871
872
873
874
875
876
877
878
879
880
881
882
883
883
884
885
886
887
888
889
890
891
892
893
894
895
896
897
898
899
899
900
901
902
903
904
905
906
907
908
909
910
911
912
913
914
915
916
917
918
919
919
920
921
922
923
924
925
926
927
928
929
930
931
932
933
934
935
936
937
938
939
940
941
942
943
943
944
945
946
947
948
949
950
951
952
953
954
955
956
957
958
959
960
963
964
965
966
967
968
969
970
971
972
973
974
975
976
977
980
981
982
983
984
985
986
987
988
989
990
991
992
993
994
995
996
997
998
999
1000
1001
1002
1003
1004
1005
1006
1007
1008
1010
1011
1012
1013
1014
1015
1016
1017
1018
1019
1020
1021
1022
1023
1025
1026
1027
1028
1029
1030
1031
1032
1033
1034
1035
1036
1037
1038
1039
1052
1053
1056
1057
1060
1061
1062
1063
1064
1065
1066
1067
1068
1069
1070
1071
1072
1073
1074
1075
1076
1077
1078
1079
1080
1081
1082
1083
1086
1087
1088
1089
1090
1091
1092
1093
1094
1095
1096
1097
1098
1099
1100
1101
1102
1103
1104
1105
1106
1107
1108
1109
1110
1111
1112
1113
1114
1115
1118
1119
1120
1121
1122
1123
1123
1124
1125
1126
1127
1128
1129
1130
1131
1132
1133
1134
1135
1136
1137
1139
1140
1141
1142
1144
1145
1146
1150
1151
1152
1153
1155
1156
1157
1160
1161
1162
1163
1166
1167
1168
1169
1176
1177
1178
1179
1180
1181
1182
1183
1184
1185
1186
1187
1188
1189
1190
1191
1192
1193
1194
1195
1196
1197
1198
1199
1200
1201
1202
1203
1204
1205
1206
1207
1208
1209
1210
1211
1212
1213
1214
1215
1216
1217
1218
1219
1220
1221
1222
1223
1224
1225
1226
1227
1228
1229
1230
1231
1232
1233
1234
1235
1236
1237
1238
1239
1240
1241
1242
1243
1244
1245
1246
1247
1248
1249
1250
1251
1252
1253
1254
1255
1256
1257
1258
1259
1260
1261
1262
1263
1264
1265
1266
1267
1268
1269
1270
1271
1272
1273
1274
1275
1276
1277
1278
1279
1280
1282
1283
1285
1286
1289
1290
1291
1294
1295
1296
1297
1298
1299
1300
1301
1302
1303
1304
1305
1306
1307
1310
1311
1312
1313
1314
1315
1316
1317
1318
1319
1320
1321
1322
1323
1326
1327
1328
1329
1330
1331
1332
1333
1334
1335
1336
1337
1338
1339
1340
1341
1342
1343
1346
1347
1350
1351
1352
1353
1354
1355
1356
1357
1358
1359
1360
1361
1362
1363
1364
1365
1366
1367
1368
1369
1370
1371
1372
1373
1374
1375
1375
1376
1377
1378
1379
1380
1381
1382
1383
1384
1385
1386
1387
1388
1389
1390
1391
1392
1393
1394
1395
1396
1397
1398
1399
1400
1401
1402
1403
1404
1405
1406
1407
1408
1408
1409
1410
1411
1412
1413
1415
1416
1418
1419
1420
1421
1424
1425
1426
1427
1428
1429
1430
1431
1432
1433
1434
1435
1436
1437
1438
1439
1440
1441
1442
1443
1444
1445
1446
1447
1448
1449
1450
1451
1452
1453
1458
1459
1460
1461
1462
1463
1464
1465
1466
1467
1468
1469
1470
1471
1472
1473
1474
1475
1476
1477
1478
1479
1480
1481
1482
1483
1484
1485
1486
1487
1488
1489
1490
1491
1492
1493
1494
1495
1496
1497
1498
1499
1502
1503
1504
1505
1506
1507
1510
1511
1512
1513
1514
1516
1517
1518
1520
1521
1524
1525
1526
1527
1528
1529
1529
1530
1531
1532
1533
1534
1535
1536
1537
1538
1539
1540
1541
1542
1543
1544
1545
1548
1549
1550
1552
1553
1554
1557
1558
1559
1560
1561
1561
1562
1563
1564
1565
1566
1567
1568
1569
1570
1571
1572
1573
1574
1575
1576
1577
1578
1579
1580
1581
1582
1583
1584
1585
1586
1587
1588
1589
1590
1591
1592
1593
1594
1595
1596
1597
1598
1599
1600
1601
1602
1603
1604
1605
1608
1609
1610
1611
1612
1613
1614
1615
1616
1617
1618
1619
1620
1621
1622
1623
1624
1625
1626
1627
1628
1629
1630
1631
1632
1633
1633
1634
1635
1636
1637
1638
1639
1640
1641
1642
1643
1644
1645
1646
1647
1648
1649
1650
1653
1654
1655
1656
1657
1658
1659
1660
1661
1662
1663
1664
1665
1666
1667
1668
1669
1670
1671
1672
1673
1674
1675
1676
1678
1679
1680
1681
1682
1683
1684
1685
1686
1687
1688
1688
1689
1690
1691
1692
1693
1695
1696
1698
1699
1700
1701
1702
1703
1704
1705
1707
1710
1711
1714
1715
1716
1717
1718
1719
1720
1721
1722
1723
1724
1725
1726
1728
1729
1730
1731
1732
1733
1734
1735
1736
1737
1738
1739
1740
1741
1742
1743
1744
1745
1746
1747
1748
1749
1750
1751
1752
1753
1754
1755
1756
1757
1758
1759
1760
1761
1762
1763
1764
1766
1767
1769
1770
1771
1772
1773
1774
1775
1776
1777
1778
1779
1780
1781
1782
1783
1784
1785
1786
1787
1788
1789
1790
1791
1792
1793
1795
1797
1800
1801
1802
1803
1804
1805
1806
1807
1808
1809
1810
1811
1812
1813
1815
1816
1818
1819
1820
1821
1822
1823
1824
1825
1826
1827
1829
1830
1831
1832
1833
1834
1835
1835
1836
1837
1838
1838
1839
1840
1841
1842
1842
1843
1844
1845
1846
1847
1848
1849
1850
1851
1852
1853
1854
1855
1858
1860
1861
1862
1863
1864
1865
1866
1867
1868
1869
1870
1871
1872
1873
1874
1875
1877
1878
1879
1880
1881
1882
1883
1884
1885
1886
1887
1888
1890
1891
1893
1894
1895
1896
1897
1898
1899
1902
1903
1904
1905
1906
1907
1908
1909
1910
1911
1912
1913
1914
1915
1916
1917
1918
1919
1922
1923
1924
1925
1926
1928
1929
1930
1931
1933
1936
1937
1938
1939
1940
1941
1942
1943
1944
1945
1946
1947
1948
1949
1950
1951
1953
1954
1955
1956
1957
1958
1959
1959
1960
1961
1962
1963
1964
1965
1966
1967
1968
1970
1971
1972
1973
1974
1975
1978
1980
1981
1982
1983
1984
1987
1988
1989
1990
1991
1992
1993
1995
1996
1997
1998
1999
2000
2001
2002
2003
2004
2005
2006
2007
2008
2009
2010
2011
2012
2013
2014
2015
2016
2017
2018
2019
2020
2021
2022
2023
2024
2025
2026
2027
2028
2029
2030
2031
2032
2033
2034
2035
2036
2037
2038
2039
2040
2041
2042
2043
2044
2045
2046
2047
2048
2049
2050
2051
2052
2053
2054
2055
2056
2057
2058
2059
2060
2061
2062
2063
2064
2065
2066
2067
2068
2069
2070
2071
2072
2073
2073
2074
2075
2076
2077
2078
2079
2080
2081
2082
2083
2084
2085
2086
2087
2088
2090
2091
2092
2093
2094
2095
2096
2097
2098
2099
2100
2101
2102
2103
2105
2106
2107
2108
2109
2110
2111
2112
2113
2114
2115
2116
2117
2118
2119
2120
2121
2122
2123
2124
2125
2128
2129
2130
2131
2132
2133
2134
2135
2136
2137
2138
2139
2140
2141
2142
2143
2144
2145
2146
2147
2148
2149
2150
2151
2152
2153
2154
2155
2156
2157
2158
2159
2160
2161
2162
2163
2164
2165
2166
2167
2168
2169
2170
2171
2171
2172
2173
2174
2175
2176
2177
2178
2179
2180
2181
2182
2183
2184
2186
2187
2188
2189
2190
2191
2192
2193
2194
2195
2196
2197
2198
2199
2200
2201
2203
2204
2205
2206
2207
2208
2209
2210
2211
2212
2213
2214
2215
2216
2217
2218
2219
2220
2221
2222
2223
2224
2225
2228
2230
2231
2232
2233
2234
2234
2235
2236
2237
2238
2239
2240
2241
2242
2243
2244
2245
2246
2247
2248
2249
2252
2253
2254
2255
2256
2257
2258
2259
2260
2261
2262
2263
2264
2265
2266
2267
2268
2269
2270
2271
2272
2273
2274
2275
2276
2277
2278
2279
2280
2281
2281
2282
2283
2284
2285
2286
2287
2288
2289
2290
2291
2292
2293
2294
2295
2296
2297
2299
2300
2301
2302
2303
2304
2305
2306
2307
2308
2309
2310
2311
2312
2313
2314
2315
2316
2317
2318
2319
2320
2321
2322
2324
2325
2326
2327
2328
2329
2330
2331
2332
2333
2334
2335
2336
2337
2338
2339
2340
2341
2342
2343
2344
2345
2346
2347
2348
2349
2353
2356
2357
2358
2359
2360
2361
2362
2363
2364
2365
2366
2367
2368
2369
2371
2372
2373
2374
2375
2376
2377
2378
2379
2380
2381
2382
2384
2385
2386
2387
2388
2389
2390
2391
2392
2393
2394
2395
2396
2397
2398
2399
2399
2402
2403
2404
2405
2406
2407
2408
2409
2410
2411
2412
2413
2414
2415
2416
2417
2418
2419
2420
2421
2422
2423
2424
2425
2426
2427
2428
2429
2430
2431
2432
2433
2434
2435
2436
2437
2438
2439
2440
2441
2442
2443
2444
2445
2446
2447
2449
2450
2451
2452
2453
2454
2455
2456
2457
2459
2460
2462
2463
2464
2465
2466
2467
2468
2469
2473
2474
2475
2476
2477
2478
2480
2481
2482
2483
2484
2486
2487
2488
2489
2490
2491
2492
2493
2494
2494
2496
2498
2499
2500
2501
2505
2506
2507
2508
2509
2510
2511
2512
2515
2516
2517
2518
2519
2520
2521
2522
2523
2524
2526
2528
2529
2530
2531
2532
2533
2534
2535
2536
2537
2538
2539
2540
2541
2542
2543
2544
2545
2546
2547
2548
2549
2550
2551
2553
2555
2556
2557
2558
2559
2560
2561
2562
2563
2564
2565
2567
2570
2571
2572
2573
2574
2575
2576
2577
2579
2580
2582
2583
2584
2585
2586
2587
2587
2588
2589
2590
2591
2592
2595
2596
2597
2598
2599
2600
2601
2602
2603
2604
2605
2606
2607
2608
2609
2610
2611
2612
2613
2614
2615
2616
2617
2618
2619
2620
2621
2622
2623
2624
2625
2626
2627
2628
2631
2632
2633
2634
2635
2636
2637
2638
2639
2640
2641
2642
2643
2644
2645
2646
2647
2648
2649
2650
2651
2652
2653
2654
2655
2656
2657
2658
2659
2660
2661
2662
2663
2664
2665
2666
2667
2668
2669
2670
2671
2672
2673
2674
2675
2676
2677
2678
2679
2680
2681
2682
2683
2684
2685
2686
2687
2688
2689
2692
2693
2694
2695
2696
2697
2698
2699
2700
2701
2702
2703
2704
2705
2706
2707
2708
2709
2710
2710
2711
2713
2714
2715
2717
2718
2719
2720
2721
2722
2723
2724
2725
2726
2727
2728
2729
2732
2733
2734
2735
2736
2737
2740
2741
2742
2742
2743
2744
2745
2746
2747
2748
2749
2750
2751
2752
2753
2754
2755
2756
2757
2758
2759
2760
2761
2764
2765
2766
2767
2768
2769
2772
2773
2774
2775
2776
2777
2778
2779
2780
2781
2782
2783
2784
2785
2786
2787
2788
2789
2790
2791
2792
2793
2800
2801
2802
2803
2804
2805
2806
2807
2808
2809
2810
2811
2812
2813
2814
2815
2816
2817
2818
2819
2820
2821
2822
2823
2824
2825
2826
2827
2832
2833
2834
2835
2836
2837
2838
2839
2840
2841
2842
2843
2844
2845
2846
2847
2848
2849
2850
2851
2852
2853
2854
2855
2856
2857
2858
2859
2860
2861
2864
2865
2866
2867
2868
2869
2870
2871
2872
2873
2874
2875
2876
2877
2878
2879
2880
2881
2882
2883
2884
2885
2885
2886
2887
2888
2889
2890
2891
2892
2893
2894
2895
2896
2897
2898
2899
2900
2901
2902
2903
2904
2905
2906
2907
2908
2909
2910
2911
2912
2912
2913
2914
2915
2916
2917
2918
2919
2920
2921
2922
2923
2924
2925
2926
2927
2928
2929
2930
2931
2932
2933
2934
2935
2936
2937
2938
2939
2940
2941
2942
2943
2944
2945
2946
2947
2948
2949
2950
2951
2952
2953
2954
2955
2956
2957
2958
2959
2964
2965
2966
2967
2968
2969
2970
2971
2972
2973
2973
2974
2975
2976
2977
2978
2979
2980
2981
2982
2983
2984
2986
2989
2990
2991
2992
2993
2994
2995
2996
2997
2998
2999
3000
3001
3002
3003
3004
3005
3006
3007
3008
3009
3010
3011
3012
3013
3014
3015
3016
3017
3018
3019
3020
3021
3022
3023
3024
3025
3026
3027
3028
3029
3030
3031
3032
3033
3034
3035
3036
3037
3038
3039
3040
3041
3042
3043
3044
3045
3046
3047
3048
3049
3050
3051
3052
3053
3054
3055
3056
3057
3058
3059
3060
3061
3062
3063
3064
3065
3066
3067
3068
3069
3070
3071
3072
3073
3074
3075
3076
3077
3078
3079
3080
3081
3082
3083
3084
3085
3086
3087
3088
3089
3090
3091
3091
3092
3093
3094
3095
3096
3097
3098
3099
3100
3101
3102
3103
3105
3106
3107
3108
3109
3110
3111
3112
3113
3114
3115
3116
3117
3118
3119
3121
3144
3146
3147
3148
3150
3151
3152
3153
3154
3155
3156
3157
3158
3159
3160
3161
3162
3163
3166
3167
3170
3171
3174
3175
3178
3179
3182
3183
3186
3187
3190
3191
3194
3195
3197
3198
3199
3200
3201
3202
3203
3204
3205
3206
3207
3208
3209
3210
3211
3212
3213
3214
3215
3216
3217
3218
3219
3220
3222
3223
3224
3226
3227
3228
3229
3230
3231
3232
3233
3234
3235
3236
3238
3240
3241
3242
3243
3244
3246
3250
3251
3252
3254
3256
3258
3260
3261
3263
3265
3266
3267
3268
3269
3270
3270
3271
3271
3272
3273
3274
3275
3276
3277
3279
3280
3280
3281
3281
3282
3282
3283
3283
3284
3285
3286
3286
3287
3287
3288
3288
3289
3289
3290
3291
3296
3297
3298
3299
3300
3301
3302
3303
3304
3305
3306
3307
3308
3309
3310
3311
3312
3313
3314
3315
3316
3317
3318
3319
3320
3321
3322
3323
3326
3327
3328
3329
3330
3331
3332
3333
3334
3335
3336
3337
3338
3339
3340
3341
3342
3343
3344
3345
3346
3347
3348
3349
3350
3351
3352
3353
3354
3355
3356
3358
3359
3360
3361
3362
3363
3364
3365
3366
3367
3368
3369
3370
3371
3372
3373
3374
3375
3376
3378
3379
3380
3381
3382
3383
3384
3385
3386
3387
3388
3389
3390
3391
3392
3394
3395
3396
3397
3398
3399
3400
3401
3402
3403
3404
3405
3406
3408
3409
3410
3411
3412
3413
3414
3415
3416
3417
3418
3419
3420
3422
3423
3424
3425
3426
3427
3428
3429
3430
3431
3432
3433
3434
3436
3437
3438
3438
3439
3440
3441
3442
3443
3444
3445
3446
3447
3448
3449
3450
3451
3452
3453
3454
3455
3456
3457
3458
3459
3460
3461
3462
3463
3464
3465
3466
3467
3468
3469
3470
3471
3472
3473
3474
3475
3476
3477
3478
3479
3480
3481
3482
3483
3484
3485
3486
3487
3488
3489
3490
3491
3492
3493
3494
3495
3496
3497
3498
3499
3500
3501
3502
3503
3504
3505
3506
3507
3508
3509
3510
3511
3512
3513
3514
3515
3516
3517
3518
3519
3520
3521
3522
3523
3524
3525
3526
3527
3528
3529
3530
3531
3532
3533
3539
3540
3541
3542
3543
3544
3545
3546
3547
3548
3550
3551
3552
3554
3556
3557
3558
3559
3560
3561
3562
3563
3564
3565
3567
3569
3570
3571
3572
3573
3574
3576
3577
3578
3581
3582
3583
3585
3587
3588
3589
3590
3591
3592
3593
3594
3595
3596
3597
3598
3599
3600
3601
3602
3603
3604
3605
3606
3607
3608
3609
3610
3611
3612
3613
3614
3615
3616
3617
3618
3619
3620
3621
3622
3623
3624
3625
3626
3627
3628
3629
3630
3631
3632
3633
3634
3635
3636
3637
3638
3639
3640
3641
3642
3643
3644
3645
3646
3647
3648
3649
3650
3651
3652
3653
3654
3655
3656
3657
3658
3659
3660
3661
3662
3663
3664
3665
3666
3667
3668
3669
3670
3671
3672
3673
3674
3675
3676
3677
3678
3678
3679
3679
3680
3681
3682
3683
3684
3685
3686
3687
3688
3689
3690
3691
3692
3693
3694
3695
3696
3697
3698
3699
3700
3701
3702
3703
3704
3705
3706
3707
3708
3709
3710
3711
3712
3713
3714
3715
3716
3719
3720
3721
3722
3723
3724
3725
3726
3727
3728
3729
3730
3731
3732
3733
3734
3735
3736
3737
3738
3739
3740
3741
3742
3743
3744
3745
3746
3747
3748
3749
3750
3751
3752
3753
3754
3755
3756
3757
3758
3759
3760
3761
3762
3763
3764
3765
3766
3767
3768
3769
3770
3771
3772
3773
3774
3775
3776
3777
3778
3779
3780
3781
3782
3783
3784
3785
3786
3787
3788
3789
3790
3791
3792
3793
3796
3797
3798
3799
3800
3801
3802
3803
3804
3805
3806
3807
3808
3809
3810
3811
3812
3813
3814
3815
3816
3817
3818
3819
3820
3821
3822
3823
3824
3825
3826
3827
3828
3829
3830
3831
3832
3833
3834
3835
3836
3837
3838
3839
3840
3841
3842
3843
3844
3845
3846
3847
3848
3849
3850
3851
3852
3853
3854
3855
3856
3857
3858
3859
3860
3861
3862
3863
3864
3865
3866
3867
3868
3869
3870
3871
3872
3873
3874
3875
3876
3877
3878
3879
3880
3881
3882
3883
3884
3885
3886
3887
3888
3889
3890
3891
3892
3893
3894
3895
3896
3897
3898
3899
3900
3901
3902
3903
3904
3905
3906
3907
3908
3909
3910
3911
3912
3913
3914
3915
3916
3917
3918
3919
3920
3921
3922
3923
3924
3925
3926
3927
3928
3929
3930
3931
3932
3933
3934
3935
3936
3937
3938
3938
3939
3940
3941
3942
3943
3944
3945
3946
3947
3948
3949
3950
3951
3952
3953
3954
3955
3956
3957
3958
3959
3960
3961
3962
3962
3963
3964
3965
3966
3967
3968
3969
3970
3971
3972
3974
3975
3976
3977
3978
3979
3982
3983
3986
3988
3989
3990
3991
3992
3993
3994
3995
3996
3997
3998
3999
4000
4001
4002
4003
4004
4005
4006
4007
4008
4009
4010
4011
4012
4013
4014
4015
4016
4017
4018
4019
4019
4020
4021
4022
4023
4024
4025
4026
4027
4028
4029
4030
4031
4032
4033
4034
4035
4036
4037
4038
4040
4041
4042
4043
4044
4045
4046
4047
4048
4049
4050
4051
4053
4054
4055
4056
4057
4058
4059
4060
4061
4062
4063
4066
4067
4068
4069
4070
4071
4072
4075
4076
4077
4078
4079
4080
4081
4082
4083
4084
4085
4086
4087
4088
4089
4090
4091
4092
4093
4094
4095
4096
4097
4098
4099
4100
4101
4102
4103
4104
4105
4106
4107
4108
4109
4110
4111
4112
4113
4114
4115
4116
4117
4118
4119
4120
4121
4122
4123
4124
4125
4126
4127
4128
4129
4130
4131
4132
4133
4134
4135
4136
4137
4138
4139
4140
4141
4142
4143
4144
4145
4146
4147
4148
4149
4150
4151
4152
4153
4154
4155
4156
4157
4158
4159
4160
4161
4162
4163
4164
4165
4166
4167
4168
4169
4170
4171
4172
4173
4174
4175
4176
4177
4178
4179
4180
4181
4182
4183
4184
4185
4186
4187
4188
4189
4190
4191
4192
4193
4194
4195
4196
4197
4198
4199
4200
4201
4202
4203
4204
4206
4207
4216
4217
4218
4219
4220
4221
4222
4223
4224
4225
4226
4227
4228
4229
4232
4233
4234
4235
4236
4237
4238
4239
4240
4241
4242
4243
4244
4245
4246
4247
4250
4251
4252
4253
4254
4255
4256
4257
4258
4259
4260
4261
4262
4263
4264
4265
4266
4268
4269
4270
4271
208
6
6
208
6
5
210
8
219
22
24
23
29
28
44
43
49
48
234
66
91
90
95
94
113
112
117
116
119
118
250
135
137
136
135
135
250
139
138
141
140
255
156
159
158
161
160
174
173
179
178
271
192
193
192
271
274
196
276
198
290
211
213
213
212
215
214
214
215
10
296
217
303
222
225
224
225
224
224
27
308
308
229
249
248
248
257
256
263
262
352
352
273
287
284
297
294
300
299
305
302
330
329
342
337
348
339
353
351
351
353
352
273
359
358
479
478
483
482
604
525
525
606
527
527
606
527
526
531
528
608
529
529
608
529
528
531
608
529
529
528
528
533
553
550
560
560
557
559
558
640
561
561
640
561
560
557
563
562
644
565
671
590
591
591
590
590
671
593
592
674
595
594
597
597
596
676
676
597
597
599
596
597
676
759
607
761
761
609
763
611
842
842
637
856
641
665
664
950
950
670
953
953
673
955
955
675
957
957
677
959
959
679
714
714
683
716
685
1040
686
718
687
1042
688
720
689
1044
690
722
691
1046
692
724
693
1048
694
726
695
1050
696
728
697
1052
1052
698
1054
700
732
701
1056
702
1058
704
736
705
1060
706
738
738
707
1062
708
711
711
709
715
712
712
715
714
683
731
730
699
735
734
703
741
740
740
741
741
1072
1072
745
767
766
781
778
1076
1076
779
778
781
780
788
787
793
792
795
794
805
802
803
802
805
804
810
809
815
814
815
814
814
813
825
825
822
823
822
825
824
841
838
839
855
852
853
852
855
854
869
866
867
866
869
868
883
880
881
880
883
882
886
885
899
896
1104
897
896
899
898
904
903
919
916
1108
917
916
919
918
926
925
943
940
940
943
942
952
951
950
670
954
953
673
956
955
675
958
957
677
960
959
679
962
961
977
976
1009
979
1009
979
978
1011
981
1011
981
981
980
1013
983
1013
983
983
982
1015
985
1015
985
985
984
1017
987
1017
987
987
986
1019
989
1019
989
989
988
1021
991
1021
991
991
990
1023
993
1025
995
994
1027
997
1029
999
1031
1001
1122
1122
1008
1124
1124
1010
1126
1126
1012
1128
1128
1014
1130
1130
1016
1132
1018
1134
1020
1136
1022
1138
1024
1140
1140
1026
1144
1144
1030
1041
1043
1045
1047
1049
1051
1053
1055
1054
700
1057
1056
1056
702
1059
1058
704
1061
1060
1060
706
1063
1062
1062
708
1073
1073
1072
1077
1077
1076
1076
1081
1080
1085
1084
1089
1088
1093
1092
1097
1096
1101
1100
1105
1104
1104
897
1109
1108
1108
917
1117
1116
1123
1121
1121
1123
1122
1008
1125
1124
1010
1127
1126
1012
1129
1128
1014
1131
1130
1016
1141
1140
1026
1143
1142
1028
1145
1144
1030
1147
1146
1032
1149
1148
1152
1155
1154
1159
1158
1164
1281
1165
1164
1165
1165
1281
1167
1166
1171
1170
1173
1172
1175
1174
1177
1176
1185
1184
1193
1192
1197
1196
1201
1200
1236
1233
1643
1249
1645
1251
1647
1253
1649
1255
1271
1268
1302
1302
1269
1268
1271
1271
1270
1277
1276
1288
1287
1291
1290
1293
1292
1303
1303
1302
1302
1269
1309
1308
1309
1308
1284
1325
1324
1333
1332
1343
1342
1345
1344
1349
1348
1354
1350
1352
1351
1351
1743
1356
1369
1368
1371
1370
1374
1370
1370
1371
1375
1385
1384
1403
1402
1405
1402
1402
1403
1376
1375
1408
1409
1409
1408
1417
1414
1423
1422
1431
1430
1433
1432
1439
1438
1439
1438
1438
1407
1455
1454
1457
1456
1463
1463
1462
1494
1463
1462
1465
1464
1467
1466
1469
1468
1469
1468
1468
1437
1473
1472
1475
1474
1493
1493
1492
1524
1493
1492
1501
1500
1509
1509
1508
1540
1509
1508
1515
1514
1517
1551
1519
1523
1523
1522
1529
1528
1528
1529
1526
1533
1532
1535
1534
1545
1542
1542
1545
1545
1512
1547
1546
1550
1550
1549
1556
1555
1555
1556
1555
1523
1522
1561
1560
1560
1561
1559
1563
1562
1571
1568
1587
1586
1589
1588
1605
1604
1607
1606
1630
1615
1644
1619
1619
1644
1619
1618
1646
1621
1621
1646
1621
1620
1648
1623
1623
1648
1623
1622
1827
1626
1633
1631
1631
1633
1632
1639
1638
1642
1641
1652
1652
1651
1653
1652
1651
1652
1653
1655
1654
1657
1656
1663
1662
1667
1664
1688
1688
1665
1664
1667
1667
1666
1671
1670
1679
1678
1677
1689
1689
1688
1688
1665
1697
1694
1727
1706
1709
1892
1708
1711
1710
1713
1713
1712
1744
1717
1723
1722
1752
1730
1739
1738
1742
1741
1785
1764
1768
1765
1768
1765
1554
1787
1766
1769
1767
1795
1770
1772
1771
1572
1783
1780
1798
1794
1799
1796
1928
1800
1817
1814
1832
1821
1952
1828
1835
1833
1833
1835
1834
1839
1838
1842
1841
1847
1846
1855
1854
1859
1856
1876
1857
1864
1863
1895
1894
1901
1900
1921
1921
1920
2036
2036
1921
1921
1920
1921
2036
1938
1922
1924
1923
1816
1942
1927
1935
1934
1935
1934
1932
1956
1947
1959
1957
1957
1959
1958
1969
1967
1966
1975
1974
1979
1976
1994
1977
1999
1984
1986
1986
1985
1987
1986
1985
1986
1987
2001
1998
1984
1999
1999
1998
1998
2001
2007
2006
1889
2116
2010
2019
2018
2025
2024
2031
2030
2038
2036
1921
1920
2043
2042
2070
2061
2078
2064
2164
2066
2073
2071
2071
2073
2072
2077
2076
2081
2080
2083
2082
2087
2086
2091
2088
2104
2089
2208
2109
2125
2124
2127
2126
2131
2130
2135
2134
2264
2157
2168
2161
2171
2169
2169
2171
2170
2175
2174
2183
2182
2187
2184
2202
2185
2227
2226
2229
2226
2227
2340
2227
2227
2226
2229
2226
2226
2227
2227
2340
2235
2234
2239
2238
2251
2250
2370
2253
2252
2261
2261
2260
2379
2278
2269
2275
2272
2281
2279
2279
2281
2280
2283
2282
2285
2284
2295
2294
2316
2297
2296
2299
2298
2304
2303
2303
2448
2323
2329
2328
2485
2351
2352
2352
2355
2354
2354
2355
2359
2356
2537
2361
2374
2372
2568
2383
2385
2384
2396
2387
2399
2397
2397
2399
2398
2401
2400
2404
2403
2415
2414
2419
2416
2440
2440
2417
2416
2419
2419
2418
2654
2447
2447
2461
2458
2468
2464
2495
2495
2470
2470
2497
2472
2471
2482
2478
2502
2479
2494
2493
2499
2498
2697
2498
2498
2499
2501
2500
2504
2503
2514
2513
2891
2516
2550
2523
2552
2525
2554
2527
2534
2533
2536
2535
2543
2542
2559
2558
2569
2566
2571
2570
2584
2573
2581
2578
2587
2585
2585
2587
2586
2594
2593
2598
2597
2607
2606
2611
2608
2642
2642
2609
2608
2611
2611
2610
2645
2618
2620
2619
2646
2621
3016
3016
2622
2648
2623
3018
3018
2624
3020
3020
2626
2630
2629
2643
2642
2609
2691
2690
2700
2699
2711
2710
2714
2710
2711
2716
2716
2712
2727
2726
2731
2730
2739
2738
2743
2742
2745
2742
2743
2749
2748
2748
2749
2748
2716
2712
2757
2754
2759
2758
2763
2762
2771
2770
2773
2772
2779
2778
2778
2779
2778
2747
2781
2780
2783
2782
2791
2790
2795
2794
2797
2796
2799
2798
2803
2802
2834
2803
2803
2802
2805
2804
2807
2806
2809
2808
2808
2809
2808
2777
2813
2812
2815
2814
2817
2816
2823
2822
2829
2828
2831
2830
2833
2832
2864
2833
2833
2832
2841
2840
2847
2846
2849
2848
2855
2854
2863
2862
2869
2868
2868
2869
2869
2866
2885
2882
2882
2885
2884
2889
2886
2888
2887
2901
2900
2900
2901
2901
2899
2912
2911
2921
2920
2937
2936
2953
2952
2970
2955
2985
2961
2985
2961
2960
2987
2963
2987
2963
2962
2973
2971
2971
2973
2972
2982
2981
3100
2984
3102
2986
3104
2988
3003
3002
3009
3008
3011
3010
3013
3012
3017
3017
3016
3019
3021
3021
3020
3029
3028
3065
3064
3069
3068
3077
3076
3085
3084
3091
3089
3089
3091
3090
3120
3123
3122
3237
3237
3123
3122
3124
3239
3125
3124
3125
3239
3127
3127
3126
3241
3127
3126
3127
3241
3129
3129
3128
3243
3129
3128
3129
3243
3245
3131
3130
3132
3247
3133
3132
3133
3133
3247
3134
3249
3135
3135
3134
3134
3135
3249
3137
3137
3137
3137
3136
3138
3140
3142
3257
3143
3142
3259
3145
3145
3259
3145
3144
3261
3147
3147
3149
3146
3147
3261
3153
3153
3152
3333
3161
3161
3333
3161
3160
3164
3357
3165
3164
3165
3165
3357
3168
3377
3169
3168
3169
3169
3377
3172
3393
3173
3172
3173
3173
3393
3176
3407
3177
3176
3177
3177
3407
3180
3421
3181
3180
3181
3181
3421
3184
3435
3185
3184
3185
3185
3435
3189
3189
3188
3451
3189
3188
3189
3451
3193
3193
3192
3471
3193
3192
3193
3471
3495
3197
3196
3529
3201
3201
3529
3201
3200
3207
3206
3563
3209
3565
3211
3565
3211
3211
3210
3567
3213
3569
3215
3571
3217
3573
3219
3575
3221
3577
3223
3579
3225
3581
3227
3227
3583
3229
3585
3231
3587
3233
3270
3270
3240
3272
3242
3274
3244
3276
3276
3246
3278
3248
3280
3280
3250
3282
3252
3284
3284
3284
3284
3254
3286
3286
3286
3286
3256
3288
3288
3258
3290
3260
3292
3262
3294
3264
3271
3273
3272
3272
3242
3275
3274
3274
3244
3277
3281
3280
3280
3250
3283
3282
3282
3252
3285
3287
3289
3291
3290
3290
3260
3293
3292
3262
3295
3301
3298
3596
3316
3321
3320
3323
3322
3325
3324
3335
3332
3342
3341
3347
3346
3349
3348
3359
3356
3369
3368
3379
3376
3385
3384
3395
3392
3399
3398
3409
3406
3628
3410
3413
3412
3423
3420
3420
3423
3423
3422
3632
3424
3424
3427
3426
3437
3434
3637
3438
3440
3439
3443
3442
3453
3450
3455
3454
3458
3457
3462
3461
3473
3470
3480
3479
3497
3494
3499
3498
3501
3500
3503
3502
3505
3505
3504
3506
3506
3505
3664
3512
3666
3514
3531
3528
3528
3531
3531
3531
3531
3530
3562
3562
3531
3530
3564
3533
3533
3564
3533
3532
3566
3535
3534
3535
3566
3568
3537
3536
3537
3568
3570
3539
3538
3572
3541
3541
3572
3541
3540
3574
3543
3576
3545
3578
3547
3580
3549
3580
3549
3548
3582
3551
3551
3584
3553
3584
3553
3552
3586
3555
3586
3555
3554
3678
3599
3708
3629
3639
3639
3638
3746
3746
3667
3748
3669
3712
3709
3708
3708
3629
3711
3710
3715
3714
3718
3718
3717
3717
3718
3639
3638
3747
3746
3667
3791
3790
3795
3794
3932
3923
3934
3929
3941
3938
4043
3962
3964
3963
3963
4048
3969
3972
3971
3971
4052
3973
3977
3974
3981
3980
4064
3985
3987
3984
4013
4012
4019
4018
4117
4021
4205
4039
4224
4041
4045
4045
4044
4227
4045
4044
4051
4050
4246
4050
4050
4051
4265
4063
4267
4065
4269
4067
4074
4073
4078
4077
4094
4093
4099
4098
4114
4113
4118
4117
4117
4021
4207
4206
4209
4208
4211
4210
4213
4212
4215
4214
4229
4228
4231
4230
4249
4248
4260
4259
206
4
13
12
39
38
41
40
61
60
63
62
75
74
81
80
83
82
85
84
87
86
97
96
103
102
105
104
107
106
109
108
127
126
129
128
131
130
133
132
292
292
213
330
329
329
248
248
249
249
248
329
330
251
344
265
291
290
290
211
222
303
303
302
302
305
309
308
229
332
327
384
375
399
398
433
432
435
434
511
510
513
512
515
514
604
525
524
608
529
529
526
526
527
527
606
610
531
531
528
528
529
529
608
612
533
538
585
591
590
590
591
590
590
585
664
665
672
593
593
591
590
671
674
595
592
593
672
592
592
593
593
676
597
594
595
674
594
595
595
595
595
592
592
593
593
672
659
658
907
661
585
664
664
1037
682
714
715
715
712
1038
684
1049
1048
1051
1050
1053
1052
740
741
741
738
742
711
709
737
734
734
703
739
736
736
705
747
746
756
755
609
761
760
611
763
763
762
762
611
763
762
761
609
824
825
839
1088
1088
843
842
637
853
1092
1092
867
1096
1096
881
1100
1100
947
946
949
948
670
950
950
951
951
1006
975
994
995
995
1027
997
997
996
1029
999
999
998
1031
1001
1001
1000
1035
1034
1065
1064
1071
1070
1077
1076
1073
1073
1072
1072
745
1081
1080
1077
1077
1076
1076
779
803
1080
1080
1080
1080
1077
1077
1076
1076
779
1085
1084
1081
1081
1080
1080
803
1084
1084
1081
1081
1080
1080
803
853
1092
1092
1089
1089
1088
1088
839
1148
1149
1149
1146
1146
1032
1149
1146
1146
1032
1164
1165
1179
1178
1181
1180
1187
1186
1189
1188
1191
1190
1664
1667
1667
1666
1666
1271
1271
1268
1295
1294
1297
1296
1665
1688
1303
1302
1269
1317
1316
1319
1318
1335
1334
1352
1351
1350
1350
1354
1375
1408
1408
1509
1540
1523
1555
1556
1568
1571
1571
1537
1551
1551
1550
1550
1549
1519
1551
1550
1549
1555
1555
1523
1558
1557
1581
1580
1603
1602
1630
1615
1615
1614
1659
1658
1681
1680
1683
1682
1697
1696
1699
1698
1714
1713
1712
1713
1714
1737
1735
1356
1743
1743
1742
1742
1741
1762
1761
1785
1764
1764
1761
1761
1762
1765
1765
1554
1793
1769
1769
1767
1572
1771
1771
1796
1799
1799
1774
1781
1780
1780
1783
1799
1774
1832
1821
1821
1820
1841
1842
1838
1839
1849
1848
1876
1689
1688
1665
1985
1986
1986
1987
1987
1869
1985
1986
1986
1987
1987
1869
1869
1866
1907
1906
1909
1908
1929
1928
1928
1800
1939
1938
1938
1922
1956
1947
1947
1946
1965
1950
1984
1999
1999
1998
1998
2001
2001
2000
2027
2026
2070
2061
2061
2060
2168
2161
2161
2160
2197
2196
2237
2234
2235
2379
2261
2278
2269
2269
2268
2304
2303
2302
2349
2348
2350
2350
2351
2352
2355
2355
2367
2366
2385
2384
2384
2375
2396
2387
2387
2386
2409
2408
2421
2420
2441
2440
2417
2654
2447
2446
2465
2464
2464
2468
2474
2473
2484
2483
2491
2490
2495
2494
2494
2493
2470
2495
2495
2494
2494
2493
2493
2494
2495
2470
2467
2538
2515
2584
2573
2573
2572
2583
2582
2591
2590
2601
2600
2603
2602
2613
2612
3019
3018
2633
2632
2683
2682
2709
2708
2716
2748
2748
2749
2785
2784
2811
2810
2845
2844
2911
2912
2877
2923
2922
2970
2955
2955
2954
2969
2968
2977
2976
2999
2998
3001
3000
3023
3022
3025
3024
3027
3026
3073
3072
3083
3082
3087
3086
3095
3094
3119
3118
3239
3125
3125
3125
3125
3122
3122
3123
3123
3237
3123
3123
3122
3241
3127
3127
3124
3124
3125
3125
3239
3124
3125
3122
3122
3123
3123
3237
3130
3131
3249
3135
3135
3135
3135
3132
3132
3133
3133
3247
3132
3133
3136
3137
3134
3134
3135
3135
3249
3134
3135
3132
3132
3133
3133
3247
3253
3139
3139
3136
3137
3251
3249
3135
3134
3137
3251
3255
3141
3141
3138
3139
3253
3138
3139
3136
3136
3137
3137
3251
3139
3139
3138
3257
3143
3143
3140
3141
3255
3140
3141
3138
3138
3139
3139
3253
3141
3141
3140
3142
3143
3140
3140
3141
3141
3255
3143
3143
3142
3145
3145
3144
3144
3145
3142
3142
3143
3143
3257
3263
3149
3267
3153
3152
3164
3165
3168
3169
3172
3173
3176
3177
3180
3181
3184
3185
3203
3202
3560
3204
3581
3227
3224
3587
3233
3233
3232
3271
3270
3277
3276
3289
3288
3240
3270
3271
3268
3250
3280
3281
3278
3248
3278
3278
3281
3281
3280
3280
3250
3252
3282
3283
3280
3250
3256
3286
3287
3284
3254
3285
3284
3287
3287
3286
3286
3256
3258
3288
3289
3286
3256
3287
3286
3289
3289
3288
3288
3258
3298
3301
3301
3300
3317
3316
3316
3596
3598
3318
3332
3335
3335
3334
3364
3363
3632
3424
3411
3438
3637
3637
3438
3438
3439
3439
3475
3474
3487
3486
3494
3497
3497
3496
3664
3512
3512
3511
3519
3518
3549
3549
3548
3582
3551
3550
3553
3553
3552
3557
3554
3554
3555
3555
3586
3555
3555
3554
3613
3612
3638
3639
3639
3718
3718
3717
3717
3636
3679
3678
3678
3599
3599
3678
3679
3676
3629
3708
3708
3709
3709
3638
3639
3639
3718
3667
3746
3746
3747
3747
3744
3881
3880
3890
3885
3898
3893
4018
4019
3938
3941
4020
3941
3941
3938
3938
4019
4019
4018
3945
3944
3949
3948
3955
3954
3961
3960
3964
3963
3962
4043
3968
3968
3969
3969
3972
3972
3971
3971
3970
3973
3972
3971
3970
4075
3997
4096
4010
4112
4014
4025
4024
4083
4082
4111
4110
4131
4130
4133
4132
4139
4138
4153
4152
4155
4154
4175
4174
4177
4176
4179
4178
4247
4246
4246
4050
4050
4051
