1378
5158 1412 7422 7423
1330 7128 7712 7756
7128 2025 7449 7901
1419 5988 7529 7829
1318 7115 7724 7725
2048 1307 7455 7456
7112 2048 7459 7899
5859 2050 7461 7834
52 3694 7270 7233
2057 1297 7462 7463
7100 2057 7463 7898
1517 6367 7301 7881
6367 6277 7372 7301
2063 1292 7230 7908
1292 2064 7229 7230
7229 7230 1292 2064
1279 2074 7472 7473
5081 7231 4847 7397
5223 5441 7277 7600
3624 21 7267 7268
1383 2215 7467 7374
18 6314 7235 7232
2073 5944 7469 7895
571 572 7682 571
4999 2154 7865 7797
7194 7193 7274 7234
7234 2635 7347 7194
7235 7232 18 6314
5640 5642 7505 7338
5715 5714 7522 7345
7159 7166 7236 7702
2842 7159 7702 7371
616 639 7749 7731
7237 7238 7912 7170
7157 7237 7410 7409
7154 7157 7409 7239
689 4880 7424 7425
2438 5665 7515 7513
2928 293 7349 7547
7239 7118 7240 7154
7119 7240 7118 7242
7117 7241 7174 7408
7242 7111 7243 7119
7113 7243 7111 7245
7109 7108 7244 7247
7245 7244 7108 7113
7141 7106 7246 7248
4045 991 7764 7739
7247 7246 7106 7109
7248 7101 7249 7141
4039 968 7736 7753
7094 7249 7101 7261
7250 7086 7264 7090
2446 2366 7516 7526
385 3154 7582 7583
7065 7117 7408 7399
396 3187 7591 7584
7061 7064 7279 7403
407 3218 7595 7592
413 3258 7252 7253
7252 7253 413 3258
421 3287 7254 7255
7254 7255 421 3287
435 3316 7256 7257
7256 7257 435 3316
7257 3321 7606 7604
3350 7258 3351 7608
3359 453 7610 7609
453 3393 7615 7610
457 3400 7617 7616
3411 3410 7620 7621
464 3425 3425 7618
3584 1073 7319 7651
465 3432 7625 7626
476 3453 7259 7260
7259 7260 476 3453
3467 3476 7632 7627
492 3499 7634 7631
7037 7264 7086 7904
3586 3583 7649 7648
7034 7039 7402 7280
4563 570 570 7686
3816 3815 7692 7775
1034 3820 7696 7697
7267 7268 3624 21
3874 3878 7704 7703
3779 3884 7707 7706
1466 1517 7881 7882
5672 5686 7362 7525
6490 1419 7829 7485
653 690 7364 7365
3604 628 7333 7334
3611 579 7326 7325
579 556 7327 7326
1670 6703 7411 7269
7269 5922 7477 1670
7270 7233 52 3694
4318 906 7283 7282
7271 4977 7786 4879
4881 7271 4879 7560
4064 622 7276 7708
3805 3584 7651 7689
551 3720 7673 7665
7272 6995 7401 7204
6996 7272 7204 7900
6992 7273 7195 7885
5151 1052 7320 7426
573 3774 7681 7674
3987 566 7726 3987
6972 7277 5441 7396
595 3852 7701 7687
3828 4231 7745 7698
7280 6925 7292 7034
3997 3947 7720 7727
4004 3997 7727 7728
1392 6119 7418 7419
944 4034 7733 7734
4335 4336 7677 7281
7281 4332 7678 4335
1009 4334 7676 7312
7283 7282 4318 906
4376 7283 906 7672
7220 7219 7893 7594
7284 7218 7577 7893
4159 4121 7746 7732
7287 6851 7913 7206
4377 4488 7669 7670
4194 4159 7732 7721
6845 6843 7342 7887
6843 6846 7888 7342
7288 6992 7885 6840
4527 4526 7638 7637
4193 710 7650 7729
4550 4551 7723 7300
7291 7061 7403 6960
6817 7292 6925 7335
4489 4597 7643 7644
725 4299 7294 7295
4338 1610 7585 7699
7294 7295 725 4299
7295 4303 7688 725
747 4367 7298 7299
4659 1009 7312 7311
7296 1422 7551 5926
6080 7296 5926 7436
4333 4331 7679 7297
7298 7299 747 4367
7299 4387 7668 747
7300 4702 7635 4550
756 4443 7303 7304
4443 4403 7661 7303
4389 4386 7765 7766
6980 6775 7302 7398
4436 4435 7660 7658
4437 4436 7658 7659
7303 7304 756 4443
4439 1619 7305 7306
7305 7306 4439 1619
787 4476 7307 7308
7307 7308 787 4476
7312 7311 4659 1009
871 1294 7314 7336
1294 812 7761 7314
851 850 7781 7779
4910 25 25 7317
849 4671 7709 7759
4671 851 7779 7916
850 4679 7780 7781
854 4677 7710 7758
857 4690 7711 7757
4696 4695 7622 7623
4697 774 7849 7784
1267 4994 7315 1267
25 7317 4910 25
7317 5009 7596 4910
7067 7318 1562 7383
5078 1255 7796 7543
1255 5079 7580 7579
1251 4919 7438 7439
4464 3818 7695 7774
5113 5117 7575 7576
4866 927 7790 7599
2886 4866 7599 7826
5140 1127 7324 7323
2875 5152 7565 7566
1052 7319 1073 7320
1073 7320 1052 7319
1262 7321 7797 7794
7321 5233 7589 7590
6995 6994 7322 7401
6847 6701 7386 7389
5273 5330 7553 7329
5124 1173 7328 7814
7324 7323 5140 1127
5300 1119 7815 7552
5146 5300 7552 7568
7326 7325 3611 579
7327 7326 579 556
546 7327 556 7722
5334 1200 7799 7558
1228 5343 7330 7818
5343 5342 7554 7330
5348 1228 7818 7555
5225 5348 7555 7556
6671 7332 7027 7388
7333 7334 3604 628
7335 6671 7388 6817
7314 7336 871 1294
920 5976 7464 7816
1498 5620 7523 1498
7339 6627 7340 7386
6625 7340 6627 7377
5662 5661 7518 7341
7341 5539 7538 5662
7343 5667 7514 7515
5392 5390 7550 7344
5700 1400 1400 7508
7344 5393 7549 5392
5746 5700 7508 7509
5436 5496 7823 7822
5778 7346 1501 7524
5762 1408 1408 7502
5807 1434 7833 7496
5821 1471 7841 7840
7348 5231 5231 5189
5481 7349 293 7548
5855 5856 7492 7491
5451 1291 7717 7428
5925 1313 7848 7475
5924 5927 7542 7476
7353 6556 7876 6758
5157 1777 7487 7488
1224 5643 7356 7357
1217 5647 7358 7359
1206 5652 7360 7361
5635 7355 1236 7528
7356 7357 1224 5643
7358 7359 1217 5647
7360 7361 1206 5652
5655 1195 7827 7532
1178 7362 5686 7363
5686 7363 1178 7362
7363 5693 7510 1178
5839 5840 7494 7493
7364 7365 653 690
7365 3588 7652 653
5944 2071 7468 7469
1539 7235 6314 1539
6021 6002 7460 7446
1592 6341 7382 7856
6026 6021 7446 7447
1651 6373 7367 7871
1619 7367 6373 7305
6598 6459 7368 7375
6458 7368 6459 7379
6034 1601 7373 7441
1665 6474 7376 7870
6085 1657 7851 7479
6089 1694 7866 7474
7371 1369 7537 2842
7372 7301 6367 6277
1672 6537 6537 7877
6442 1586 7868 6442
6134 7373 1601 7437
6165 1395 7862 7420
6166 1433 7859 7431
7374 6269 7415 1383
6173 6174 7416 7414
7375 6544 6544 6598
6132 1545 7498 7499
6572 1665 7870 7366
7377 6361 7378 6625
6360 7378 7869 7432
7379 6358 7380 6458
6357 7380 6358 7435
1675 6276 7434 7858
6556 7381 6555 7876
1447 6301 7384 7390
6393 1426 7879 7873
7370 1794 7385 6449
6456 1834 7875 7369
1505 7353 6758 7391
7385 6449 7370 1794
7340 7386 7339 6627
6649 1486 7387 7354
7387 7354 6649 1486
7388 6817 7335 6671
7389 1731 7889 6847
7386 7389 6847 6701
6758 7391 1505 7353
7391 7313 7398 1505
1794 6802 7350 7385
1862 7293 7026 7785
6960 1824 7395 7291
7392 7393 7421 6882
6882 7387 1486 7392
1876 7309 6936 7394
6936 7394 1876 7309
7395 7291 6960 1824
7396 1406 7801 7316
5441 7396 6972 7277
7398 1505 7391 7313
7302 7398 6980 6775
7399 1867 7404 7065
1847 7290 6983 7400
6983 7400 1847 7290
1846 7275 7190 7417
7401 7204 7272 6995
7402 7280 7034 7039
7044 1875 7905 7263
1875 7262 7092 7407
7279 7403 7061 7064
925 7074 7251 7406
7251 7406 925 7074
7092 7407 1875 7262
7101 7261 7094 7249
7174 7408 7117 7241
7264 7090 7250 7086
7246 7248 7141 7106
7240 7154 7239 7118
716 7410 7170 7413
7410 7409 7157 7237
7411 7269 1670 6703
7412 6179 7863 6177
7170 7413 716 7410
7413 7174 7241 716
7414 7415 6269 6173
7416 7414 6173 6174
6016 1392 7419 7853
7190 7417 1846 7275
7274 7234 7194 7193
7418 7419 1392 6119
7206 1616 7891 7287
1616 7209 7286 7891
7212 1522 7892 7285
1522 7216 7393 7892
7218 7421 7216 7577
7422 7423 5158 1412
2017 5129 7445 7805
7424 7425 689 4880
7320 7426 5151 1052
1309 1303 7847 7478
7428 1279 7473 5451
4847 7397 5081 7231
7429 4847 7231 1411
7430 7418 6119 6495
4708 1424 7787 7614
4730 4708 7614 7630
1303 7427 5455 7847
7039 7037 7904 7402
7432 7433 6091 6360
6273 6091 7433 6273
7435 6086 7820 6357
6179 6084 7484 7863
5926 7436 6080 7296
7436 7372 6277 6080
7438 7439 1251 4919
5496 7440 1388 7823
5865 7442 2002 7844
7443 2002 7442 2007
2007 7444 2009 7443
1411 7445 5129 7429
7446 7447 6026 6021
7448 2009 7444 2024
2024 7449 2025 7448
7451 7450 2027 5862
7452 2027 7450 2031
2031 7453 2034 7452
7455 7456 2048 1307
6177 6020 7458 7412
7457 2034 7453 2047
6002 7458 6020 7460
2047 7459 7456 7457
7460 7446 6021 6002
3691 7461 2050 7667
2056 7462 1297 7909
7462 7463 2057 1297
5985 5984 7852 7490
7233 2063 7465 52
7465 52 7233 2063
2064 2073 7471 7229
4956 1276 7470 7466
5734 4956 7466 7836
7467 7374 1383 2215
1276 7468 2071 7470
7468 7469 5944 2071
2071 7470 1276 7468
7470 7466 4956 1276
2074 7471 7895 7472
7472 7473 1279 2074
5936 5934 7540 7352
5927 5931 7541 7542
7476 5925 7475 5924
1387 5648 7521 7480
7479 5905 7482 6085
3689 1387 7480 7481
1388 7823 5496 7440
7480 7481 3689 1387
7481 1388 7440 3689
5901 7482 5905 7483
1919 2162 7486 7845
2322 7486 2162 7506
7487 7488 5157 1777
2366 3617 7653 7516
7489 5937 7846 5938
2150 5981 7539 7850
7490 5855 7491 5985
7492 7491 5855 5856
7494 7493 5839 5840
5836 5835 7500 7838
7495 7467 2215 1558
2215 1558 7495 7467
5948 5946 7497 7842
7496 7497 5946 5807
5842 5802 7512 7501
5793 5794 7517 7503
7498 7499 6132 1545
7501 7500 5835 5842
1408 7502 5762 1408
7503 5762 7502 5793
7504 5753 7837 5756
7505 7338 5640 5642
5705 5865 7844 7507
7506 3269 7601 2322
7507 5704 7835 5705
7508 7509 5746 5700
5862 7510 5693 7451
5689 5839 7493 7511
7511 5859 7834 5689
5840 5830 7545 7494
5678 5672 7525 5678
5667 7512 5802 7514
7515 7513 2438 5665
7514 7515 7343 5667
5661 7517 5794 7518
7518 7341 5662 5661
7520 1378 7519 5523
1382 7521 5648 1382
7522 7345 5715 5714
5602 5601 7825 7531
639 3797 7684 7749
7526 7527 2367 2446
5601 5596 7530 7825
6314 1539 1539 7235
5704 7530 5596 7835
7531 5595 7533 7830
5577 7533 5595 5577
2517 3164 7586 7536
5665 7535 5660 7343
7536 2570 2570 2517
7537 2842 7371 1369
7538 5662 7341 5539
7362 7525 5672 5686
5984 7539 5981 7852
5938 7540 5934 7489
7352 7541 5931 5936
7542 7476 5924 5927
7543 7544 1253 5078
5448 5447 7561 7546
7546 7545 5830 5448
5753 5746 7509 7837
7440 3689 7481 1388
7547 5808 7563 2928
293 7548 5481 7349
5856 7549 5393 7492
7549 5392 7344 5393
991 4039 7753 7764
6495 7551 1422 7430
7551 5926 7296 1422
7553 7329 5273 5330
5329 5271 7574 7810
7329 5329 7559 5273
7554 7330 5343 5342
7555 7556 5225 5348
7556 5347 7819 5225
5339 7557 5337 7811
7558 5331 7809 5334
5331 7559 7810 7809
365 4882 7570 7571
4882 2886 7826 7570
7560 365 7571 4881
5255 7348 5189 7562
3812 3813 7691 7690
5231 5189 7348 5231
7562 7561 5447 5255
1252 7563 5808 7839
7564 7565 5152 5308
7565 7566 2875 5152
3042 5299 7569 7807
7567 3042 7807 2875
7552 7568 5146 5300
7568 7569 5299 5146
7570 7571 365 4882
7571 4881 7560 365
5131 5134 7593 7806
7572 5131 7804 5130
5280 7573 5126 7802
5117 7574 5271 7575
7575 7576 5113 5117
5347 7580 5079 7819
3134 385 7583 7581
7581 1137 7793 3134
3154 396 7584 7582
7582 7583 385 3154
7583 7581 3134 385
7584 7582 3154 396
7527 7586 3164 2367
5012 7587 5161 7798
5232 7588 5005 7812
1265 5005 7588 7597
7589 7590 7321 5233
7590 5232 7812 4999
3187 407 7592 7591
7591 7584 396 3187
7592 7591 3187 407
7594 7221 7603 7220
3218 413 7253 7595
7595 7592 407 3218
7253 7595 3218 413
7597 7596 5009 1265
7596 4910 7317 5009
7598 4871 7791 4868
3258 421 7255 7252
7255 7252 3258 421
3336 7601 3269 3336
7602 7603 7221 4851
3287 435 7604 7254
7604 7254 3287 435
7258 3320 7605 3351
3316 7605 3320 7256
4773 4774 7619 7628
3321 437 7607 7606
7606 7604 7257 3321
7607 7606 3321 437
3269 3336 3336 7601
3376 3350 7608 7612
3351 7608 3350 7258
7605 3351 7258 3320
437 3359 7609 7607
7609 7607 437 3359
7610 7609 3359 453
3410 7611 3374 7620
7612 3374 7611 3376
2635 1846 7417 7347
3393 457 7616 7615
7615 7610 453 3393
7616 7615 3393 457
3400 464 7618 7617
7617 7616 457 3400
7618 7617 3400 464
4702 7619 4774 7635
7621 465 7626 3411
4698 4697 7784 7718
7622 7623 4696 4695
4871 4678 7624 7791
4679 7624 4678 7780
3425 7618 464 3425
4728 4665 7675 7747
3432 476 7260 7625
7625 7626 465 3432
7626 3411 7621 465
7260 7625 3432 476
3453 3467 7627 7259
7628 4598 7629 4773
4597 7629 4598 7643
3476 492 7631 7632
7630 4593 7777 4730
7614 7630 4730 4708
7631 7632 3476 492
4695 7633 4694 7622
3524 3522 7792 7639
3522 7634 3499 7636
7634 7631 492 3499
3549 3548 7641 7642
7635 4550 7300 4702
7636 3489 7640 7792
7638 7637 4527 4526
7639 7641 3548 3524
4993 1064 1064 7788
7643 7644 4489 4597
7645 666 666 3573
7642 7645 3573 3549
7544 7646 3581 1253
4488 4489 7644 7669
7648 7647 3579 3586
7646 3579 7647 3581
710 7649 3583 7650
3583 7650 710 7649
7319 7651 3584 1073
3588 625 625 7652
7652 653 7365 3588
4465 2067 2067 7773
7325 7333 628 3611
7654 7653 3617 529
3617 529 7654 7653
4593 4448 7655 7777
4447 7656 7144 7910
7656 4544 7771 7144
529 3624 7268 7654
7268 7654 529 3624
7658 7659 4437 4436
7659 4535 7663 4437
7660 7658 4436 4435
4399 4727 7782 7768
4404 7661 4403 7769
7661 7303 4443 4403
7662 4404 7769 4402
797 3685 7666 7776
3685 7663 4535 7664
7664 551 7665 7666
4394 4399 7768 7715
7665 7666 7664 551
4435 4392 7767 7660
4727 4389 7766 7782
3694 3691 7667 7270
7667 7270 3694 3691
4392 7668 4387 7767
4383 4381 7680 4383
7669 7670 4377 4488
7672 4377 7670 4376
7673 7665 551 3720
3720 573 7674 7673
7674 7673 3720 573
4336 7675 4665 7677
7677 7281 4335 4336
7678 4335 7281 4332
7679 7297 4333 4331
4330 4390 7752 4330
4386 7680 4381 7765
7681 7674 573 3774
3774 595 7687 7681
572 3779 7706 7682
7682 571 571 572
7683 4412 7763 7132
4157 7685 7738 7735
7685 7684 3797 703
3797 703 7685 7684
570 7686 4563 570
4367 4305 7762 7298
7687 7681 3774 595
4305 7688 4303 7762
7686 616 7731 4563
7690 1043 7265 7694
7689 7691 3813 3805
3814 7266 7775 7693
7693 1034 7697 3814
4220 7692 3815 7743
7265 7694 7690 1043
7694 3816 7266 3812
7696 7697 1034 3820
7697 3814 7693 1034
7698 7696 3820 3828
7585 7699 4338 1610
7297 4281 7700 4333
4281 4338 7915 7700
7701 7687 595 3852
3852 610 7713 7701
7702 7371 2842 7159
7703 7640 3489 3874
4299 4262 7760 7294
7704 7703 3874 3878
4262 7705 4260 7760
7705 4655 7778 4260
7707 7706 3779 3884
7276 7708 4064 622
7713 7701 3852 610
7289 3900 7714 3899
7714 3899 7289 3900
3899 684 684 7289
7715 4393 7716 4394
4231 7716 4393 7745
7717 7428 5451 1291
4163 7719 3354 7730
610 7720 3947 7713
3947 7713 610 7720
690 3604 7334 7364
628 3611 7325 7333
7721 4193 7729 4194
556 7722 546 7327
7722 3963 3963 7657
3963 7657 7722 3963
7723 7300 4550 4551
7724 7725 1318 7115
7726 3987 3987 566
7728 640 7740 4004
7732 7721 4194 4159
4158 4527 7637 7750
7733 7734 944 4034
7735 4158 7750 4157
7734 4318 7282 944
968 7733 4034 7736
4034 7736 968 7733
7737 7738 703 4142
7671 4045 7739 1011
7739 1011 7671 4045
7740 4004 7728 640
4090 4052 7741 7744
640 7741 4052 7740
4052 7740 640 7741
3884 4064 7708 7707
622 4066 7742 7276
7742 7276 622 4066
1628 4163 7730 1628
7743 4728 7747 4220
3354 7730 4163 7719
7744 7746 4121 4090
4121 4090 7744 7746
7747 4220 7743 4728
7748 7704 3878 4138
703 4142 7737 7738
4138 7737 4142 7748
7738 7735 4157 7685
7750 4157 7735 4158
7637 7750 4158 4527
4526 7742 4066 7638
7746 7732 4159 4121
7749 7731 616 639
7719 700 7751 3354
7751 3354 7719 700
5922 1711 7864 7477
7741 7744 4090 4052
4332 7752 4390 7678
7729 4194 7721 4193
4217 7754 1030 7755
1043 4217 7755 7265
7755 7265 1043 4217
1030 7755 4217 7754
7650 7729 4193 710
4393 7745 4231 7716
7716 4394 7715 4393
7727 7728 4004 3997
7712 7756 1330 7128
7711 7757 857 4690
7710 7758 854 4677
7709 7759 849 4671
4260 7760 4262 7705
7700 4333 7297 4281
7761 7314 1294 812
7760 7294 4299 4262
7688 725 7295 4303
4303 7762 4305 7688
7720 7727 3997 3947
1347 7763 4412 7770
7763 7132 7683 4412
7736 7753 4039 968
7718 4696 7623 4698
7753 7764 991 4039
4331 756 7304 7679
4390 7678 4332 7752
1011 7676 4334 7671
4334 7671 1011 7676
7676 7312 1009 4334
4665 7677 4336 7675
812 7915 7699 7761
7915 7700 4281 4338
7699 7761 812 7915
4551 7714 3900 7723
7762 7298 4367 4305
906 7672 4376 7283
7670 4376 7672 4377
7282 944 7734 4318
7680 4383 4383 4381
4381 7765 4386 7680
7708 7707 3884 4064
4142 7748 4138 7737
3878 4138 7748 7704
7752 4330 4330 4390
7764 7739 4045 991
7668 747 7299 4387
4387 7767 4392 7668
7768 7715 4394 4399
4402 787 7308 7662
7769 4402 7662 4404
4403 7769 4404 7661
7304 7679 4331 756
7730 1628 1628 4163
7767 7660 4435 4392
7663 4437 7659 4535
7318 4439 7306 1562
7306 1562 7318 4439
867 7067 7383 7405
4412 7770 1347 7763
7770 4447 7910 1347
1380 7771 4544 7772
7771 7144 7656 4544
4544 7772 1380 7771
7772 7655 4448 1380
7745 7698 3828 4231
3820 3828 7698 7696
7773 4464 7774 4465
2067 7773 4465 2067
7695 7774 4464 3818
7774 4465 7773 4464
3815 7743 4220 7692
7775 7693 3814 7266
7692 7775 3816 3815
4476 797 7776 7307
7731 4563 7686 616
7684 7749 639 3797
7644 7669 4488 4489
7308 7662 4402 787
7706 7682 572 3779
4066 7638 4526 7742
7666 7776 797 3685
7776 7307 4476 797
684 7289 3899 684
3900 7723 4551 7714
7777 4730 7630 4593
7655 7777 4593 4448
4598 7643 4597 7629
4535 7664 3685 7663
7759 7778 4655 849
7778 4260 7705 4655
4655 849 7759 7778
7754 4659 7311 1030
7311 1030 7754 4659
7758 7709 7916 854
7779 7916 4671 851
7916 854 7758 7709
7780 7781 850 4679
7781 7779 851 850
7757 7710 4677 857
4677 857 7757 7710
4678 7780 4679 7624
7782 7768 4399 4727
566 7711 4690 7726
4690 7726 566 7711
7633 7783 2837 4694
4694 7622 4695 7633
7784 7718 4698 4697
7623 4698 7718 4696
4774 7635 4702 7619
1711 7613 7020 7864
7766 7782 4727 4389
7675 7747 4728 4665
7786 4879 7271 4977
4851 7787 1424 7602
7787 7614 4708 1424
7629 4773 7628 4598
7619 7628 4773 4774
7765 7766 4389 4386
625 7652 3588 625
7649 7648 3586 3583
3581 1253 7544 7646
7647 3581 7646 3579
3579 3586 7648 7647
7231 1411 7429 4847
1064 7788 4993 1064
3573 3549 7642 7645
4868 4870 7789 7598
7789 7598 4868 4870
927 7789 4870 7790
4870 7790 927 7789
7790 7599 4866 927
7791 4868 7598 4871
7624 7791 4871 4678
1378 7424 4880 7519
4880 7519 1378 7424
7783 7695 3818 2837
3548 3524 7639 7641
7641 7642 3549 3548
3499 7636 3522 7634
21 7438 4919 7267
4919 7267 21 7438
7640 7792 7636 3489
7792 7639 3524 3522
3489 3874 7703 7640
7632 7627 3467 3476
7627 7259 3453 3467
7793 3134 7581 1137
7266 3812 7694 3816
7657 7786 4977 546
4977 546 7657 7786
7620 7621 3411 3410
3813 3805 7689 7691
7788 5012 7798 4993
7794 7315 4994 7795
4994 7795 7794 7315
7315 1267 1267 4994
7796 7543 5078 1255
7797 7794 1262 7321
1256 7589 5233 7813
5009 1265 7597 7596
7798 4993 7788 5012
7587 1085 7808 5161
7611 3376 7612 3374
3374 7620 3410 7611
7608 7612 3376 3350
5149 5081 7397 7800
7800 7801 1406 5149
1253 5078 7543 7544
7580 7579 1255 5079
7795 7796 7579 1262
7579 1262 7795 7796
3320 7256 3316 7605
7439 7578 5241 1251
7576 1919 7845 5113
5271 7575 5117 7574
7334 7364 690 3604
7802 5124 7814 5280
1159 5126 7573 7803
7573 7803 1159 5126
5129 7429 1411 7445
7803 7572 5130 1159
5130 1159 7803 7572
7804 5130 7572 5131
1137 7804 7806 7793
7806 7793 1137 7804
7593 7806 5131 5134
5134 7324 1127 7593
1119 5140 7323 7815
1127 7593 5134 7324
7566 5151 7426 7567
7807 2875 7567 3042
7423 2017 7903 5158
1085 7564 5308 7808
5161 7798 5012 7587
5308 7808 1085 7564
7808 5161 7587 1085
5447 5255 7562 7561
7810 7809 5331 7559
7799 7558 5334 1200
7811 1215 7817 5339
5337 7811 5339 7557
1406 5149 7800 7801
7812 4999 7590 5232
5005 7812 5232 7588
5233 7813 1256 7589
7588 7597 1265 5005
7578 1256 7813 5241
5241 1251 7439 7578
5189 7562 5255 7348
7574 7810 5329 5271
7559 5273 7329 5329
7328 7814 5124 1173
7814 5280 7802 5124
5126 7802 5280 7573
4547 920 7816 7454
7323 7815 1119 5140
7815 7552 5300 1119
5299 5146 7568 7569
7425 5223 7600 689
7569 7807 3042 5299
5152 5308 7564 7565
7816 7454 4547 920
1173 7553 5330 7328
5330 7328 1173 7553
7809 5334 7558 5331
1200 5337 7557 7799
7557 7799 1200 5337
1215 7554 5342 7817
5342 7817 1215 7554
7817 5339 7811 1215
7330 7818 1228 5343
7818 7555 5348 1228
7819 5225 7556 5347
5079 7819 5347 7580
7813 5241 7578 1256
1777 7820 6086 7487
7550 7344 5392 5390
5390 1129 7821 7550
1129 5436 7822 7821
7821 7550 5390 1129
7822 7821 1129 5436
7823 7822 5436 5496
7277 7600 5223 5441
7561 7546 5448 5447
5830 5448 7546 7545
7473 5451 7428 1279
7427 7717 1291 5455
1313 1309 7478 7848
1038 5481 7548 7824
7548 7824 1038 5481
7824 5482 5482 1038
5482 1038 7824 5482
7563 2928 7547 5808
7805 7538 5539 7903
7691 7690 3812 3813
1246 7534 5634 7831
4879 7560 4881 7271
7599 7826 2886 4866
7826 7570 4882 2886
7827 7532 5655 1195
7825 7531 5602 5601
7529 7829 1419 5988
1236 7528 5635 7355
5595 5577 5577 7533
7530 7825 5601 5596
7830 7827 1195 5602
7533 7830 7531 5595
1501 7524 5778 7346
7346 7523 5620 1501
5620 1501 7346 7523
7523 1498 1498 5620
5634 7831 1246 7534
7534 1252 7839 5634
7831 5635 7528 1246
7528 1246 7831 5635
3818 2837 7783 7695
1448 5640 7338 1448
5642 7832 2380 7505
2837 4694 7633 7783
5643 1236 7355 7356
7355 7356 5643 1236
7338 1448 1448 5640
5647 1224 7357 7358
5648 1382 1382 7521
7521 7480 1387 5648
7357 7358 5647 1224
5652 1217 7359 7360
7359 7360 5652 1217
7651 7689 3805 3584
7532 1206 7361 5655
7361 5655 7532 1206
1412 5660 7535 7422
7535 7422 1412 5660
5794 7518 5661 7517
1195 5602 7830 7827
5660 7343 5665 7535
5802 7514 5667 7512
7513 7833 1434 2438
1434 2438 7513 7833
7525 5678 5678 5672
7834 5689 7511 5859
7493 7511 5689 5839
5693 7451 5862 7510
7510 1178 7363 5693
1400 7508 5700 1400
5596 7835 5704 7530
7835 5705 7507 5704
7832 7522 5714 2380
1274 5734 7836 1274
7836 1274 1274 5734
7509 7837 5753 5746
7837 5756 7504 5753
7838 7504 5756 5836
1499 5778 7524 7828
7524 7828 1499 5778
7502 5793 7503 5762
7517 7503 5793 5794
1386 7520 5523 1386
5523 1386 1386 7520
7512 7501 5842 5802
7839 5634 7534 1252
5808 7839 1252 7563
7840 5824 7843 5821
7841 7840 5821 1471
7842 7841 1471 5948
1471 5948 7842 7841
7345 7843 5824 5715
7843 5821 7840 5824
5824 5715 7345 7843
7500 7838 5836 5835
5756 5836 7838 7504
7545 7494 5840 5830
7833 7496 5807 1434
5835 5842 7501 7500
5393 7492 5856 7549
7844 7507 5705 5865
5937 2150 7850 7846
7846 5938 7489 5937
7829 7485 6490 1419
5905 7483 5901 7482
7483 1621 7857 5901
1621 7484 6084 7857
1291 5455 7427 7717
5455 7847 1303 7427
7478 7848 1313 1309
7849 7784 4697 774
7847 7478 1309 1303
7475 5924 7476 5925
7541 7542 5927 5931
6703 1592 7856 7411
7349 7547 2928 293
7540 7352 5936 5934
5931 5936 7352 7541
5934 7489 5938 7540
7850 7846 5937 2150
5946 5807 7496 7497
7497 7842 5948 5946
1812 7026 7293 7855
7851 7479 6085 1657
1610 7464 5976 7585
5976 7585 1610 7464
7464 7816 920 5976
7539 7850 2150 5981
7852 7490 5985 5984
5981 7852 5984 7539
7491 5985 7490 5855
7828 7529 5988 1499
5988 1499 7828 7529
7848 7475 5925 1313
7488 1812 7855 5157
7454 925 7406 4547
7853 1537 7867 6016
6020 7460 6002 7458
7447 1624 7854 6026
7854 6026 7447 1624
1624 6034 7441 7854
7441 7854 1624 6034
7855 5157 7488 1812
7856 7411 6703 1592
1601 7437 6134 7373
7857 5901 7483 1621
7482 6085 7479 5905
1657 6089 7474 7851
7474 7851 1657 6089
7433 6273 6273 6091
7434 7858 1675 6276
7859 7431 6166 1433
6373 7305 1619 7367
6119 6495 7430 7418
1422 7430 6495 7551
2570 2517 7536 2570
1585 6132 7499 7860
7499 7860 1585 6132
7437 1585 7860 6134
7373 7441 6034 1601
7586 7536 2517 3164
7860 6134 7437 1585
1397 6165 7420 7861
7420 7861 1397 6165
7431 1397 7861 6166
7861 6166 7431 1397
7862 7420 6165 1395
7415 1383 7374 6269
1395 7416 6174 7862
6174 7862 1395 7416
7458 7412 6177 6020
7863 6177 7412 6179
7484 7863 6179 6084
6084 7857 1621 7484
7426 7567 7566 5151
7864 7477 5922 1711
1369 7865 2154 7537
7477 1670 7269 5922
7866 7474 6089 1694
6269 6173 7414 7415
1694 7434 6276 7866
6276 7866 1694 7434
6385 1473 7872 6385
1433 7384 6301 7859
6301 7859 1433 7384
7384 7390 1447 6301
1537 18 7232 7867
7232 7867 1537 18
7867 6016 7853 1537
1562 7383 7067 7318
7868 6442 6442 1586
6341 7868 1586 7382
7382 7856 1592 6341
1586 7382 6341 7868
2154 7537 1369 7865
7820 6357 7435 6086
6358 7435 6357 7380
6091 6360 7432 7433
7858 7869 6361 1675
7869 7432 6360 7378
6361 1675 7858 7869
7871 7376 6474 1651
7367 7871 1651 6373
7519 5523 7520 1378
2380 7505 5642 7832
7872 6385 6385 1473
1558 6393 7873 7495
7873 7495 1558 6393
5714 2380 7832 7522
3164 2367 7527 7586
2367 2446 7526 7527
7516 7526 2446 2366
1810 7370 6449 7874
6449 7874 1810 7370
6544 6598 7375 6544
7369 1810 7874 6456
7380 6458 7379 6358
6459 7379 6458 7368
7875 7369 6456 1834
7870 7366 6572 1665
6474 1651 7871 7376
7376 7870 1665 6474
7601 2322 7506 3269
1545 6555 7381 7498
7381 7498 1545 6555
6555 7876 6556 7381
7336 6805 7883 871
1677 7351 6629 7878
7366 1677 7878 6572
7350 7385 1794 6802
6537 7877 1672 6537
7417 7347 2635 1846
7368 7375 6598 6459
6629 7878 1677 7351
7378 6625 7377 6361
6627 7377 6625 7340
7877 6629 7351 1672
7351 1672 7877 6629
1692 7339 6701 7880
7878 6572 7366 1677
1473 6649 7354 7872
7354 7872 1473 6649
7337 1470 7894 6651
1426 7337 6651 7879
6651 7879 1426 7337
7879 7873 6393 1426
666 3573 7645 666
7027 7388 6671 7332
7874 6456 7369 1810
1855 7331 6760 7884
6277 6080 7436 7372
6701 7880 1692 7339
7653 7516 2366 3617
7322 7401 6995 6994
2162 7506 2322 7486
7801 7316 7396 1406
7397 7800 5149 5081
7865 7797 4999 2154
7881 7882 1466 1517
7301 7881 1517 6367
7876 6758 7353 6556
1834 6760 7331 7875
7331 7875 1834 6760
1854 7310 6928 7896
7882 7302 6775 1466
6775 1466 7882 7302
1724 7020 7613 7902
6802 1724 7902 7350
774 7883 6805 7849
7883 871 7336 6805
6805 7849 774 7883
7293 7855 1812 7026
6760 7884 1855 7331
7885 6840 7288 6992
1734 7288 6840 7886
6840 7886 1734 7288
7886 6845 7887 1734
7887 1734 7886 6845
7342 7887 6845 6843
1731 7888 6846 7889
7888 7342 6843 6846
6846 7889 1731 7888
7889 6847 7389 1731
6851 7890 1671 7913
7890 6996 7900 1671
7891 7287 7206 1616
1587 7286 7209 7914
7892 7285 7212 1522
1486 7392 6882 7387
7577 7893 7284 7218
7421 6882 7392 7393
6086 7487 1777 7820
7893 7594 7220 7219
7894 6651 7337 1470
7469 7895 2073 5944
7895 7472 2074 7471
7466 7836 5734 4956
6925 7335 6817 7292
7471 7229 2064 2073
7884 6928 7310 1855
7310 1855 7884 6928
6928 7896 1854 7310
7309 1854 7896 6936
7897 6980 7313 1465
7463 7898 7100 2057
7898 7465 7908 7100
7403 6960 7291 7061
7419 7853 6016 1392
2050 7667 3691 7461
7461 7834 5859 2050
7459 7899 7112 2048
7899 2056 7909 7112
7390 6972 7316 1447
7316 1447 7390 6972
7456 7457 2047 7459
7313 1465 7897 6980
1824 6983 7290 7395
7290 7395 1824 6983
7453 2047 7457 2034
2034 7452 2031 7453
7273 7274 7193 7195
7195 7885 6992 7273
7880 7322 6994 1692
6994 1692 7880 7322
7900 1671 7890 6996
7204 7900 6996 7272
7450 2031 7452 2027
2027 5862 7451 7450
7449 7901 7128 2025
7613 7902 1724 7020
7485 7897 1465 6490
7020 7864 1711 7613
7902 7350 6802 1724
7026 7785 1862 7293
7785 7027 7332 1862
7332 1862 7785 7027
2025 7448 2024 7449
7445 7805 2017 5129
7292 7034 7280 6925
5539 7903 7805 7538
7903 5158 7423 2017
7896 6936 7309 1854
7394 7044 7263 1876
7263 1876 7394 7044
7600 689 7425 5223
7905 7263 7044 1875
7444 2024 7448 2009
2009 7443 2007 7444
7442 2007 7443 2002
1867 7279 7064 7404
7064 7404 1867 7279
7408 7399 7065 7117
2002 7844 5865 7442
7383 7405 867 7067
7405 7068 7278 867
7278 867 7405 7068
7068 876 7906 7278
876 7251 7074 7906
7906 7278 7068 876
7074 7906 876 7251
1465 6490 7485 7897
7086 7904 7037 7264
522 7250 7090 7907
7907 7092 7262 522
7262 522 7907 7092
7261 7905 7407 7094
7230 7908 2063 1292
7908 7100 7898 7465
7244 7247 7109 7108
7106 7109 7247 7246
7111 7245 7113 7243
1297 7909 2056 7462
7909 7112 7899 2056
7108 7113 7245 7244
7404 7065 7399 1867
1307 7724 7115 7455
7115 7455 1307 7724
7118 7242 7119 7240
7243 7119 7242 7111
7406 4547 7454 925
7725 7712 7901 1318
7901 1318 7725 7712
7756 7683 7132 1330
7132 1330 7756 7683
7090 7907 522 7250
7407 7094 7261 7905
7249 7141 7248 7101
7910 1347 7770 4447
7144 7910 4447 7656
4448 1380 7772 7655
7409 7239 7154 7157
7155 7911 1404 7912
7911 7236 7166 1404
7238 7751 700 7155
700 7155 7238 7751
7166 1404 7911 7236
7236 7702 7159 7166
1404 7912 7155 7911
7912 7170 7237 7238
7241 716 7413 7174
7400 7190 7275 1847
7275 1847 7400 7190
7193 7195 7273 7274
7347 7194 7234 2635
7904 7402 7039 7037
1671 7913 6851 7890
7913 7206 7287 6851
7209 7914 1587 7286
7286 7891 1616 7209
7914 7212 7285 1587
7285 1587 7914 7212
7216 7577 7218 7421
7845 5113 7576 1919
7393 7892 1522 7216
7486 7845 1919 2162
1470 7284 7219 7894
7219 7894 1470 7284
7603 7220 7594 7221
7221 4851 7602 7603
1424 7602 4851 7787
