1888
   0    1 2622 2603
  21   22 2511 2744
  36   37 2554 2552
  48   49 2572 2570
  49   57 2588 2572
  67   68 2754 2621
  68   77 2631 2754
  77   80 2630 2631
  90   91 2759 2760
 106  107 2664 2665
 121  119 2768 2766
 119  124 2767 2768
 124  132 2771 2767
 133  134 7018 7001
 141  142 7555 7556
 149  150 6960 6961
 152  153 2500 2741
9542  156 8962 9191
 161  160 2545 2747
 162  157 8708 8706
 163  164 6989 6990
 153   21 2744 2500
 219  167 2745 9370
 168  169 6979 6980
 169  166 6985 6979
 171  172 6974 6975
 160   36 2552 2545
9430  174 6969 7051
  37   48 2570 2554
 175  176 6965 6966
  57  180 2752 2588
   1   67 2621 2622
 184  185 6955 6956
 186  187 6950 6951
 188  189 6945 6946
 190  191 6940 6941
  91  106 2665 2759
 192  193 6935 6936
 196  195 2669 2670
 197  198 6930 6931
 195  194 2764 2669
 199  200 6925 6926
 202  203 6920 6921
 132  204 2770 2771
 206  207 6992 6993
 204  208 2775 2770
 144  209 7561 7502
 207  133 7001 6992
 134  202 6921 7018
 203  199 6926 6920
 200  197 6931 6925
 198  192 6936 6930
 193  190 6941 6935
 191  188 6946 6940
9431  186 6951 7054
 187  184 6956 6950
 185  149 6961 6955
 150  175 6966 6960
 176  173 6970 6965
 174  171 6975 6969
 151  163 6990 6984
 164  162 7022 6989
 156    7 9098 8962
9470  206 7550 7858
9471  141 7556 7859
 107  196 2670 2664
 194  121 2766 2764
  80   90 2760 2630
 180    0 2603 2752
9371  161 2747 2855
 166  151 6984 6985
 223  152 2741 9369
 222  212 9012 9538
9372  146 2783 2859
 172  168 6980 6974
 167  170 2780 2745
 218  144 7502 9484
   7    8 9011 9098
 146  218 9484 7788
  22  219 9370 2511
9434  220 9433 7052
 208  221 9373 2775
   8  222 9538 9011
 212  223 9369 2504
 266  267 7569 7570
 380  381 8334 8221
 652  653 7079 7080
 756  757 6543 6376
 900  898 6538 6387
 953  952 3268 4621
 967  965 5939 5942
 978  967 5942 5945
1012 1013 6357 5882
1035 1036 5929 5444
1090  775 2943 2945
1093 1094 5445 5486
1163 1164 6384 5507
1172 1181 5528 5554
1244 1245 6480 5600
9415 1172 5554 6634
9412 1244 5600 6629
2419 1494 6532 9420
2420 1501 5719 9421
1046 1512 8216 8217
1522 1523 2114 2197
1533 1531 7532 7533
 715 1522 5308 5309
1589 1590 5293 5294
 259 1649 7654 7655
 617 1664 7183 7184
 643 1667 7177 7174
 658 1669 7119 7120
2423 1672 7077 9437
9531 1673 8223 8471
1682 1681 3116 3114
1684 1687 7770 7784
1693 1691 7771 7794
1719 1720 7762 7763
 249 1756 7797 7736
1772 1773 3038 3040
1775 1776 3034 3035
1778 1779 7688 7798
1756 1761 7514 7797
1662 1825 7073 7071
9401 1675 4496 5206
1681 1830 4898 3116
1275 1835 4484 4488
1844 1845 7772 7783
1850  821 4626 3161
1852 1853 3162 4630
9530  380 8221 8470
1882 1883 7063 7064
1892  652 7080 7346
1895 1896 7572 7571
1649 1726 7719 7654
1910  978 5945 5815
 898  892 5272 6538
1773 1775 3035 3038
1935 1772 3040 3046
1938 1769 7667 7668
1940 1939 6035 6488
1943 1944 3024 3025
1946 1947 3013 3014
2436 1493 5699 9413
9416 1951 5648 6635
1936 1955 3001 3002
1932 1956 2993 2994
1741 1928 7684 7685
1924 1959 2981 2982
1923 1960 2969 2971
1181 1163 5507 5528
1779 1925 7687 7688
1164 1093 5486 6384
1963  900 6387 6037
1733 1964 7712 7713
9418 1258 5624 6641
1918 1965 2957 2959
1523 2165 2431 2114
1726 1919 7718 7719
 823 1915 7206 7207
1720  259 7655 7762
1512 1969 8219 8216
 381 1046 8217 8334
1972 1716 7631 7565
1909 1973 2919 2920
1908 1974 2904 2905
1976 1895 7571 7575
1903 1977 2884 2895
1901 1978 2868 2870
1700 1904 7580 7581
1761 1938 7668 7514
2459  249 7736 9474
1925 1741 7685 7687
1964 1778 7798 7712
1919 1733 7713 7718
1716 1719 7763 7631
 267 1972 7565 7569
1896  266 7570 7572
1904 1976 7575 7580
 574 1700 7581 7791
1845 1980 7590 7772
1891 1684 7784 7757
1980  574 7791 7590
9398 1983 3979 5202
1983 1985 3980 3979
2197 1524 5783 5308
1988  617 7184 7187
1691 1844 7783 7771
9397 1994 3965 5201
2477 1533 7344 9445
2478 1671 7167 9443
1841  658 7120 7172
1667 1998 7170 7177
1883  643 7174 7063
1664 1882 7064 7183
1825 1988 7187 7073
1687 1693 7794 7770
 653 1662 7071 7079
1979 1892 7346 7195
2015 1891 7757 7756
1969 1589 5294 5296
2009 1852 4630 4633
1673 1874 8222 8223
1842 2030 3148 3149
2030 2032 4622 3148
2040 1624 1624 2307
2307  232 6539 5940
1998 1841 7172 7170
2004 1979 7195 7196
1939 1963 6037 6035
1531 2015 7756 7532
 232 1940 6488 6539
 952  591 4617 3268
2049 1837 4510 4509
1837 1833 4506 4510
2052 2026 2916 3113
1776 1943 3025 3034
1944 1946 3014 3024
2026 1828 2915 2916
1947 1936 3002 3013
1955 1932 2994 3001
1956 1924 2982 2993
1959 1923 2971 2981
1960 1918 2959 2969
1965 1090 2945 2957
 775 1275 4488 2943
1830 2052 3113 4898
1835 1909 2920 4484
2032 2049 4509 4622
1973 1908 2905 2919
1974 1903 2895 2904
1977 1901 2870 2884
1978 1885 3985 2868
9408 1849 3964 5258
2497 1935 3046 9374
1934  823 6264 6263
9472 1767 7780 7860
 591 1682 3114 4617
 240  463 2054 2133
 821  819 4625 4626
1493 2419 9420 5699
1496 2420 9421 5782
2422 1496 5782 9414
1524 2422 9414 5783
1671 2423 9437 7167
1746 1937 7774 7782
1751 1953 7781 7677
1769 2424 9473 7667
 819 1842 3149 4625
1013 1910 5815 6357
1624 2307 2040 1624
9438 1879 7201 7433
1036 1012 5882 5929
1094 1035 5444 5445
2114 2197 1522 1523
2431 2114 1523 2165
1928 1746 7782 7684
1937 1751 7677 7774
2430 1520 2123 1525
2165 2430 1525 2431
1525 2431 2165 2430
2123 1525 2430 1520
 241 2123 1520 2146
1501 2436 9413 5719
2146  240 2133  241
1520 2146  241 2123
1494 2437 9417 6532
 508 2054  463  508
2133  241 2146  240
2054 2133  240  463
 889 1961 6178 6176
 892  888 6180 5272
 888 2450 2452 2451
2451  889 6176 6180
2452 2451  888 2450
2450  890  890 2452
 890 2452 2450  890
1961  756 6376 6178
 757 1934 6263 6543
1951 2458 9419 5648
2462 2459 9474 9475
9481 2460 9480 7861
2460 2464 9479 9480
9478 2467 9477 7863
9476 2462 9475 7865
9429 2468 9428 6645
2471  715 5309 9422
2474 2471 9422 9423
2476 2475 9425 9426
9427 2476 9426 6647
9424 2474 9423 6644
1672 2477 9445 7077
1669 2478 9443 7119
1879 2004 7196 7201
1915 2479 9453 7206
9448 2480 9447 7467
9446  798 7202 7468
9452 2482 9451 7463
1994 2009 4633 3965
9384 2483 9383 5248
9389 2485 9388 5233
9387 2484 9386 5236
9375 1850 3161 5219
9382 2489 9381 5249
9379 2490 9378 5225
 965 2040 5940 5939
 463  508  508 2054
1833  953 4621 4506
1767 2497 9374 3044
2504 2505 9069 9012
2505 2515 8567 9069
2518 2519 9065 8677
9487 2531 8057 8155
2841 2549 8054 9493
2552 2545  160   36
2554 2552   36   37
9497 2568 8061 8162
2572 2570   48   49
2621 2622    1   67
2630 2631   77   80
9509 2636 8069 8168
9511 2650 8071 8170
2843 2667 8073 9513
2669 2670  196  195
2719 2720 7559 7560
2724 2725 7639 7637
9525 2726 8078 8178
2728 2729 7792 7586
2515 2733 9067 8567
9501 2637 8065 8164
2500 2741  152  153
2521 2737 8512 8670
2744 2500  153   21
2622 2603    0    1
2603 2752  180    0
2759 2760   90   91
2764 2669  195  194
2766 2764  194  121
2767 2768  119  124
9521 2769 8076 8176
2770 2771  132  204
2775 2770  204  208
2776 2719 7560 7597
2777 2776 7597 7595
9491 2539 8058 8159
9495 2566 8060 8161
9499 2583 8062 8163
2850 2740 8066 9503
9507 2635 8068 8167
9510 2652 8070 8169
9512 2663 8072 8171
2852 2680 8049 9515
9519 2690 8075 8175
9523 2716 8077 8177
9527 2728 8080 8179
9369 2504  212  223
9370 2511   22  219
2855 2780  170 9371
2631 2754   68   77
2760 2630   80   90
2665 2759   91  106
2768 2766  121  119
2771 2767  124  132
2519 2521 8670 9065
2733 2518 8677 9067
9505 2778 8067 8166
2725 2777 7595 7639
2729 2724 7637 7792
9517 2779 8074 8174
2670 2664  107  196
2588 2572   49   57
2570 2554   37   48
2752 2588   57  180
9373 2775  208  221
2858 2783 7788 9485
2545 2747  161  160
2780 2745  167  170
2664 2665  106  107
9528 2514 7874 8183
2737 2513 8514 8512
2511 2744   21   22
2514 2530 7880 7874
2530 2840 9490 7880
9494 2841 9493 8160
2566 2842 9498 8060
9514 2843 9513 8172
2716 2844 9526 8077
2583 2845 9502 8062
2754 2621   67   68
2690 2846 9522 8075
2531 2847 9492 8057
2549 2848 9496 8054
2568 2849 9500 8061
9504 2850 9503 8165
2778 2851 9508 8067
9516 2852 9515 8173
2779 2853 9520 8074
2769 2854 9524 8076
2747 2855 9371  161
2740 2856 9506 8066
2680 2857 9518 8049
2720 2858 9485 7559
2783 2859 9372  146
2868 2870 1901 1978
2884 2895 1903 1977
2904 2905 1908 1974
2915 2916 2026 1828
2919 2920 1909 1973
2943 2945 1090  775
2947 2948 4386 4384
2957 2959 1918 1965
2969 2971 1923 1960
2981 2982 1924 1959
2993 2994 1932 1956
3001 3002 1936 1955
3013 3014 1946 1947
3024 3025 1943 1944
3028 3029 4358 4359
3034 3035 1775 1776
3036 3028 4359 4360
3038 3040 1772 1773
9374 3044 1767 2497
9400 3051 4101 5204
3055 3056 9292 9336
3072 3073 8450 8387
3078 3079 8390 8388
3082 3083 4721 4877
9395 3090 3204 5193
3101 3102 8212 8210
3116 3114 1682 1681
3117 3118 4163 4164
3118 3120 4168 4163
3128 3144 4172 4173
3148 3149 1842 2030
3177 3178 4175 4176
5192 3191 4558 9407
3200 3198 4717 4878
5193 3205 3092 9395
5194 3207 3233 9396
5195 3211 3211 9404
3219 3217 4188 4186
9396 3092 3205 5194
3269 2947 4384 4382
3272 3064 4710 4103
9399 3272 4103 5203
3368 3369 9332 9288
9406 3383 4728 5255
9409 3386 4899 5259
5197 3393 9361 9567
3386 3050 3986 5175
5200 3495 9362 9568
3511 3514 8310 8454
3514 3515 4909 4910
4909 4910 3514 3515
4910 3517 8309 8310
3519 3525 8303 8304
3535 3538 4993 4989
3569 3571 4997 4994
3604 3609 5000 4998
3634 3636 4914 4915
4914 4915 3634 3636
3661 3663 4916 4917
4916 4917 3661 3663
3688 3690 5012 5008
3726 3727 5017 5016
3727 3752 5025 5017
3754 3759 5027 5026
3787 3788 3788 5028
3938 3939 9294 9343
9569 3946 9299 9368
3949 3096 8282 8280
5201 3964 1849 9397
3980 3979 1983 1985
3982 3983 4411 4896
5202 3985 1885 9398
3305 4148 7754 7755
4161 4162 4562 4569
4163 4164 3117 3118
4168 4163 3118 3120
4172 4173 3128 3144
4175 4176 3177 3178
4181 4182 4593 4594
4141 4185 7527 7632
4188 4186 3219 3217
4150 4232 7740 7693
4153 4233 7695 7696
4235 4236 7509 7796
4358 4359 3028 3029
4359 4360 3036 3028
4369 4367 4524 4525
4371 4372 4518 4515
4374 4371 4515 4516
4379 4380 4507 4508
4382 4383 4501 3269
4386 4384 2947 2948
4391 4392 4486 4480
4397 4398 4478 4479
4399 4397 4479 4476
4404 4399 4476 4477
4406 4407 4474 4475
4409 4411 3983 4861
4412 4409 4861 4781
4474 4475 4406 4407
4476 4477 4404 4399
4478 4479 4397 4398
4480 4478 4398 4391
4485 4486 4392 4895
4484 4488 1275 1835
4489 4490 4643 4894
3102 4494 8207 8212
4503 4504 4646 4893
4507 4508 4379 4380
4510 4509 2049 1837
4515 4516 4374 4371
4517 4518 4372 4892
4524 4525 4369 4367
4526 4527 4880 4709
9410 4533 3410 5260
4536 4537 4618 4455
4540 4538 7706 7707
9486 4541 7728 7873
5207 3190 4548 9402
9402 4549 3957 5207
3065 4557 9290 9335
9405 4558 3191 5254
3083 4562 4162 4721
5208 3077 9289 9564
5209 3352 9331 9559
5210 4576 9286 9557
5211 3368 9288 9558
5212 4583 9285 9556
4584 4582 9328 9304
4588 4584 9304 9303
4589 4590 7766 7790
4593 4594 4181 4182
4499 4589 7790 7618
3073 4601 8449 8450
3254 3072 8387 8296
4607 3949 8280 8278
3096 3101 8210 8282
2916 3113 2052 2026
3114 4617  591 1682
3268 4621  953  952
4509 4622 2032 2049
4622 3148 2030 2032
4625 4626  821  819
3162 4630 1852 1853
4630 4633 2009 1852
4633 3965 1994 2009
4641 3233 3207 3210
3198 3219 4186 4717
4506 4510 1837 1833
4527 4710 3064 4880
5251 3392 9301 9560
4726 3017 3017 3382
3017 3382 4726 3017
9403 3385 3988 5253
4791 4792 9295 9363
4795 4796 8497 8498
4796 4797 8322 8321
3515 3535 4989 4909
4989 4909 3515 3535
4799 3519 8304 8453
4802 4803 8301 8302
4804 3546 8435 8436
3546 4805 8434 8435
3538 3569 4994 4993
4993 4989 3535 3538
4994 4993 3538 3569
3571 3604 4998 4997
4997 4994 3569 3571
4998 4997 3571 3604
4811 4812 8515 8516
3609 3634 4915 5000
5000 4998 3604 3609
4915 5000 3609 3634
4815 4816 8520 8521
3636 3661 4917 4914
4917 4914 3636 3661
4819 4820 8522 8523
3663 3688 5008 4916
5008 4916 3663 3688
4821 4822 8991 8993
3495 4823 9339 9362
3690 3692 5014 5012
5012 5008 3688 3690
5014 5012 3690 3692
4826 4827 8532 8533
3692 3726 5016 5014
5016 5014 3692 3726
5017 5016 3726 3727
4828 4829 9082 8997
3752 3754 5026 5025
5025 5017 3727 3752
5026 5025 3752 3754
3759 3787 5028 5027
5027 5026 3754 3759
4812 4795 8498 8515
5028 5027 3759 3787
4831 4832 8642 8643
4816 4811 8516 8520
4820 4815 8521 8522
3788 5028 3787 3788
4833 4834 8998 9001
4822 4819 8523 8991
4827 4821 8993 8532
4829 4826 8533 9082
4835 4836 9138 9086
4832 4828 8997 8642
4834 4831 8643 8998
4836 4833 9001 9000
4837 4835 9086 9087
4838 4837 9087 8545
5254 3204 3090 9405
4841 4838 8545 8965
4842 4841 8965 9089
4845 4842 9089 9091
4846 4845 9091 9092
4848 4846 9092 8561
4849 4848 8561 8560
4852 3945 9345 9346
4854 4853 9297 9350
4855 4856 9296 9351
4857 3938 9343 9342
4858 4849 8560 9070
4617 3268  952  591
4803 3254 8296 8301
3525 4802 8302 8303
3517 4799 8453 8309
4805 3511 8454 8434
4797 4804 8436 8322
4861 4781 4412 4409
4877 4105 4556 3082
4144 4724 7775 7722
4146 4722 7656 7657
4665 4467 7659 7660
4721 4877 3082 3083
4162 4721 3083 4562
4164 4161 4569 3117
4173 4168 3120 3128
4176 4172 3144 3177
4182 4175 3178 4593
4717 4878 3200 3198
4878 4181 4594 3200
4186 4717 3198 3219
3064 4880 4527 4710
4709 4556 4105 4526
4569 3117 4164 4161
3120 3128 4173 4168
3144 3177 4176 4172
3178 4593 4182 4175
4594 3200 4878 4181
9411 4188 3217 5262
4590 4588 7765 7766
4367 4358 3029 4524
4892 4369 4525 4517
4372 4892 4517 4518
4380 4374 4516 4507
4383 4646 4504 4501
4384 4382 3269 2947
4643 4894 4489 4490
4894 4386 2948 4489
4895 4643 4490 4485
4392 4895 4485 4486
4398 4391 4480 4478
4538 4535 7709 7706
4541 4542 7666 7728
4411 4896 3982 3983
3411 4897 7799 7708
4549 4412 4781 3957
4185 4881 7616 7527
4724 4141 7632 7775
4618 4455 4536 4537
4897 3895 7737 7799
4455 3410 4533 4536
4722 4144 7722 7656
4360 4618 4537 3036
4537 3036 4360 4618
3029 4524 4367 4358
4525 4517 4892 4369
4518 4515 4371 4372
4467 4146 7657 7659
4516 4507 4380 4374
4893 4379 4508 4503
4508 4503 4893 4379
4504 4501 4383 4646
4148 4665 7660 7754
4601 3078 8388 8449
2948 4489 4894 4386
4490 4485 4895 4643
4486 4480 4391 4392
4232 3305 7755 7740
4479 4476 4399 4397
4407 4404 4477 4474
4477 4474 4407 4404
4896 4406 4475 3982
4475 3982 4896 4406
4233 4150 7693 7695
3983 4861 4409 4411
4781 3957 4549 4412
9407 4548 3190 5192
4236 4153 7696 7509
4158 4235 7796 7738
3895 4189 7701 7737
4542 4540 7707 7666
3946 4858 9348 9299
4853 4852 9346 9297
4856 4854 9350 9296
4792 4855 9351 9295
3939 4791 9363 9294
4823 4857 9342 9339
3056 4551 9352 9292
4557 3055 9336 9290
3077 3065 9335 9289
3352 4563 9334 9331
5256 4581 9330 9566
5257 4575 9329 9565
4562 4569 4161 4162
3207 3210 4641 3233
4880 4709 4526 4527
4898 3116 1681 1830
3040 3046 1935 1772
4501 3269 4382 4383
3035 3038 1773 1775
3025 3034 1776 1943
3014 3024 1944 1946
3002 3013 1947 1936
2994 3001 1955 1932
2982 2993 1956 1924
2971 2981 1959 1923
2959 2969 1960 1918
2945 2957 1965 1090
3084 4606 8283 8389
4488 2943  775 1275
2920 4484 1835 1909
2905 2919 1973 1908
3079 3084 8389 8390
2895 2904 1974 1903
2870 2884 1977 1901
3985 2868 1978 1885
5258 3980 1985 9408
5262 4598 4881 9411
5261 4496 8209 9529
5260 4457 4535 9410
5259 3988 3385 9409
5175 3987 3987 4899
3986 5175 3386 3050
5255 4726 3382 9406
5253 4728 3383 9403
4533 4536 4455 3410
5214 4499 7618 9466
4621 4506 1833  953
5206 2915 1828 9401
5205 3411 7708 9467
4189 4158 7738 7701
5204 3986 3050 9400
5203 4101 3051 9399
5218 5184 9377 9376
5190 3162 1853 9394
5224 5191 9393 9392
3190 5192 9407 4548
3204 5193 9395 3090
3205 5194 9396 3092
3210 5195 9404 4641
3392 5197 9567 9301
3393 5200 9568 9361
3965 5201 9397 1994
3979 5202 9398 1983
4103 5203 9399 3272
4101 5204 9400 3051
4105 4526 4709 4556
4457 5205 9467 7709
4496 5206 9401 1675
3113 4898 1830 2052
3957 5207 9402 4549
4556 3082 4877 4105
4563 5208 9564 9334
3369 5209 9559 9332
4575 5210 9557 9329
4581 5211 9558 9330
4582 5212 9556 9328
4598 5214 9466 7616
4606 4607 8278 8283
3149 4625  819 1842
4626 3161 1850  821
3161 5219 9375 1850
5219 5218 9376 9375
5191 5190 9394 9393
5183 5223 9391 9390
5223 5224 9392 9391
9378 5225 9379 2490
5225 5227 9380 9379
5233 5183 9390 9389
9388 5233 9389 2485
9386 5236 9387 2484
9383 5248 9384 2483
9381 5249 9382 2489
5248 5241 9385 9384
4551 5251 9560 9352
3988 5253 9403 3385
9404 4641 3210 5195
3191 5254 9405 4558
4728 5255 9406 3383
4710 4103 3272 3064
4646 4893 4503 4504
4576 5256 9566 9286
4583 5257 9565 9285
3964 5258 9408 1849
3987 4899 5175 3987
4899 5259 9409 3386
3410 5260 9410 4533
4494 5261 9529 8207
3217 5262 9411 4188
5296 5297 8218 8219
5299 5300 8232 8233
5308 5309  715 1522
5326 5327 8427 8439
5331 5333 8438 8446
5351 5352 8248 8249
5362 5363 8428 8445
5365 5366 8429 8444
5374 5375 9052 9056
5359 5379 9049 9053
5384 5385 8426 8264
5381 5386 8241 8242
5389 5391 8430 8442
5407 5408 8668 8669
5410 5411 8431 8437
5412 5413 8432 8225
5413 5415 9062 9025
5444 5445 1094 1035
5507 5528 1181 1163
6629 5624 1258 9412
5676 5674 8973 8665
9413 5719 1501 2436
5724 5722 8592 8584
9414 5783 1524 2422
5882 5929 1036 1012
5940 5939  965 2040
5942 5945  978  967
6023 6021 9154 9109
6025 6023 9109 9110
6037 6035 1939 1963
5277 6171 9036 9105
6174 6175 8626 8960
6178 6176  889 1961
6176 6180 2451  889
6259 6257 8612 8613
6261 6259 8613 8615
6262 6261 9144 9037
6264 6263 1934  823
6268 6269 7337 7340
6304 6305 7290 7291
6327 6328 7332 7347
6632 6347 8611 9536
6348 5402 8662 8477
6357 5882 1012 1013
5929 5444 1035 1036
6362 6363 9106 8620
5445 5486 1093 1094
5945 5815 1910  978
6384 5507 1163 1164
6389 6390 8657 8655
5297 6396 8268 8218
5528 5554 1172 1181
6633 6345 8609 9545
6404 6406 8256 8254
5352 5362 8445 8248
6363 5277 9105 9106
6021 6174 8960 8623
5379 6352 9050 9049
5375 5359 9053 9052
6390 5374 9056 8657
5402 6389 8655 8662
5674 6436 8974 8973
5408 6441 8666 8668
5415 5407 8669 9062
5486 6384 1164 1093
6634 6480 1245 9415
6035 6488 1940 1939
5886 6348 8477 8478
9417 6532 1494 2437
5722 5676 8665 8592
9546 5724 8584 9195
6480 5600 1244 1245
6536 5820 8504 8632
5815 6357 1013 1910
6537 6536 8632 8640
6425 6537 8640 8641
6352 6425 8641 9050
6387 6037 1963  900
6436 5886 8478 8974
5820 6420 8503 8504
6420 6535 9046 8503
9419 5648 1951 2458
6538 6387  900  898
6488 6539  232 1940
6396 5305 8267 8268
5411 5412 8225 8431
5300 5410 8437 8232
5391 5299 8233 8430
5386 5389 8442 8241
5366 5381 8242 8429
5363 5365 8444 8428
6406 5351 8249 8256
5333 6404 8254 8438
6175 6362 8620 8626
5327 5331 8446 8427
5272 6538  898  892
5385 5326 8439 8426
5305 5384 8264 8267
6543 6376  756  757
6544 6545 7336 7341
6285 6546 7334 7285
6547 6548 7282 7283
6549 6375 7287 7288
6551 6304 7291 7293
6552 6371 7279 7280
6553 6368 7333 7348
6555 6366 7212 7213
9543 6556 8601 9192
6556 6365 7342 7122
9420 5699 1493 2419
9421 5782 1496 2420
5783 5308 2197 1524
6539 5940 2307  232
6643 6264 7207 9444
6545 6268 7340 7336
6546 6544 7341 7334
6548 6285 7285 7282
6375 6547 7283 7287
6305 6549 7360 7290
6371 6551 7293 7279
6368 6552 7280 7333
6328 6553 7348 7332
6366 6327 7347 7212
6365 6555 7213 7342
5294 5296 1969 1589
6028 6025 9110 8702
5939 5942  967  965
6180 5272  892  888
5293 5294 1589 1590
5600 6629 9412 1244
9537 6632 9536 9189
6376 6178 1961  756
6257 6633 9545 8612
5554 6634 9415 1172
5648 6635 9416 1951
9548 6636 9547 9194
6640 6638 9549 9550
9551 6640 9550 9193
6535 6028 8702 9046
5624 6641 9418 1258
6171 6262 9037 9036
6263 6543  757 1934
6347 6642 9544 8611
6269 6643 9444 7337
9423 6644 9424 2474
9428 6645 9429 2468
6645 5293 1590 9429
9426 6647 9427 2476
6651 6652 9018 8579
6662 6664 7160 7168
6667 6668 7324 7345
9440 6693 7244 7436
7050 6697 7240 9455
9439 6699 7239 7434
6700 6705 7230 7231
6707 6709 7226 7228
6709 6711 7225 7226
6717 6718 7329 7135
6793 6798 8591 8501
6858 6859 8588 8589
6652 6916 9019 9018
6920 6921  202  203
6925 6926  199  200
6930 6931  197  198
6935 6936  192  193
6940 6941  190  191
6945 6946  188  189
6950 6951  186  187
6955 6956  184  185
6960 6961  149  150
6965 6966  175  176
7051 6970  173 9430
6974 6975  171  172
6979 6980  168  169
6984 6985  166  151
6916 6987 9017 9019
6992 6993  206  207
6713 6994 7137 7138
6664 6666 7322 7160
7007 6672 7297 7099
7009 6677 7261 7262
7010 6682 7259 7258
9464 7012 7326 7489
7018 7001  133  134
7001 6992  207  133
6926 6920  203  199
6931 6925  200  197
6936 6930  198  192
6941 6935  193  190
6946 6940  191  188
7052 6945  189 9434
6956 6950  187  184
6961 6955  185  149
6966 6960  150  175
6970 6965  176  173
6975 6969  174  171
6980 6974  172  168
6993 7020 7549 7550
6985 6979  169  166
6990 6984  151  163
7022 6989  164  162
7016 7023 7599 7600
6987 7022 8706 9017
6798 6858 8589 8591
7017 7024 7776 7785
7023 6658 7530 7599
7024 7016 7600 7776
7025 7017 7785 7543
7020 7021 7544 7549
6654 6660 7164 7163
7021 7025 7543 7544
6718 6720 7331 7329
6994 6717 7135 7137
6711 6713 7138 7225
6705 6707 7228 7230
9454 6702 7350 7471
9457 6695 7351 7473
9463 6687 7352 7488
6682 7011 7353 7259
6677 7010 7258 7261
6672 7009 7262 7297
6668 7007 7099 7324
6666 6667 7345 7322
6660 6662 7168 7164
7058 6793 8501 9532
7057 7026 7126 9435
7056 6656 7529 9465
6921 7018  134  202
7049 6654 7163 9436
6656 7049 9436 7165
9460 6690 7245 7487
9456 7050 9455 7472
6702 6700 7231 7350
6720 6721 7127 7331
6859 6651 8579 8588
6969 7051 9430  174
6989 6990  163  164
9433 7052 9434  220
6951 7054 9431  186
7054 7053 9432 9431
6658 7056 9465 7530
6721 7057 9435 7127
7026 7058 9532 8502
7063 7064 1882 1883
7073 7071 1662 1825
7079 7080  652  653
7087 7088 7357 7368
7119 7120  658 1669
7430 7123 8600 9534
9435 7127 6721 7057
7431 7128 9031 9539
7137 7138 6713 6994
7432 7148 7403 7404
7164 7163 6654 6660
9436 7165 6656 7049
9437 7167 1671 2423
7160 7168 6662 6664
7172 7170 1998 1841
7177 7174  643 1667
7183 7184  617 1664
7184 7187 1988  617
7195 7196 2004 1979
7433 7202  798 9438
7212 7213 6555 6366
7225 7226 6709 6711
7434 7240 6697 9439
7259 7258 7010 6682
7261 7262 7009 6677
7279 7280 6552 6371
7282 7283 6547 6548
7285 7282 6548 6285
7287 7288 6549 6375
7288 7359 7144 7360
7144 7360 7288 7359
7290 7291 6304 6305
7297 7099 7007 6672
7494 7089 7089 7414
7357 7368 7087 7088
7120 7172 1841  658
7174 7063 1883  643
9468 7067 7729 7857
9552 7126 8502 9197
9443 7119 1669 2478
7340 7336 6545 6268
7341 7334 6546 6544
7283 7287 6375 6547
7360 7290 6305 6549
7280 7333 6368 6552
7213 7342 6365 6555
7342 7122 6556 6365
7329 7135 6717 6718
7331 7329 6718 6720
7135 7137 6994 6717
7138 7225 6711 6713
7228 7230 6705 6707
7262 7297 6672 7009
7099 7324 6668 7007
9482 7344 7533 7866
9445 7077 1672 2477
7168 7164 6660 6662
7170 7177 1667 1998
7324 7345 6667 6668
7064 7183 1664 1882
7187 7073 1825 1988
7080 7346 1892  652
7071 7079  653 1662
7346 7195 1979 1892
7347 7212 6366 6327
7332 7347 6327 6328
7348 7332 6328 6553
7226 7228 6707 6709
7231 7350 6702 6700
7471 7239 6699 9454
7472 7351 6695 9456
7488 7326 7012 9463
7489 7353 7011 9464
7353 7259 6682 7011
7258 7261 6677 7010
7336 7341 6544 6545
7333 7348 6553 6368
7293 7279 6371 6551
7334 7285 6285 6546
7490 7147 7358 7402
7358 7402 7490 7147
7403 7404 7432 7148
7148 7144 7359 7403
7359 7403 7148 7144
7291 7293 6551 6304
7345 7322 6666 6667
7322 7160 6664 6666
7417 7357 7088 7310
7088 7310 7417 7357
7127 7331 6720 6721
7230 7231 6700 6705
7089 7414 7494 7089
9535 7430 9534 9188
9540 7431 9539 9190
7404 7358 7147 7432
7147 7432 7404 7358
7196 7201 1879 2004
7201 7433 9438 1879
9444 7337 6269 6643
7206 7207  823 1915
7239 7434 9439 6699
7244 7436 9440 6693
7442 7438 9442 9441
7438 7245 6690 9442
7436 7442 9441 9440
7498 7451 7455 7452
7455 7452 7498 7451
7451 7417 7310 7455
7310 7455 7451 7417
7337 7340 6268 6269
7165 7459 9469 7529
7128 7460 9553 9031
7067 7461 9483 7729
7467 7462 9449 9448
9451 7463 9452 2482
9453 7206 1915 2479
7462 7466 9450 9449
7202 7468 9446  798
9447 7467 9448 2480
7350 7471 9454 6702
9455 7472 9456 7050
7351 7473 9457 6695
7483 7479 9459 9458
7479 7244 6693 9459
7473 7483 9458 9457
7485 7352 6687 9462
7486 7485 9462 9461
7487 7486 9461 9460
7245 7487 9460 6690
7352 7488 9463 6687
7326 7489 9464 7012
7402 7087 7368 7490
7368 7490 7402 7087
7452 7494 7414 7498
7414 7498 7452 7494
9465 7530 6658 7056
7532 7533 1533 1531
7543 7544 7021 7025
7549 7550 6993 7020
7555 7556  141  142
7559 7560 2719 2720
7561 7502  144  209
7569 7570  266  267
7572 7571 1895 1896
7580 7581 1700 1904
7586 7587 8079 8080
7560 7597 2776 2719
7599 7600 7016 7023
7609 7610 8090 8086
9466 7616 4598 5214
7631 7565 1972 1716
7639 7637 2724 2725
7654 7655  259 1649
7659 7660 4665 4467
7667 7668 1938 1769
7684 7685 1741 1928
7687 7688 1779 1925
7706 7707 4540 4538
9467 7709 4457 5205
7712 7713 1733 1964
7718 7719 1726 1919
7701 7737 3895 4189
7738 7701 4189 4158
7754 7755 3305 4148
7571 7575 1976 1895
7757 7756 2015 1891
7655 7762 1720  259
7765 7766 4590 4588
9469 7529 7165 7459
7775 7722 4144 4724
7597 7595 2777 2776
7858 7555  142 9470
7859 7561  209 9471
7587 7603 8081 8079
7601 7609 8086 8040
7610 7778 9305 9349
7861 7781 1953 9481
7782 7684 1928 1746
7763 7631 1716 1719
7565 7569  267 1972
7575 7580 1904 1976
7783 7771 1691 1844
9483 7729 7067 7461
7756 7532 1531 2015
7530 7599 7023 6658
7784 7757 1891 1684
7600 7776 7024 7016
7776 7785 7017 7024
7785 7543 7025 7017
7544 7549 7020 7021
9484 7788  146  218
9485 7559 2720 2858
7789 7765 9303 9353
7766 7790 4589 4590
7570 7572 1896  266
7581 7791  574 1700
7791 7590 1980  574
7792 7586 2728 2729
7637 7792 2729 2724
7709 7706 4538 4535
7778 7789 9353 9305
7790 7618 4499 4589
7590 7772 1845 1980
7772 7783 1844 1845
7771 7794 1693 1691
7770 7784 1684 1687
7794 7770 1687 1693
7616 7527 4185 4881
7595 7639 2725 2777
7722 7656 4722 4144
7657 7659 4467 4146
7660 7754 4148 4665
7740 7693 4150 4232
7755 7740 4232 3305
7693 7695 4233 4150
7796 7738 4158 4235
7666 7728 4541 4542
7668 7514 1761 1938
7797 7736  249 1756
7677 7774 1937 1751
7781 7677 1751 1953
7774 7782 1746 1937
7685 7687 1925 1741
7688 7798 1778 1779
7509 7796 4235 4236
7696 7509 4236 4153
7799 7708 3411 4897
7798 7712 1964 1778
7719 7654 1649 1726
7707 7666 4542 4540
7873 7780 3044 9486
9473 7667 1769 2424
7603 7601 8040 8081
7527 7632 4141 4185
7656 7657 4146 4722
7695 7696 4153 4233
7713 7718 1919 1733
7762 7763 1719 1720
7729 7857 9468 7067
7514 7797 1756 1761
7550 7858 9470  206
7556 7859 9471  141
7780 7860 9472 1767
9480 7861 9481 2460
9477 7863 9478 2467
9475 7865 9476 2462
7533 7866 9482 7344
7632 7775 4724 4141
7737 7799 4897 3895
7728 7873 9486 4541
7877 7878 9115 9079
7898 7899 9215 9359
7917 7918 9318 9320
7918 7926 9319 9318
7928 7938 9234 9317
7940 7951 9238 9316
7953 7963 9244 9357
7965 7975 9251 9313
7977 7984 9256 9356
8152 7996 9260 9554
8153 8009 9266 9562
8011 8018 9273 9307
8020 8030 9279 9354
8032 8041 9281 9278
8044 8045 9209 9326
7880 7874 2514 2530
7878 8053 9075 9115
9492 8057 2531 2847
8160 8058 2539 9494
9496 8054 2549 2848
9498 8060 2566 2842
9500 8061 2568 2849
8047 8063 9226 9358
9502 8062 2583 2845
8165 8065 2637 9504
9506 8066 2740 2856
9508 8067 2778 2851
8168 8068 2635 9509
8169 8069 2636 9510
8170 8070 2652 9511
8171 8071 2650 9512
8172 8072 2663 9514
8173 8073 2667 9516
9518 8049 2680 2857
9520 8074 2779 2853
9522 8075 2690 2846
9524 8076 2769 2854
9526 8077 2716 2844
8079 8080 7586 7587
8179 8078 2726 9527
8040 8081 7603 7601
8082 8083 9221 9323
8081 8079 7587 7603
8086 8040 7601 7609
8030 8032 9278 9279
8018 8020 9354 9273
8009 8011 9307 9266
8182 7998 9355 9563
7984 7986 9310 9256
7975 7977 9356 9251
7963 7965 9313 9244
7951 7953 9357 9238
7938 7940 9316 9234
7926 7928 9317 9319
8063 7917 9320 9226
8083 8047 9358 9221
7899 8082 9323 9215
8045 7898 9359 9209
8085 8044 9326 9201
8090 8086 7609 7610
8186 8090 9349 9561
8185 8085 9201 9555
8053 8089 9077 9075
8184 7876 9078 9541
8183 8088 2513 9528
7876 7877 9079 9078
7986 8152 9554 9310
7998 8153 9562 9355
8057 8155 9487 2531
9490 7880 2530 2840
8155 8157 9488 9487
8157 8158 9489 9488
8058 8159 9491 2539
9493 8160 9494 2841
8060 8161 9495 2566
8061 8162 9497 2568
8062 8163 9499 2583
8065 8164 9501 2637
9503 8165 9504 2850
8067 8166 9505 2778
8068 8167 9507 2635
8069 8168 9509 2636
8070 8169 9510 2652
8071 8170 9511 2650
8072 8171 9512 2663
9513 8172 9514 2843
9515 8173 9516 2852
8074 8174 9517 2779
8075 8175 9519 2690
8076 8176 9521 2769
8077 8177 9523 2716
8078 8178 9525 2726
8080 8179 9527 2728
7996 8182 9563 9260
7874 8183 9528 2514
8088 8184 9541 8514
8089 8185 9555 9327
8041 8186 9561 9281
9529 8207 4494 5261
8212 8210 3101 3102
8215 8213 8595 8596
8216 8217 1046 1512
8470 8222 1874 9530
8471 8209 1675 9531
8232 8233 5299 5300
8241 8242 5381 5386
8248 8249 5351 5352
8256 8254 6404 6406
8267 8268 6396 5305
8282 8280 3949 3096
8278 8283 4606 4607
8301 8302 4802 4803
8303 8304 3519 3525
8309 8310 4910 3517
8321 8320 9028 8497
8322 8321 4796 4797
8320 8386 8598 9028
8387 8296 3254 3072
8283 8389 3084 4606
8389 8390 3079 3084
8280 8278 4607 3949
8207 8212 3102 4494
8264 8267 5305 5384
8426 8264 5384 5385
8432 8225 5412 5413
8213 8385 8509 8595
8385 8433 9024 8509
8434 8435 3546 4805
8435 8436 4804 3546
8225 8431 5411 5412
8437 8232 5300 5410
8433 8432 9025 9024
8242 8429 5366 5381
8439 8426 5385 5326
8210 8282 3096 3101
8296 8301 4803 3254
8217 8334  381 1046
8222 8223 1673 1874
8431 8437 5410 5411
8233 8430 5391 5299
8430 8442 5389 5391
8442 8241 5386 5389
8429 8444 5365 5366
8444 8428 5363 5365
8428 8445 5362 5363
8445 8248 5352 5362
8249 8256 6406 5351
8254 8438 5333 6404
8438 8446 5331 5333
8446 8427 5327 5331
8427 8439 5326 5327
8268 8218 5297 6396
8449 8450 3073 4601
8450 8387 3072 3073
8302 8303 3525 4802
8304 8453 4799 3519
8453 8309 3517 4799
8310 8454 3511 3514
8454 8434 4805 3511
8436 8322 4797 4804
8472 8215 8596 9533
8334 8221  380  381
8390 8388 3078 3079
8388 8449 4601 3078
8219 8216 1512 1969
8218 8219 5296 5297
8221 8470 9530  380
8223 8471 9531 1673
8386 8472 9533 8598
8477 8478 5886 6348
8497 8498 4795 4796
9532 8502 7026 7058
8503 8504 5820 6420
8514 8512 2737 2513
8515 8516 4811 4812
8520 8521 4815 4816
8522 8523 4819 4820
8532 8533 4826 4827
8561 8560 4849 4848
8588 8589 6858 6859
8592 8584 5724 5722
8595 8596 8215 8213
9533 8598 8386 8472
9188 8601 7122 9535
9189 8609 6345 9537
8612 8613 6259 6257
8615 8614 8614 9144
8613 8615 6261 6259
8640 8641 6425 6537
8642 8643 4831 4832
8657 8655 6389 6390
8662 8477 6348 5402
8668 8669 5407 5408
8708 8706  162  157
8788 8838 9132 8788
8925 8926 9127 9128
8626 8960 6174 6175
8512 8670 2521 2737
8973 8665 5676 5674
8478 8974 6436 5886
8498 8515 4812 4795
8516 8520 4816 4811
8523 8991 4822 4819
8993 8532 4827 4821
8997 8642 4832 4828
8643 8998 4834 4831
9127 9128 8925 8926
9000 9129 8544 9138
9001 9000 4836 4833
9538 9011    8  222
8706 9017 6987 7022
8838 8925 9128 9132
9025 9024 8433 8432
9132 8788 8788 8838
8598 9028 8320 8386
9028 8497 8321 8320
9190 8600 7123 9540
9037 9036 6171 6262
8960 8623 6021 6174
8702 9046 6535 6028
8926 9048 9139 9127
8632 8640 6537 6536
9050 9049 5379 6352
9053 9052 5375 5359
9056 8657 6390 5374
8655 8662 5402 6389
9062 9025 5413 5415
8669 9062 5415 5407
8670 9065 2519 2521
8677 9067 2733 2518
8567 9069 2505 2515
9069 9012 2504 2505
8560 9070 4858 4849
9071 9072 9360 9347
9077 9075 8053 8089
9541 8514 8088 8184
9079 9078 7876 7877
8521 8522 4820 4815
8991 8993 4821 4822
8533 9082 4829 4826
9082 8997 4828 4829
9085 8544 9129 9149
9138 9086 4835 4836
9086 9087 4837 4835
8965 9089 4842 4841
9089 9091 4845 4842
9091 9092 4846 4845
9092 8561 4848 4846
9011 9098    7    8
9126 9139 9048 8730
9191 8708  157 9542
8589 8591 6798 6858
9544 8611 6347 6642
9545 8612 6257 6633
8614 9144 8615 8614
9144 9037 6262 6261
9036 9105 5277 6171
9105 9106 6363 5277
9109 9110 6025 6023
9110 8702 6028 6025
8623 8628 8628 9154
9046 8503 6420 6535
9049 9053 5359 5379
8641 9050 6352 6425
9052 9056 5374 5375
9193 8666 6441 9551
9065 8677 2518 2519
9067 8567 2515 2733
8730 9085 9149 9126
8998 9001 4833 4834
9149 9126 8730 9085
9072 9077 9327 9360
9115 9079 7877 7878
8628 9154 8623 8628
9154 9109 6023 6021
9048 8730 9126 9139
9129 9149 9085 8544
9075 9115 7878 8053
9070 9071 9347 9348
9128 9132 8838 8925
8504 8632 6536 5820
8620 8626 6175 6362
9139 9127 8926 9048
9106 8620 6362 6363
9553 9031 7128 7460
8509 8595 8213 8385
9024 8509 8385 8433
8579 8588 6859 6651
9018 8579 6651 6652
8545 8965 4841 4838
9087 8545 4838 4837
8544 9138 9000 9129
8974 8973 5674 6436
9017 9019 6916 6987
9019 9018 6652 6916
8591 8501 6793 6798
9534 9188 9535 7430
9536 9189 9537 6632
8665 8592 5722 5676
8666 8668 5408 6441
9539 9190 9540 7431
9098 8962  156    7
8962 9191 9542  156
8601 9192 9543 6556
9550 9193 9551 6640
8584 9195 9546 5724
9547 9194 9548 6636
8502 9197 9552 7126
9278 9279 8030 8032
9281 9278 8032 8041
9304 9303 4588 4584
9273 9307 8011 8018
9307 9266 8009 8011
9554 9310 7986 8152
9310 9256 7984 7986
9251 9313 7965 7975
9313 9244 7963 7965
9238 9316 7940 7951
9234 9317 7928 7938
9319 9318 7918 7926
9318 9320 7917 7918
9221 9323 8082 8083
9209 9326 8044 8045
9555 9327 8089 8185
9328 9304 4584 4582
9556 9328 4582 5212
9557 9329 4575 5210
9558 9330 4581 5211
9559 9332 3369 5209
9290 9335 3065 4557
9292 9336 3055 3056
9342 9339 4823 4857
9294 9343 3938 3939
9345 9346 4852 3945
9347 9348 9070 9071
9348 9299 3946 4858
9346 9297 4853 4852
9350 9296 4856 4854
9351 9295 4792 4855
9560 9352 4551 5251
9303 9353 7789 7765
9279 9354 8020 8030
9354 9273 8018 8020
9562 9355 7998 8153
9563 9260 7996 8182
9256 9356 7977 7984
9564 9334 4563 5208
9356 9251 7975 7977
9244 9357 7953 7963
9357 9238 7951 7953
9316 9234 7938 7940
9317 9319 7926 7928
9226 9358 8047 8063
9320 9226 8063 7917
9215 9359 7898 7899
9358 9221 8083 8047
9323 9215 7899 8082
9359 9209 8045 7898
9326 9201 8085 8044
9327 9360 9072 9077
9353 9305 7778 7789
9565 9285 4583 5257
9566 9286 4576 5256
9332 9288 3368 3369
9334 9331 3352 4563
9335 9289 3077 3065
9336 9290 4557 3055
9352 9292 3056 4551
9567 9301 3392 5197
9568 9361 3393 5200
9339 9362 3495 4823
9343 9342 4857 3938
9363 9294 3939 4791
9295 9363 4791 4792
9296 9351 4855 4856
9297 9350 4854 4853
9368 9345 3945 9569
9360 9347 9071 9072
9561 9281 8041 8186
9305 9349 7610 7778
9299 9368 9569 3946
2741 9369  223  152
2745 9370  219  167
 170 9371 2855 2780
 221 9372 2859 9373
2859 9373  221 9372
3046 9374 2497 1935
9376 9375 5219 5218
9377 9376 5218 5184
2490 9377 5184 9378
5184 9378 2490 9377
9380 9379 5225 5227
2489 9380 5227 9381
5227 9381 2489 9380
2483 9382 5249 9383
5249 9383 2483 9382
9385 9384 5248 5241
2484 9385 5241 9386
5241 9386 2484 9385
2485 9387 5236 9388
5236 9388 2485 9387
9390 9389 5233 5183
9391 9390 5183 5223
9392 9391 5223 5224
9393 9392 5224 5191
9394 9393 5191 5190
1853 9394 5190 3162
3092 9395 5193 3205
3233 9396 5194 3207
1849 9397 5201 3964
1885 9398 5202 3985
3051 9399 5203 4101
3050 9400 5204 3986
1828 9401 5206 2915
4548 9402 5207 3190
3383 9403 5253 4728
3211 9404 5195 3211
3090 9405 5254 3204
3382 9406 5255 4726
4558 9407 5192 3191
1985 9408 5258 3980
3385 9409 5259 3988
4535 9410 5260 4457
4881 9411 5262 4598
1258 9412 6629 5624
5699 9413 2436 1493
5782 9414 2422 1496
1245 9415 6634 6480
2437 9416 6635 9417
6635 9417 2437 9416
2458 9418 6641 9419
6641 9419 2458 9418
6532 9420 2419 1494
5719 9421 2420 1501
5309 9422 2471  715
9422 9423 2474 2471
2475 9424 6644 9425
6644 9425 2475 9424
9425 9426 2476 2475
2468 9427 6647 9428
6647 9428 2468 9427
1590 9429 6645 5293
 173 9430 7051 6970
9432 9431 7054 7053
 220 9432 7053 9433
7053 9433  220 9432
 189 9434 7052 6945
7126 9435 7057 7026
7163 9436 7049 6654
7077 9437 2423 1672
 798 9438 7433 7202
6697 9439 7434 7240
9441 9440 7436 7442
9442 9441 7442 7438
6690 9442 7438 7245
7167 9443 2478 1671
7207 9444 6643 6264
7344 9445 2477 1533
2480 9446 7468 9447
7468 9447 2480 9446
9449 9448 7467 7462
9450 9449 7462 7466
2482 9450 7466 9451
7466 9451 2482 9450
2479 9452 7463 9453
7463 9453 2479 9452
6699 9454 7471 7239
7240 9455 7050 6697
6695 9456 7472 7351
9458 9457 7473 7483
9459 9458 7483 7479
6693 9459 7479 7244
9461 9460 7487 7486
9462 9461 7486 7485
6687 9462 7485 7352
7012 9463 7488 7326
7011 9464 7489 7353
7529 9465 7056 6656
7618 9466 5214 4499
7708 9467 5205 3411
7459 9468 7857 9469
7857 9469 7459 9468
 142 9470 7858 7555
 209 9471 7859 7561
2424 9472 7860 9473
7860 9473 2424 9472
7736 9474 2459  249
9474 9475 2462 2459
2467 9476 7865 9477
7865 9477 2467 9476
2464 9478 7863 9479
7863 9479 2464 9478
9479 9480 2460 2464
1953 9481 7861 7781
7461 9482 7866 9483
7866 9483 7461 9482
7502 9484  218  144
7788 9485 2858 2783
3044 9486 7873 7780
9488 9487 8155 8157
9489 9488 8157 8158
2840 9489 8158 9490
8158 9490 2840 9489
2847 9491 8159 9492
8159 9492 2847 9491
8054 9493 2841 2549
2539 9494 8160 8058
2848 9495 8161 9496
8161 9496 2848 9495
2842 9497 8162 9498
8162 9498 2842 9497
2849 9499 8163 9500
8163 9500 2849 9499
2845 9501 8164 9502
8164 9502 2845 9501
8066 9503 2850 2740
2637 9504 8165 8065
2856 9505 8166 9506
8166 9506 2856 9505
2851 9507 8167 9508
8167 9508 2851 9507
2635 9509 8168 8068
2636 9510 8169 8069
2652 9511 8170 8070
2650 9512 8171 8071
8073 9513 2843 2667
2663 9514 8172 8072
8049 9515 2852 2680
2667 9516 8173 8073
2857 9517 8174 9518
8174 9518 2857 9517
2853 9519 8175 9520
8175 9520 2853 9519
2846 9521 8176 9522
8176 9522 2846 9521
2854 9523 8177 9524
8177 9524 2854 9523
2844 9525 8178 9526
8178 9526 2844 9525
2726 9527 8179 8078
2513 9528 8183 8088
8209 9529 5261 4496
1874 9530 8470 8222
1675 9531 8471 8209
8501 9532 7058 6793
8596 9533 8472 8215
8600 9534 7430 7123
7122 9535 9188 8601
8611 9536 6632 6347
6345 9537 9189 8609
9012 9538  222  212
9031 9539 7431 7128
7123 9540 9190 8600
9078 9541 8184 7876
 157 9542 9191 8708
6642 9543 9192 9544
9192 9544 6642 9543
8609 9545 6633 6345
6636 9546 9195 9547
9195 9547 6636 9546
6638 9548 9194 9549
9194 9549 6638 9548
9549 9550 6640 6638
6441 9551 9193 8666
7460 9552 9197 9553
9197 9553 7460 9552
9260 9554 8152 7996
9201 9555 8185 8085
9285 9556 5212 4583
9286 9557 5210 4576
9288 9558 5211 3368
9331 9559 5209 3352
9301 9560 5251 3392
9349 9561 8186 8090
9266 9562 8153 8009
9355 9563 8182 7998
9289 9564 5208 3077
9329 9565 5257 4575
9330 9566 5256 4581
9361 9567 5197 3393
9362 9568 5200 3495
3945 9569 9368 9345
