0
15
61
107
124
200
202
223
247
262
281
284
309
323
344
379
384
410
437
439
425
473
480
481
480
490
500
535
558
583
633
661
687
716
724
712
783
793
801
804
859
867
884
902
928
933
997
1003
1010
1032
1039
1049
1076
1130
1166
1187
1189
1202
1270
1271
1285
1306
1345
1354
1367
1415
1432
1438
1465
1466
1484
1543
1574
1591
1594
1616
1673
1699
1729
1747
1784
1789
1820
1829
1837
1882
1900
1918
1934
1960
1972
1987
1990
1996
1972
2008
1972
2023
2089
2112
2153
2161
2197
2207
2216
2233
2252
2263
2272
2305
2316
2368
2398
2417
2445
2451
2472
2484
2485
2530
2531
2539
2542
2553
2554
2553
2595
2612
2621
2641
2645
2664
2674
2680
2703
2707
2715
2722
2755
2797
2803
2812
2856
2870
2879
2923
2935
2966
2969
2976
2981
2993
3008
3017
3023
3046
3080
3102
3116
3134
3141
3142
3157
3187
3186
3214
3221
3236
3239
3242
3243
3268
3305
3338
3397
3403
3436
3472
3491
3508
3568
3583
3604
3615
3651
3652
3651
3656
3631
3682
3689
3709
3757
3764
3779
3781
3793
3824
3832
3846
3870
3885
3908
3982
4043
4044
4061
4069
4088
4097
4105
4116
4141
4144
4167
4175
4203
4205
4214
4235
4261
4268
4281
4297
4327
4329
4360
4372
4378
4380
4396
4398
4363
4402
4455
4479
4487
4490
4502
4516
4522
4524
4556
4561
4571
4573
4607
4608
4650
4680
4709
4712
4711
4737
4744
4771
4869
4888
4903
4930
4964
4903
4972
4979
4994
5005
5073
5089
5099
5113
5134
5146
5151
5155
5151
5166
5178
5260
5261
5260
5290
5356
5365
5377
5380
5392
5423
5425
5466
5473
5482
5512
5538
5628
5634
5652
5676
5710
5714
5730
5765
5771
5786
5785
5787
5827
5851
5882
5890
5892
5899
5958
5989
5992
6028
6046
6050
6055
6059
6088
6115
6137
6136
6151
6157
6141
6172
6217
6226
6235
6246
6247
6271
6296
6299
6313
6333
6342
6353
6369
6419
6440
6470
6480
6483
6500
6508
6515
6536
6572
6573
6611
6619
6630
6761
6773
6781
6806
6829
6841
6917
6922
6932
6956
6958
6965
6969
7006
7021
7026
7029
7047
7079
7090
7108
7112
7120
7123
7130
7141
7153
7177
7181
7177
7189
7220
7267
7280
7278
7282
7297
7330
7356
7357
7375
7417
7437
7457
7471
7481
7498
7517
7555
7579
7588
7591
7609
7652
7689
7713
7750
7762
7789
7822
7834
7850
7856
7896
7940
7941
7994
8033
8032
8042
8047
8073
8083
8093
8125
8199
8233
8246
8255
8258
8271
8315
8330
8416
8434
8476
8506
8508
8521
8530
8540
8563
8606
8607
8668
8672
8677
8681
8689
8700
8707
8753
8840
8879
8909
8911
8936
8962
8965
9009
9046
9064
9110
9129
9136
9167
9214
9217
9261
9283
9299
9401
9434
9442
9454
9455
9454
9464
9468
9490
9537
9545
9567
9588
9593
9573
9611
9639
9682
9700
9703
9769
9775
9778
9783
9820
9822
9884
9908
9976
10006
10026
10034
9976
10050
10117
10116
10174
10116
10176
10217
10218
10241
10258
10261
10280
10290
10258
10315
10408
10420
10465
10474
10483
10498
10590
10614
10617
10621
10643
10682
10722
10732
10744
10760
10762
10774
10790
10793
10818
10826
10832
10835
10845
10877
10899
10922
10934
10951
10953
10957
10982
10987
10990
10982
11005
11006
11005
11022
11039
11058
11070
11123
11124
11131
11193
11205
11263
11366
11374
11383
11426
11466
11485
11486
11495
11522
11545
11552
11596
11604
11618
11626
11663
11701
11713
11749
11776
11826
11833
11866
11869
11926
11932
11982
11983
11993
11998
12034
12058
12160
12172
12175
12199
12235
12243
12253
12250
12262
12297
12298
12297
12305
12350
12409
12429
12441
12490
12532
12581
12604
12610
12691
12719
12733
12754
12809
12823
12835
12844
12859
12869
12891
12907
12909
12907
12910
12913
12934
12933
12941
12948
12955
12969
12971
12969
12997
13012
13081
13132
13144
13175
13178
13184
13193
13202
13244
13283
13303
13316
13482
13505
13507
13529
13546
13549
13571
13573
13624
13628
13642
13651
13660
13680
13696
13702
13711
13722
13730
13754
13825
13841
13906
13969
14002
13999
14041
14050
14071
14086
14094
14095
14108
14174
14199
14218
14221
14226
14227
14230
14259
14296
14419
14437
14451
14472
14486
14487
14526
14530
14539
14563
14589
14614
14635
14681
14707
14719
14743
14759
14773
14782
14849
14867
14875
14881
14901
14929
14928
14955
14961
14969
15015
15028
15032
15062
15067
15103
15185
15211
15240
15355
15368
15367
15396
15409
15431
15458
15475
15496
15498
15577
15612
15613
15622
15623
15631
15641
15652
15667
15690
15698
15715
15727
15721
15769
15781
15793
15826
15838
15892
15898
15910
15907
15919
15922
15930
15963
15966
16086
16096
16105
16122
16149
16194
16203
16225
16246
16250
16264
16274
16281
16285
16291
16295
16293
16303
16309
16312
16322
16348
16365
16407
16433
16443
16465
16472
16493
16507
16570
16573
16576
16595
16600
16612
16514
16614
16621
16603
16639
16646
16684
16705
16729
16746
16756
16766
16807
16816
16837
16876
16883
16897
16909
16910
16921
16930
16935
16962
16922
16978
16990
17007
17013
17039
17038
17054
17120
17128
17144
17156
17158
17161
17189
17199
17209
17218
17251
17273
17278
17294
17299
17314
17317
17325
17342
17343
17350
17355
17407
17419
17447
17449
17456
17503
17512
17536
17539
17564
17582
17587
17601
17795
17800
17812
17839
17857
17880
17890
17893
17900
17926
17929
18042
18055
18061
18073
18097
18125
18147
18157
18142
18175
18163
18178
18203
18231
18248
18304
18322
18355
18354
18364
18354
18389
18412
18415
18423
18449
18526
18595
18613
18634
18652
18656
18670
18777
18820
18840
18847
18892
18919
18934
18941
18966
18970
18972
18985
18994
18989
19004
19017
19063
19072
19099
19165
19168
19186
19210
19252
19262
19279
19330
19348
19372
19403
19404
19421
19481
19504
19536
19575
19600
19618
19621
19669
19687
19730
19762
19772
19823
19855
19772
19861
19888
19905
19915
19941
19942
19987
19993
20005
20008
20012
20025
20026
20045
20053
20092
20168
20201
20224
20230
20249
20287
20319
20320
20332
20347
20353
20368
20405
20416
20434
20476
20480
20609
20630
20635
20654
20655
20667
20675
20678
20707
20752
20755
20785
20806
20815
20829
20845
20886
20902
20925
20929
20936
20950
20968
21061
21096
21106
21108
21115
21146
21165
21169
21177
21217
21238
21358
21364
21379
21392
21418
21424
21428
21429
21460
21467
21481
21498
21520
21524
21589
21604
21610
21649
21676
21704
21748
21773
21817
21898
21964
21970
22007
22008
22009
22016
22034
22036
22039
22054
22060
22084
22102
22131
22143
22249
22251
22264
22289
22197
22291
22294
22322
22324
22372
22378
22406
22415
22422
22436
22551
22629
22635
22658
22719
22745
22812
22881
22912
22981
22999
23037
23050
23130
23170
23179
23192
23191
23215
23219
23221
23247
23252
23264
23269
23264
23287
23291
23299
23339
23361
23378
23404
23408
23419
23441
23443
23452
23458
23460
23507
23510
23572
23600
23611
23626
23681
23690
23737
23741
23749
23761
23773
23776
23778
23786
23795
23814
23830
23837
23842
23830
23851
23860
23884
23993
6419
24015
24021
24037
24049
24079
24091
24115
24127
24133
24136
24153
8889
24172
24196
24194
24214
24219
24220
24219
24226
24219
24261
24262
24261
24291
24319
24327
24370
24377
24399
24400
24406
24421
24456
24472
24433
24508
24527
24590
24611
24694
24751
24754
24790
24791
24790
24796
24838
24885
24917
24919
24934
24958
24973
24975
24982
25039
25050
25060
25050
25078
25087
25111
25121
25126
25195
25249
25271
25293
25046
25301
25302
25341
25343
25388
25436
25470
25496
25526
25537
25557
25560
25585
25584
25592
25594
25616
25654
25665
25675
25713
25784
25856
25858
25870
25875
25924
25999
26011
26071
26074
26093
26134
26154
26178
26184
26226
26323
26328
26337
26338
26410
26435
26460
26463
26491
26533
26554
26559
26571
26608
26714
26749
26785
26806
26810
26834
26930
15262
26965
26968
26990
27003
27025
27112
27118
27132
27138
27187
27195
27202
27206
27214
27257
27271
27306
27394
27397
27409
27455
27514
27515
27517
27550
27594
27609
27659
27737
27742
27750
27770
27811
27849
27936
27943
27946
27962
27978
28050
28073
28084
28100
28102
28117
28119
28142
28174
28189
28234
28292
28298
28300
28323
28331
28352
28387
28400
28402
28442
28483
28485
28489
28513
28477
28533
28564
28580
28587
28605
28614
28620
28670
28672
28676
28677
28698
28711
28716
28728
28744
28765
28778
28780
28800
28803
28814
28816
28834
28842
28853
28867
28871
28894
28899
10881
28915
28913
28934
28932
28936
28934
28942
28936
28934
28932
28948
28944
28978
28993
29003
29011
29017
29034
29056
29059
29123
29133
29146
29151
29271
29318
29328
29335
29369
29383
29410
29487
29662
29675
29705
29615
29716
29728
29734
29754
29760
29825
29859
29864
29873
30013
30021
30041
30048
30054
30073
30101
30104
30113
30164
30186
30187
30186
30196
30199
30206
30214
30238
30259
30263
30266
30268
30304
30314
30340
30346
30343
30368
30383
30403
30408
30436
30446
30467
30495
30506
30525
30550
30554
30604
30620
30625
30628
30632
30682
30690
30714
30737
30767
30881
30885
30929
30948
31006
31010
31015
31019
31067
31091
31152
31229
31268
31274
31286
31318
31330
31347
31358
31333
31384
31449
31453
31488
31510
31551
31604
31606
31641
31655
31661
31667
31669
31678
10869
31688
11031
31713
11027
31719
31726
28938
31744
31747
31790
31828
31840
31849
31853
31882
31889
31902
31909
31912
31963
31985
32001
32032
32035
32049
32052
32101
32111
10637
32117
32131
32146
32131
32152
32155
32131
32161
32201
32206
32243
32370
2380
32380
32417
32449
32461
32492
32501
32503
32530
32546
32590
32602
32605
32693
32705
32719
32746
32761
32799
32797
32807
32825
32852
32867
32896
32927
32966
32972
32981
32988
33035
33038
33079
33110
33079
33115
33120
33135
33152
33164
33167
33197
33239
33250
33268
33274
11048
33280
33337
33347
33374
33379
33388
33406
33410
33440
33442
33448
33490
33500
33540
33551
33562
33524
33565
33578
33673
33684
33695
33718
33746
33757
33802
33820
33872
33873
33889
33918
33961
33966
34031
34054
34078
34095
34111
34123
34153
34159
34227
34276
34370
34393
34399
34430
34442
34487
11088
34489
34492
34516
34542
34543
34546
34550
34579
34594
34604
34621
34675
34698
34762
34765
34860
34889
34895
34897
34936
34960
34966
34951
35038
35098
35134
35177
35183
35182
35218
35233
35260
35266
35298
35311
35326
35410
35419
35425
35443
8937
35525
35536
35543
35589
35632
35659
35668
35671
35681
35718
35737
35740
35774
35794
35793
35837
35836
35845
35858
35898
35912
35962
35979
35986
35956
35989
36025
36051
36062
36074
36103
36108
36124
36151
36153
36169
36194
36205
36227
36284
36289
36301
36304
36344
36343
36364
36376
36427
36435
36452
36547
36588
36657
36682
36701
36716
36749
36751
36781
36785
36815
36856
36913
36943
36959
36970
36984
36998
36999
37062
37097
37095
37094
37098
37124
37137
37152
37259
37273
37277
37335
37354
37422
37426
37432
37472
37473
37503
37510
37549
37560
37570
37646
37651
37654
37694
37709
37732
37768
37786
37792
37812
37846
37694
37868
37933
37966
38011
38020
38048
38062
38116
38119
38125
38158
38176
38228
38229
38261
38308
38332
38354
38367
38375
38501
38698
38707
38827
38833
38917
38940
39099
39124
39140
39208
39255
39297
39369
39418
39497
39556
39578
39624
39640
39685
39797
39827
39887
39902
39931
39958
40009
40030
40060
40061
40060
40078
40097
40099
40125
40163
40193
40237
40246
40258
40261
40300
40306
40310
40315
40339
40342
40459
40567
40583
40585
40605
40636
40639
40647
40678
40684
40704
40711
40723
40738
40747
40760
40833
40864
40907
40948
41008
41017
41027
41106
41109
41131
41189
41190
41288
41311
41359
41374
41398
41410
41412
41444
41483
41487
41533
41614
41629
41632
41644
41653
41679
41806
41815
41830
41848
41858
41869
41903
41904
41929
41974
41981
42015
42049
42065
42067
42077
42120
42141
42151
42178
42183
42221
42244
42275
42315
42332
42424
42433
42478
42479
42490
42498
42543
42548
42550
42615
42658
42665
42667
42688
42689
42694
42703
42720
42733
42754
42797
42799
42813
42850
42859
42909
42928
42934
42989
43033
43066
43061
43163
43169
43186
43214
43240
43249
43361
43383
43387
43390
43447
43457
43486
43488
43510
43513
43533
43543
43553
43557
43586
43589
43607
43615
43629
43637
43640
43641
43645
43648
43684
43839
43971
43984
44128
44150
44174
44182
44204
44276
44288
44297
44306
44322
44357
44361
44374
44329
44443
44452
44458
44504
44509
44516
44542
44562
44581
44585
44653
44658
44665
44699
44756
44759
44605
44771
44794
44800
44837
44863
44873
44880
44885
44897
44929
45037
45053
45124
45130
45166
45169
45184
45209
45239
45343
45403
45454
45517
45591
45604
45620
45630
45683
45691
45756
45788
45802
45826
45847
45940
45957
45968
45973
45991
46003
46016
46030
46033
46045
46077
46081
46120
46129
46177
46200
46231
46245
46276
46331
46409
46429
46442
46453
46488
46499
46516
46559
46565
46609
46641
46651
46665
46678
46741
46745
46747
46767
46777
46774
46801
46819
46823
46937
46940
46965
47017
47029
47032
47120
47200
47228
47254
47389
47424
47461
47478
47490
47505
47511
47605
47647
47744
47782
47812
47821
47869
47893
47938
47969
47980
48022
48067
48085
48094
48140
48148
48157
48187
48196
48210
48223
48229
48235
48260
48277
48298
48303
48340
48358
48385
48388
48391
48406
48419
48422
48436
48457
48461
48464
48476
48488
48491
48525
48548
48574
48587
48586
48596
48600
48618
48614
48627
48639
48656
48655
48696
48706
48720
48727
48731
48745
48767
48779
48811
48821
48826
48829
48832
48834
48835
48883
48916
48920
48930
48938
48940
48944
48965
48971
48973
49014
49020
49035
49066
49070
49086
49101
49097
49102
49128
49132
49151
49157
49186
49224
49256
49265
49267
49234
49312
49316
49342
49387
49406
49446
49469
49493
49519
49507
49528
49591
49600
15117
49606
49650
49678
49687
49696
49718
49777
49784
49796
49784
49829
49874
49954
49921
49975
49993
50030
50059
50061
18733
50072
50085
50092
50095
50125
50134
50137
50092
50141
50160
50182
50184
50188
50192
50266
50299
50359
50362
50389
50397
50470
50527
50529
50527
50551
50563
50584
50594
50605
50656
50673
50725
50727
50737
50768
50784
50791
50795
50807
50795
50814
50866
50884
50920
50923
50942
50944
50974
50986
51046
51082
51084
51087
51094
51122
51126
51146
51193
51223
51242
51253
51257
51307
51319
51329
51345
51390
51395
51419
51433
51436
51433
51488
51505
51519
51592
51618
51625
51652
51763
51745
51829
51874
51881
51883
51901
51910
51916
51920
51874
52004
52095
52171
52240
52313
52351
52372
52374
52496
52567
52585
52604
52664
52675
52678
52717
52732
52717
52762
52822
52843
52876
52889
52893
52940
52942
52959
52990
53006
53026
53059
53063
53071
53074
53096
53117
53143
53158
53258
53300
53334
53344
53412
53443
53450
53531
53556
53609
53671
53668
53706
53756
53758
53806
53812
53921
53933
53944
53950
53992
54016
54031
54090
54131
54155
54187
54211
54244
54260
54283
54304
54390
54430
54442
54479
54481
54484
54524
54567
54631
54662
54695
54718
54755
54778
54787
54807
54830
54835
54836
54847
54859
54894
54911
54948
54970
54982
54988
54999
55007
55015
55027
55033
55044
55049
55138
55162
55186
55290
55279
55324
55341
55342
55341
55397
55409
55456
55477
55480
55528
55580
55617
55639
55694
55703
55780
55809
55909
55933
55945
55960
55975
55989
55999
56032
56062
56095
56119
56122
56137
56158
56173
56182
56221
56222
56240
56273
56308
56313
56314
56329
56338
56404
56421
56464
56495
56506
56521
56542
56558
56568
56575
56645
56665
56701
56675
56723
56731
56773
56777
56781
56811
56841
56847
56865
56909
56910
27972
56915
56923
56926
56935
56941
56955
56971
56984
57004
57006
57013
57040
28111
57067
57075
57084
57093
57094
57093
57100
57145
57162
57166
57181
57208
57215
57243
57248
57250
57286
57331
57368
57379
57382
57412
57433
57494
57496
57454
57578
57593
57612
57635
57724
57579
57725
57724
57742
57744
57747
57763
57770
57821
57842
57854
58089
58095
58099
58110
58126
58172
58171
58195
58222
58231
58332
58354
58372
58426
58435
58450
58472
58509
58546
58568
58585
58627
58628
58675
58694
58756
58801
58810
58829
58870
58871
58888
58895
58898
58909
59032
59036
59035
59041
59044
59057
59062
59086
59092
59128
59140
59170
59219
59223
59266
59342
59344
59359
48674
59380
59422
59458
59438
59521
59548
59554
59597
59611
59641
59653
59746
59749
59753
59785
59810
59837
59959
59989
59992
59998
60022
60092
60148
60157
60184
60221
60223
60256
60286
60362
60374
60442
60499
60502
60517
60523
60547
60553
60577
60581
60607
60646
60655
60661
60667
60669
60744
60772
60806
60823
60832
60841
60669
60901
60904
60928
60938
60939
60944
61003
61024
61030
61057
61071
61075
61101
61144
61165
61180
61234
61241
61276
61315
61192
61335
61365
61366
61375
61443
61444
61453
61458
61415
61501
61510
61531
61543
61617
61507
61627
61683
61698
61720
61745
61750
61783
61800
61803
61831
61888
61897
61918
61928
61929
61936
61939
61949
61969
61975
61976
61975
61988
61996
62020
62050
62053
62101
62125
62149
62179
62213
62227
62262
62119
62278
62280
62291
62300
62335
62339
62371
62401
62411
62412
62422
62458
62488
62515
62447
62518
62530
62550
62608
62567
62659
62702
62749
62761
62786
62830
62839
62842
62851
62856
62860
62863
62873
62962
62927
62989
62998
63009
63037
63055
63142
63151
63163
63175
63187
63218
63282
63295
63301
63313
63361
63394
63430
63452
63455
63458
63480
63496
63509
63533
63572
63628
63631
63646
63663
63673
63697
63796
63845
63862
63858
63886
63882
63892
63949
63947
64009
64063
64066
64063
64081
64108
64126
64180
64193
64238
64239
64255
64285
64296
64306
64347
64411
64423
64459
64462
64467
64494
64576
64606
64675
64681
64684
64696
64552
64726
64747
64778
64787
64803
64822
64835
64857
64930
64946
64960
65009
65017
65025
65047
65074
65116
65119
65164
65166
65195
65201
65213
65252
65326
65336
65359
65315
65170
65427
65435
65439
65445
65481
65513
65621
65647
65755
65782
65785
65791
65838
65850
65855
65866
65887
65903
65944
65974
65983
66040
66109
66130
66142
66188
66208
66234
66247
66259
66291
66295
66291
66307
66371
66424
66463
66473
66522
66621
66649
66664
66688
66721
66745
66754
66800
66817
66868
66890
66916
66940
66943
66959
66978
67000
67079
67078
67087
67097
67133
67171
67234
67171
67264
67276
67303
67322
67337
67345
67358
67362
67369
67390
67411
67435
67449
67471
67492
67496
67504
67543
67634
67681
67686
67700
67720
67765
67766
67846
67894
67913
67939
67955
67986
68008
68050
68090
68098
68123
68133
68140
68161
68176
68185
68077
68187
68192
68216
68227
68281
68362
68386
68396
68399
68446
68468
68470
68473
68503
68506
68509
68560
68588
68591
68644
68674
68707
68724
68744
68789
68794
68809
68815
68650
68827
68830
68843
68860
68883
68931
68997
69010
69016
69046
69119
69142
69196
69199
69212
69264
69271
69275
69329
69334
69352
69383
69406
69414
69457
69481
69501
69505
69512
69518
69562
69577
69586
69617
69631
69662
69708
69715
69613
69724
69737
69772
69797
69814
28762
69853
69856
69877
69895
69902
69916
69931
69909
69949
69952
70015
70028
70042
70047
70054
70069
70156
70166
70171
70176
70198
70205
70234
70274
70286
70289
70300
70316
70354
70389
70393
70390
70396
70420
70438
70501
70507
70564
70624
70675
70717
70720
70738
70717
70744
70774
70787
70788
70801
70807
70828
70849
70913
70996
70999
71005
70997
71020
71021
71072
71090
71165
71179
71240
71278
71290
71293
71305
71323
71347
71354
71380
71476
71539
71553
71554
71642
71764
71788
71867
71887
71959
71968
71990
71998
72028
72037
72050
72053
72095
72115
72130
72147
72154
72233
72260
72256
72340
72344
72399
72406
72415
72434
72397
72442
72483
72504
72520
72535
72560
72559
72574
72606
72631
72680
72683
72717
72730
72784
72847
72908
72907
72982
72997
73016
73044
73097
73109
73141
73156
73162
73189
73217
73267
73291
73297
73304
73330
73372
73412
73451
73507
73515
73546
73577
55809
73597
73585
73606
12364
73636
73699
73757
73774
73778
73792
73811
73822
73819
73835
73855
73863
73871
73895
73908
73916
73927
73934
73936
73949
74036
74071
74074
74086
74090
74094
74098
74134
74183
19460
74185
74198
74227
74245
74297
74322
74332
74392
74407
74434
74451
74480
74488
74491
74512
74537
74547
74548
74547
74551
74575
74555
74587
74617
74621
74644
74674
74709
74710
74730
74752
74803
74809
74818
74839
74863
74896
74914
74953
74973
74980
74991
75001
75013
75050
75058
75092
75090
75121
75127
75135
75138
75160
75218
75223
75236
75249
75302
75324
75389
75387
75415
75502
75529
75538
75537
75540
75547
75571
75577
75582
75631
75634
75655
75685
75701
75710
75784
75830
75851
75862
75874
75884
75886
75904
75916
75979
76042
76056
76136
76139
76190
76210
76242
76248
76255
76324
76348
76358
76362
76381
76385
76405
76429
76456
76548
76573
76612
76627
76631
76685
76761
76781
76816
76858
76862
76890
76922
76939
76945
76947
76961
76999
77005
77024
77071
77152
77165
77206
77236
77254
77261
77268
77320
77362
77380
77390
77403
77426
77442
77476
77484
77521
77554
77596
77622
77644
77622
77652
77681
77689
77696
77746
77794
77840
77845
77850
77858
77891
77896
78011
78017
78025
78027
78145
78147
78164
78193
78202
78237
78278
78301
78336
78364
78404
78425
78436
78448
78460
78469
78470
78469
78571
78586
78613
78617
78619
78622
78629
78613
78631
78645
78667
78679
78694
78707
78724
78743
78736
78772
78809
78846
30061
78859
78875
78885
78959
79028
79046
79084
79117
79139
79193
79234
79372
79373
79376
79431
79469
79474
79491
79506
79567
79610
79620
79567
79670
79672
79726
79764
79786
79805
79813
79858
79868
79876
79948
80011
80049
80141
80184
80197
80221
80245
80249
80251
80279
80299
80392
80406
80428
80429
80496
80562
80603
80659
80696
80763
80764
80779
80822
80860
80887
80985
81077
81147
81163
81241
81316
81378
81404
81461
81468
81472
81479
81521
81563
81624
81650
81674
81693
81718
81728
81773
81782
81810
81823
81845
81926
81932
82028
82036
82049
82068
82103
82118
82157
82166
82194
82299
82311
82318
82354
82357
82376
82385
82412
82450
82504
82546
82582
82588
82601
82615
82620
82624
82627
82638
82672
31813
82694
82699
82704
82709
82714
82717
82726
82709
82789
82864
82931
82944
82972
82980
82990
83005
83014
83023
83040
83101
83110
83167
83173
83186
83209
83227
83249
83251
83257
83260
83302
83332
83362
83391
83407
83445
83461
83474
83503
83513
83582
83587
83610
83651
83662
83702
83723
83776
83797
83842
83846
83860
83866
83878
83910
83950
71165
83956
83989
83920
83992
84008
84082
84114
84118
84122
84190
84221
84212
84263
84266
84276
84283
84343
84411
84442
84487
84491
84517
84514
84520
84538
84601
84646
84692
84697
84711
84734
84772
84796
84803
84838
84844
84851
84853
84886
84907
84937
84943
84953
84962
84973
84953
84984
85005
85010
85015
85054
85064
85130
85135
85246
85255
85264
85343
85373
85381
85396
85426
85443
85471
85486
85495
85514
85604
85630
85645
85672
85668
85682
85681
85708
85742
85856
85861
85879
85891
85902
85978
85982
85939
85983
85999
86047
86050
86113
86123
86165
86191
86203
86239
86367
86407
86463
86470
43543
86541
86553
86560
86567
86578
86670
86693
86771
86795
86800
86808
86812
86846
86921
86938
86942
86973
87006
87029
87096
87142
87145
87190
87219
87230
87241
87260
87268
87294
87298
87316
87343
87359
87362
87364
87372
87397
87433
87463
87494
87524
87536
87524
87550
87589
87604
87626
87634
87641
87640
87643
87652
87658
87667
87679
87695
87730
87739
87746
87748
87777
87783
87837
87853
87870
87898
45828
87904
87922
82714
87935
87953
88003
88015
88033
88053
88078
88084
88096
88117
88166
88198
88201
88217
88225
88228
88262
88267
88270
88285
88324
88330
88333
88360
88367
88373
88393
88405
88445
88471
88493
88504
88510
88522
88525
88552
88580
88591
88618
88651
88666
88670
88675
88717
88771
88816
88831
88837
88859
88879
88894
88945
88954
88961
88975
88978
89047
89054
89078
89092
89095
89098
89102
89117
89128
89201
89200
89237
89236
89252
89278
89279
89305
89334
89347
89356
89371
89388
89507
89508
89577
89578
89596
89618
89621
89632
89656
89659
89674
89696
89710
89716
89738
89740
89748
89746
89754
89758
89779
89785
89797
89849
89860
89869
89873
89885
89888
90037
90079
90078
90116
90154
90162
90175
90184
90181
90191
90205
90217
90244
90256
90307
90330
90340
90349
90358
90365
90377
90365
90397
90422
90440
90442
90446
90452
90478
90485
90497
90503
90559
90593
90602
90656
90664
90674
90690
90722
90733
90742
90761
90784
90775
90796
90832
90886
90890
90928
90941
90942
90968
90997
91003
91013
91015
91018
91032
91045
91054
91070
91090
91093
91120
91130
91132
91150
91180
91211
91216
91217
91235
91250
91276
91292
91334
91391
91393
91405
91424
91423
91447
91469
91481
91485
91496
91502
91509
91520
91502
91548
91566
91581
91596
91597
91621
91625
91628
91642
91657
91662
91757
91779
91805
91807
91825
91826
91834
91839
91843
91839
91850
91871
91874
91897
91903
91910
91911
91940
91996
91988
92002
92007
92009
92041
92080
92094
92109
92124
92142
92166
92174
92192
92198
92220
92231
92251
92254
92291
92323
92327
92335
92340
92344
92359
92374
92380
92397
92401
92404
92439
92455
92482
92491
92530
92536
92542
92513
92546
92556
92567
92577
92611
92641
92662
92668
92695
92706
92711
92730
92731
92735
92745
92752
92770
92806
92809
92825
92834
92854
92857
92863
92868
92878
92890
92773
92892
92918
92989
93001
93015
93026
93046
93056
93059
93140
93142
93187
93215
93233
93242
93251
93275
93283
93305
93311
93319
93326
93353
93382
93434
93508
93545
93548
93549
93555
93564
93592
93593
93611
93642
93652
93664
93668
93701
93743
93757
93756
93781
93828
93832
93842
93857
93901
93937
93983
93958
93991
93979
93998
94008
94011
94111
94127
94168
94207
94332
94339
94391
94406
94409
94433
94441
94452
94453
94462
94451
94486
94505
94533
94570
94599
94624
94691
94704
94708
94725
94750
94756
94817
94824
94889
94922
94926
94957
94963
95008
95049
95054
95096
95139
95160
95162
95168
95173
95209
95419
95557
95569
95593
95599
95602
95604
95610
95614
95621
95635
95644
95650
95661
95677
95689
95759
95760
95785
95792
95793
95814
95839
95849
95872
95884
95885
95920
95929
95944
95950
95932
95983
96019
96029
96070
96141
96219
96226
96238
96311
96568
96610
96616
96628
96639
96672
96692
96765
96798
96781
96832
96835
96844
96871
96888
96899
96908
96924
96981
96990
97014
97042
97063
97070
97088
97099
97104
97142
97148
97182
97189
97207
97213
97242
97255
97287
97304
97327
97418
97472
97481
97486
97490
97563
97578
97597
97612
97639
97673
97695
97708
94310
97723
97744
97753
97747
97771
97786
92058
97802
97882
97888
97891
97911
97970
97986
98001
98049
98056
98062
98081
98113
98126
98128
98131
98135
98134
98140
98149
98158
98164
98176
98186
98188
98206
98222
98220
98339
98399
98413
98474
98500
98597
98605
98618
98626
98633
98640
98630
98648
98666
98683
98695
98712
98729
98743
98756
98760
98781
98796
98799
98812
98835
98842
98851
98852
98857
98867
98877
98894
95644
98921
98923
98959
98964
98974
99022
99041
99079
99134
99142
99152
99161
99212
99217
99212
99236
99241
99289
99361
99382
99400
99403
99406
99407
99409
99415
99486
99509
99534
99531
99565
99544
99575
99592
94332
99608
99627
99647
99685
99698
99715
99722
99729
99745
99755
99772
99830
99832
99850
99889
99940
99951
99996
100003
100021
100061
100075
100066
100113
100115
100119
100121
100119
100132
100133
100128
100165
100168
100171
94664
100190
100216
100241
100269
100282
100301
100340
100342
100354
100418
100425
100499
100519
100531
100562
100570
100581
100594
100603
100616
100610
100623
100626
100642
100650
100667
100673
100678
100691
100693
100727
100759
100746
100802
100807
100872
100880
100883
100950
100975
101032
101042
101044
101063
101081
101098
101105
101134
101152
101177
101188
101208
101260
101407
101436
101455
101465
101476
101496
101543
101561
101594
101610
101611
101649
101657
101703
101767
101882
101909
101941
101987
101998
102042
102046
102042
102055
102085
102103
102109
102070
102130
102247
102248
102344
102402
102412
102578
102616
102613
102671
102702
102716
102734
102742
102827
102856
102920
102930
103058
103112
103114
103130
103142
103186
103250
103268
103319
103315
103351
103377
103397
103432
103501
103529
103601
103621
103632
103651
103677
103678
103677
103743
103778
103805
103826
103831
103835
103946
104020
104027
104033
104049
104155
104158
104176
104191
104216
104248
104244
104295
104307
104315
104333
104375
104388
104392
104414
104416
104420
104434
104437
104457
104460
104511
104526
104532
104542
104549
104561
104567
104577
104596
104608
104643
104658
104670
104675
104685
104701
104719
104727
104737
104746
104757
104758
104757
104804
104725
104806
104813
104818
104835
104911
104956
104962
104992
105004
105034
105055
105085
105131
105162
105167
105169
105167
105174
105175
105226
105244
105322
105367
105382
105388
105390
105424
105440
105443
105418
105458
105460
105480
105484
105460
105538
105571
105709
105715
105759
105767
105775
105799
105823
105841
105849
105853
105857
105878
105924
105952
105956
105966
102810
106003
98605
106021
106032
106051
106075
106090
106099
106108
106142
106177
106199
106204
106261
106265
106304
106311
106310
106336
106351
106343
106355
106366
106369
106375
106384
106400
106429
100051
106441
106478
106484
106490
106507
106530
106545
106575
106579
106600
106609
106615
106663
106679
106687
106768
106774
106777
97788
94159
106780
106803
106780
106815
106829
106837
106896
106885
106903
100126
106891
106909
106976
106156
107054
107086
107098
107149
107150
107156
107161
107164
107150
107174
107222
107233
107267
107296
107373
107430
107480
107597
107618
107619
107640
107690
107732
107795
108096
108117
108155
108163
108169
108178
108249
108276
108286
108323
108350
108383
108427
108436
108511
108514
108604
108628
108629
108628
108745
108781
108785
108817
108832
108844
108855
108861
108917
108922
104384
108958
108974
109060
109096
109181
109222
109230
109238
109256
109324
109336
109339
109349
109354
109359
109375
109383
109400
109423
109486
109495
109499
109506
109507
109524
109531
109628
109635
109663
109669
109673
109738
109743
109753
109776
109822
109857
109898
109942
109960
109965
109995
92449
110029
110063
110054
110080
110113
110137
110151
110160
110164
110227
110230
110256
110269
110278
110302
110314
93549
110347
110349
110407
110417
110419
110446
110461
110479
110488
110494
110506
110518
110539
110551
110582
110604
110607
110668
110681
110683
99558
110701
110707
110713
110738
110749
110776
100123
110806
110807
110887
110932
110935
110969
110999
111000
111075
111110
111154
111185
111194
111205
111220
111194
111223
111257
111305
111309
111401
111406
111445
111499
111493
111549
111610
111656
111706
111723
111742
111745
111799
111805
107511
111847
111925
111937
111958
111976
112037
112024
112057
112112
112132
112140
112187
112232
112246
112250
112261
112274
112289
112312
112318
112343
112363
112379
112397
112405
112408
112412
112480
112567
112586
112597
112601
112618
112625
112633
112636
112651
112655
112678
112708
112727
112729
112728
112748
112757
112767
112774
112811
112822
112837
112906
112917
112918
112927
112917
112918
112942
112941
112951
112969
112975
112978
113001
113012
113023
113032
113090
113108
113132
113135
113140
113155
113181
113234
113236
113241
113248
113271
113291
113299
113357
113417
113470
113488
113491
113516
113563
113570
113571
113577
113590
113611
113607
113625
113630
113632
113647
113648
113656
113648
113671
113684
113687
113692
113694
113702
113709
113717
113739
113779
113789
113797
113806
113339
113935
113954
113981
113999
113995
114009
114028
114105
114122
114127
114133
114165
114214
114286
114289
114319
114323
114336
114352
114356
114482
114511
114530
114534
114550
114559
114565
114581
114586
114604
114613
114617
114613
114619
114613
114633
114655
114658
114679
114694
114697
114712
114714
114760
114775
114800
114814
114816
114831
114846
114880
114890
115009
115040
115060
115082
115090
115113
115153
115159
115167
115231
115264
115294
115297
115318
115357
115353
115381
115414
115421
115435
115442
115459
115453
115513
115516
115519
115533
115542
115549
115636
115675
115705
115743
115839
115849
115904
115924
115975
115990
116026
116054
116074
116104
116178
116197
116209
116214
116224
116235
116257
116260
116272
116263
116303
116314
116362
116366
116394
116411
116424
116448
116452
116469
116483
116496
116570
116569
116578
116723
116854
116865
116943
117004
117018
117040
117058
117062
117090
117093
117095
117093
117133
117148
117156
117210
117218
117273
117277
117326
117331
117339
117354
117371
117450
117470
117479
117493
117510
117555
117601
117618
117640
117671
117724
117737
117769
117797
117803
117864
117883
117882
117902
117941
118000
118008
118042
118085
118086
89973
118100
118110
118136
118172
118197
118206
118253
118260
118266
118270
118367
118396
118407
118417
118433
118445
118482
118494
118560
118572
55409
118599
118610
118639
118643
118653
118686
118708
118723
118802
118801
118827
118842
119005
119057
119120
119138
119188
119230
119307
119389
119395
119409
119481
119495
119516
119600
119608
119621
119600
119647
77162
119692
119711
119718
119725
119731
119790
119833
119840
119876
119929
119965
119990
119991
120008
120042
30419
120048
120098
120173
19348
120243
120305
31982
120325
120340
120369
120396
120414
120424
120505
120441
120566
120575
120580
120605
120607
120635
120646
120647
120671
120693
120698
120708
120711
120717
120744
120763
120770
120776
120782
120785
120763
120782
120787
120801
120823
120833
120910
120925
120926
120996
121043
121088
121127
121142
121172
121185
121212
41442
41444
121215
121225
121245
121258
121268
121291
121337
121359
121395
121397
121418
121435
121456
121510
121525
121524
121547
121559
121570
121576
121578
121571
121576
121590
121599
121601
121617
121613
121624
121642
121672
121663
121690
121697
121690
121732
121769
121772
121781
121794
121802
121542
121803
121804
121817
121823
121835
121879
121880
121879
121890
121863
121874
121865
121906
121939
121943
29003
121964
121970
121981
121976
122008
122012
122009
122008
122023
121906
122026
122017
122027
122042
122052
122067
122072
122063
122078
122091
122092
122103
122116
122131
122135
122152
122159
122152
122162
122198
122209
122177
122221
122227
122300
122304
122310
122319
122364
122375
122385
122390
122384
122399
122403
122417
122437
122450
80090
122453
122473
122480
122473
122477
122488
122495
122491
122498
122507
122513
122530
122542
122548
122300
122577
122596
122603
122619
122633
122644
122655
122659
122666
122692
122738
122786
122789
122795
122806
122822
122841
122847
122865
52185
122864
122871
122873
122879
122883
122890
122893
122926
122977
122982
122986
123014
123027
123056
123079
123086
123087
123095
122961
123087
123101
83655
123102
123136
123166
123186
123191
123190
123201
123202
123201
123204
123201
123229
123238
123254
122906
123255
123254
123278
123265
123318
123321
123331
123353
123360
123362
123388
123410
123423
123424
123445
123467
123470
123496
123510
123515
123545
123552
123563
123557
123559
123579
123595
123608
123620
123658
123702
123743
123759
123797
123831
123833
123890
123908
123967
123978
123988
124036
124186
124198
124201
124207
124223
124225
124218
124251
124278
124305
74537
124319
124376
124391
124430
124435
124478
124503
124513
124540
124604
124687
124695
124701
124717
124718
124755
124811
124917
124946
124977
124981
125000
125003
125021
125037
125062
125084
125145
125084
125167
125181
125211
125234
125252
125267
125286
125317
125316
125353
125357
125359
95793
125407
109143
125412
125414
125424
125459
125479
125507
125533
125577
125595
125615
125455
125698
125703
125781
125808
125848
125868
125909
125883
125928
125938
125972
126016
126030
126094
126138
126198
126212
126222
126261
126292
126302
126320
126333
126342
126352
126366
126371
126409
126418
126426
126443
126541
126545
126567
126680
126690
126708
126817
126841
126928
126951
87294
126958
127003
127017
127044
127056
127078
127116
127128
127146
127171
127214
127264
127311
127332
127406
127412
127413
70978
127506
127549
127565
127593
127597
127603
127618
127651
127661
127666
127690
127686
127733
127737
127778
127802
127800
127823
127830
127841
127843
127854
127860
127947
127961
127981
127996
128008
128027
128045
128060
128066
128082
128092
128091
128111
128128
128141
128147
128196
128207
128234
128254
128349
128389
128403
128429
128446
128452
128479
128501
128506
128528
128554
128598
128656
128736
128743
128753
128794
128800
128842
128845
128921
128929
128945
128962
128968
128974
128985
128992
128998
128999
129020
129031
129040
129055
129058
129103
129151
129190
129221
129227
129230
129255
129332
129340
129347
129359
129366
129504
129545
129556
129568
129616
129618
129644
129656
129681
129710
129731
129786
129792
129798
129821
129847
129908
129877
129909
129949
129952
129934
129967
130006
130009
130051
130060
130063
130086
130091
130106
130117
130126
130142
130171
130180
130184
130188
130213
130215
130234
130258
130294
130322
130363
130393
130438
130508
130564
130576
130581
130588
130596
130606
130612
130628
130657
130672
130680
130705
130714
130675
130672
130736
130751
130765
130708
130774
130804
130808
130815
130873
130877
130892
130899
130905
130960
130996
131021
131047
131061
131077
131087
131092
131098
131112
131141
131207
131287
131296
131301
131312
131313
131356
131371
131389
131392
131433
131442
131486
131491
131442
131525
131554
131486
131593
131607
131618
131659
131771
131780
131841
131853
131893
131913
131932
131970
131974
132041
132043
132115
132118
132119
132118
132136
131935
132142
132334
132368
132406
132455
132473
132223
132490
132549
132415
132555
132578
132589
132613
132617
132708
132748
132765
132773
132826
132955
132994
133016
133093
133105
133108
133116
133123
133170
133194
133204
133235
133246
133321
133351
133387
133412
133420
133423
133442
133470
133484
133538
133567
133595
133690
133701
133709
133720
133749
133781
133822
133849
133854
133866
133924
133971
133973
133990
133992
134011
134079
134119
134169
134183
134194
134236
134340
134365
134373
134400
134489
134531
134540
134585
134515
134599
134608
134629
134659
134797
134809
134818
134922
134947
134981
134991
135124
135142
135148
135157
135181
135184
135203
135217
135254
135295
135292
135328
135351
135357
135391
135405
135429
135475
135541
135571
135683
135695
135706
135735
135748
135772
135799
135808
135819
135863
135940
135967
135971
135958
136003
136021
136038
136052
136078
136089
136136
136157
136192
136195
136226
136317
136333
136378
136426
136450
136453
136483
136552
136609
136646
136657
136667
136672
136676
136679
136716
136729
136781
136853
136862
136877
136880
136945
136961
136969
137014
136966
137050
137056
137055
137090
137152
137174
137195
137253
137297
137353
137395
137447
137448
137456
137506
137516
137591
137605
137622
137699
137814
137827
137930
137944
138052
138112
138153
138176
138203
138205
138204
138223
138284
138312
138322
138334
138343
138374
138467
138470
138467
138507
138517
138520
138527
138545
138551
138581
138638
138643
138651
138675
138714
138748
138755
138766
138820
138866
138871
138893
139012
139027
139057
139109
139123
139131
139140
139159
139168
139173
139209
139271
139324
139364
139375
139385
139390
134415
139426
139459
139489
139492
139466
139507
139567
139580
139601
139665
139675
139721
139786
139790
139795
139798
139806
139843
139851
139942
140062
140077
140098
140105
140110
140128
140168
140182
140230
140246
140254
140283
140326
140356
140368
140387
140396
140462
140509
140508
140567
140565
140584
140572
140600
140599
140611
140623
140629
140639
140657
140697
140712
140716
140750
140753
140765
140775
140815
140828
140854
140879
140916
140932
140984
141012
141048
141118
141148
141150
141154
141159
141172
141193
141199
141211
141256
141271
141283
141338
141433
141460
141476
141478
141496
141577
141583
141598
141637
141703
141719
141736
141802
141832
141852
132389
142069
142072
142094
142102
142137
142167
142170
142183
142163
142207
142214
142227
142234
142365
134553
142376
142389
142399
142413
142439
142528
142540
142552
142568
142588
142665
142669
142679
142697
142735
142762
142798
142815
142850
142864
142886
142985
142987
143035
143043
143074
143092
143089
143105
143155
143260
143265
143278
143309
143339
143498
143525
143456
143539
143607
143612
143633
143654
143665
143709
143718
143730
143739
143819
143828
143842
143888
143908
143912
143954
143956
143979
143980
143990
143962
144025
144034
144038
144049
144085
144091
144105
144112
144223
144252
144260
144261
144264
137532
144272
144289
144288
144291
144297
144308
144324
144329
144334
144350
144387
144394
144411
144420
144422
144420
144427
144453
144502
144511
144520
144528
144550
144555
144569
144575
137866
144574
144589
144604
144619
144638
144722
144746
144752
144774
144781
144789
144803
144828
144851
144900
144904
144908
144920
144922
144956
144963
144973
145000
145009
145013
145009
145060
145071
145084
145086
145104
145112
145115
145126
145144
145145
145195
145235
145286
145297
145358
145355
145368
145376
145385
145419
145420
145429
145447
145465
145475
145509
145543
145580
145612
145667
145700
145706
145718
145727
145728
145739
145754
145773
145776
145792
145890
145902
145909
145910
145909
145897
145922
145931
145995
146017
146031
146053
146059
146080
146084
146087
146095
146105
146107
146108
146107
146138
146159
146162
146165
146187
146191
146196
146222
146243
146269
146278
146281
146276
146300
146297
146315
146349
146369
146368
146377
146389
146399
146417
146472
146473
146472
146500
146512
146519
146527
146533
146551
146572
146588
146622
146630
146662
146767
146781
146810
146812
146820
146823
146831
146895
146906
146920
146990
147013
147035
147068
147071
147080
147127
147129
147136
147148
147149
147168
147180
147217
147239
147252
147274
147408
147412
147418
147430
147443
147445
147455
147458
147484
147526
147538
147545
147574
147580
147574
147637
147641
147671
147797
147818
147829
147836
147844
147886
147902
147910
147955
147957
147978
147998
148063
148066
148093
148103
148127
148174
148176
148180
148294
148322
148333
148406
148430
148442
148505
148563
148567
148574
148575
148603
148606
148651
148724
148726
148730
148771
148854
148855
148854
148857
148860
148880
148892
148904
148906
148916
148918
148939
148948
148952
148954
148969
148983
148981
149005
149026
149033
149052
149065
149066
149067
149086
149101
149111
149125
149155
149159
149167
149169
149172
149188
149194
149209
149218
149232
149255
149296
149305
149308
149338
149343
149353
149378
149398
149419
149458
149467
149477
149485
149500
149557
149569
149603
149581
149615
149638
149647
149660
149662
149666
149677
149700
149710
149716
149776
149788
149785
149827
149878
149883
149897
149910
149930
149935
149970
149986
150007
150010
150014
150012
150020
150027
150047
150052
150085
150097
150133
150208
150218
150244
150246
150282
150296
150355
150364
150370
150383
150403
150418
150420
150432
150445
150517
150549
150557
150578
150593
150694
150685
150716
150721
150738
150788
150811
150814
150857
150880
150892
150937
150958
150964
151016
151067
151117
151130
151151
151153
151159
151175
151181
151160
151189
151219
151232
151246
151291
151306
151310
151321
151332
151351
151383
151393
151397
151404
151422
151440
151451
151453
151456
151476
151477
151504
151519
151538
151541
151577
151575
151593
151631
151646
151631
151731
151756
151766
151771
151799
151805
151812
151809
151883
151884
151915
151917
151943
151952
151960
151984
151991
152016
152043
152053
152077
152080
152083
152069
152101
152103
152122
152125
152131
152139
152209
152222
152200
152224
152237
152262
152296
152305
152316
152347
152383
152422
152438
152452
152454
152476
152503
152557
152567
152588
152608
152619
152632
152680
152695
152731
152735
152736
152745
152783
152791
152803
152863
152866
152875
152877
152881
152939
152911
152945
152956
152986
152998
153002
152998
153013
153019
153028
153037
153077
153090
153118
153128
153135
153148
153149
153160
153215
153214
153219
153217
153228
153244
153248
153277
153283
153294
153302
153334
153344
153355
153362
153413
153432
153439
153458
153467
153462
153471
153475
153514
153554
153667
153691
153694
153764
153786
153851
153856
153842
153903
153906
153908
153930
153941
145339
153956
153967
153983
153967
153997
154011
154012
154013
154034
154046
154056
154130
154131
154139
154147
154164
154233
154238
154247
154287
154310
154349
154361
154386
154466
154469
154482
154508
154513
154531
154558
154577
154584
154594
154582
154642
154654
154666
154693
154711
154725
154742
154744
154819
154877
154876
154930
154958
154966
154969
154971
154978
154990
155042
155047
155053
155099
155119
154841
155127
155140
155152
155167
155206
155222
155227
155251
155253
155275
155278
155280
155293
155314
155293
155344
155350
155378
155392
155413
155419
155425
155470
155480
155495
155506
155538
155548
155560
155563
155566
155575
155512
155587
155605
155608
155653
155659
155662
155671
155687
155689
155699
155740
155767
155807
155755
155812
155838
155848
155867
155788
155876
155924
155945
155848
155966
155978
155995
156003
156022
156035
156055
156061
156071
156110
156142
156178
156202
156226
156240
156442
156464
156465
156494
156546
156589
156622
156634
156661
156664
156661
156732
156746
156758
156767
156772
156778
156815
156829
156836
156842
156844
156869
156884
156891
156899
156916
156931
156943
156957
156985
156990
157043
157054
157070
157087
157089
157162
157291
157293
157305
157320
157348
157372
157417
157421
157477
157489
157491
157515
157526
157538
157559
157567
157579
157588
157598
157600
157610
157612
157664
157673
157688
157708
157710
157735
157804
157873
157879
157889
157924
157916
157965
158227
158493
158546
158599
158614
158616
158633
158626
158647
158667
158680
158682
158728
158742
158749
158756
158795
158818
158854
158856
158885
158893
158912
158923
158926
158944
158974
159018
159027
159033
159090
159119
159158
159187
159213
159231
159234
159247
159255
159275
159286
159316
159336
159396
159400
159424
159438
159472
159479
159490
159503
159488
159535
159552
159561
159598
159619
159706
159760
159771
159781
159822
159830
159862
159864
159865
159878
159880
159910
159912
159930
159972
160000
160003
160009
160015
160018
160056
160077
160084
160073
160163
160180
160225
160264
160285
160300
160306
160324
160399
160408
160398
160412
160426
160446
160480
160515
160552
160606
160694
160720
160723
160726
160737
160740
160744
160782
160785
160794
160799
160744
160800
160833
160842
160868
160924
160969
160993
161042
161047
161057
161095
161107
161121
161148
161155
161161
161180
161185
161193
161201
161243
161289
161308
161320
161347
161369
161377
161398
161419
161490
161591
161608
161614
161629
161638
161674
161675
161691
161698
161705
161717
161750
161773
161783
161841
161849
161878
161910
161918
161950
161962
161983
162011
162037
162013
162048
162074
162075
162095
162103
162095
162148
162159
162185
162224
162235
162250
162274
162281
162317
162335
162366
162382
162388
162420
162428
162442
162467
162479
162504
162513
162517
162520
162539
162585
162609
162616
162651
162672
162694
162701
162672
162733
162752
162774
162797
162823
162859
162881
162955
162965
163012
163018
163058
163063
163088
163096
163097
163127
163156
163204
163256
163305
163312
163340
163354
163367
163372
163412
163417
163420
163469
163503
163505
163517
163531
163444
163539
163549
163600
163612
163556
163638
163649
163670
163696
163700
163717
163720
163775
163777
163778
163840
163846
163882
163885
163909
163919
163942
163949
163957
163966
163988
163991
164008
164032
164050
164065
164074
164107
164113
164127
164140
164162
164190
164222
164245
164261
164288
164306
164315
164343
164347
164359
164378
164386
164398
164401
164414
164426
164425
164427
164441
164458
164427
164482
164497
164506
164534
164557
164572
164581
164578
164602
164603
164641
164719
164734
164740
164773
164801
164812
164801
164816
164818
164834
164898
164931
164977
165013
165036
165047
165064
165088
165145
165150
165165
165170
165172
165190
165241
165254
165274
165298
165310
165331
165343
165396
165406
165409
165410
165415
165443
165446
165499
165508
165514
165524
165554
165557
165556
165569
165590
165596
165619
165629
165631
165718
165720
165741
165757
165797
165802
165811
165815
165822
165835
165856
165853
165861
165886
165895
165898
165915
165922
165978
166049
166069
166085
166091
166100
166171
166174
166208
166213
166214
166225
166228
166232
166237
166243
166270
166292
166295
166300
166299
166341
166360
166372
166422
166432
166435
166444
166396
166449
166469
166486
166513
166534
166535
166541
166561
166587
166589
166587
166600
166667
166669
166701
166727
166760
166789
166829
166840
166845
166849
166867
166877
166890
166942
166951
166958
166973
166980
166996
167020
167045
167053
167104
167083
167179
167185
167188
167197
167209
167219
167315
167368
167374
148869
167416
167443
167470
167475
167497
167509
167536
167566
167579
167593
167602
167612
167626
167665
167684
167596
167692
167702
167717
167718
167686
167749
167759
167809
167842
167869
167885
167896
167809
167900
167923
167981
167923
168010
168073
168076
168088
168094
168097
168118
168139
168176
168202
168226
168284
168316
168321
168345
168412
168427
168433
168452
168520
168535
168579
168583
168579
168616
168621
168706
168739
168743
168754
168755
168763
168791
155344
168798
168820
168841
168811
168849
168853
168880
168886
168911
168926
168943
168946
169021
169029
169056
169073
169102
169108
169105
169111
169159
169212
169237
169266
169272
169297
169298
169340
169344
169373
169397
169400
169454
169465
169479
169489
169499
169533
169462
169561
169609
169591
169632
169654
169650
169661
169663
169546
169721
169661
169753
169789
169799
169822
169841
169852
169870
169873
169878
169887
169927
169961
169960
170086
170110
170107
170137
170152
170242
170318
170359
170386
170392
170399
170404
170425
170429
170446
170479
170404
170519
170551
170590
170605
170615
170626
170638
170663
170696
170701
170712
170731
170696
170782
170719
170789
170795
170842
170855
170860
170878
170884
170903
170933
171016
171033
171059
171062
171078
171083
171091
171102
171151
171172
171151
171184
171235
171241
171261
171265
171278
171289
171299
171316
171355
171388
171434
171419
171476
171475
171513
171524
171533
171539
171559
171583
171592
171602
171637
171675
171723
171733
171752
171757
171760
171776
171778
171796
171868
171870
171873
171892
171910
171931
171962
172009
172039
172071
172144
172180
172222
172207
172250
172294
172324
172297
172360
172407
172418
172446
172471
172515
172520
172548
172553
172565
172569
172644
172659
172672
172703
172729
172733
172738
172744
172783
172786
172808
172811
172855
172865
172876
172917
172935
172953
172960
172990
173008
173026
173032
150755
173072
173085
173090
173135
173140
173155
173164
173203
173227
173248
173260
173248
173305
157760
173308
173360
173385
173411
173449
173535
173599
173707
173720
173836
173870
173885
174016
174039
174059
174091
174166
174213
174307
174346
174373
174391
174427
174431
174481
174487
174563
174566
174583
174742
174754
174836
174843
174868
174876
174918
174962
174965
174988
175000
175006
175022
175026
175034
175049
175057
175084
175105
175113
175156
175155
175210
175231
175234
175232
175263
175267
175282
175291
175306
175324
175339
175340
175345
175411
175417
175431
175444
175448
175451
175475
175501
175549
175552
175579
175616
175708
175720
175726
175743
175773
175807
175829
175838
175845
175876
175859
175888
175948
175982
175985
175987
176008
176020
176024
176008
176026
176059
176072
176089
176088
176095
176050
176059
176167
176173
176174
176190
176243
176287
176293
176312
176304
176315
176374
176436
176510
176513
176578
176595
176607
176645
176685
176710
176753
176805
176833
148423
176872
176911
176917
176941
176963
176995
177003
177011
177013
177022
177050
177053
177043
177074
177085
177100
177139
177154
177282
161841
177296
177304
177309
177332
177346
177355
177304
177369
177373
177414
177367
177434
177484
177518
177538
177566
177580
177587
177673
177722
177729
177745
177773
177802
177865
177892
177905
177918
177923
177924
177993
178008
178029
178043
178078
178081
178094
178120
178078
178126
178129
178142
178197
178216
178231
178237
178240
178311
178333
178410
178414
178430
178435
178448
178490
178511
178516
178520
178553
178579
178594
178612
178633
178657
178658
178657
178676
178690
178706
178743
178760
178778
178787
178811
178819
178848
178886
178889
178903
178909
178921
178960
178966
178975
179035
179046
179057
179068
179120
179122
179131
179138
179141
179149
179187
179242
179262
179272
179278
179346
179354
179372
179398
179400
179444
179454
179458
179479
179488
179497
179532
179543
179553
179603
179638
179662
179671
179698
179719
179734
179738
179740
179752
179798
179808
179822
179837
157549
179843
179857
179887
179894
179900
179905
179927
179932
179935
179966
179977
180016
180022
180098
180107
180123
180128
180143
180160
180161
180199
180201
180204
180216
180299
180307
180313
180334
180337
180346
180350
180353
180365
180367
180481
180500
180502
180518
180493
180550
180602
180616
180619
180622
180628
180658
180664
180673
180678
180697
180714
180742
180772
180789
180815
180697
180826
180865
180880
180908
180937
180943
180953
180976
180982
180989
181049
181057
181058
181066
181072
181078
181087
181130
181148
181168
181171
181177
181179
181206
181217
181246
181291
181295
181321
181333
181351
181385
181440
181448
181455
181481
181448
181533
181543
181669
181716
181763
181774
181783
181808
181860
181880
181883
181897
181909
181932
181959
181970
181978
181986
181978
182046
182070
182078
182111
182123
182173
182179
182224
182264
182262
182266
182268
182275
182281
182296
182332
182378
182385
182422
182432
182426
182433
182434
182433
182454
182464
153505
182491
182521
182525
182555
182581
182613
182631
182671
182726
182731
182758
182776
182791
182790
182797
182798
182797
182815
182819
182839
182871
182896
182902
182906
182949
183039
183064
183080
183082
183092
183080
183124
183142
183148
183160
183166
183181
183248
183251
183253
183265
183280
183295
183355
183365
183370
183385
183414
183424
183442
183457
183464
183469
183442
183472
183511
183530
183577
183614
183625
183631
183647
183646
183686
183694
183699
183706
183735
183740
183745
183747
183789
183793
183848
183857
183859
183880
183898
183912
183922
183938
183929
183955
183993
184005
184014
184019
184029
184034
184044
184050
184067
184117
184121
184125
184135
184138
184147
184155
184157
184192
184196
184209
184257
184258
184266
184275
184290
184315
184321
184315
184328
184357
184361
184357
184369
184371
184337
184387
184390
184415
184432
184438
184442
184468
184500
184510
184514
184527
184534
184541
184531
184545
184516
184559
184571
184611
184624
184677
184788
184797
184845
184879
184915
184921
184957
184969
184987
156059
185029
185036
185044
185119
185209
185217
185269
185287
185300
185332
185569
185602
185605
185731
185864
185743
185870
185960
185982
186404
186544
186546
186562
186565
186568
186601
186685
186697
186727
186731
186794
186811
186819
186838
186844
186847
186869
186872
186878
186913
186940
186954
186966
186987
187033
187051
187108
187119
187097
187129
187141
187144
187159
187165
187218
187248
187258
187265
187270
187335
187339
187354
187363
187342
187396
187363
187418
187447
187456
187498
187501
187504
187555
187567
187605
187606
187612
187633
187649
187681
187687
187690
187705
187721
187728
187732
187777
187788
187795
187810
187818
187852
187985
188039
188105
188143
188193
188176
188263
188269
188284
188313
188317
188326
188336
188359
188384
188386
188438
188443
188456
188492
188557
188592
188641
188644
188656
188662
188682
188702
188767
188812
188857
188968
189010
189054
189058
189064
189069
189083
189108
189124
189136
189147
189208
189222
189224
189238
189239
189238
189286
189306
189400
189637
189599
189718
189720
189784
189897
189940
190046
190094
190100
190104
190118
190121
190133
190154
190152
190160
190183
190188
190202
190250
190319
190340
190386
190395
190433
190462
190476
190492
190549
190572
190651
190669
190686
190733
190744
190753
158857
190781
190810
190824
190832
190834
190840
190893
190919
190921
190920
190959
190982
190986
190996
191053
191061
191089
191161
191180
191195
191199
191212
191239
191263
191266
191273
191288
191290
191317
191386
191412
191419
191470
191473
191492
191507
191539
191555
191574
191588
191593
191615
191623
191639
191661
191664
191683
191701
191702
191751
159379
191756
191770
191797
191803
191845
191864
191869
191876
191889
191896
191940
191961
191983
191989
191996
192077
192103
192115
192139
192154
192157
192187
192190
192211
192214
192226
192245
192247
192253
192256
192358
192368
192394
192412
192416
192441
192460
192475
192490
192499
192520
192527
192529
192540
192553
192594
192613
192620
192635
192646
192655
192683
192684
192694
192715
192722
192751
192760
192771
192775
192784
192791
192808
192820
192862
192870
192849
192880
192898
192919
192934
192949
192967
192990
193000
193026
193000
193066
193073
193089
193101
193107
193113
193128
193147
193181
193211
193258
193351
193375
193400
193419
193426
193432
193495
193587
193627
193638
193648
193650
193651
193680
193688
193670
193703
193750
193789
193794
193822
193824
193858
193861
193863
161121
193873
193879
193976
193991
194020
193993
193996
194023
194069
194074
194078
194095
194041
194102
194106
194115
194124
194134
194159
194168
194173
194191
194198
194213
194220
194233
194237
194249
194266
194276
194287
194308
194371
194377
194401
194414
194416
194440
194465
194470
194509
194548
194558
194596
194562
194614
194620
194632
194656
194734
194765
194779
194828
194890
194926
147630
194930
194931
194961
195016
195056
195097
195096
195118
195169
195204
195210
195235
195241
195257
195259
195308
195319
195324
195338
195365
195442
195511
195524
195525
195538
195543
195589
195592
195659
195668
195671
195679
195684
195712
195733
195752
195799
195837
195880
195898
195923
195968
196028
196039
196093
196143
196321
196330
196347
196438
196499
196508
196510
196513
196535
196574
196571
196576
196579
196612
196615
171748
196612
196672
196677
196699
196701
196714
196731
196789
196808
196811
196812
196823
196822
196842
196846
196856
196859
196858
196866
196882
196887
196918
190126
196937
196942
196945
196967
196987
197027
197032
197035
197044
197050
197064
197125
197157
197180
197195
197237
197238
197249
197254
197258
197291
197299
197317
197335
197351
197373
197380
197377
197391
197392
197439
197446
197449
197464
197463
197534
197563
197602
197569
197626
197563
197662
197665
197678
197685
197710
197743
197760
197782
197798
197813
197829
197833
197847
197854
197876
197908
197917
197958
197964
197879
197976
197989
198005
198014
198041
198057
198061
198067
198034
198068
198089
198099
198111
198149
198188
198241
198251
198268
198294
198314
198319
198337
198340
198337
198352
198353
198352
198364
198381
198398
198406
198431
198463
198469
198521
198531
198580
198612
198626
198634
198553
198652
198657
198663
198704
198707
198723
198751
198758
198767
198778
198862
198919
198922
198931
198957
198990
198995
199010
199011
199014
199024
199030
199034
199051
199081
199104
199127
199213
199225
199233
199244
199263
199280
199287
199307
199309
159213
199436
199457
199466
199473
199486
199495
199543
199565
199595
199543
199635
199650
199666
199677
199718
199732
199729
199750
199800
199827
199834
199853
199865
199875
199883
199931
199940
199952
199957
199961
199967
199981
200048
200122
200131
200206
200214
200215
200234
200269
200296
200321
200367
200379
200405
200408
200442
200528
200561
200556
200560
200580
200624
200679
200690
200703
200747
200752
200765
200865
200959
200992
201002
201056
201061
201082
201132
201177
201189
201199
201247
201259
201310
201380
201385
201424
201601
201623
201624
201640
201660
201700
201705
201712
201747
201808
201851
201854
201878
201973
201976
201971
202009
202015
202021
202025
202037
202075
202114
202100
202119
202150
202192
202219
202249
202253
202260
202287
202292
202294
202321
202327
202378
202462
202459
202465
202492
202501
202526
202544
202551
202558
202570
202593
202594
174196
202597
202633
202616
202643
202675
202718
202744
202743
202747
202771
202789
202823
202845
202906
202909
202912
202947
202971
202981
203011
203014
203034
203041
203048
203085
203098
203114
203150
203161
203163
203188
197897
203200
203231
203236
203248
203303
203351
203367
203395
203409
203421
203435
203467
203479
203533
203540
203545
203558
203596
203600
203617
203622
203637
166572
203650
203653
203714
203719
203756
203795
203823
203842
203851
203859
203905
203911
203966
203965
203986
203998
204055
204040
204058
204064
204080
204088
204097
204160
204166
204174
175330
204214
204280
204355
204383
204331
204398
204407
204469
204497
204496
204508
204515
204487
204547
204565
204574
204590
204604
204614
204622
204663
204689
204694
204726
204739
184438
204763
204797
204817
204851
204862
204880
204904
204915
204918
184338
204940
204949
204958
204964
204976
204979
205030
205051
205053
205064
205066
205072
205046
205108
205111
205132
205148
205153
205165
205198
205208
205219
175464
205222
205240
205255
205259
205261
205380
205434
205462
205469
205472
205498
205520
205525
205572
205578
205593
205597
205608
205615
205627
205628
205644
205661
205665
205751
205759
205771
205784
205804
205813
205884
205859
205906
205874
205912
205984
206000
205998
206005
206079
206081
206110
206116
206148
206164
206188
206192
206222
206230
206281
206311
206313
206346
206347
206366
206368
206366
206371
206401
206416
206441
206445
206458
206480
206483
206539
206557
206578
206593
206661
206670
206684
206725
206737
206725
206746
206779
206782
206795
206864
206908
206940
206947
206968
206974
206977
195187
206989
207011
207024
195210
207050
207051
207118
207148
207150
207190
207196
197680
207204
207245
207295
207389
207394
207416
207455
207494
207495
207501
207523
207556
207563
207565
207574
207618
207712
207717
207728
207787
207806
176905
207871
207878
207908
207953
207962
171491
207982
208009
208053
208081
208099
208109
208053
208162
208175
208243
208246
208208
208258
208201
208266
208301
208334
208393
208431
208448
208450
187844
208456
208482
208485
208504
208514
208504
208550
208561
208567
208583
208594
208645
208661
208672
208675
208687
208690
208707
208714
208730
208756
208771
208783
208791
208821
208825
208837
208855
208873
208837
208880
208913
208918
208921
208930
208932
208952
209000
209007
209010
209026
209068
209088
209131
209134
209146
209159
209172
209197
209216
209220
209227
209236
209242
209254
209269
209279
209308
209392
209404
209425
209450
209461
209470
209535
209563
209601
209683
209725
209781
209799
209803
209861
209862
209914
209929
209931
210165
210209
210217
210252
210261
210310
210319
210334
210337
210346
210351
210337
210381
210394
210415
210421
210445
210459
210460
210463
210478
210490
210506
210520
210604
210631
210660
210687
210709
210748
210764
210767
210796
210856
210796
210862
175628
210870
210882
210952
210964
210985
211048
211067
211098
211115
211150
211192
211217
211240
211246
211269
211180
211285
211306
211382
175724
211402
211420
211450
211453
211461
211478
211489
211494
211503
211622
211651
211655
211661
211667
211665
211684
211703
211723
211733
211737
211749
211776
211788
211795
211821
211842
211904
211906
211923
211962
211966
211972
211981
212004
212008
212028
212038
212041
212056
212075
212084
212096
212099
212157
212161
212180
212216
212283
212334
212369
212515
212522
212547
212590
212620
212623
212638
212693
212710
212723
212750
212757
212759
212821
212841
212941
212965
212973
212977
212997
213016
213034
213043
213045
213055
213062
213106
213122
213121
213123
213127
213152
213134
213168
213202
213205
213235
213241
213243
213244
213256
213270
213278
213286
213312
213340
213344
213357
213359
213357
213402
213409
213422
213427
213457
213511
213513
213523
213568
213574
213586
213568
213604
213631
213634
213586
213677
213688
213724
213727
213751
213766
213772
213808
213824
213826
213830
213853
213883
213869
213889
213898
213899
213927
213943
213982
214027
184724
214037
214043
214064
214075
214120
214153
214177
214193
214198
214200
214234
214235
214234
214256
214261
157107
214276
214317
214333
214336
214345
214356
214369
214378
214405
214410
214426
214393
214470
214480
214498
214513
214516
214528
214588
188105
214608
214671
214711
214715
214716
214742
214744
214757
214822
214859
214888
214903
214932
214951
215011
215041
215056
215065
215086
215123
215170
215186
215203
215218
215237
215251
215263
215269
215293
215302
215317
215368
215371
189720
215387
215389
215395
215410
215421
215436
215446
215459
215461
215462
215463
215473
215476
215510
215518
215521
215529
215585
215606
215608
215644
215665
215668
215688
215719
215794
215801
215824
215823
215864
215891
215933
215962
215981
216019
216065
216067
216076
216163
216181
216184
216188
216212
216265
216283
216302
216301
216306
196899
216313
216337
216347
216350
196929
216403
216421
216514
216529
216532
216577
216592
216643
216670
216693
216716
216722
216727
216748
216753
216793
216820
216841
216886
216896
216878
216919
216929
216950
216978
216986
216995
217035
217081
217110
217127
217129
217204
217217
217228
217240
217273
217283
217284
217295
217304
217323
217365
217388
217390
217396
217433
217457
217465
217471
217502
217529
217499
217538
217561
217576
217596
217610
217619
217633
217681
217691
217696
217714
217711
217759
217762
217783
217787
217840
217866
217870
217877
217903
217912
217924
217942
217977
218023
218029
218047
218059
218125
218133
218146
218152
218162
218168
218174
218195
218210
218215
218210
218251
218254
218348
218353
218387
218401
218407
218418
218456
218459
218576
218561
218581
218587
218593
218641
218692
218746
218769
218834
218858
218800
218882
218896
218909
218911
218921
218926
218938
218996
219007
218981
219040
219053
219063
219079
219090
219105
219113
219115
219124
219133
219146
219149
219157
219160
219164
219149
219167
219323
219318
219324
219326
219324
219328
219312
219359
219401
219410
219415
219417
219431
219476
219531
219543
219561
219567
219605
219622
219623
219752
219733
219761
219772
219777
219833
219843
219893
219951
213511
219964
219986
220034
220078
220098
220103
217991
220128
220129
220128
220134
220167
220131
220181
220190
220207
220214
220230
220250
220255
220290
220378
144459
220408
220435
220446
220448
220463
220513
220618
220623
220618
220681
220683
220749
139109
220785
220797
220867
220882
220936
220986
221007
221031
221088
221102
221133
221136
221138
221136
221159
221170
221178
221159
221181
221216
221246
221295
221309
221319
221326
221349
221443
221474
221532
221578
187708
221581
221594
221659
221672
221667
221733
221784
215035
221833
221845
221858
221916
221934
221932
221938
221965
222023
222076
222104
222294
222310
222315
222320
222342
222350
222354
222393
222332
222475
222483
222497
222509
222497
222524
222648
222685
222697
222704
222708
222719
222725
222728
222744
222772
222781
222789
222815
222850
222902
222932
222978
223138
223217
223238
223236
223302
223335
223343
223350
223375
223421
223587
223615
223623
223692
223722
223756
223759
223803
223836
223852
223855
223899
223905
223912
223951
223950
223979
224035
224087
224168
224175
224216
224242
224283
224291
224319
224411
217469
224505
224537
224541
224597
224646
200378
224680
224707
224713
224735
224738
224754
224757
224803
224806
224832
224833
224832
224882
224890
224916
224986
225061
225082
225085
225084
225100
225116
225124
225130
225151
225161
217388
225163
225185
225206
225186
225188
225196
225186
225230
225224
225245
225237
225244
225237
225254
225268
225277
225283
225296
225297
225302
225296
225283
225294
225297
225304
225312
225314
225164
225312
225305
225323
225353
225348
225354
225346
225353
225375
225395
225428
225441
225447
225461
225465
225487
225488
225500
217813
225540
225569
225575
225579
225584
225608
225607
225623
225627
225623
225650
225655
225665
225701
225706
225708
225719
225731
225737
225743
225776
225779
225806
225818
225874
225882
225886
225889
225903
226038
226055
226060
226063
226070
226089
226102
226120
226138
226152
226156
226160
226165
226171
226177
226183
226201
226211
226214
226223
226236
226255
226260
226285
226315
226347
226368
226396
226409
226412
226450
226460
226502
226508
226518
226538
226540
226561
226563
226632
226655
226682
226697
226727
226769
226849
226867
226874
226900
226935
226950
226990
227000
227011
227030
227032
227035
227047
227057
227071
227079
227076
227084
227089
227119
227129
227131
227153
227168
227172
227179
227184
227193
227207
227212
227259
227294
227292
227317
227320
227329
227377
227389
227401
227437
227443
227446
227452
227454
227499
227508
227513
227515
227525
227540
227550
227554
227558
227562
227558
227582
227585
227596
227615
227643
227652
227680
227758
227774
227803
227834
227845
227849
227861
227864
227866
227873
227886
227941
227947
227977
228112
228116
228120
228143
228191
228194
228198
228214
228254
228269
228302
228351
228362
228382
228385
228388
228396
228402
228421
228447
228452
228460
228473
228489
228504
228508
228524
228526
228550
228553
228560
228563
228575
228578
228575
228587
228603
228616
228635
228637
228670
228674
228682
228727
228729
228755
228764
228767
228791
228800
228817
228820
228821
228820
228823
228838
228862
228863
228862
228869
228881
228886
228896
228988
229072
229075
229107
229249
229259
229263
229266
229339
229345
229353
229412
229432
229445
229447
229461
229468
229481
229459
229495
229509
229527
229528
229535
229536
229541
229576
229580
229592
229597
229615
229672
229685
229690
229693
229701
229685
229723
229745
229762
229770
229875
229878
229879
229888
229900
229914
229939
229963
229970
229942
229939
229972
229952
229998
230054
230057
230070
230164
230165
230174
230221
230253
230254
230263
230266
230270
230203
230303
230308
230332
230353
230358
230365
230386
230389
230422
230425
230428
230440
230446
230467
230476
230480
230404
230527
230581
230583
230602
230651
230679
230689
230691
227000
230701
230725
230731
230736
230748
230762
230775
230785
230788
230795
230815
230816
230819
230834
230804
230847
230858
230860
230867
230879
230892
230896
230909
230872
230914
230925
230932
230956
230961
231005
231041
231051
231067
231127
231136
231142
231147
231188
231305
231319
231338
231352
231367
231387
231431
231497
231623
231655
231673
231675
231724
231726
231796
231818
231826
231839
231841
231843
231856
231867
231912
231936
231985
231988
232003
232018
232030
232034
232108
232112
232113
232133
232136
232140
232143
232172
232203
232207
232212
232220
232223
232225
232228
232233
232237
232248
232263
232277
232282
232298
232328
232335
232343
232348
232335
232399
232401
232412
232415
232432
232514
232516
232525
232526
232525
232528
232544
232546
232589
232607
232622
232636
232637
232636
232687
232667
232802
232870
232892
232907
232912
227789
232925
232933
232937
232968
232991
232994
233015
233011
233077
233089
233104
233107
233177
233191
233197
233221
233275
233278
233287
233317
233322
233335
233386
179665
151945
233428
233437
233441
233445
233481
233499
233512
233530
233548
233614
233638
233647
233659
233668
233695
233699
233705
233713
233716
233659
233723
233734
233686
233755
233766
233731
233779
233782
233803
233848
233851
233853
233863
233892
233899
233908
233939
233945
233974
233983
234007
234016
234022
234026
234032
234055
234056
234066
234088
234100
234106
234128
234134
234136
234161
234169
234176
234198
234209
234212
234217
234220
234246
234253
234260
234262
234297
234300
234343
234350
234352
234359
234391
234402
234444
234457
234463
234502
234517
234523
234538
234544
234580
234610
234666
234676
234724
234727
234742
234763
234709
234781
234784
234786
234796
234845
234889
234935
234994
235023
235048
235060
235080
235105
235146
235160
235162
234981
235168
235171
235189
235185
235204
235225
235238
235243
235282
235285
235303
235305
235337
235351
235361
235367
235372
235378
235385
235393
235409
235414
235417
235423
235441
235447
228421
235461
235501
235504
235510
235512
235520
235525
235529
235463
235580
235586
235591
235606
235619
235675
235712
235727
235729
235760
235767
235771
235828
235834
235855
235862
235865
235894
235900
235915
235929
235987
236005
236011
236017
236032
236038
236062
236093
236111
236125
236129
236146
236169
236248
236255
236258
236303
236358
236417
236426
236443
236444
236461
236470
236469
236492
236505
236520
236537
236540
236557
236590
236537
236654
236679
236686
236704
236710
236768
236769
236789
236797
236858
236885
236886
236897
236912
236947
236974
237002
237011
237033
237052
237090
237112
237115
237124
237126
237127
237136
237145
237194
237196
237209
237294
237316
237328
237334
237349
237389
237405
237407
237416
237431
237457
237490
237502
237506
237577
237581
237580
237583
237641
237643
237650
237722
237723
237751
237754
237761
237784
237811
237881
237890
237904
237919
237967
237991
237994
238006
238029
238084
238117
238157
238177
238187
238193
238196
238198
238204
238225
238232
238240
238309
238345
238357
238370
238402
238405
238414
238427
238434
238438
238471
238498
238503
238516
238531
238556
238561
238661
238669
238693
238709
238714
238747
238777
238815
238836
238912
238939
238948
238965
238994
239011
239010
239044
239047
239059
238999
239074
239098
239145
239221
239236
239269
239287
239304
239309
239337
239362
239391
239416
239542
239579
239586
239655
239743
239761
239770
239781
239841
239852
239869
239877
239894
240007
240021
240052
240007
240077
240152
240197
240221
240225
240228
240249
240258
240299
240328
240346
240360
240412
240421
240429
240433
240436
240442
240445
229470
240451
240463
240465
240484
240510
240521
240563
240641
240670
240703
240727
240755
240791
240815
240833
240839
240842
240853
240868
240877
240892
240853
240912
240920
240923
240926
240928
240964
240968
240976
240979
240988
240991
241007
241040
241088
241113
241123
241128
241144
241149
241177
241190
241245
241258
241294
241353
241388
241390
241396
241415
241424
241422
241432
241435
241456
241462
241487
241486
241491
241503
241529
241534
241533
241540
241566
241576
241582
241626
241663
241695
241708
241714
241718
241765
241771
241786
241846
241849
241854
241861
241870
241903
241926
241930
241963
241966
241969
241983
242005
242008
242010
242018
242026
242056
242059
242068
242102
242128
242138
242158
242191
242177
242194
242197
242207
242128
242227
242245
242260
242287
242326
242329
242338
242341
242353
242365
242405
242422
242443
242449
242467
242476
242503
242506
242512
242528
242548
242590
227356
242609
242611
242614
242632
242668
242671
242717
242811
242815
242817
237412
242839
242896
242957
242976
242980
242983
242993
242995
243005
243007
243019
243022
243031
243037
243051
243076
243102
243110
243129
243135
243152
243195
243199
243222
243244
243277
243285
243290
243292
243296
243295
243346
243363
243394
243422
243442
243480
243494
243519
243533
243542
243579
243617
243618
243632
243648
243653
243672
243676
243685
243704
243703
243715
243741
243760
243772
243805
243825
243850
243904
244015
244040
244046
244051
244096
244099
244096
244156
244178
244180
244194
244204
244219
244223
244207
244231
244240
244243
244252
244258
244243
244264
244285
244291
244366
244372
244400
244426
244456
244624
244648
244688
244753
244915
244968
244994
245003
245035
245066
245075
245074
245091
245107
245143
245153
245160
245189
245199
245214
245245
245266
245272
245275
245281
245309
245315
245325
245340
245346
245351
245363
245453
245506
245526
245555
245553
245578
245577
245587
245593
245622
245671
245681
245683
245701
245710
245720
245728
245764
245797
245809
245817
245833
245851
245859
245886
245957
245977
245987
245992
246016
246064
246075
246115
246134
246152
246221
246223
246244
246309
246314
246340
246349
246424
246436
246442
246452
246457
246465
246490
246500
246545
246557
246570
246619
246607
246653
246661
246713
246742
246771
246780
246796
246799
246836
246841
246889
246896
246899
246910
246934
246976
246982
247012
247028
247026
247143
247221
247230
247218
247243
247246
247255
247263
247267
247280
247333
247340
247357
247394
247443
247447
247456
247500
247532
247541
247570
247799
247868
247893
247902
247973
247975
247928
248014
248021
248069
248071
248073
248070
248103
248108
248111
248113
248128
248152
248159
248193
248207
248229
248269
248272
248276
248314
248344
248395
248418
248421
248469
248482
248501
248516
243367
248581
248584
248585
248584
248620
248662
248665
248672
248713
248719
248722
248728
248765
248783
248791
248797
248809
248824
248868
248797
248872
248907
248937
248975
248978
248980
248984
248999
249040
249066
249098
249121
249137
249143
249163
249185
249215
249230
249238
249258
249265
249277
249291
249292
249299
249319
249334
249336
249356
249364
249382
249385
249387
249391
249398
249400
249424
249454
249368
249479
249490
249532
249547
249550
249560
249566
249604
249610
249629
249640
249684
243300
249700
249745
243275
249790
249829
249832
249876
249892
249899
249928
249969
249979
250015
249943
250032
250045
250121
250192
250214
250225
250253
250256
250284
250331
250351
250360
250369
250381
250382
250381
250451
250484
250444
250492
250499
250552
250555
250502
250612
250618
250621
250625
250674
250675
250621
250674
250736
250774
250778
250782
250789
250864
250877
250903
250904
250935
250967
250987
251018
251020
250967
251062
251064
251123
251159
251183
251185
251192
251206
251215
251245
251293
251373
251407
251434
251476
251485
251515
251531
251542
251547
251572
251618
251650
251675
251683
251691
251707
251749
251777
251818
251832
251862
251903
251942
251884
251980
251996
252022
252038
252052
252065
252082
252087
252094
252109
252139
252153
252214
252230
252268
252286
252322
252324
252337
252406
252448
252454
252491
252502
252530
252546
252560
252580
252579
252586
252560
252662
252681
252705
252714
252719
252736
252751
252758
252764
252796
252830
252841
252860
252872
252886
252907
252928
252935
252963
252995
252997
253018
253032
253055
253091
253106
253111
253158
253171
253195
253202
253213
253232
253235
253261
253265
253289
253150
253332
253336
253339
253343
253382
253440
253457
253461
253468
253474
253480
253490
253488
253491
253514
253544
253568
253600
253604
253613
253628
253631
253658
253675
253677
253759
253766
253779
253805
253821
253825
253844
253849
253852
253865
253900
253910
253932
253942
253945
253993
254009
253985
254014
254026
254032
253993
254044
254150
254185
254190
254225
254244
254293
254300
254398
254437
254466
254515
254519
254575
254593
254612
254633
254637
254640
254646
254667
254668
254689
254744
254756
254776
254792
254805
254814
254818
254828
254848
254862
254898
254924
254960
254978
254987
254997
255019
255037
255108
255113
255140
255158
255163
255180
255188
255202
255247
255275
255301
255331
255365
255368
255389
255405
255435
255442
255449
255457
255467
255515
255531
255565
230847
255581
255615
255554
255641
255648
255661
255666
255671
255680
255716
255718
255792
255795
255845
255856
255749
255865
255877
255936
255940
255947
255949
255964
255972
255976
255994
256031
256039
256058
256072
256093
256199
256216
256223
231778
256225
256238
256251
256263
256285
256291
256303
256308
256369
256375
256414
256424
256431
256432
256444
256463
256477
256500
256501
256503
256516
256540
256543
256581
256588
256590
256606
256612
256621
256645
256671
256689
256700
256741
256767
256827
256857
256859
256918
256966
256996
257056
257062
257100
257116
257119
257146
257200
257234
257236
257308
257348
257350
257351
257350
257353
257380
257405
257446
257453
257454
257485
257525
257549
257569
257606
257623
257660
257680
257723
257797
257806
257815
257850
257869
257891
257900
257905
257908
257946
257911
258007
258008
258016
258028
258029
258028
258059
258065
258064
258112
258280
258319
258352
258431
258449
258462
258481
258484
258490
258610
258641
258718
231871
258753
258793
258814
258793
258823
258832
258851
258880
258895
258943
258952
259015
259021
259093
259133
259142
259231
259237
259231
259302
259306
259321
259363
259368
259389
259400
259417
259426
259469
259474
259506
259514
259517
259538
259547
259561
259576
259597
259606
259633
259606
259636
259708
259879
259888
259906
259924
259879
259991
260037
260095
260099
260137
260139
260177
260205
260212
260216
260227
260256
260263
260422
260440
260488
260489
260494
260497
260501
260553
260569
259691
260601
228362
260617
260618
260675
260700
260702
260765
260803
260839
260845
260855
260863
260873
260941
260968
260967
260985
261004
261035
261043
261116
261129
261106
261184
261196
261211
261219
232807
261232
261275
261295
261308
261312
261356
261361
261374
261409
261418
261425
261458
261469
261471
261486
261492
261523
261541
261565
261574
261619
261679
261698
261766
261782
261791
261793
261824
261837
261843
261919
261976
261984
262032
262084
262101
262129
262228
262234
262238
262269
262276
262293
262298
262303
262328
262331
262348
262405
262408
262421
262420
262436
262457
262478
262483
262527
262549
262573
262595
262585
262634
262635
262651
262654
262664
262660
262697
262708
262711
262718
262738
262741
262769
262792
262798
262814
262825
262830
262835
262847
262888
262900
262929
262939
262958
262861
262960
262975
262999
263017
263036
263039
263045
263080
263104
263122
263129
263176
263182
263185
263212
263230
263239
263241
263245
263241
263248
263252
263268
263275
263293
263317
263363
263370
263385
263413
263437
263446
263463
263476
263486
263488
263494
263500
263646
263709
263719
263732
263743
263747
263773
263796
263854
263918
263925
263941
263947
263950
263975
263995
264011
264025
264037
264011
264046
264064
264067
263995
264079
264084
264085
264084
264109
264118
263984
264124
264173
264175
264189
264218
264244
264247
264265
264285
264295
264316
264319
264325
264331
264337
264345
264400
264409
264490
264508
264533
264637
264661
264670
264770
264781
264814
264868
264910
264973
264976
264982
264992
265007
265006
265033
265060
265078
265084
265099
265135
265143
265147
265153
265160
265206
265210
265241
265243
265251
265300
265333
265345
265348
265357
265361
265321
265364
265384
265330
265393
265404
265424
265432
265434
265444
265456
265460
265474
265475
265513
265519
265532
265561
265570
265576
265580
265588
265621
265648
265658
265662
265672
265678
265684
265687
265690
265699
265707
265720
238405
265730
265753
265735
265829
265837
265840
265847
265858
265862
265879
265885
265892
246695
265906
266035
266062
266080
266099
266117
266128
266131
266153
266204
266245
266249
266282
266284
266302
266335
266372
266410
266422
266430
266468
266476
266482
266491
266506
266509
266530
266549
266569
266587
266620
266624
266605
266633
266666
266647
266680
266683
266692
266720
266722
266732
266757
266765
266771
266785
266800
266809
266839
266846
266849
266863
266876
266878
266890
266878
266892
266914
266920
266929
266943
267000
267014
267040
267058
267061
267084
267076
267107
267109
267117
267130
267142
267162
267202
267215
267222
267236
267265
267269
267276
267283
267307
267299
267316
267319
267324
267334
267390
267397
267401
267397
267408
267414
267418
267425
267434
267449
267451
267454
267463
267473
267500
267484
267506
267510
267523
267526
267530
267542
267563
267568
267586
267588
267608
267619
267623
267631
267635
267665
267616
267676
267693
267702
267706
267718
267727
267821
267857
267867
267884
267925
267947
267964
267995
268018
268060
268072
268088
268103
268127
268150
268156
268171
268192
268199
268202
268195
268203
268219
268225
268287
268337
268341
268352
268361
268373
268446
268462
268470
268553
268637
268646
268669
268687
268726
262908
268799
268818
268893
268930
268998
269006
269041
269046
269062
269072
269078
269090
269097
269107
269123
269137
269145
269150
269152
269181
269233
269237
269238
269278
269114
269329
269367
269387
269397
269417
269530
269573
269642
269664
269717
269733
269761
269806
269807
269883
270008
270051
270060
270064
270086
270091
270092
270096
270091
270092
270146
270155
270163
270178
270181
270185
270181
270206
270213
270204
270226
270237
256295
270141
270247
270260
270279
270284
270287
270325
270329
270336
270348
270350
270368
270378
270388
270390
261492
270398
270433
270464
270463
270494
270507
270511
270551
270559
270565
270579
270584
270580
270610
270600
270629
270664
270670
270698
270705
270732
270743
270750
270768
270753
270787
270790
270803
270824
270848
270857
270884
270889
270890
270893
270929
270940
270948
270953
270954
270968
270970
271007
271025
271026
271079
271082
271113
271142
271176
271186
262648
271197
271205
271208
271215
271217
271213
271229
271241
271249
271277
271295
271333
271356
271358
271367
271397
271406
271408
271412
271426
271394
271433
267449
271441
271438
271447
271450
271459
271436
271412
271469
271453
271444
271474
271479
249720
271483
271497
271576
271592
271605
271629
271634
271681
271708
271715
271731
271753
271765
271828
271837
271838
271852
266468
271855
271863
271858
271868
271871
271880
271868
271891
271903
271904
271909
271916
271918
271924
271931
271916
271941
271942
271967
271999
272058
272093
272111
272058
272116
272140
272174
272209
272265
271408
272332
272348
272356
272358
272359
272358
272392
272397
272429
272437
272510
272512
272532
272559
272580
272589
272596
272608
272634
272670
272698
272762
272766
272771
272801
272817
272848
272850
272860
272886
272911
272993
273020
273046
273047
273101
273123
273143
273187
273195
273228
273262
273348
273493
273497
273512
273543
273577
273616
273626
273608
273659
273675
255568
273697
273714
273716
273714
273779
273822
273867
273936
273940
274183
274191
274230
274339
274347
274351
274385
274390
274387
274419
274426
274432
274443
274452
274449
274475
274494
274491
274510
274511
274521
274527
274543
274547
274558
274559
274558
274571
274587
274604
274602
274615
274613
274664
274681
274682
274720
274727
274765
274778
274784
274756
274787
274802
274819
274820
274832
274836
274840
274876
274883
274886
274888
239200
274912
274916
274918
274924
274928
274931
274952
274965
274975
274982
274992
275030
275036
275047
275066
275090
275114
275122
275148
275167
275161
275179
275221
275230
275242
275251
275255
275286
275315
275330
275339
275359
275365
275385
275384
275390
275505
275536
275562
275569
275585
275605
275614
275629
275637
275649
275659
275676
275680
275660
275701
275703
275726
275771
275822
275834
275846
275847
275859
275876
275890
275925
275931
275925
275942
275947
275963
275962
275974
275928
276015
276082
276092
276123
276145
276172
276182
276198
276218
276221
276239
276255
276266
276286
276303
276337
276342
276351
276384
276389
276397
276408
276464
276443
276447
276440
276487
276499
239924
276529
276544
276237
276553
276557
276571
276581
276588
276637
276651
276653
276670
276677
276685
276693
276724
276733
276743
276762
276764
276802
276804
276793
276802
276811
276824
276835
276841
276847
276851
276854
276879
276902
276954
276977
276996
276706
277013
277044
277061
277066
277073
277084
277093
277126
277151
277175
277197
277242
277246
277241
277256
277258
277254
277261
277273
277276
277288
277321
277369
277371
277375
277378
277382
277384
277393
277398
277405
277415
277423
277429
277439
277459
277489
277507
277513
277519
277523
277535
277545
277552
277594
277595
277594
277631
277670
277679
277733
277743
277759
277801
277821
277836
277873
277884
277895
277906
277892
277919
277930
277947
277948
277971
277987
277994
278010
217247
278020
217247
278033
278052
278058
278080
278048
217159
278071
278085
278096
278111
278122
278136
278151
278155
278185
278196
278202
278205
278276
278297
233014
278312
278326
278342
278338
278351
278368
278371
278377
278368
278393
278408
260862
278405
278423
278436
278461
278469
278455
278516
278534
278564
278591
278593
278601
278605
278650
278662
278668
278677
278671
278687
278720
213235
278722
278730
278759
278765
278768
278795
278802
278816
278824
278841
278847
278858
278910
278913
278802
278930
278824
278938
278948
278950
278958
278969
278986
278998
278817
279022
279040
278838
279043
279067
279080
279098
278835
279224
279229
181417
279238
279243
279252
279260
279267
279278
279298
279310
279328
279341
279336
279347
279379
279375
279386
279397
279402
279422
279451
279453
279477
279508
279500
279515
279508
279519
279566
279569
279595
279603
279596
279608
279617
279625
279647
277971
279651
279664
279673
279674
279681
279684
279690
279718
279735
279736
279743
279753
279773
279772
279776
279782
279824
279833
279841
279852
279863
279892
279896
279892
279902
279910
279927
279944
279968
279972
279983
280024
280034
280035
280034
280061
280046
280067
280070
280085
280100
280128
280166
280172
280174
280190
280189
217005
280226
280156
280237
280199
280246
280251
280252
280251
280258
280276
280303
280309
280319
280332
280333
280332
280343
280355
280379
280405
280406
280423
280445
280450
280474
280481
280484
280498
280500
280509
280553
280563
280604
280628
212075
280645
280694
280706
280725
280758
280763
280773
280777
280788
280804
280809
280851
280853
230227
280851
280897
280923
280934
280939
280943
280944
280966
280979
281005
281010
281047
281055
281082
281104
281121
281137
281209
281224
281243
281252
281373
281395
281411
281412
281423
281428
281437
281444
281450
281501
281503
281502
281579
281584
281604
281619
281630
281632
281630
281654
281657
281688
281713
281871
281927
281937
281959
282066
282070
282090
282234
282246
282278
282277
282304
282307
282313
282360
282414
282430
282288
282437
282507
282515
282517
282522
282535
282543
282579
282589
282604
282630
282631
282634
282636
282643
282651
282669
282686
282710
282727
282748
282786
282815
282684
282858
282873
282875
282858
282891
282897
282907
282913
282966
283111
283146
283163
283166
283185
283195
283213
283242
283334
283363
283370
283385
283423
283425
283432
283444
283468
283488
283495
283501
283502
283522
283529
283567
283584
283636
283648
283663
283702
283725
283798
283804
283829
283832
283844
283849
283858
283903
283912
283936
283977
284000
284011
284034
284051
284072
284071
284078
284083
284098
284101
284119
284132
284135
284158
284170
284171
284206
284232
284263
284308
284329
284339
284394
284414
284443
284470
284554
284581
284635
284651
284668
284681
284689
284761
284767
284782
284819
284821
284833
284837
284857
284861
284889
284911
284934
284938
284939
284953
284976
284988
285006
285011
285021
285058
285070
285074
285116
285128
285164
285203
285214
285240
285249
285251
285258
285319
285332
285383
285395
285400
285415
285436
285466
285479
285484
285508
285530
285616
285618
285634
285640
285642
285682
285701
285703
285736
285749
285751
285805
285814
285829
285862
285864
285931
285939
285956
286048
286066
286076
286075
286133
286147
286187
286192
286198
286201
286216
286234
286240
286286
286300
286303
286316
286345
286369
286405
286485
286515
286522
286524
286548
286552
286555
286574
286610
286619
286630
286761
286816
286892
286912
286960
286963
287042
287056
287066
287073
287078
287096
287099
287113
287183
287187
287210
287294
287314
287353
287368
287380
287381
287398
287401
287423
287439
287485
287491
287485
287494
287549
287548
287551
287553
287579
287584
287590
287623
287641
287644
287713
287747
287756
287760
287797
287803
285812
287818
287851
287859
287860
287889
287905
287918
287944
287960
287984
288046
288049
288085
288094
288101
288128
288133
288146
288217
288325
288419
288460
288621
288704
288721
288728
288731
288772
288778
288784
288793
288808
288816
288835
288854
288829
288876
288884
288908
288952
288972
289019
288985
289024
289015
289040
289063
289071
289102
289105
289106
289102
289189
289210
289236
289231
289249
289257
289258
289257
289264
289262
289282
289280
289288
289306
289309
289321
289336
289346
289361
289386
289405
289410
289414
289410
289439
289462
289470
289515
289532
289586
289609
289615
289624
289694
289696
289810
289840
289859
289925
289950
289981
289991
290008
290032
290050
290063
290059
290073
290071
290084
290090
290095
290209
290255
290291
290311
290332
290365
290381
290371
290429
290478
290503
290505
290515
290531
290641
290663
290738
290755
290758
290778
290804
290815
290817
290823
290852
290856
290852
290998
291010
291029
291040
291058
291076
291085
291136
291145
291157
291175
291274
291295
291322
291319
291331
289973
291350
291366
291403
291401
291418
291439
291458
291486
291539
291574
291592
291616
291628
291637
291649
291736
291744
291787
291802
291835
291865
291874
291883
291895
291938
291942
291946
292027
292054
292080
292108
292123
292141
292144
292152
292269
292341
292342
292354
292358
292362
292402
292419
292423
292427
292512
292543
292549
292573
292577
292591
292603
292618
292637
292649
292696
292715
292738
292751
292753
292776
292777
292792
292810
292842
292845
292940
292970
292972
293000
293009
293008
293050
293060
293069
293077
293087
293150
293188
293233
293213
293237
293271
293285
293286
293294
293343
293389
293393
293398
293407
293470
293513
293518
293530
293550
293557
293561
293573
293587
293593
293596
293636
293642
293644
293650
285642
293692
293716
293721
293756
293780
293803
293818
293842
293876
293887
293913
293931
293998
294001
294057
294067
294071
294086
294184
294207
294214
294224
294225
294245
294261
294317
294335
294373
294398
294401
294398
294431
294452
294479
294516
294521
294538
294552
294553
294552
294571
294574
294571
294584
294640
294664
294681
294690
294694
294697
294681
294700
294709
294690
294728
294738
294755
294766
294770
294783
294785
294783
294820
294843
294853
294880
294884
294899
294913
292568
294925
294946
294952
294967
294962
294977
294986
295001
295007
295024
295026
295051
295063
295069
295075
295076
295087
295096
295115
295105
295135
293757
295140
295141
295235
295246
295253
295264
295294
295314
295318
295333
295336
295395
295341
295435
295533
295552
295577
295572
295612
295669
295723
295743
295835
295903
295942
295978
296005
296020
296023
296027
296030
296055
296077
296097
296101
296109
296120
296127
296149
296188
296246
296284
296339
296366
296384
296499
296519
296520
296534
296545
296563
296584
296674
296675
296708
296729
296749
296872
296887
296945
296968
297010
297041
297085
297088
297111
297128
297186
297205
297215
297231
297237
297263
297268
297270
297290
297292
297290
297329
297349
297370
297482
297480
297487
297484
297493
297488
297563
297577
297628
297654
297817
297823
297836
297832
297859
297877
297882
297877
297893
297908
297922
297962
298003
298015
298018
298081
298171
298258
298309
298321
298329
298357
298387
298403
298414
298489
298496
298511
298532
298598
298639
298685
291971
298715
298737
298796
298797
298820
298821
298844
298859
298871
298909
298910
298927
298937
298955
298958
297490
297488
298960
298962
298967
298971
298966
298975
298979
298987
298990
298963
298996
299003
297493
298987
299008
294671
298993
299012
299024
299083
299088
299111
299121
299151
299162
299172
299247
299321
299327
299353
299403
299439
299444
299442
299478
299490
299516
299558
299626
299680
299716
299733
98001
299772
299778
299791
299799
299836
98107
299892
299923
107486
299940
299977
300001
300012
300018
300024
300166
300256
300288
300301
300307
300327
300369
300376
300381
300427
8816
300462
300504
300511
300541
300564
300645
300651
300657
300675
300681
300763
300795
300834
300841
300847
300865
300901
300927
300963
300976
300981
300987
300994
300999
301017
80378
301018
301053
301090
301107
301113
301162
301216
301221
301228
301233
301251
301276
301281
301288
301306
301318
301353
301410
301420
301483
301489
301494
301552
301620
301645
52555
301651
301645
52555
301656
301705
301710
301717
301735
301740
301785
301810
301879
301890
301908
301950
301993
302011
302031
302074
54517
302079
302100
54624
302130
302155
302161
302232
302239
302256
302269
302287
302292
302326
302383
302436
302442
302485
302496
302502
302509
302538
302569
302574
302682
302731
160723
302812
302829
302895
302911
302929
302992
302997
303009
303088
303148
303172
303199
303238
303250
303262
303300
303330
303329
303349
303396
303435
303469
303474
303481
303505
303522
303583
303589
303640
303696
303733
303772
303790
303807
303813
303826
303856
303878
303898
303915
303922
202215
303936
303961
303966
303997
304038
304057
304099
304141
304183
199452
304189
304228
304240
304309
304404
304437
304497
304675
304695
304740
239029
304774
304780
239501
304791
304804
304797
304828
304860
304875
304881
240042
304935
304942
304947
305002
252491
305032
305044
305070
305089
305098
305214
305295
305313
305368
305410
305430
305437
305443
305479
305485
305491
305497
305508
305521
305557
305593
305599
305623
305653
305665
305677
305695
305724
243093
305729
305724
305752
254593
305802
305845
305863
305947
305955
305962
233301
305967
305955
305992
306006
306037
306061
306193
306199
234304
306245
306310
306340
306367
306402
306445
306456
306514
306531
306538
306562
306586
306592
306598
306610
306622
306655
306679
306685
306691
306720
306739
306768
306774
185743
306781
306789
306804
186015
306817
306843
306874
306867
306891
306945
307065
307083
307089
307096
307107
306962
307114
288507
307119
307126
307197
307210
307222
307227
307252
307257
307263
307299
307312
307329
307351
307378
307395
307402
307408
307448
307500
307528
307534
307557
307582
307606
307630
307675
307693
307706
307750
307756
307761
307774
307806
307816
307818
307836
307843
307858
307878
308026
308047
308091
308104
308140
308196
308248
308253
308262
308281
308352
308279
308388
308406
39204
308446
308466
308511
308541
308542
308589
308605
47356
47402
308652
308688
308701
308727
308746
308802
308815
308824
308830
308883
308907
308946
308965
120683
309012
309022
309087
309121
309153
86988
309187
309189
309201
309194
309303
309327
309340
309358
309441
309472
309505
309516
309528
309571
309676
309796
309810
309844
309885
309985
310027
124360
310038
310044
310068
310075
310141
310150
310155
310182
310188
310261
310284
310339
310357
310363
310369
310387
310407
310414
310435
310546
137195
310558
310573
310629
310707
310723
310740
310776
310783
45538
310830
310863
310870
46016
310875
45975
310900
310932
310951
310981
311062
311088
311106
311112
311137
311160
311212
311218
311241
311371
311395
311415
311451
311485
311553
311643
311656
311688
311769
311782
311833
311863
311918
311941
311953
312063
312075
312089
312147
312153
312232
195533
312237
312256
312279
312297
312340
312351
312409
312438
312444
132974
312451
312437
312456
312477
312496
312510
312535
312568
312605
312606
312613
312628
312684
312714
312756
312763
312787
312799
312841
312852
312858
312865
312910
312937
312943
312961
179331
312967
312972
312984
313002
313036
313074
313099
313126
313204
313205
181246
313204
313252
313257
224344
313362
313392
313425
313437
313461
313506
313512
313530
313554
313573
313579
313608
175670
313677
231297
313699
313704
313750
313764
313779
313785
313833
313839
313860
313869
313876
313885
313897
313902
313968
313981
314053
314094
314113
244627
314137
314149
314166
314209
314214
314232
314239
258962
314257
314383
314419
314515
314521
314523
314566
314578
314584
314590
314649
314656
314668
314673
314685
314691
233177
314739
314748
314781
314793
314805
314823
314830
314847
314934
314958
314970
315031
315048
315055
