3
29
104
224
313
314
367
369
374
385
404
442
444
468
474
541
581
592
608
555
581
612
628
661
703
712
786
834
838
827
832
852
853
865
871
878
901
1004
1016
1018
1021
1027
1122
1179
1197
1237
1265
1276
1292
1265
1296
1308
1312
1316
1384
1430
1434
1489
1522
1529
1540
1546
1623
1625
1623
1647
1695
1730
1750
1757
1765
1776
1781
1823
1827
2010
2032
2034
2039
2048
2059
2061
2071
2083
2098
2109
2148
2136
2214
2219
2311
2313
2318
2329
2341
2351
2355
2364
2389
2410
2412
2421
2497
2517
2535
2539
2545
2552
2214
2648
2658
2610
2668
2734
2792
2881
2900
2936
2947
2950
2967
2974
2976
2981
3172
3180
3234
3306
3311
3325
3334
3342
3403
3412
3427
3429
3434
3445
3453
3460
3475
3499
3501
3510
3515
3538
3630
3655
3680
3690
3697
3735
3840
3889
3906
3937
3939
3944
3964
3966
3971
4013
4015
4023
4027
4029
4034
4101
4105
4106
4105
4306
4320
4325
4422
4453
4476
4500
4555
4568
4632
4637
4642
4644
4649
4655
4657
4649
4734
4782
4812
4814
4812
4818
4825
4859
4861
4950
4955
4959
4964
4977
4987
5028
5033
5037
5042
5044
5053
5055
5065
5111
5158
5194
5203
5205
5210
5221
5233
5238
5243
5247
5256
5272
5284
5286
5291
5322
5331
5336
5338
5385
5446
5478
5536
5538
5577
5695
5711
5871
5876
5901
5928
5949
5956
5966
5978
5998
5991
5999
6029
6031
6045
6046
6050
6045
6072
6093
6207
6387
6472
6507
6514
6546
6553
6569
6597
6602
6619
6568
6663
6662
6674
6724
7296
7329
7357
7363
7401
7961
7972
7968
8009
8014
8031
8044
8045
8044
8079
8088
8093
8095
8167
8392
8394
8399
8418
8540
8569
8630
8647
8657
8666
8671
8696
8701
8707
8791
8795
8809
8835
8844
8849
8951
8960
8962
8964
8973
8978
8983
8995
9128
9295
9302
9306
9343
9345
9354
9427
9429
9442
9457
9456
9461
9473
9486
9487
9486
9537
9544
9561
9582
9885
9943
9954
9958
9952
9965
10032
10043
10080
10141
10183
10185
10169
10190
10208
10221
10224
10226
10227
10251
10255
10262
10269
10272
10286
10288
10295
10297
10299
10306
10311
10316
10251
10321
10332
10353
10369
10371
10401
10406
10408
10448
10488
10493
10497
10502
10513
10515
10525
10544
10546
10547
10561
10630
10711
10720
10748
10756
10758
10774
10864
10915
10926
10933
10935
11054
11125
11132
11140
11162
11165
11225
11317
11349
11354
11363
11381
11386
11445
12037
12039
12033
12046
12057
12073
12234
12236
12240
12244
12246
12251
12253
12269
12271
12273
12271
12277
12252
12415
12420
12463
12481
12493
12499
12502
12510
12511
5996
12519
12479
12478
12510
12511
5996
12543
12251
12557
12615
12633
12647
12702
12730
12756
12767
12766
12783
12796
12868
12872
12903
12908
12910
12917
12919
12921
12928
12930
12946
13017
13114
13201
13407
13473
13500
13505
13515
13542
13547
13558
13563
13582
13594
13608
13618
13554
13623
13628
13773
13778
13779
13780
13786
13788
13791
13792
13804
13816
13823
13828
13830
13835
13840
13855
13864
13870
13905
13968
13969
13977
14043
14098
14130
9965
14180
14182
14184
14207
13902
14212
14218
14397
14435
14675
14677
14679
14752
14754
14770
14782
14850
14872
14880
14895
14898
14909
14913
14921
14931
15012
15039
15064
15076
15081
15240
15293
15352
15537
15543
15553
15577
10926
15579
15595
15603
15609
15616
15646
15655
15658
15792
15826
15832
15846
15861
15921
16185
16198
16201
16205
16203
16217
16370
16393
16407
16415
16217
16476
16502
16550
16640
16649
16526
16550
16651
16653
16672
16819
16831
16844
16845
16850
16879
16850
16890
16897
17000
17014
17042
17051
16526
16525
16649
17055
17080
17100
17110
17199
17238
17358
17374
17383
17395
17405
17409
17411
17420
17427
17429
17427
17431
17432
17431
17433
17443
17458
17478
17488
17531
17535
17568
17579
17595
17698
13832
17703
17453
17707
17716
17718
17723
17706
17728
17769
17778
17788
17815
17781
17769
17821
17833
17830
17595
17838
17904
17911
17913
17923
18094
18096
18101
18118
18125
18129
18431
18435
18489
18517
18523
18591
18628
18639
18650
18675
18677
18680
18732
18737
18766
18795
18802
18804
18809
18820
18838
18845
18874
18876
18907
19012
19026
19034
19036
19038
19058
19067
19075
19087
19099
19101
19126
19140
19152
19188
19277
19276
19289
19294
19308
19320
19328
19350
19359
19391
19483
19495
19512
19830
19851
19933
19936
19942
19955
19957
19970
19502
19972
19497
19974
19935
19933
19977
19979
19986
20020
20025
20027
20030
20040
20041
20050
20049
20054
20085
20112
20133
20202
20207
20208
20209
20215
20217
20220
20221
20233
20245
20252
20257
20259
20264
20269
20282
20284
20286
20293
20295
20299
20307
20312
20348
20362
20443
20451
20544
20605
20607
20630
20541
20641
20607
20647
20763
20768
20770
20261
20777
20779
20781
20788
20790
20795
20778
20800
20841
20850
20860
20870
20887
20853
20841
20893
20903
20905
20902
20903
20910
20925
21121
21124
21136
20911
21133
21139
20910
21138
21408
21445
21549
21554
21565
21572
21518
21576
21586
21609
21625
21637
21643
21661
21670
21684
21729
21865
21871
21865
21880
17839
21877
21883
17838
21677
21888
21914
21939
21953
22067
21938
21953
22071
22094
22265
22267
22280
22281
22283
22294
22302
22338
22339
22338
22336
22341
22348
22360
22381
22386
22537
22550
22716
22755
22825
22826
22825
22830
22835
22846
22848
22858
22878
22898
22900
22902
22908
22917
22920
22925
22945
22947
22956
23035
23070
23253
23335
23342
23402
23409
23436
23441
23478
23551
23558
23587
23607
23624
23626
23623
23708
23712
23773
23813
23824
23840
23787
23813
23844
23860
23893
23944
23968
23965
24022
24048
24052
24184
24197
24201
24215
24290
24299
24478
24493
24536
24896
25078
25085
25084
25105
25145
25176
25241
25245
25285
25294
25296
25301
25306
25318
25365
25408
25414
25426
25441
25445
25659
25611
25664
25673
25685
25687
25689
25708
25738
25742
25750
25780
25789
25798
25816
25827
25832
25843
25867
25893
25900
25839
25905
25910
26063
26077
26086
26093
26105
26114
20775
20777
26116
26118
26128
26138
26143
26163
26173
26220
26227
26268
26452
26479
26691
26696
26743
26754
26759
26764
26787
26802
26821
26862
26867
26885
26887
26967
26972
26973
27005
27007
27059
27005
27063
27106
27124
27190
27203
27205
27202
27211
27265
27279
27302
27306
27319
27328
27330
27335
27346
27358
27371
27380
27389
27391
27393
27403
27478
27499
27566
27589
27600
27979
28000
28009
28020
28025
28030
28042
28060
28086
28150
28176
28245
28249
28274
28279
28335
28439
28468
28526
28540
28542
28547
28566
28878
27964
28907
28916
29005
29114
29168
29114
29215
29227
29322
29360
29361
29367
29374
29398
29493
29499
29504
29548
29579
29581
29583
29661
29689
29692
29694
29716
29718
29723
29725
29805
29831
29833
29839
29841
29937
29942
30001
30004
30075
30081
30088
30095
30105
30132
30135
30142
30157
30173
30196
30204
30261
30546
30651
30824
30873
30925
30945
30969
31017
31107
31112
31147
31158
31163
31186
31239
31242
31243
31242
31250
31260
31264
31275
31278
31279
31278
31286
31291
31302
31311
31316
31334
31336
31338
31348
31473
31554
31593
31633
31653
31672
31691
31749
31872
31949
32135
32303
32320
32342
32346
32355
32360
32365
32382
32406
32420
32448
32499
32548
32554
32561
32670
32736
32770
32794
32806
32809
32845
32879
32953
32957
32962
33011
33039
33054
29493
33063
33144
33180
33195
33276
33431
33435
33437
33442
33464
33431
33468
33484
33516
30095
33562
33607
33609
33614
33623
33625
33634
33636
33646
33655
33686
33715
33686
33746
33748
33768
33773
33823
33849
33879
33884
33918
33922
33947
33952
33958
33988
34005
34109
34138
34209
34219
34221
34226
34497
34548
34576
34583
34582
34596
34609
34664
34677
34984
34990
34995
35006
35007
35012
35041
35012
35052
35085
35139
35155
35164
35176
35190
35208
35210
35213
35214
35239
35259
35269
35352
35356
35421
35426
35435
35437
35444
35390
35448
35458
35481
35497
35509
35515
35577
35582
35600
35602
35682
35697
35722
35802
35807
35825
35827
35829
35839
36047
36049
36051
36186
36217
36299
36301
36303
36310
36312
36317
36321
36326
36328
36325
36340
36346
36348
36353
36357
36362
36364
36371
36373
36375
36385
36460
36481
36532
36546
36582
36588
36774
36779
36788
36792
36825
36824
36829
36831
36836
36840
36845
36847
36859
36871
36880
36895
36906
36911
36922
36927
36946
36972
36985
36918
36990
36995
37006
37065
37074
37079
37081
37129
37545
37567
37589
37601
37693
37702
37725
37732
37748
37755
37757
37776
37781
37847
37849
37851
37858
37883
32420
37987
37989
37994
38005
38013
38020
38035
38059
38061
38070
38075
38088
38098
38159
38195
38207
38215
38337
38400
38448
38459
38463
38470
38489
38512
38519
38523
38524
38523
38587
38613
38622
38627
38638
38652
38660
38601
38627
38662
38664
38684
38693
38701
38713
38721
38733
38824
38831
38836
38842
38871
38924
38966
39003
39037
39066
39091
39102
39124
39144
39162
39172
39179
39183
39203
39207
39254
39264
39274
39282
39287
39289
39316
39336
39341
39354
39364
39366
39435
39454
39477
39754
39777
39785
39787
39800
39802
39814
39855
39850
39886
39891
40042
40055
40125
40149
40299
40373
40349
40348
40474
40495
40800
40815
40819
40879
40895
40897
40899
40907
40909
40961
40907
40965
41008
41037
41064
41139
41179
41190
41195
41196
41227
41380
41386
41387
41380
41386
41392
41398
41392
41545
41548
41554
41560
41561
41554
41560
41724
41728
41737
41739
41744
41755
41767
41732
41787
41795
41794
41809
41805
41811
41813
41824
41821
36582
41830
41557
41850
41875
41877
41901
41967
41972
41974
41980
41982
41986
41990
41988
41992
41998
42016
42025
42034
42036
42041
42046
42061
42072
42079
42087
42111
42128
42141
42142
42223
42231
42351
42389
42393
42303
42404
42416
42321
42421
42398
42427
42554
42762
42783
42861
37721
42862
42861
37721
42871
42868
42870
42893
42900
42888
42916
42125
42945
42946
42945
42966
42999
43006
43116
43165
43182
43194
43199
43210
43231
43233
43266
43273
43275
43280
43289
43291
43303
43326
43390
43410
43427
43462
43484
43495
43511
43484
43515
43527
43531
43535
43589
43603
43656
43705
43722
43729
43731
43736
43747
38613
43753
43760
43771
43804
43816
43831
43837
43854
43942
43975
43962
43980
44077
44103
44108
44137
44259
44430
44435
44496
44521
44542
44973
44975
44973
44979
45002
45023
45024
45098
45149
45182
45250
45259
45261
45266
45277
45289
45297
45302
45306
45311
45313
45320
45322
45324
45334
45409
45430
45444
45481
45495
45518
45522
45535
45547
45544
45564
45611
45627
45676
45690
45728
45730
45732
45739
45741
45746
45750
45755
45757
45754
45769
45775
45777
45782
45791
45793
45800
45802
45804
45814
45889
45910
45997
45994
45627
46003
41383
46008
46028
46029
46037
46036
46051
46047
46053
46008
46081
46090
46092
46097
46108
46120
46085
46479
46497
46532
46536
46835
46837
46839
46853
46875
46885
46900
47044
47053
47055
47060
47083
47088
47093
47106
47152
47247
47254
47261
47272
47278
47302
47304
47363
47386
47393
47401
47412
47417
47446
47582
47595
47610
47619
47622
47412
47636
47638
47645
47647
47649
47658
47663
47668
47748
47778
47839
48361
48368
48611
48639
48807
48818
48990
49006
49017
49018
49017
49020
49024
48990
49017
49041
48933
49045
49056
49058
49075
49088
49091
49102
49290
49295
49302
49304
49302
49308
49347
49352
49387
49396
49411
49428
49501
49510
49540
49541
49545
49550
49555
49563
49568
49579
49615
49629
49677
49682
49684
49692
49698
49703
49708
49940
49942
49944
49967
49968
49972
49978
49944
50079
50080
50088
50162
50199
50200
50199
50223
50238
50246
50250
50275
50281
50287
50291
50289
50293
50317
50326
50335
50337
50342
50347
50362
50373
50380
50393
50448
50502
50513
50514
50223
51189
51216
51255
51316
51339
51344
51346
51358
51360
51365
51396
51412
51431
51435
51444
51449
51458
51460
51472
51479
51354
51492
51495
51504
51919
51936
51952
52017
52022
52042
52054
52095
52100
52104
52109
52120
52122
52132
52235
52278
52362
52367
52369
52374
52376
52374
52393
52407
52440
52563
52566
52599
52617
52924
52931
52935
52984
52986
53011
53034
53129
53163
53300
53307
53331
53340
53409
53407
53416
53435
53437
53448
53450
53452
53454
53406
53407
53459
53457
53461
53468
53482
53475
53483
53501
53503
53527
53535
53541
49108
53702
54002
54075
54110
54133
54139
54146
54235
54242
54269
54289
54300
54304
54317
54342
54347
54364
54407
54430
54445
54456
54476
54523
54534
54564
54833
54936
55107
55111
55133
55151
55180
55203
55208
55226
50169
55228
55230
55240
55276
55280
55320
55329
55334
55412
55421
55425
55444
55460
55469
55474
55499
55504
55587
55805
56079
56142
56178
56189
56192
56198
56175
56227
50183
56254
56251
56253
50528
56281
56289
56297
56301
56319
56340
56746
56760
56776
56872
57021
57026
57105
57137
57141
57159
57188
57197
57149
57201
57299
57322
57327
57357
57486
57497
57550
57645
57650
57670
57682
57723
57728
57748
57760
57838
57878
57976
58048
58066
58068
58086
58158
58186
58238
58249
58256
58427
58468
58474
58610
58609
58622
58627
58641
58653
58661
58683
58724
58816
58819
58834
58845
58847
58845
58859
58861
58976
58995
59017
59155
59161
59176
59223
59316
59415
59428
59434
59441
59460
59465
59536
59539
59502
59560
59571
59598
59612
59640
59672
59677
59678
59680
59684
59819
59879
59883
59885
59890
59912
59879
59916
59932
59958
59612
60055
60116
60123
60144
60155
60192
60243
60268
60275
60304
60324
60342
60352
60359
60363
60383
60387
60442
60498
60526
60548
60573
60279
60578
60692
60703
60710
60901
61033
61041
61047
61058
61075
61077
61090
61107
61114
61116
61121
61132
61133
61141
61275
61301
61304
61315
61329
61337
61304
61339
61341
61361
61366
61370
61373
61378
61390
61447
61489
61496
61500
61501
61587
61625
61629
61651
61673
61677
61738
61755
61804
61875
61890
61914
61939
61941
61966
61980
61991
62005
62019
62027
62029
62031
62041
62051
62060
62068
62080
62134
62141
62146
62155
62152
62173
62182
62205
62212
62236
62243
62251
62252
62281
62296
62317
62337
62338
62371
62410
62412
62432
62434
62436
62491
62499
62511
62517
62521
62553
62558
62598
62608
