54
89
113
114
126
146
148
150
163
168
170
173
182
184
186
205
207
212
218
220
222
228
233
235
264
269
271
313
315
320
326
328
330
337
339
348
353
355
372
377
379
385
387
392
408
413
415
421
423
428
447
456
444
461
463
449
460
470
472
474
533
552
557
559
565
567
572
601
603
608
614
616
618
794
796
798
876
881
938
940
942
948
953
1010
1012
1014
1118
1122
1128
1133
1135
1141
1254
1261
1263
1268
1274
1276
1278
1291
1298
1300
1302
1309
1311
1316
1322
1324
1326
1370
1372
1374
1416
1421
1423
1429
1431
1436
1440
1445
1447
1454
1456
1458
1471
1478
1480
1482
1488
1493
1495
1501
1503
1508
1561
1563
1568
1574
1576
1578
1585
1587
1592
1598
1600
1602
1615
1622
1624
1626
1633
1635
1640
1646
1648
1650
1668
1673
1675
1681
1683
1688
1692
1697
1699
1729
1731
1736
1740
1745
1747
1753
1755
1760
1764
1769
1771
1777
1779
1784
1790
1792
1794
1801
1803
1808
1812
1817
1819
1825
1827
1832
1885
1892
1898
1900
1902
1909
1911
1916
1920
1925
1927
1935
1957
1959
1964
1970
1972
1974
2005
2007
2012
2016
2021
2023
2065
2067
2072
2078
2080
2082
2107
2113
2115
2120
2124
2129
2131
2161
2163
2168
2173
2175
2180
2186
2188
2190
2208
2213
2215
2221
2223
2228
2232
2237
2239
2269
2271
2276
2280
2285
2287
2293
2295
2300
2330
2332
2334
2341
2343
2348
2352
2357
2359
2365
2367
2372
2414
2416
2418
2425
2427
2432
2438
2440
2442
2449
2451
2456
2462
2464
2466
2479
2486
2488
2490
2666
2670
2748
2753
2810
2812
2814
2820
2825
2882
2884
2886
2954
2971
2977
2979
2984
3000
3005
3007
3013
3062
3064
3066
3109
3111
3116
3122
3124
3126
3133
3135
3140
3146
3148
3150
3163
3170
3172
3174
3181
3183
3288
3293
3295
3301
3303
3308
3312
3317
3319
3326
3328
3330
3343
3350
3352
3354
3360
3365
3367
3373
3375
3433
3435
3440
3446
3448
3450
3457
3459
3464
3470
3472
3474
3487
3494
3496
3498
3505
3507
3512
3518
3520
3522
3540
3545
3547
3553
3555
3560
3564
3569
3571
3612
3617
3619
3625
3627
3632
3636
3641
3643
3649
3651
3656
3662
3664
3666
3673
3675
3680
3720
3725
3727
3733
3735
3740
3744
3749
3751
3757
3759
3764
3770
3772
3774
3781
3783
3788
3829
3831
3836
3842
3844
3846
3864
3869
3871
3877
3866
3879
3870
3884
3883
3888
3893
3895
3892
3902
3904
3906
3919
3926
3928
3930
3939
3979
3985
3987
3992
3996
4001
4003
4040
4080
4085
4087
4093
4095
4100
4109
4111
4141
4148
4152
4157
4159
4165
4167
4172
4176
4181
4183
4189
4191
4196
4202
4204
4206
4213
4215
4220
4229
4297
4299
4304
4310
4312
4314
4321
4323
4328
4334
4336
4338
4351
4358
4360
4362
4898
4902
5124
5330
5332
5334
5340
5345
5347
5353
5546
5548
5550
5556
5561
5563
5569
5571
5576
5580
5585
5587
5593
5595
5600
5606
5608
5610
5691
5696
5739
5744
5870
5872
5874
5880
5978
5982
6076
6078
6087
6194
6196
6198
6229
6231
6236
6242
6244
6246
6259
6266
6268
6270
6277
6279
6284
6290
6278
6292
6294
6295
6301
6303
6308
6314
6316
6318
6331
6338
6340
6355
6361
6363
6368
6372
6377
6379
6421
6423
6428
6434
6436
6438
6445
6447
6452
6458
6460
6462
6475
6530
6532
6534
6547
6554
6556
6558
6571
6577
6579
6584
6593
6595
6602
6604
6606
6619
6616
6626
6628
6625
6630
6733
6735
6740
6757
6764
6794
6796
6798
6805
6807
6812
6854
6856
6858
6871
6878
6880
6882
6895
6901
6903
6908
6912
6917
6919
6926
6928
6930
6943
6950
6952
6954
6960
6965
6967
6973
6975
6980
6984
6989
6991
6997
6999
7004
7010
7012
7014
7037
7142
7144
7146
7159
7166
7168
7170
7194
7201
7203
7208
7214
7216
7218
7219
7231
7238
7240
7242
7249
7251
7252
7256
7262
7250
7264
7254
7266
7267
7273
7275
7276
7280
7286
7274
7288
7278
7290
7303
7310
7312
7327
7333
7335
7340
7344
7349
7351
7393
7395
7400
7406
7408
7410
7417
7419
7424
7430
7432
7434
7447
7500
7505
7507
7513
7515
7520
7524
7529
7531
7537
7539
7544
7550
7552
7554
7561
7563
7568
7572
7577
7579
7585
7587
7592
7596
7601
7603
7681
7683
7688
7694
7696
7698
7705
7707
7712
7736
7766
7768
7770
7777
7779
7784
7825
7832
7838
7840
7842
7849
7851
7856
7862
7864
7866
7879
7886
7888
7890
7897
7899
7904
7910
7912
7914
7923
7932
7937
7939
7945
7947
7952
7956
7961
7963
7969
7971
7976
7982
7984
7986
8009
8173
8175
8180
8186
8174
8188
8178
8190
8191
8203
8197
8210
8212
8214
8221
8223
8224
8228
8234
8222
8236
8226
8238
8239
8245
8247
8248
8252
8256
8261
8263
8269
8271
8276
8280
8285
8287
8293
8295
8300
8306
8308
8310
8328
8333
8335
8343
8365
8367
8372
8378
8380
8382
8389
8391
8396
8402
8404
8406
8419
8426
8428
8439
8474
8476
8496
8503
8509
8511
8516
8522
8524
8526
8533
8535
8540
8539
8544
8549
8551
8557
8559
8564
8568
8573
8575
8689
8691
8696
8702
8704
8706
8713
8715
8720
8726
8728
8730
8743
8761
8763
8768
8803
8809
8811
8816
8820
8825
8827
8833
8835
8840
8846
8848
8850
8857
8859
8864
8868
8873
8875
8881
8883
8888
8892
8897
8899
8936
8944
8946
8977
8979
8984
8990
8992
8994
9001
9003
9008
9013
9015
9020
9026
9028
9030
9037
9039
9044
9050
9052
9054
9067
9087
9092
9120
9125
9127
9133
9135
9140
9144
9149
9151
9157
9159
9164
9170
9172
9174
9181
9183
9188
9192
9197
9199
9205
9207
9212
9216
9221
9223
9253
9255
9260
9268
9270
9292
9294
9301
9303
9308
9314
9316
9318
9325
9327
9332
9469
9471
9476
9482
9484
9486
9499
9506
9508
9510
9517
9519
9524
9530
9532
9534
9543
9552
9557
9559
9565
9567
9572
9576
9581
9583
9589
9591
9596
9602
9604
9606
9734
9736
9738
9751
9758
9760
9762
9786
9793
9795
9800
9806
9808
9810
9823
9830
9832
9834
9841
9843
9848
9854
9856
9858
9867
9936
9941
9943
10236
10241
10298
10300
10302
10308
10313
10363
10370
10372
10374
10435
10442
10444
10446
10459
10465
10467
10488
10493
10495
10501
10526
10530
10543
10552
10597
10612
10621
10623
10628
10634
10636
10638
10651
10658
10660
10662
10681
10688
10699
10776
10781
10783
10789
10791
10796
10807
10818
10831
10840
10921
10936
10945
10947
10952
10958
10960
10962
10975
10982
10984
10986
10993
11008
11019
11028
11033
11035
11041
11043
11048
11059
11107
11113
11115
11120
11131
11137
11152
11161
11163
11168
11208
11213
11215
11221
11223
11228
11239
11245
11260
11269
11271
11276
11317
11332
11343
11352
11357
11359
11356
11365
11354
11367
11358
11372
11316
11371
11383
11321
11380
11390
11392
11394
11407
11416
11467
11475
11568
11573
11575
11581
11583
11647
11653
11655
11660
11671
11677
11692
11701
11703
11708
11785
11800
11809
11811
11816
11822
11824
11826
11839
11846
11848
11850
12379
12388
12612
12617
12794
12798
12811
12818
12820
12822
12828
12833
13010
13027
13034
13036
13038
13044
13049
13051
13057
13059
13064
13075
13081
13358
13362
13368
13373
13375
13381
13575
13684
13717
13719
13724
13730
13732
13734
13747
13754
13756
13758
13765
13780
13789
13791
13796
13802
13804
13806
13819
13826
13828
13830
13843
13849
13851
13856
13867
13874
13909
13924
13933
13935
13940
13946
13948
13950
13963
13970
13972
14020
14022
14044
14046
14090
1371
14092
6614
14089
14094
6618
14107
1376
14104
14116
14113
14228
14232
14237
14239
14245
14247
14252
14263
14269
14284
14293
14295
14300
14304
14317
14324
14342
14344
14346
14359
14366
14368
14370
14383
14389
14391
14396
14407
14414
14416
14418
14431
14440
14448
14453
14455
14461
14463
14468
14479
14485
14500
14509
14511
14516
14632
14634
14647
14654
14656
14658
14680
14689
14691
14696
14702
14704
14706
14719
14726
14728
14730
14737
14740
14752
14742
14761
14763
14764
14768
14774
14776
14778
14791
14798
14800
14802
14815
14821
14823
14828
14839
14846
14881
14896
14905
14907
14912
14918
14920
14922
14935
14942
14944
14946
14988
14993
14995
15001
15003
15008
15019
15025
15014
15031
15040
15037
15049
15051
15039
15056
7560
15055
15060
15065
15067
15073
15075
15080
15091
15169
15184
15193
15195
15200
15211
15217
15219
15224
15235
15241
15256
15265
15267
15272
15276
15289
15291
15296
15307
15313
15328
15337
15339
15344
15350
15352
15354
15367
15374
15376
15378
15385
15400
15409
15411
15416
15427
15433
15435
15440
15451
15457
15472
15481
15483
15488
15652
15661
15663
15668
15674
15676
15678
15691
15698
15700
15702
15709
15710
15712
15724
15714
15733
15735
15736
15740
15744
15749
15751
15757
15759
15764
15775
15781
15853
15868
15877
15879
15884
15890
15892
15894
15907
15914
15916
15918
15964
15980
15991
15997
16003
16012
16009
16021
16016
16023
16011
16028
8532
16027
16032
16037
16039
16045
16047
16052
16063
16177
16192
16201
16203
16208
16214
16216
16218
16231
16238
16240
16291
16297
16299
16304
16315
16321
16336
16345
16347
16352
16356
16361
16363
16369
16371
16376
16387
16465
16480
16489
16491
16496
16501
16516
16525
16527
16532
16538
16540
16542
16555
16608
16613
16615
16621
16623
16628
16639
16645
16660
16669
16671
16676
16680
16685
16687
16693
16695
16700
16711
16789
16804
16813
16815
16820
16885
16892
16957
16959
16964
16970
16972
16974
16987
16994
16996
16998
17005
17020
17029
17031
17047
17053
17055
17060
17071
17077
17092
17101
17222
17224
17226
17239
17246
17248
17250
17272
17281
17283
17288
17294
17296
17298
17311
17318
17320
17322
17329
17344
17355
17413
17415
17420
17431
17438
17455
17462
17995
18004
18228
18233
18403
18410
18414
18427
18434
18436
18438
18444
18449
18619
18643
18650
18652
18654
18928
18937
18978
18984
18989
18991
18997
19159
19183
19324
19333
19346
19348
19350
19363
19372
19381
19396
19405
19407
19412
19418
19420
19422
19435
19442
19444
19446
19459
19465
19467
19472
19483
19490
19492
19494
19507
19514
19516
19518
19525
19540
19710
19732
19848
19853
19855
19861
19863
19868
19879
19885
19887
19892
19900
19909
19927
19933
19935
19940
19951
19958
19960
19962
19975
19982
19984
19986
19999
20005
20007
20012
20023
20030
20032
20034
20047
20056
20064
20069
20071
20077
20079
20084
20095
20101
20281
20296
20305
20318
20320
20322
20335
20344
20353
20368
20377
20379
20384
20390
20392
20394
20407
20414
20416
20418
20431
20437
20439
20444
20455
20462
20464
20466
20479
20486
20488
20490
20497
20512
20521
20534
20536
20551
20604
20609
20611
20617
20619
20624
20635
20641
20643
20634
20648
20647
20656
20655
20665
20683
20680
20689
20691
20696
20707
20809
20816
20827
20833
20835
20840
20851
20857
20859
20864
20872
20881
20899
20905
20907
20912
20923
20929
20944
20953
20966
20968
20970
20983
20992
21001
21016
21025
21027
21032
21043
21049
21051
21056
21067
21144
21149
21151
21157
21159
21164
21175
21181
21183
21188
21196
21205
21223
21229
21231
21236
21247
21253
21268
21277
21290
21292
21294
21307
21316
21325
21340
21349
21351
21356
21469
21484
21493
21506
21508
21510
21523
21541
21583
21589
21591
21582
21596
21595
21607
21604
21613
21602
21615
21606
21620
21619
21628
21625
21627
21637
21632
21643
21655
21652
21661
21650
21663
21654
21668
21679
21686
21688
21690
21703
21710
21712
21714
21727
21733
21735
21740
21751
21758
21760
21775
21793
21808
21907
21913
21915
21920
21931
21937
21939
21944
21952
21961
21979
21985
21987
21992
22003
22096
22105
22107
22112
22117
22224
22229
22231
22237
22239
22244
22255
22261
22263
22268
22276
22285
22303
22309
22311
22316
22327
22420
22429
22431
22436
22447
22453
22455
22460
22471
22477
22479
22484
22492
22501
22519
22525
22527
22532
22543
22549
22564
22573
22586
22588
22590
22603
22612
22621
22636
22645
22647
22652
22663
22669
22671
22862
22864
22866
22873
22888
22897
22910
22912
22914
22927
22936
22945
22960
22969
22971
22976
22982
22984
22986
22999
23006
23008
23010
23023
23029
23031
23036
23047
23054
23056
23058
23071
23078
23080
23082
24064
24379
24384
24389
24397
24595
24667
24711
24716
24724
24733
24748
24781
24796
24805
24820
24925
24940
25064
25107
25112
25120
25129
25131
25136
25144
25249
25251
25256
25264
25273
25275
25280
25288
25321
25323
25328
25347
25875
25880
25891
25963
25987
25994
25998
26004
26009
26011
26017
26329
26331
26336
26344
26353
26368
26523
26539
26611
26635
26642
26646
132
26659
26665
26667
26672
26683
26689
26691
26696
26704
26713
26731
26737
26739
26744
26956
26965
26979
26984
26992
27001
27016
27049
27064
27073
27086
27088
27090
27193
27208
27217
27230
27232
27265
27280
27294
27583
27607
27614
27616
27618
27931
27938
27942
28202
28204
28206
28219
28228
28237
28252
28261
28518
28531
28539
28555
28562
28564
28566
28579
28588
28612
28621
28634
28636
28638
28651
28660
28669
28684
28693
28706
28708
28710
28723
28730
28732
28734
28735
28747
28753
28755
28760
28771
28778
28780
28782
28795
28804
28813
28828
28837
28850
28852
28854
28867
28868
28876
28885
28900
28909
28922
28924
28926
28939
28933
28946
28948
28950
28963
28969
28971
28976
28987
28994
29065
29072
29080
29089
29107
29113
29115
29120
29131
29245
29260
29269
29282
29284
29286
29299
29308
29317
29332
29341
29354
29356
29358
29371
29378
29380
29401
29408
29461
29570
29572
29574
29587
29594
29596
29598
29611
29617
29619
29624
29635
29642
29644
29646
29659
29666
29668
29670
29683
29689
29691
29696
29707
29713
29715
29720
29728
29755
29761
29763
29754
29768
29779
29786
29788
29790
29803
29810
29812
29814
29827
29833
29822
29835
29826
29840
14115
29839
29851
14120
29848
29858
6627
29860
29857
29862
29875
6632
29872
29884
233
30133
30148
30150
30172
30181
30196
30205
30207
30212
30277
30366
30379
30388
30397
30412
30421
30542
30544
30546
30559
30566
30568
30570
30583
30589
30591
30596
30607
30614
30616
30618
30631
30638
30640
30642
30655
30661
30663
30668
30679
30685
30687
30692
30700
30709
30727
30733
30735
30740
30751
30758
30760
30762
30775
30782
30784
30799
30805
30807
30812
30823
30830
30847
30864
30869
30871
30877
30879
30884
30895
30901
30903
30908
30916
30925
30943
30949
30951
30956
30967
30973
30975
30980
30988
30997
31010
31014
31027
31036
31087
31093
31095
31111
31290
31406
31408
31410
31423
31430
31432
31434
31447
31453
31455
31460
31471
31478
31480
31482
31495
31504
31537
31550
31552
31554
31567
31576
31585
31600
31609
31622
31624
31626
31639
31646
31640
31648
31635
31650
31651
31663
31657
31669
7227
31671
31676
31687
31694
31696
31659
31698
31699
31711
31720
31729
31744
31753
31766
31768
31770
31783
31777
31784
31792
31779
31795
31801
31816
31825
31838
31855
31862
31879
31885
31887
31892
31903
31964
31981
31983
31988
31996
32005
32023
32029
32031
32036
32047
32161
32163
32168
32176
32185
32198
32200
32202
32215
32224
32233
32248
32257
32270
32324
32497
32504
32521
32523
32528
32536
32545
32563
32569
32571
32576
32587
32593
32595
32600
32608
32617
32630
32632
32634
32647
7556
32656
32653
32665
32680
32689
32707
32713
32715
32720
32731
32737
32739
32744
32752
32761
32779
32785
32787
32792
32803
33016
33025
33040
33049
33062
33064
33066
33079
33088
33097
33112
33121
33278
33280
33282
33295
33304
33313
33328
33337
33472
33481
33494
33496
33498
33511
33520
33529
33544
33553
33566
33568
33570
33583
33590
33592
33594
33607
33613
33615
33620
33631
33638
33640
33642
33655
33664
33673
33688
33697
33710
33712
33714
33727
33736
33745
33787
33793
33795
33800
33811
33817
33819
33824
33832
33841
33859
33865
33867
33872
33883
33889
33891
33896
33904
33913
33926
33943
33952
34003
34009
34011
34470
34483
34492
34501
34516
34525
34538
34526
34540
34542
34543
34555
34549
34562
34556
34564
34551
34566
34567
34579
34573
34585
8199
34587
34588
34592
34603
34610
34580
34612
34575
34614
34615
34627
34636
34645
34646
34660
34663
34669
34672
34682
34670
34684
34674
34686
34687
34699
34693
34700
34708
34695
34711
34717
34718
34720
34732
34722
34735
34741
34744
34759
34765
34767
34772
34783
34789
34791
34796
34804
34813
34831
34837
34839
34844
34855
34861
34863
34868
34876
34885
34898
34975
34981
34983
34988
34999
35005
35007
8246
35012
35020
35047
8250
35053
35055
34742
35071
35077
35092
35101
35114
35116
35118
35131
35140
35149
35164
35173
35186
35188
35190
35203
35210
35212
35214
35227
35233
35235
35240
35251
35293
35492
35509
35511
35516
35524
35533
35546
35548
35550
35563
8528
35572
8537
35569
35581
35596
35605
35623
35629
35631
35636
35647
35653
35655
35660
35668
35677
35695
35701
35703
35708
35719
36049
36064
36073
36086
36088
36090
36103
36112
36121
36136
36145
36158
36160
36162
36175
36182
36184
36186
36199
36205
36207
36212
36265
36280
36289
36385
36392
36409
36411
36416
36424
36433
36451
36457
36459
36464
36475
36481
36483
36488
36496
36505
36518
36520
36522
36535
36544
36553
36568
36577
36595
36601
36603
36608
36619
36625
36627
36632
36640
36649
36667
36673
36675
36680
36691
36784
36793
36806
36808
36810
36823
36830
36832
36834
36847
36853
36855
36878
36880
36882
36895
36904
36913
36928
36937
36950
36952
36954
36967
36976
36985
37000
37009
37011
37016
37021
37036
37045
37058
37060
37062
37075
37084
37093
37108
37117
37130
37132
37134
37147
37154
37156
37237
37252
37261
37357
37364
37375
37381
37383
37388
37396
37405
37423
37429
37431
37436
37447
37453
37455
37460
37468
37477
37490
37492
37494
37507
37516
37525
37540
37549
37567
37573
37575
37580
37591
37597
37599
37604
37612
37621
37639
37645
37647
37652
37663
37741
37756
37765
37778
37780
37782
37795
37802
37804
37806
37819
37825
37827
37850
37852
37854
37867
37876
37885
37900
37909
37922
37924
37926
37939
37948
37957
37972
37981
38356
38358
38380
38389
38404
38413
38426
38428
38430
38443
38450
38452
38454
38467
38473
38475
38480
38491
38498
38500
38502
38515
38524
38533
38548
38557
38570
38572
38574
38587
38596
38605
38620
38629
38647
38653
38655
38660
38671
38677
38679
38684
38692
38701
38719
38725
38727
38732
38743
38749
38751
38863
39064
39066
39079
39087
39103
39111
39116
39151
39157
39159
39164
39175
39182
39184
39186
39199
39206
39208
39210
39223
39229
39231
39236
39247
39254
39256
39258
39271
39280
39304
39313
39326
39328
39330
39343
39352
39361
39376
39385
39398
39400
39402
39415
39422
39424
39426
39439
39445
39447
39452
39463
39470
39472
39474
39487
39496
39505
39520
39529
39542
39544
39546
39559
39568
39577
39592
39781
39805
39807
39812
39823
