2
16
31
36
58
80
79
81
91
103
123
131
132
136
142
211
238
250
251
259
290
337
342
360
375
435
439
450
233
487
501
549
551
572
613
635
645
635
709
726
773
775
791
802
810
825
848
860
885
905
908
915
944
946
966
992
1006
1024
1029
1032
1084
1111
1125
1148
1150
1168
1167
1209
1224
1239
1236
1251
1267
1281
1284
1307
1313
1317
1318
1345
1388
1390
1416
1424
1428
1430
1428
1432
1452
1469
1477
1494
1491
1501
1541
1544
1545
1553
1555
1581
1356
1595
1603
1619
1615
1642
1652
1669
1710
1722
1747
1764
1773
1778
1784
1803
1804
1820
1859
1906
1931
1962
2047
2069
2096
2105
2135
2139
2142
2152
2167
2169
2171
2184
2211
2241
2243
2246
2253
2289
2297
2304
2311
2352
2373
2379
2388
2406
2414
2481
2547
2602
2457
2639
2643
2659
2670
2691
2701
2715
2724
2763
2815
2662
2832
2843
2840
2861
2867
2881
2924
2948
2643
2963
2965
2967
2976
2995
3017
3051
3111
3130
3170
3172
3201
3213
3216
3244
3276
3280
3300
3319
3358
3387
3394
3398
3412
3445
3465
3484
3503
3511
3540
3553
3599
3607
3615
3319
3673
3720
3715
3739
3746
3748
3767
3799
3813
3824
3861
3868
3881
3899
3925
3947
3950
4001
4015
4024
4044
4074
4086
4103
4105
4121
4122
4147
4157
4159
4154
4157
4163
4164
4163
4181
4196
4214
4216
4250
4280
4307
4316
4388
4396
4413
4416
4433
4442
4501
4522
4528
4569
4591
4598
4607
4612
4627
4634
4655
4649
4654
4656
4673
4681
4697
4715
4750
4795
4801
4841
4861
4864
4893
4908
4932
4949
4999
5032
5035
5032
5089
4906
5102
5104
5106
5139
5148
5156
5170
5176
5185
5196
5222
5218
5247
5248
5255
5269
5287
5301
5339
5365
5387
5391
5417
5269
5439
5453
5458
5468
5488
5494
5538
5549
5565
5605
5614
5659
5666
5678
5708
5725
5743
5746
5765
5776
5824
5850
5868
5904
6007
6022
6079
6083
6086
6089
6095
6102
6106
6129
5872
6135
6139
6166
6190
6223
6246
6253
6292
6312
6335
6377
6393
6395
6400
6419
6432
6435
6452
6480
6490
6503
6506
6523
6539
6546
6566
6601
6607
6616
6626
6646
6651
6666
6744
6842
6869
6886
6894
6905
6913
6944
6974
7010
7021
6744
7036
7034
7049
7063
7085
7103
7107
7109
7134
7138
7151
7160
6869
7185
7213
7239
7244
7250
7244
7257
7269
6981
7325
7354
7362
7368
7383
7400
7407
7469
7166
7473
7551
7582
7623
7670
7685
7718
7744
7763
7791
7809
7820
7836
7852
7868
7880
7879
7920
7938
7939
7968
8019
8056
8063
8113
8121
7809
8133
8158
8185
8189
8197
7938
8226
8235
8243
8252
7981
8277
8283
8333
8336
8353
8380
8386
8380
8406
8418
8427
8446
8454
8450
8460
8473
8486
8484
8492
8511
8520
8521
8543
8641
8684
8712
8719
8774
8910
8908
8940
8947
8954
8983
9002
9056
9069
9097
9112
9116
9125
9170
9199
9203
9228
9242
9258
9264
9270
9288
9295
9296
9311
9323
9340
9374
9375
9384
9457
9461
9468
9473
9468
9477
9563
9613
9649
9665
9651
9719
9725
9732
9781
9785
9803
9821
9830
9840
9708
9876
9910
9928
9932
9938
9947
9958
10008
10014
10054
10079
10081
10090
10104
10108
10129
10147
10148
10154
10152
10188
10213
10214
10227
10255
10144
10288
10296
10327
10357
10393
10398
10430
10435
10466
10478
10508
10514
10541
10591
10604
10606
10614
10630
10658
10664
10676
10695
10763
10767
10799
10829
10849
10727
10874
10881
10892
10940
10943
10942
10947
10968
10989
11048
11070
11082
11113
11132
11147
11165
11181
11207
11216
11219
11221
11246
11278
11292
11305
11308
11336
11345
11390
11396
11431
11434
11489
11491
11496
11522
11535
11547
11554
11556
11572
11604
11612
11608
11648
11670
11679
11698
11717
11751
11756
11766
11775
11870
11722
11875
11900
11911
11933
11830
11945
12013
12019
12026
12031
12063
12077
12095
12106
12127
12133
12144
12175
12178
12221
12227
12245
12250
12256
12277
12283
12295
12307
12413
12415
12426
12433
12438
12444
12449
12450
12463
12072
12470
12479
12487
12500
12573
12616
12624
12670
12698
12708
12799
12862
12877
12894
12919
12925
12929
12925
12946
12976
12983
12998
12751
13006
13066
13071
13092
13090
13105
13159
13183
13208
13213
13224
13228
13289
13296
13193
13308
13355
13404
13406
13404
13414
13417
13430
13228
13477
13478
13501
13502
13507
13558
13571
13603
13613
13702
13704
13709
13711
13716
13738
13742
13757
13762
13765
13635
13779
13819
13831
13844
13859
13867
13873
13886
13929
13959
13964
13835
13831
13965
13974
14039
14073
14086
14092
14090
14099
14112
14118
14123
14131
14141
14150
14167
14171
14189
14203
14092
14090
14210
14235
14249
14251
14118
14275
14324
14325
14338
14335
14350
14361
14368
14369
14385
14387
14385
14430
14495
14508
14520
14527
14549
14551
14564
14574
14628
14637
14647
14648
14647
14654
14662
14676
14691
14706
14715
14728
14758
14769
14773
14627
14778
14781
14921
14925
14781
14933
14788
14941
14966
14996
15008
15058
15068
14932
15071
15100
15106
15136
15146
15150
15157
15164
15172
15056
15174
15205
15217
15226
15261
15277
15295
15297
15298
15305
15319
15336
15352
15374
15378
15406
15411
15533
15552
15556
15566
15575
15586
15592
15605
15620
15647
15676
15688
15689
15699
15701
15699
15708
15715
15719
15720
15730
15733
15741
15448
15744
15451
15754
15824
15825
15834
15840
15841
15857
15869
15872
15880
15888
15730
15937
15974
15981
15995
15997
16014
16025
16039
16052
15836
16070
16090
16096
16121
16127
16129
16171
16211
16264
16315
16354
16367
16391
16392
16431
16433
16470
16511
16534
16558
16563
16599
16399
16618
16615
16238
16621
16628
16641
16700
16701
16714
16724
16753
16831
16921
16920
16937
16988
16984
16994
17024
17035
17060
17061
17091
17123
17144
17231
17265
17293
17335
17338
17353
17368
17373
17393
17046
17405
17409
17416
17431
17462
17471
17501
17522
17580
17591
17593
17625
17674
17698
17728
17725
17754
17767
17879
17883
17905
17945
17953
17986
18007
18014
18040
18045
18062
18063
18079
18117
18150
18167
18180
18199
18211
18228
18237
17945
18250
18254
18259
18303
18308
18307
18317
18333
18190
18339
18353
18354
18376
18399
18432
18434
18432
18454
18487
18502
18515
18519
18524
18529
18545
18567
18579
18594
18598
18594
18607
18470
18620
18709
18402
18723
18725
18723
18753
18786
18793
18878
18887
18895
18926
18933
18936
19027
19038
19043
19057
19077
19109
19164
19211
19241
19277
19300
19306
19322
19349
19351
19184
19356
19375
19407
19415
19430
19442
19445
19466
19477
19493
19539
19550
19593
19602
19606
19620
19627
19649
19662
19715
19718
19716
19749
19761
19493
19781
19796
19841
19853
19872
19923
19937
19945
19958
19964
19974
19988
19984
20010
20055
20059
20066
20092
20096
20116
20140
20197
20214
20219
20224
20231
20263
20271
20280
20303
20310
20324
20340
20342
20354
20367
20079
20399
20468
20507
20510
20543
20597
20600
20629
20630
20636
20638
20646
20649
20652
20668
20672
20668
20689
20694
20703
20711
20734
20588
20758
20779
20815
20399
20822
20843
20853
20880
20881
20911
20922
20925
20944
20951
20958
20676
20963
21006
21010
21020
21010
21026
21030
21039
21060
21067
21082
21094
21100
21154
21162
21004
21178
21236
21322
21338
21349
21434
21439
21435
21459
21462
21472
21500
21379
21525
21578
21582
21593
21594
21601
21611
21616
21673
21694
21698
21742
21767
21785
21796
21812
21814
21836
21859
21880
21883
21894
21927
21970
22010
22044
22060
22070
22106
22132
22147
22149
22158
22167
22181
22196
22209
22259
22271
22302
22312
22318
22340
22356
22429
22425
22438
22436
22442
22453
22458
22465
22481
22509
22540
22580
22589
22606
22631
22657
22711
22742
22759
22602
22805
22806
22657
22822
22839
22842
22885
22883
22891
22889
22904
23013
23027
23081
23087
23110
23146
23199
23219
23222
23231
23256
23262
23342
23349
23364
23378
23415
23456
23478
23484
23502
23515
23549
23601
23606
23649
23687
23699
23701
23708
23730
23763
23793
23794
23793
23814
23837
23843
23856
23864
23859
23873
23881
23890
23897
23910
23911
23910
23926
23936
23988
24044
24095
24099
24174
24191
24224
24262
24269
24271
24269
24285
24321
24334
24344
24379
24393
24394
24400
24285
24406
24412
24415
24452
24454
24463
24464
24478
24320
24489
24518
24520
24522
24554
24558
24577
24644
24685
24717
24723
24769
24773
24779
24817
24822
24843
24847
24849
24853
24878
24881
24885
24907
24916
24917
24954
24965
24963
24992
24997
25032
25035
25043
25050
25066
25128
25167
25171
25269
25271
25274
25300
25317
25324
25327
25337
25343
25351
25376
25385
25390
25402
25419
25455
25498
25510
25524
25566
25575
25589
25587
25608
25618
25636
25652
25690
25695
25720
25582
25738
25596
25787
25798
25803
25808
25855
25870
25880
25920
25936
25946
25959
25985
25984
26018
26048
26078
26101
26107
26116
26131
26144
26153
26187
26225
26227
26240
26242
26275
26300
26341
26355
26412
26413
26451
26471
26495
26508
26525
26544
26543
26593
26619
26623
26638
26668
26708
26715
26728
26733
26742
26747
26774
26807
26825
26882
26989
27042
27050
27054
27059
27124
27128
27151
27186
27224
27226
27247
27258
27263
27260
27268
27124
27277
27311
27363
27369
27378
27393
27399
27433
27446
27444
27449
27494
27562
27574
27581
27582
27586
27621
27639
27651
27658
27719
27724
27832
27841
27854
27886
27892
27894
27915
27925
27933
27990
27993
28029
28034
28047
28057
28100
28114
27832
28138
28174
28188
28194
28210
28219
28249
28250
28259
28265
28270
28297
28302
28306
28324
28334
28339
28350
28376
28388
28418
28421
28422
28438
28443
28463
28513
28521
28582
28599
28622
28641
28679
28704
28730
28780
28807
28814
28830
28861
28871
28879
28885
28909
28911
28919
28922
28935
28972
29001
28890
29038
29057
29074
29077
29084
28827
29092
29098
29113
29119
29153
29288
29286
29309
29330
29336
29338
29352
29350
29378
29394
29409
29464
29468
29479
29506
29552
29586
29593
29590
29599
29649
29657
29688
29690
29709
29734
29737
29599
29740
29792
29804
29810
29826
29848
29866
29871
29896
29899
29974
30021
30063
30083
30100
30113
30168
30174
30177
30196
30200
30218
30266
30272
30154
30335
30337
30349
30373
30385
30436
30504
30522
30529
30588
30585
30593
30613
30634
30726
30729
30726
30740
30739
30746
30772
30792
30803
30838
30746
30848
30934
30938
30965
30980
31016
31017
31018
31017
31027
31035
31064
31069
31089
31117
31133
31159
31187
31194
31207
31214
31225
31245
31261
31297
31304
31340
31351
31354
31351
31436
31448
31460
31468
31485
31491
31558
31575
31616
31649
31683
31694
31696
31712
31741
31770
31783
31786
31851
31893
31905
31912
31929
31940
31952
31981
31992
32053
32054
32073
32091
32104
32111
32128
32165
32215
32233
32236
32233
32242
32256
32265
32295
32311
32313
32340
32372
32392
32404
32449
32473
32490
32530
32565
32583
32606
32614
32647
32653
32672
32681
32691
32696
32691
32697
32722
32752
32789
32838
32863
32866
32882
32888
32970
32987
33006
33103
33111
33144
33016
33170
33191
33083
33199
33201
33214
33247
33274
33296
33305
33357
33366
33382
33523
33530
33536
33573
33622
33698
33724
33733
33760
33763
33826
33828
33861
33859
33899
33910
33926
33930
33955
33967
33968
33977
33976
33985
34018
34049
34092
34097
34092
34100
34117
34123
34176
34181
34213
34225
34235
34237
34246
34249
34275
34318
34360
34372
34401
34444
34456
34469
34495
34502
34522
34529
34540
34567
34597
34624
34630
34634
34641
34665
34763
34765
34774
34777
34782
34785
34810
34819
34835
34895
34900
34917
34983
35000
35012
35015
35027
35083
35089
35120
35134
35160
35166
35188
35205
35208
35219
35244
35263
35281
35283
35312
35327
35378
35405
35413
35449
35459
35469
35524
35527
35550
35552
35550
35568
35601
35609
35616
35619
35633
35634
35662
35696
35729
35756
35798
35797
35806
35807
35806
35865
35868
35895
35929
35949
35956
35966
36025
36085
36091
36099
36112
36113
36145
36161
36169
36198
36202
36209
36213
36222
36231
36249
36254
36315
36322
36341
36379
36378
36394
36415
36277
36447
36516
36572
36675
36720
36734
36608
36736
36750
36774
36780
36787
36849
36943
36985
36996
37004
37036
37062
37079
37080
37096
37139
37148
37158
37210
37238
37263
37272
37286
37303
37313
37321
37328
37339
37375
37388
37406
37478
37492
37502
37549
37579
37582
37588
37604
37606
37610
37670
37388
37669
37703
37764
37774
37804
37827
37857
37872
37711
37905
37922
37935
37767
37941
37949
37990
38047
38054
38060
38075
38092
38101
38106
38119
38162
38169
38209
38232
38236
38270
38300
38335
38351
38374
38378
38387
38434
38483
38488
38529
38557
38564
38584
38603
38624
38637
38777
38435
38779
38791
38805
38655
38823
38693
38835
38853
38854
38863
38864
38865
38884
38921
38923
38948
39016
39046
39065
39097
39104
39113
39118
39125
39134
39150
39161
39164
39191
39336
39344
39360
39371
39410
39427
39523
39526
39539
39546
39550
39586
39591
39597
39603
39298
39604
39610
39620
39628
39721
39281
39727
39770
39777
39807
39808
39813
39839
39852
39856
39891
39928
39933
39940
39978
40019
40075
40078
40083
40089
40102
40106
40113
40118
40178
40197
40226
40245
40264
40304
40324
40376
40398
40420
40431
40439
40468
40474
40490
40537
40547
40582
40599
40633
40665
40688
40716
40720
40540
40740
40761
40774
40790
40792
40801
40836
40867
41020
40864
41033
41044
41064
41087
41106
41109
41112
41139
41195
41206
41214
41218
41318
41330
41347
41346
41359
41366
41387
41404
41409
41440
41453
41507
41516
41551
41566
41410
41573
41569
41695
41716
41732
41754
41778
41825
41834
41840
41838
41844
41863
41881
41889
41887
41890
41922
41937
41943
41959
41977
41983
41998
42030
42073
42084
42103
42121
41983
42128
42142
42159
42174
42190
42216
42224
42251
42255
42287
42325
42337
42339
42366
42389
42419
42454
42479
42493
42496
42517
42535
42547
42560
42572
42571
42604
42637
42656
42679
42688
42699
42716
42723
42734
42762
42774
42796
42808
42847
42864
42872
42877
42920
42620
42937
42945
42971
42973
42988
43031
43073
43077
43153
43162
43168
43179
43218
43233
43246
43375
43390
43401
43403
43401
43407
43420
43478
43481
43488
43497
43503
43506
43510
43517
43557
43561
43632
43639
43654
43656
43698
43735
43738
43768
43770
43787
43816
43855
43870
43936
44028
44081
44126
44167
44187
44217
44243
44248
44259
44265
44327
44354
44368
44383
44391
44418
44481
44484
44503
44519
44383
44523
44558
44576
44585
44430
44593
44288
44624
44673
44523
44676
44678
44693
44702
44712
44740
44769
44786
44797
44819
44837
44839
44861
44875
44881
44925
44969
44988
45026
45032
45045
45068
44786
45074
45078
45082
45096
45114
45162
45181
45183
45205
45217
45256
45264
45315
45388
45394
45435
45436
45443
45458
45485
45518
45525
45531
45604
45609
45614
45619
45627
45634
45658
45664
45696
45727
45773
45777
45838
45840
45841
45852
45862
45906
45924
45950
45974
46008
46039
46048
46063
46085
46089
46117
46141
46149
46184
46211
46217
46235
46241
46250
46286
46329
46387
46435
46454
46462
46474
46329
46499
46582
46584
46608
46628
46642
46664
46685
46541
46688
46685
46541
46694
46744
46761
46781
46782
46816
46822
46844
46856
46894
46915
46918
46927
46956
46968
47001
47011
47018
47055
47097
47137
47146
47145
47173
47208
47230
47238
47249
47335
47341
47354
47372
47446
47449
47482
47511
47538
47549
47555
47633
47653
47663
47695
47697
47731
47756
47780
47799
47809
47832
47862
47891
47904
47950
47967
48010
48045
48059
48080
48097
48132
48159
48176
48186
48202
48241
48084
48251
48269
48278
48298
48312
48352
48369
48375
48392
48400
48482
48491
48500
48609
48623
48625
48629
48678
48687
48696
48713
48716
48718
48790
48830
48843
48879
48935
48955
48964
48972
48975
48997
48995
49028
49035
49057
49102
49133
49157
49179
49197
49198
49204
49220
49253
49305
49333
49382
49422
49424
49434
49448
49464
49511
49528
49548
49561
49565
49566
49569
49578
49590
49606
49612
49645
49649
49651
49653
49672
49679
49514
49694
49729
49788
49789
49832
49851
49880
49891
49984
50025
50035
50037
50058
50104
50130
50149
50175
50181
50184
50192
50198
50205
50203
50213
50225
50231
50266
50296
50333
50332
50345
50368
50371
50381
50391
50396
50458
50461
50506
50532
50543
50553
50600
50638
50649
50657
50667
50675
50679
50688
50726
50791
50792
50791
50797
50834
50845
50882
50893
50900
50928
50946
50949
50955
50971
50975
50984
50992
51057
51096
51118
51141
51148
51163
51165
51171
51226
51225
51230
51287
51327
51333
51347
51352
51361
51359
51387
51440
51455
51463
51481
51514
51523
51549
51564
51603
51626
51627
51647
51661
51665
51667
51686
51693
51742
51755
51761
51794
51797
51849
51857
51862
51868
51869
51874
51893
51903
51972
51978
51986
52000
52006
51838
52009
52040
52052
52078
52096
52117
52129
52150
52167
52191
52226
52241
52301
52304
52308
52352
52366
52370
52373
52046
52386
52396
52459
52463
52481
52485
52528
52212
52538
52551
52629
52633
52646
52688
52687
52700
52709
52241
52724
52725
52729
52774
52784
52822
52835
52865
52903
52921
52933
52954
52959
52966
52993
53013
53038
53037
53053
53094
53119
53167
53207
53226
53237
53240
53296
53333
53336
53363
53383
53386
53421
53424
53427
53431
53455
53481
53548
53550
53558
53579
53582
53658
53678
53695
53702
53725
53736
53782
53791
53805
53808
53811
53817
53840
53865
53880
53894
53921
53923
53926
53936
53969
53988
54020
54027
54061
54060
54066
54100
54110
54126
54135
54167
54175
54193
54261
54267
54285
54299
54301
54316
54333
54398
54429
54439
54452
54456
54459
54519
54533
54559
54571
54574
54576
54588
54587
54594
54604
54609
54617
54624
54629
54640
54723
54726
54762
54776
54778
54776
54785
54788
54806
54809
54832
54875
54878
54926
54937
54571
54958
54979
55030
54800
55039
55050
55056
55074
55085
55091
55096
55113
55131
55139
55144
55201
55243
55256
55265
55314
55317
55341
54944
55367
55383
55411
55475
55487
55491
55512
55547
55580
55590
55598
55601
55642
55670
55671
55693
55717
55797
55816
55842
55853
55865
55868
55873
55899
55940
55947
55965
55971
55984
56017
56023
56037
56035
56047
55543
56053
56086
55899
56116
56131
56148
56164
56184
55987
56199
56224
56261
56257
56285
56303
56334
56364
56371
56384
56395
56412
56409
56423
56465
56303
56468
56512
56541
56615
56630
56680
56713
56756
56809
56864
56875
56881
56924
56941
56993
56995
57006
57042
57045
56492
57048
57062
57095
57098
57287
57316
57338
57342
57350
57375
57390
57399
57405
57539
57562
57596
57606
57619
57633
57642
57651
57665
57727
57757
57779
57786
57801
57825
57827
57832
57839
57888
57897
57926
57940
57988
57991
57988
58007
58012
58064
58067
58084
58090
58130
58157
58185
58221
58290
58305
58318
58336
58364
58404
58471
58479
58513
58525
58533
58547
58584
58619
58632
58647
58655
58689
58695
58728
58813
58842
58852
58867
58908
58950
58975
58994
58995
59007
58801
59022
59029
59039
59043
59048
59064
59067
59092
59101
59110
59115
59185
59209
59205
59213
59235
59243
58641
59249
59301
59330
59332
59357
59359
59389
59406
59422
59434
59453
59463
59465
59479
59520
59517
59527
59535
59542
59547
59615
59617
59680
59683
59721
59742
59749
59816
59835
59842
59864
59875
59879
59882
59894
59897
59902
59937
59993
60007
59816
60023
60043
60056
60065
60077
60088
60106
60112
60120
60185
60186
60203
60213
60225
60245
60254
60028
60266
60308
60335
60348
60372
60418
60449
60186
60460
60514
60518
60550
60053
60560
60587
60604
60612
60623
60627
60635
60654
60675
60685
60687
60693
60697
60714
60726
60730
60752
60760
60207
60788
60792
60806
60810
60815
60827
60830
60848
60850
60865
60878
60906
60927
60938
60945
60955
60654
60973
60979
60379
60982
61004
61007
61035
61079
61095
61113
61109
61124
61145
61149
61169
61181
61219
61225
61249
61304
61331
61364
61095
61370
61379
61390
61400
61405
61425
61434
61447
61463
61515
61593
61615
61621
61629
61636
61696
61711
61727
61767
61789
61820
61861
61864
61874
61958
61968
61976
61758
61982
61992
61994
61992
62027
62074
62097
62134
62145
62180
62202
62213
62230
62232
62271
62284
62287
62311
62315
62367
62370
62400
62430
62456
62501
62525
62567
62554
62583
62599
62354
62641
62658
62669
62709
62717
62775
62778
62784
62787
62793
62808
62816
62819
62827
62833
62893
62900
62914
62967
62992
62999
63000
63001
63005
63020
63031
62354
63044
63053
63061
63052
63053
63093
63109
63122
63130
63134
63159
63176
63178
63189
63195
63250
63305
63317
63330
63348
63384
63424
63456
63459
63501
63544
63600
63605
63610
63617
63662
63667
63675
63679
63746
63747
63751
63756
63766
63790
63800
63812
63815
63821
63839
63855
63891
63906
63917
63922
64010
64053
64064
64076
64103
64149
64165
64195
64204
64214
64239
64247
63973
64258
64288
64293
64310
64327
64344
64355
64366
64384
64388
64389
64415
64455
64464
64491
64503
64508
64507
64517
64563
64571
64599
64613
64642
64676
64705
64707
64756
64761
64775
64794
64797
64803
64830
64865
64877
64914
64948
64988
65018
65025
64573
65053
65062
65064
65083
65090
64384
65119
65158
65175
65190
65201
65212
65214
65224
65225
65235
65255
65262
65274
65287
65301
65310
65320
65347
65353
65404
65421
65465
65499
65525
65556
64879
65583
65588
65605
65607
65605
65652
65657
65683
65701
65766
65809
65831
65875
65876
65884
65915
65916
65929
65949
65968
65977
66016
66038
66072
66089
66103
66121
66163
66186
66203
66244
66274
66311
66380
66385
66398
66421
66429
65812
66451
66456
66472
66483
66496
66592
66615
66622
66631
66672
66707
66505
66715
66749
66760
66786
66804
66826
66879
66905
66916
66960
66983
67003
67029
67037
67041
67089
67098
67190
67194
67209
67214
67217
67226
67232
67258
67278
67308
66609
67336
67347
67420
67425
67432
67447
67446
67498
67539
67546
67558
67584
67604
67614
67623
67398
67632
67687
67708
67723
67741
67749
67506
67775
67799
67804
67819
67820
67853
67888
67903
67916
67925
67948
67954
67961
68027
68148
68151
68185
68212
67708
68217
68255
68295
68301
68314
68326
68398
68424
68462
68469
68479
68525
68526
68533
68541
68554
68562
68575
68641
68657
68673
68687
68692
68696
68719
68757
68771
68772
68782
68845
68875
68905
68923
68919
68949
68957
68980
69000
69048
69063
69109
69096
69194
69200
69208
68899
69223
69258
69291
69304
69335
69345
69352
69372
69371
69405
69574
69621
69633
69656
69713
69739
69774
69827
69840
69862
69922
69965
69975
69991
69995
70012
70023
70030
70076
70080
70092
70125
70134
70156
70178
70186
70201
70231
70234
70245
70289
70308
70313
70339
70092
70340
70365
70368
70398
70412
70451
70514
70568
70566
70574
70595
70603
70613
70648
70706
70752
70772
70813
70827
70865
70882
70896
70909
70915
70955
70961
70972
70722
70997
70784
71027
71072
71080
71116
71202
71219
71236
71258
71261
71280
71293
71320
71328
71339
71352
71402
71414
71428
71459
71483
71501
71514
71518
71537
71554
71570
71591
71619
71352
71641
71671
71412
71414
71717
71784
71788
71794
71799
71797
71845
71852
71866
71898
71914
71919
71929
71950
71965
71967
72010
72018
72025
71537
72037
72054
72062
72064
72107
72111
72125
72140
72141
72155
72186
72202
72225
72229
72233
72240
72244
72233
72267
72286
72328
72331
72517
72549
72586
72614
72638
72642
72668
72698
72727
72758
72813
72865
72879
72889
72939
72945
72992
72990
73016
73028
73057
73075
72806
73103
73112
73122
73155
73162
73174
73172
73214
73259
73263
73275
73065
73286
73319
73340
73347
73356
73369
73400
73406
73409
73406
73421
73436
73448
73509
73518
73547
73565
73580
73583
73628
73665
73668
73675
73703
73712
73713
73723
73729
73772
73775
73778
73785
73802
73810
73819
73827
73840
73851
73891
73900
73920
74023
74049
74061
74074
74096
74126
74139
74140
74159
74169
74179
74182
74195
74191
74199
74233
74263
74337
74354
74381
74392
74432
74447
74557
74578
74593
74596
74378
74627
74650
74651
74650
74665
74698
74731
74735
74755
74772
74354
74793
74824
74831
74842
74888
74891
74896
74928
74957
74971
74999
75101
75124
75132
75153
75158
75174
75197
75206
75237
75260
75285
75308
75327
75356
75421
75424
75458
75498
75507
75548
75566
75620
75641
75654
75669
75685
75715
75732
75747
75751
75794
75835
75846
75863
75867
75890
75893
75890
75914
75911
75916
75921
76009
76011
76029
76030
76029
76037
76041
76046
76055
76069
76118
76122
76121
76133
76151
76207
76247
76265
76268
76294
76304
76324
76335
76339
76359
76370
76373
76405
76406
76424
76461
76516
76522
76526
76547
76556
76580
76601
76631
76690
76709
76715
76729
76736
76759
76960
77014
77029
77031
77044
77056
77086
77094
77108
77135
77146
77148
77186
77218
77237
77244
77263
77269
77315
77339
77365
77382
77386
77397
77441
77487
77522
77549
77576
77585
77614
77628
77629
77628
77634
77665
77760
77810
77841
77865
77559
77890
77905
77911
77929
77956
78017
78023
78025
78035
78052
77923
78064
78160
78228
78269
78273
78272
78328
78408
78425
78434
78469
78481
78527
78534
78548
78552
78579
78624
78650
78519
78665
78677
78695
78716
78767
78770
78785
78849
78907
78944
78992
79019
79027
79035
79064
79136
78975
79158
79199
79206
79210
79239
79254
79283
79342
79413
79447
79453
79469
79485
79399
79519
79529
79556
79569
79601
79619
79625
79632
79644
79657
79682
79705
79769
79774
79785
79793
79796
79811
79818
79838
79880
79909
79919
79929
79991
80015
80033
80048
80131
80155
80183
80189
80211
80127
80222
80225
80262
80277
80300
80336
80348
80360
80372
80405
80414
80475
80481
80593
80617
80627
80626
80646
80641
80657
80669
80685
80691
80700
80711
80615
80791
80807
80816
80829
80847
80870
80896
80914
80928
80935
80950
80981
81005
81018
81081
81123
81147
81157
81168
81210
81225
81239
81250
81255
81257
81274
81283
81313
81333
81360
81368
81379
81402
81406
81428
81427
81443
81460
81478
81524
81525
81537
81558
81600
81677
81688
81702
81646
81736
81739
81752
81782
81781
81863
81875
81905
81909
81739
81914
81924
81934
81935
81939
81954
81956
81954
81974
81988
82009
82053
82054
82082
82085
82091
82095
82101
82110
82113
82135
82137
82155
82160
82110
82162
82187
82203
82230
82238
82266
82269
82319
82323
82334
82338
82348
82353
82266
82380
82398
82411
82426
82452
82394
82474
82507
82512
82545
82590
82599
82617
82623
82651
82653
82717
82566
82719
82739
82768
82773
82797
82813
82841
82860
82872
82915
82921
82942
82943
82949
82961
82965
82997
83011
83027
83031
83039
83059
83071
83107
83109
83128
83231
83232
83268
83295
83298
83345
83360
83384
83404
83408
83407
83419
83436
83440
83490
83501
83531
83552
83556
83558
83556
83582
83587
83590
83648
83708
83710
83595
83715
83725
83730
83725
83741
83774
83787
83790
83820
83841
83876
83898
83908
83918
83926
83933
83953
83988
83978
84000
84030
84069
84078
84082
84096
84104
84132
84142
84236
84274
84288
84306
84343
84345
84356
84358
84356
84362
84407
84412
84411
84467
84477
84545
84566
84590
84597
84650
84657
84671
84676
84685
84709
84726
84741
84769
84807
84826
84685
84831
84833
84865
84868
84893
84913
84924
84956
84983
84985
85069
85076
85095
85110
85116
85138
85140
85189
85193
85211
85222
85232
85237
85240
85247
85267
85277
85278
85306
85373
85392
85406
85449
85467
85472
85471
85496
85501
85504
85514
85554
85567
85578
85591
85616
85625
85645
85674
85684
85701
85719
85733
85736
85761
85771
85785
85789
85827
85895
85905
85926
85938
86018
86051
86056
86085
86079
86089
86101
86100
86104
86116
86122
86159
86162
86189
86213
86218
86224
86089
86232
86242
86252
86295
86298
86310
86372
86413
86416
86458
86142
86456
86142
86476
86483
86548
86555
86568
86627
86646
86657
86666
86677
86732
86747
86776
86666
86780
86815
86832
86866
86891
86893
86897
86900
86904
86936
86937
86947
86952
86974
86978
86993
86907
87007
87019
87029
87043
87069
87075
87090
87175
87194
87203
87239
87243
87250
87289
87312
87328
87393
87398
87401
87406
87451
87473
87555
87559
87573
87589
87594
87605
87618
87629
87636
87652
87670
87736
87776
87795
87805
87827
87825
87847
87856
87862
87874
87887
87900
87928
87950
87968
88015
88019
88047
88048
88054
88076
88084
88089
88129
88156
88163
87949
88178
88227
88247
88262
88264
88162
88270
88275
88278
88315
88312
88347
88388
88401
88436
88437
88460
88475
88487
88498
88499
88511
88545
88587
88591
88600
88608
88657
88685
88470
88697
88706
88733
88752
88774
88779
88795
88793
88800
88801
88807
88828
88842
88863
88893
88891
88902
88905
88926
88967
88979
88980
88987
89002
89007
89020
89034
89105
89162
89165
89187
89190
89215
89216
89218
89226
89256
89261
89257
89278
89301
89319
89354
89366
89379
89386
89416
89488
89510
89521
89382
89528
89525
89543
89585
89604
89647
89650
89666
89685
89720
89724
89725
89724
89764
89770
89793
89811
89826
89845
89846
89849
89892
89938
89988
89989
89992
90019
90015
90064
90070
90078
90095
90098
90107
90129
90198
90200
90198
90262
90285
90297
90306
90309
90318
90326
90318
90363
90392
90487
90535
90556
90557
90563
90565
90587
90608
90623
90701
90712
90720
90734
90737
90741
90744
90766
90831
90868
90763
90873
90893
90927
90934
90938
90939
90974
91002
91004
91015
91023
91041
91050
91055
91131
91139
91143
91151
91174
91181
91203
91207
91225
91291
91295
91308
91320
91339
91360
91423
91427
91506
91522
91544
91588
91594
91619
91634
91639
91652
91666
91665
91698
91704
91723
91761
91771
91789
91833
91856
91891
91899
91910
91957
91958
91957
91980
91982
91980
92020
92023
92095
92104
92108
92126
92122
92152
92178
92190
92187
92189
92238
92248
92313
92333
92340
92350
92257
92355
92363
92400
92446
92450
92446
92472
92479
92530
92596
92602
92621
92630
92648
92712
92753
92648
92810
92829
92851
92853
92887
92890
92935
92978
92996
93005
93040
93042
93080
93087
93098
93125
93152
93048
93159
93185
93211
93245
93262
93268
93305
93313
93322
93329
93340
93374
93385
93390
93405
93436
93447
93477
93478
93505
93533
93405
93545
93548
93561
93563
93561
93559
93589
93596
93625
93653
93660
93662
93665
93698
93752
93768
93788
93796
93798
93828
93849
93863
93872
93950
93971
93985
94005
94021
94026
94079
94084
94091
94113
94142
94166
94224
94228
94236
94296
94310
94332
94447
94482
94494
94570
94576
94592
94602
94474
94611
94620
94647
94652
94655
94708
94745
94762
94796
94803
94809
94853
94852
94896
94900
94902
94912
94959
94985
94988
94990
94995
95011
95024
95054
95099
95128
95140
95143
95177
95186
95189
95206
95211
95250
95257
95266
95275
95278
95321
95337
95114
95343
95356
95423
95440
95465
95471
95477
95490
95567
95571
95577
95582
95589
95595
95670
95676
95713
95716
95774
95812
95831
95832
95859
95909
95910
95949
95957
95970
95985
96031
96050
96063
96128
96130
96135
96159
96215
96253
96256
96283
96284
96285
96291
96354
96471
96485
96487
96489
96493
96532
96552
96557
96562
96597
96671
96713
96721
96751
96786
96791
96799
96810
96826
96832
96920
96939
96990
97002
97035
97050
97056
97096
97107
97141
97148
97217
97214
97315
97359
97388
97393
97430
97458
97484
97488
97519
97522
97528
97534
97590
97596
97632
97653
97659
97680
97753
97776
97802
97846
97851
97933
97941
97963
97968
98023
98035
98055
98099
98121
98128
98148
98161
97933
98174
98181
98206
98210
98211
98212
98250
98125
98278
98283
98289
98304
98342
98362
98409
98448
98490
98137
98504
98534
98547
98550
98561
98571
98576
98583
98596
98661
98713
98724
98736
98758
98796
98814
98830
98887
98913
98914
98943
98953
98962
98981
99020
99027
99049
99054
99063
99066
99115
99117
99149
99173
99220
99255
99279
99300
99308
99319
99332
99439
99463
99497
99508
99537
99553
99555
99618
99638
99646
99682
99687
99756
99759
99756
99763
99770
99811
99814
99830
99833
99711
99865
99894
99906
99953
99982
100047
100054
100080
100079
100104
100113
100137
100150
100159
100177
100192
100196
100203
100207
100129
100236
100245
100261
100320
100323
100329
100341
100354
100375
100382
100400
100424
100510
100516
100520
100400
100557
100561
100594
100639
100652
100655
100666
100689
100801
100820
100821
100824
100850
100871
100879
100909
100919
100949
100960
100966
100997
100811
101023
101043
101047
101049
101071
101077
101112
101158
101208
101222
101230
101242
101316
101361
101371
101389
101404
101402
101412
101419
101441
101483
101520
101533
101543
101565
101584
101583
101698
101739
101738
101776
101797
101807
101827
101830
101836
101843
101848
101917
101926
101931
101500
101939
101949
101969
102030
102046
102068
102074
102136
102165
102168
102171
102181
102190
102210
102221
102247
102259
102280
101949
102308
102327
102337
102340
102361
102391
102407
102425
102428
102432
102468
102479
102539
102559
102579
102584
102618
102643
102658
102685
102728
102736
102749
102751
102767
102811
102825
102866
102884
102891
102904
102911
102935
102989
103057
103087
103144
103174
103079
103190
103192
103198
103239
103246
103272
103296
103309
103342
103384
103397
103411
103423
103087
103439
103483
103517
103519
103528
103557
103581
103599
103623
103651
103663
103666
103694
103708
103728
103737
103792
103842
103884
103928
103975
104131
104143
104154
104167
104201
104216
104227
104248
104261
104153
104296
104314
104319
104342
104360
104367
104368
104367
104032
104379
104383
104395
104406
104438
104227
104460
104467
104500
104529
104536
104558
104600
104601
104651
104658
104695
104715
104735
104746
104748
104752
104795
104806
104810
104826
104866
104746
104929
104935
104955
104961
105005
105011
105038
105035
105088
105087
105094
105097
104882
105121
105127
105133
105153
105159
105171
105183
105209
105211
105265
105278
105303
105047
105313
105349
105358
105373
105374
105373
105392
104941
105423
105439
105468
105472
105485
105557
105622
105630
105638
105391
105645
105692
105704
105727
105738
105745
105769
105790
105557
105808
105810
105700
105819
105709
105844
105856
105860
105875
105737
105880
105886
105890
105970
106027
106039
106065
106074
106127
106135
106165
106196
106195
106207
106234
106272
106295
106298
106335
106346
106353
106362
106378
106431
106438
106465
106466
106497
106501
106504
106508
106506
106548
106565
106581
106589
106606
106636
106651
106654
106657
106663
106669
106709
106722
106737
106795
106847
106854
106449
106870
106893
106904
106916
106930
106987
106999
107021
107023
107050
106930
107053
107062
107086
107107
107112
107136
107173
107182
107185
107194
107222
107241
107257
107305
107317
107321
107363
107364
107381
107392
107424
107425
107422
107454
107539
107546
107550
107594
107605
107609
107639
107653
107656
107670
107685
107686
107685
107696
107692
107691
107729
107757
107609
107776
107780
107792
107839
107877
107890
107894
107941
107965
108004
108006
108019
108036
108045
108124
108126
108164
108176
108182
108195
108204
108207
108250
108310
108346
108365
108378
108394
108397
108405
108421
108424
108465
108487
108513
108531
108586
108595
108625
108690
108722
108725
108818
108868
108897
108899
108917
109016
109017
109020
109030
109056
109072
109105
109117
109126
109132
109155
109173
109198
109209
109232
109264
109293
109296
109325
109327
109348
109366
109383
109420
109447
109475
109477
109493
109499
109521
109542
109549
109557
109573
109576
109621
109648
109650
109769
109773
109783
109801
109834
109860
109873
109896
109902
109911
109936
109951
109974
109977
110000
110028
110032
110046
110053
110068
110074
110092
110114
110118
110166
110173
110208
110214
110221
109941
110223
110233
110292
110296
110299
110303
110362
110404
110406
110114
110416
110423
110443
110441
110473
110628
110644
110639
110646
110665
110676
110702
110706
110833
110841
110919
110929
110964
110976
110992
110998
110878
111004
111016
111021
111039
111069
111098
111120
111157
111181
111242
111277
111295
111301
111305
111314
111345
111358
111394
111412
111433
111483
111355
111528
111539
111561
111575
111580
111586
111595
111607
111612
111619
111622
111696
111721
111772
111775
111777
111791
111823
111853
111870
111880
111906
111917
111923
111946
112014
111772
112038
112058
112075
112077
112100
112110
112112
112125
112162
112168
112186
112191
112193
112199
112236
112244
112259
112262
112266
112281
112314
112326
112348
112363
112416
112437
112312
112452
112007
112459
112464
112546
112557
112593
112618
112626
112666
112681
112792
112837
112873
112915
112948
112970
113003
113022
113026
113077
113080
113081
113093
113102
113128
113141
113140
113163
113194
113207
113217
113235
113243
113244
113249
113269
113292
113175
113309
113349
113367
113446
113500
113509
113545
113568
113578
113590
113612
113615
113629
113685
113693
113554
113696
113716
113743
113762
113772
113777
113776
113782
113794
113803
113806
113837
113844
113858
113875
113942
113946
113959
113963
114003
114047
114074
114080
114083
114074
114145
114170
114181
114196
114212
114241
114259
114271
114321
114373
114392
114479
114565
114588
114623
114627
114697
114700
114733
114736
114821
114700
114862
114876
114883
114937
114990
115013
115012
115059
115062
115081
115093
115105
115130
115173
115177
115012
115182
115201
115219
114892
115278
115362
115368
115376
115384
115387
115438
115300
115452
115481
115480
115519
115566
115619
115729
115781
115857
115408
115937
115946
115961
115975
115986
116038
116080
116108
116111
116120
116157
116180
116199
116279
116283
116298
116327
116347
116359
116371
116376
116405
116425
116428
116436
116444
116449
116474
116482
116180
116524
116538
116544
116554
116563
116572
116443
116584
116581
116625
116635
116632
116686
116716
116746
116751
116760
116862
116865
116940
116686
116948
116984
117004
117036
117081
117089
117091
117115
117119
117133
117149
117156
117209
117228
117268
117119
117341
117350
117352
117351
117366
117375
117394
117442
117474
117489
117499
117502
117516
117523
117529
117394
117545
117550
117556
117560
117570
117595
117613
117647
117662
117676
117690
117719
117771
117791
117793
117817
117835
117857
117908
117927
117933
117947
117989
117996
118011
118019
118029
118105
118120
118180
118219
118234
118256
118260
118285
118357
118373
118396
118467
118477
118520
118524
118543
118555
118590
118673
118736
118755
118791
118870
118887
118898
118916
118920
118956
118953
118969
119019
119028
119061
119091
119148
119156
119168
119184
119187
119195
119198
119207
119224
119274
119290
119309
119332
119340
119349
119436
119517
119547
119568
119573
119568
119583
119603
119619
119638
119665
119667
119672
119713
119743
119758
119761
119773
119875
119884
119923
119939
119941
119939
119974
119995
120002
120007
120013
120021
119879
120043
120070
120081
120086
120085
120092
120111
120117
120127
120151
120153
120172
120190
120199
120203
120212
120217
120225
120229
120257
120283
120301
120305
120019
120322
120378
120382
120419
120541
120580
120595
120613
120620
120626
120649
120648
120657
120670
120679
120716
120727
120739
120763
120765
120764
120808
120838
120853
120856
120871
120880
120898
120946
120953
120967
120989
120991
121023
121031
121042
121068
121108
121137
121143
121159
121172
121227
121241
121261
121300
121312
121324
121336
121344
121216
121363
121361
121382
121410
121446
121463
121483
121497
121534
121540
121575
121632
121675
121676
121521
121728
121740
121747
121760
121777
121789
121805
121877
121914
121942
121978
122045
122059
122067
121948
122070
122112
122166
122177
122202
122244
122264
122273
122316
122325
122335
122356
122388
122393
122469
122473
122484
122520
122530
122548
122550
122613
122622
122639
122668
122688
122694
122758
122771
122775
122797
122803
122816
122825
122843
122359
122896
122936
122484
122939
122990
122987
123056
123072
123103
123148
123174
123181
122392
122721
122392
123199
123201
123246
123247
123246
123263
123274
123307
123331
123391
123478
123483
123497
123522
123526
123549
123583
123598
123603
123631
123630
123642
123660
123246
123668
123758
123816
123838
123839
123880
123892
123918
123930
123975
123988
123997
124030
124085
124122
124139
124145
124146
124156
124188
124222
124249
124267
124273
124139
124297
124309
124317
124339
124353
124375
124378
124382
124406
124409
124414
124453
124500
124513
124526
124559
124608
124626
124716
124727
124728
124727
124862
124901
124967
124977
125005
125038
125043
125065
125079
125085
125089
125168
125020
124848
125175
125181
125254
125258
125257
125287
125311
125327
125329
125338
125349
125373
125388
125397
125401
125410
125443
125456
125025
125462
125481
125556
125566
125600
125616
125634
125641
125672
125673
125687
125725
125736
125813
125846
125904
125912
125919
125923
125960
125962
126091
126096
126140
126152
126182
126190
126202
126240
126269
126276
126284
126310
126312
126378
126385
126458
126466
126500
126518
126525
126538
126547
126548
126592
126596
126625
126640
126651
126668
126681
126737
126795
126812
126822
126993
126996
127024
127032
127048
127053
127067
127082
127086
127103
127124
126941
127165
127171
127234
127245
127253
127283
127296
127317
127333
127336
127365
127371
127467
127618
127633
127302
127639
127646
127660
127672
127677
127705
127708
127792
127797
127838
127843
127879
127885
127891
127995
127999
128018
128056
128117
128123
128138
128140
128150
128201
128205
128210
128221
128226
128256
128275
128314
128323
128331
128360
128389
128423
128433
128517
128526
128527
128532
128541
128548
128549
128610
128458
128630
128638
128686
128688
128690
128688
128772
128782
128814
128818
128866
128902
128920
128923
128939
128974
129027
129039
129063
129071
129076
129085
129090
129134
129135
129146
129225
129241
129295
129311
129323
129357
129367
129395
129411
129417
129421
129462
129515
129516
129520
129545
129600
129650
129660
129674
129535
129683
129688
129693
129734
129751
129831
129841
129916
129949
129972
129990
130027
130038
130060
130068
130083
130105
130114
130198
130207
130227
130233
130239
130303
130325
130419
130455
130454
130481
130162
130497
130516
130527
130557
130574
130578
130621
130653
130656
130713
130716
130731
130744
130754
130756
130779
130794
130835
130847
130869
130881
130886
130917
130920
130974
130978
131005
131017
131045
131098
130908
131119
131123
131143
131158
131182
131196
131210
131222
131246
131260
131266
131283
131289
131292
131336
131337
131392
131416
131430
131437
131440
131452
131460
131467
131523
131533
131578
131594
131608
131609
131648
131677
131686
131701
131712
131727
131725
131761
131787
131795
131799
131826
131843
131883
131899
131904
131912
131936
131943
131998
132009
132066
132112
132121
132138
132156
132184
132189
132238
132253
132262
132306
132327
132354
132398
132483
132510
132522
132524
132522
132531
132548
132568
132587
132648
132711
132742
132761
132764
132782
132793
132808
132829
132903
132927
132936
132945
132995
133000
133030
133039
133057
133090
133164
133162
133197
133202
133205
133249
133264
133268
133277
133346
133369
133375
133410
133416
133422
133474
133508
133523
133375
133554
133568
133577
133578
133615
133656
133666
133689
133727
133728
133731
133759
133770
133775
133656
133785
133806
133826
133828
133852
133867
133893
133965
133977
134016
134038
134046
134086
134136
134146
134151
134162
134219
134229
134279
134287
134293
134335
134351
134363
134359
134387
134391
134540
134554
134590
134616
134633
134660
134680
134723
134733
134746
134753
134765
134772
134785
134812
134817
134830
71813
71570
71569
134863
134869
134881
134890
134922
134928
134938
134974
135059
135106
135141
135252
135273
135305
135334
135339
135402
135409
135439
135444
135458
135465
135510
135513
135551
135559
135583
135444
135597
135601
135632
135650
135660
135672
135707
135715
135737
135760
135769
135793
135809
135817
135841
135859
135906
135951
135992
135995
136017
135890
136025
136042
136044
136048
136065
136101
136111
136169
136247
136253
136267
136318
136324
136363
136373
136374
136380
136388
136398
136462
136465
136503
136613
136662
136673
136674
136692
136705
136703
136712
136735
136741
136846
136861
136897
136901
136925
136957
136987
137035
137053
137113
137116
137162
137195
137225
137226
137242
137257
137293
137302
137360
137370
137403
137424
137446
137452
137464
137468
137464
137491
137502
137507
137522
137531
137572
137578
137589
137604
137619
137649
137687
137702
137699
137713
137751
137782
137858
137867
137871
137898
137909
137921
137948
137960
137976
138001
138025
138035
138037
138036
138050
138053
138086
138103
138114
138135
138144
138176
138203
76598
138206
138221
138231
138259
138263
138264
138322
138351
138357
138383
138388
138394
138448
138458
138492
138504
138588
138603
138614
138623
138674
138702
138712
138816
138827
138839
138967
138968
138969
139017
139026
139036
139053
139085
139094
139087
139106
139109
139106
139119
139130
139146
139189
139214
139218
139224
139240
139253
139316
139317
139330
139353
139383
139386
139427
139429
139463
139498
139521
139531
139580
139582
139586
139655
139675
139677
139680
139511
139699
139728
139731
139745
139747
139782
139823
139871
139877
139925
139936
139948
140012
140034
140076
140093
140173
140171
140215
140220
140227
140232
140294
140317
140323
140347
140353
140384
140400
140406
140416
140450
140463
140483
140579
140609
140632
140657
140707
140731
140730
140758
140771
140801
140379
140838
140864
140912
140935
140949
140970
140986
141037
141079
141070
141133
141138
141140
141164
141179
141182
141189
141194
141189
141206
141204
141209
141249
141267
141274
141293
141352
141377
141407
141441
141462
141473
141491
141556
141576
141600
141642
141650
141656
141673
141706
141721
141745
141764
141785
141813
141837
141968
141975
141991
142007
142023
142099
142114
142123
142135
142176
142200
142204
142210
141927
142204
142247
142258
142297
142307
142373
142379
142398
142454
142492
142517
142523
142517
142538
142572
142580
142605
142640
142655
142667
142668
142697
142715
142742
142775
142790
142860
142867
142885
142888
142889
142910
142913
142943
142949
142958
142970
142982
143014
143032
143051
143057
143060
143081
142632
143093
143092
143099
143103
143156
143214
143217
143245
143251
143272
143287
143291
143322
143327
143340
143404
143405
143420
143444
143465
143474
143500
143538
143550
143560
143566
143579
143603
143612
143621
143389
143645
143657
143713
143722
143729
143779
143798
143803
143816
143840
143864
143879
143885
143901
143668
143977
143981
143998
144002
144000
144049
144089
144077
144103
144122
144137
144146
144155
144195
144320
144338
144397
144518
144522
144536
144552
144555
144571
144575
144579
144590
144616
144627
144684
144750
144754
144761
144795
144797
144813
144820
144823
144841
144854
144900
144913
144931
144946
144960
145004
145051
145066
145075
145076
145091
145095
145118
145156
145163
145170
145176
145195
145252
145273
145285
145288
145322
145328
145361
145367
145386
145392
145414
145468
145471
145505
145517
145546
145588
145611
145624
145628
145634
145630
145636
145638
145644
145681
145715
145726
145737
145765
145794
145861
145883
145886
145883
145891
145823
145897
145931
145972
146013
146030
146063
146105
146135
146185
146217
146224
146225
146236
146300
146311
146309
146335
146352
146366
146377
146406
146417
146418
146425
146426
146428
146437
146450
146464
146476
146480
146484
146510
146546
146590
146593
146599
146618
146638
146640
146647
146683
146710
146727
146750
146757
146774
146787
146793
146820
146836
146857
146866
146871
146895
146918
146939
146941
146947
146848
146957
146960
147009
147016
147088
147136
147157
147177
147212
147229
147232
147229
147267
147332
147337
147386
147403
147440
147453
147503
147546
147560
147595
147617
147650
147665
147674
147673
147702
147711
147783
147784
147822
147830
147822
147857
147861
147876
147888
147946
147969
147974
148000
148019
148026
148053
148060
148095
148098
148110
148117
148123
148154
148161
148174
148176
148196
148267
148270
148285
148307
148319
148327
148339
148360
148366
148411
148424
148451
148454
148463
148475
148483
148487
148496
148511
148535
148537
148567
148582
148588
148606
148603
148621
148639
148647
148695
148744
148788
148791
148797
148812
148828
148843
148859
148861
148863
148867
148876
148885
148908
149011
149015
149031
149044
149049
149052
149072
149085
149106
149130
149136
149163
149167
149195
149203
149210
149213
149225
149241
149268
149276
149275
149311
149337
149356
149369
149392
149409
149470
149475
149497
149554
149581
149599
149409
149617
149647
149659
149670
149695
149702
149714
149736
149759
149780
149795
149803
149839
149886
149941
149978
150005
150050
150057
150069
150067
150078
150113
150143
150160
150251
150076
150257
150261
150285
150292
150308
150319
150326
150331
150361
150378
150419
150440
150494
150564
150575
150633
150641
150659
150723
150743
150761
150782
150791
150797
150803
150810
150812
150855
150870
150887
150895
150907
150960
150981
150998
151015
151036
151045
151062
151092
151120
151131
151129
151142
151200
151045
151228
151278
151285
151301
151313
151315
151377
151383
151418
151445
151469
151472
151480
151534
151541
151598
151472
151603
151620
151642
151673
151717
151723
151733
151739
151752
151764
151789
151796
151799
151804
151830
151847
151843
151869
151905
151970
151979
152016
152121
152135
152144
152148
152162
152172
152190
152199
152198
152205
152220
152238
152249
152276
152280
152132
152291
152300
152301
152303
152301
152309
152326
152365
152401
152409
152431
152488
152510
152570
152574
152584
152641
152648
152663
152715
152726
152789
152799
152803
152799
152810
152821
152842
152843
152867
152873
152877
152911
152930
152941
152951
152949
152995
153015
153045
153134
153185
153196
153214
153221
153248
153263
153305
153317
153331
153337
153400
153408
153436
153489
153523
153552
153555
153573
153598
153600
153626
153641
153408
153650
153685
153687
153702
153706
153717
153725
153483
153751
153773
153768
153779
153812
153843
153862
153884
153888
153909
153920
153979
153988
154000
154074
154077
154088
154103
154118
154145
154184
154188
154196
154222
154225
154248
154268
154302
154307
154319
154324
154336
154379
154387
154391
154429
154434
154457
154460
154501
154506
154514
154549
154557
154570
154590
154658
154665
154679
154695
154704
154709
154744
154759
154771
154797
154799
154813
154822
154850
154875
154910
154973
154983
154993
154995
155027
155035
155049
155083
155144
155213
155251
155289
155334
155346
155356
155362
155375
155384
155420
155447
155455
155456
155455
155477
155488
155496
155328
155507
155515
155519
155558
155563
155568
155591
155596
155604
155486
155615
155627
155631
155507
155641
155658
155688
155693
155701
155741
155810
155831
155865
155885
155910
155932
155963
156003
156013
156021
156045
156061
156064
156078
156088
156130
156132
156152
156200
156209
156229
156232
156266
156332
156335
156347
156371
156200
156385
156396
156412
156418
156453
156468
156532
156548
156560
156568
156569
156580
156589
156586
156595
156605
156613
156628
156655
156662
156670
156680
156687
156704
156736
156738
156757
156785
156789
156839
156670
156858
156875
156918
156920
156940
157015
157018
157029
157042
157051
157074
157113
157126
157166
157232
157238
157269
157276
157304
157310
157313
157373
157388
157398
157414
157448
157456
157474
157476
157495
157517
157365
157524
157373
157539
157545
157551
157548
157554
157580
157591
157595
157600
157325
157649
157661
157703
157712
157715
157718
157715
157730
157746
157756
157814
157817
157814
157834
157844
157871
157895
157905
157913
157930
157936
157793
157951
157964
157973
157979
158016
158044
158053
158067
158073
158077
158098
158099
158102
158133
158128
158140
158142
158153
158156
158162
158175
158182
158195
158204
158225
158258
158099
158263
158286
158289
158291
158289
158295
158302
158308
158337
158353
158382
158391
158400
158410
158411
158444
158492
158491
158524
158544
158558
158560
158575
158595
158622
158642
158649
158689
158721
158729
158738
158744
158751
158760
158812
158844
158883
158890
158892
158926
158941
158954
158955
159005
159063
159097
159122
159140
159161
159175
159183
159232
159350
159363
159381
159385
159389
159385
159413
159414
159232
159475
159503
159531
159545
159593
159599
159609
159633
159653
159659
159665
159676
159680
159775
159777
159789
159833
159852
159888
159702
159903
159939
160034
160040
160079
160090
160101
160141
160147
159587
160172
160179
160210
160221
160222
160224
160247
160248
160260
160321
160329
160335
160145
160349
160369
160410
160444
160469
160532
160549
160559
160568
160570
160581
160597
160657
160673
160675
160718
160729
160793
160808
160810
160816
160883
160937
160940
160988
160657
161007
161032
161053
161055
161092
161097
161129
161153
161162
161229
161238
161237
161248
161306
161314
161330
161343
161380
161430
161446
161456
161470
161506
161516
161525
161350
161535
161554
161565
161576
161577
161605
161617
161622
161627
161649
161657
161744
161751
161750
161756
161768
161775
161114
161825
161849
161516
161855
161861
161872
161880
161900
161907
161925
161957
161962
161834
161989
162034
161883
162037
162062
162092
162093
162099
162109
162110
162117
162135
162137
162140
162155
162180
162197
162201
162252
162269
162297
162330
162342
162365
162377
162376
162401
162397
162418
162420
162435
162450
162455
162478
162480
162488
162511
162513
162518
162342
162537
162553
162380
162559
162567
162572
162588
162590
162588
162630
162650
162656
162724
162779
162845
162862
162865
162888
162935
163027
163028
163027
163029
163030
163127
163141
163152
163166
163172
163156
163202
163218
163244
163242
163260
163266
163270
163127
163275
163318
163325
163336
163359
163366
163376
163395
163422
163469
163475
163484
163482
163493
163503
163528
163550
163556
163571
163584
163588
163607
163669
163732
163745
163611
163760
163769
163772
163840
163853
163876
163897
163926
163931
163932
163935
163942
163958
163960
163971
163979
163987
164008
164019
164028
164128
164134
164166
164193
164214
164220
163882
164239
164241
164269
164288
164310
164166
164314
164335
164342
164363
164384
164424
164433
164450
164463
164479
164488
164499
164513
164517
164552
164568
164324
164591
164596
164603
164616
164619
164696
164694
164699
164720
164716
164731
164802
164870
164872
164899
164979
164993
165056
165073
165090
165173
165197
165208
165215
165226
165234
165237
165313
165323
165347
165354
165490
165512
165524
165525
165541
165555
165566
165569
165590
165650
165712
165725
165737
165761
165785
165862
165887
165943
166004
166035
166053
166079
166101
166208
166226
166234
166250
166283
166308
166324
166330
166334
166357
166367
166368
166379
166387
166401
166412
166467
166506
166526
166539
166548
166554
166575
166580
166603
166612
166642
166644
166659
166723
166743
166762
166807
166834
166883
166896
166923
166934
166960
166967
166969
166984
166996
167004
167066
167120
167147
167165
167169
167168
166883
167172
167188
167195
167200
167248
167253
167281
167309
167319
167337
167360
167392
166932
167415
167443
167452
167472
167515
167517
167525
167552
167560
167564
167631
167641
167660
167673
167687
167689
167400
167714
167773
167791
167833
167938
167934
167941
167946
167963
167968
167975
168008
168016
168025
168038
168056
168067
168070
168067
168093
168108
168122
168140
168144
168153
168181
168187
168211
168265
168295
168320
168332
168362
168387
168390
168403
168460
168466
168496
168529
168537
168583
168589
168638
168648
168672
168702
168722
168545
168723
168733
168784
168821
168857
168872
168898
168904
168906
168918
168928
168932
168950
168959
168983
168998
169011
169019
169043
169045
169076
169082
169146
169150
169160
169163
169187
169198
169210
168906
169219
169238
169246
169280
169299
169308
169420
169439
169450
169454
169482
169494
169503
169516
169549
169556
169596
169655
169659
169503
169693
169705
169707
169725
169749
169769
169775
169799
169817
169830
169845
169847
169845
169892
169935
169994
170016
170017
170016
170040
170065
169901
170093
170094
170105
169935
170106
170116
170144
170166
170194
170205
170216
170266
170271
170288
170300
170316
170327
170330
170333
170330
170350
170381
170393
170408
170423
170445
170444
170486
170553
170571
170575
170595
170650
170687
170698
170723
170743
170780
170787
170815
170826
170851
170894
170905
170921
170931
170954
171032
171033
171036
171072
171096
171103
171127
171135
171164
171167
171169
171170
171181
171211
171224
171227
171251
171265
171297
171294
171310
171322
171423
171442
171466
171497
171518
171552
171564
171583
171605
171656
171676
171695
171709
171744
171569
171756
171781
171788
171806
171820
171828
171909
171961
171777
171967
171986
172002
172010
172021
172053
172067
172084
172081
172101
172119
172129
171983
172152
172181
172248
172264
172271
172280
172284
172298
172296
172304
172302
172321
172328
172334
172349
172362
172375
172402
172404
172450
172454
172509
172538
172567
172576
172583
172625
172676
172682
172686
172694
172708
172727
172723
172730
172748
172765
172773
172790
172800
172868
172881
172914
172785
172573
172940
172961
172966
172976
172984
173032
173060
173077
173123
173136
173148
173167
173182
173200
173227
173242
173259
173307
173326
173384
173396
173243
173397
173396
173243
173417
173424
173464
173473
173484
173496
173507
173522
173531
173527
173600
173632
173630
173657
173666
173680
173696
173718
173735
173744
173739
173740
173745
173748
173754
173761
173809
173821
173886
173916
173922
173919
173950
173974
174008
174071
174094
174131
174148
174181
174195
174209
174212
174216
174285
174321
174370
174419
174427
174443
174484
174489
174499
174512
174526
174548
174608
174646
174683
174721
174754
174814
174896
174915
174926
174942
174976
175077
175088
174636
175132
175154
175188
175199
175217
175232
175244
175294
175313
175312
175331
175364
175392
175428
175436
175447
175455
175463
175493
175505
175503
175518
175532
175560
175562
175573
175678
175682
175697
175736
175801
175819
175821
175858
175865
175441
175892
175899
175912
175928
175941
175947
175969
175977
175986
176023
176042
176068
176111
176129
176152
176004
176159
176155
176161
176159
176155
176183
176205
176250
176268
176299
176330
176332
176348
176440
176474
176478
176496
176547
176559
176578
176617
176623
176634
176640
176653
176667
176687
176698
176743
176766
176771
176819
176839
176877
176900
176953
176963
176979
176983
176987
177010
177029
177033
177046
177068
177076
177081
177087
177140
177145
176979
177161
177177
177246
177269
177270
177276
177309
177326
177337
177359
177367
177417
177448
177453
177497
177514
177527
177554
177564
177566
177564
177567
177173
177597
177601
177618
177649
177694
177693
177729
177731
177796
177809
177879
177902
177907
177962
177987
177994
178040
178070
178092
178102
178106
178172
178250
178256
178269
178287
178315
178327
178345
178344
178370
178366
178418
177914
178428
178435
178437
178464
178498
178561
178563
178577
178591
178600
178612
178639
178662
178663
178684
178715
178743
178765
178780
178784
178806
178810
178826
178854
178873
178870
178903
179016
179022
179122
179131
179136
179016
179184
179263
179330
179336
179335
179338
179362
179397
179418
179441
179286
179452
179488
179493
179497
179498
179523
179549
179552
179597
179604
179654
179666
179683
179699
179705
179727
179750
179759
179439
179816
179892
179908
179961
179979
179989
180007
180038
180065
180098
180115
180155
180164
180165
180217
180230
180098
180251
180256
180295
180308
180336
180339
180360
180401
180413
180412
180417
180442
180455
180460
180303
180475
180480
180508
180543
180553
180655
180671
180676
180717
180745
180775
180788
180809
180826
180838
180854
180860
180862
180523
180868
180878
180985
181022
181028
181040
181070
181068
181082
181116
181133
181141
181152
181162
181178
181216
181223
180717
181234
181068
181236
181244
181340
181342
181340
181367
181410
181436
181460
181463
181512
181547
181607
181649
181679
181766
181780
181789
181791
181836
181894
181932
181965
181799
181986
181460
182025
182041
182093
182126
182133
182141
182185
182190
182200
182020
182210
182216
182239
182250
182263
182309
182343
182133
182366
182372
182375
182380
182383
182389
182405
182416
182418
182479
182503
182504
182565
182575
182582
182676
182679
182681
182679
182684
182685
182693
182768
182785
182787
182796
182182
182822
182828
182851
182906
182924
182978
182979
182981
182979
182990
183014
183023
183026
183049
183058
183064
183084
183136
183139
183146
183153
183162
183169
183173
183192
183208
183227
183257
183267
183348
183358
183368
183372
183162
183402
183415
183446
183026
183502
183521
183551
183565
183586
183595
183648
183651
183658
183709
183790
183799
183809
183849
183951
183959
183963
183970
183974
183980
184007
184028
184041
184046
184049
184105
184110
184118
184130
184133
184141
184148
184164
183772
184165
184164
183772
184180
184187
184193
184217
184231
184248
184277
184381
184422
184432
184470
184472
184476
184564
184587
184623
184688
184695
184709
184712
184715
184793
184800
184809
184844
184874
184876
184879
184899
184919
184942
184947
184968
184979
184992
185003
184815
185039
185069
184856
185076
184688
185104
185220
185222
185251
185259
185268
185299
185331
185339
185026
185404
185417
185471
185492
185500
185512
185527
185529
185553
185562
185599
185619
185630
185651
185700
185449
185731
185788
185794
185800
185807
185878
185893
185906
185926
185928
185943
185966
185984
185982
185995
186005
186007
186014
186030
186103
186100
186124
186130
186135
186141
186152
186155
186152
186181
186211
186277
186311
186359
186429
186461
186470
186488
186506
186515
186532
186605
186623
186626
186632
186650
186659
186771
186791
186805
186815
186837
186841
186884
186902
186944
186957
186973
186993
187023
187049
187076
187082
187103
187155
187167
187248
187253
187259
187278
187291
187296
187321
187327
187335
187350
187395
187422
187425
187436
187514
187522
187524
187568
187578
187590
187614
187621
187629
187687
187731
187735
187789
187811
187828
187644
187833
187849
187870
187050
187935
187945
187970
187977
187985
187991
187997
188027
188082
188099
188105
188107
188128
188134
188190
188196
188212
188227
188248
188268
188275
188294
187833
188321
188354
188361
188403
188412
188487
188525
188547
188550
188567
188605
188622
188657
188668
188697
188707
188752
188759
188789
188809
188849
188902
188911
188925
188962
188988
189001
189060
189074
189097
189150
189196
189206
189236
189258
189259
189267
189271
189317
189323
189337
189347
189352
189359
189403
189419
189461
189531
189596
189607
189626
189666
189692
189698
189695
189701
189712
189719
189742
189755
189781
189792
189806
189834
189838
189841
189908
189918
189926
189957
189964
189999
190004
190015
190043
190054
190151
190157
190223
190226
190228
190251
190257
190244
190274
190313
190316
190331
190304
190334
190355
190386
190391
190425
190449
190482
190503
190546
190548
190557
190564
190567
190575
190206
190578
190595
190219
190611
190613
190611
190657
190676
190681
190704
190721
190766
190768
190778
190793
190831
190857
190899
190901
190910
190924
190945
190951
190957
190989
191002
191030
191042
191048
191090
191118
191121
191127
191148
191157
191180
191218
191222
191229
191233
191300
191406
191422
191419
191421
191435
191450
191480
191528
191657
191683
191705
191718
191741
191751
191801
191802
191812
191826
191848
191893
191902
191924
191970
191976
191296
191981
192008
192025
192023
192069
192088
192141
192178
192180
192216
192223
192233
192260
192264
192268
192293
192301
192304
192309
192069
192314
192349
192356
192361
192371
192384
192390
192419
192437
192446
192453
192471
192513
192516
192546
192552
192557
192605
192682
192703
192722
192516
192720
192733
192757
192774
192834
192858
192922
192937
192952
192960
193026
193078
193153
193246
193260
193271
193284
193290
193313
193323
193103
193395
193408
193419
193423
193435
193205
193472
193483
193499
193545
193569
193624
193646
193648
193667
193685
193715
193718
193724
193726
193545
193745
193759
193782
193856
193863
193867
193880
193885
193915
193922
193924
193947
193952
194014
194023
194063
194085
194102
194114
194123
194125
194127
194157
194174
194184
193724
194201
194202
194205
194240
194246
194260
194310
194417
194434
194486
194504
194524
194529
194539
194582
194596
194597
194697
194699
194697
194722
194733
194742
194743
194778
194791
194821
194846
194629
194858
194867
194902
194907
194934
194985
195010
195013
195030
195041
195044
195083
195109
195139
195188
195209
195219
195229
195290
195317
195325
195395
195420
195422
195457
195479
195511
195520
195592
195611
195623
195624
195627
195704
195767
195788
195792
195803
195806
195814
195872
195891
195912
195930
195986
195996
196007
196016
196018
196044
196059
196076
196078
196132
196163
195891
196197
196207
196238
196247
196271
196283
196002
196281
196298
196304
196342
196403
196450
196465
196472
196487
196535
196572
196580
196613
196619
196625
196631
196644
196658
196678
196800
196808
196828
196860
196874
196907
196589
196910
196913
196950
196969
197011
197023
197072
197087
197082
197102
197114
197118
197183
197224
197241
197250
197279
197299
197338
197340
197370
197400
197443
197458
197466
197518
197528
197543
197552
197558
197571
197585
197588
197605
197614
197620
197624
197640
197628
197662
197665
197685
197742
197746
197771
197776
197803
197808
197840
197865
197859
197912
197924
197920
197977
198008
198016
197401
198031
198058
198089
198099
198109
198112
198128
198130
198138
198145
198155
198167
198190
198206
198209
198211
198215
198209
198230
198229
198239
198287
198317
198323
198311
198331
198338
198344
198379
198387
198409
198413
198422
198505
198509
198513
198539
198537
198541
198553
198575
198590
198602
198627
198647
198671
198674
198691
198749
198756
198759
198809
198818
198863
198907
198911
198932
198928
198944
198950
198958
198950
198962
198968
198971
198962
198977
199018
199011
199039
199060
199064
199222
199234
199242
199269
199275
199289
199292
199358
199376
199381
199385
199424
199451
199474
199488
199512
199565
199571
199589
199179
199610
199629
199637
199649
199650
199669
199671
199746
199756
199760
199792
199826
199837
199840
199917
199961
199966
199975
199610
200016
200067
200083
200113
200127
200135
200139
200145
200158
200204
200301
200309
200315
200314
200327
200346
49548
200362
200381
200385
200399
200410
200431
200451
200487
200314
200528
200554
200597
200616
200619
200621
200664
200713
200725
200731
200764
200796
200793
200820
200839
200903
200907
200926
201021
201027
201053
201058
201065
201063
201070
201155
201153
201167
201163
201193
201208
201243
201259
201263
201264
201280
201308
201313
200984
201314
201323
201366
201382
201384
201432
201501
201503
201512
201527
201565
201577
201598
201600
201608
201259
201614
201613
201626
201472
201630
201637
201648
201653
201659
201669
201710
201725
201749
201761
201775
201808
201824
201836
201839
201851
201677
201872
201890
201908
201957
201976
201991
201995
201991
202007
201851
202010
202032
202039
202041
202074
202083
201749
202119
202124
202130
202189
202215
202237
202263
202273
202295
202320
202352
202355
202387
202386
202423
202422
202480
202505
202508
202510
202536
202539
202547
202627
202628
202627
202646
202656
202698
202709
202723
202729
202800
202811
202820
202836
202837
202850
202894
202932
202988
203005
203010
203021
203030
203031
203055
203060
203080
203082
203092
203096
203115
203147
203151
203171
203210
203043
203225
203233
203283
203309
203346
202837
203372
203393
203405
203407
203427
203435
203441
203469
203487
203491
203503
203516
203526
203546
203553
203555
203553
203579
203614
203620
203425
203642
203648
203671
203688
203702
203717
203725
203728
203747
202859
203763
203770
203782
203839
203861
203884
203888
203901
203911
203966
203979
203988
203994
203996
204023
204040
204045
204055
204129
204139
204156
204200
204201
204206
204213
204215
204279
204287
204299
204333
204347
204393
204401
204420
204427
204265
204439
204452
204476
204478
204503
204516
204521
204587
204613
204645
204694
204700
204721
204772
204789
204798
204809
204853
204867
204875
204891
204903
204922
204962
205014
205024
205049
205075
205085
205116
205136
205154
205163
205171
205181
205215
205248
205276
205279
205307
205303
205331
205332
205357
205370
205163
205395
205417
205440
205446
205529
205538
205535
205613
205615
205679
205750
205765
205769
205806
205835
205866
205870
205917
205928
205937
205949
206005
206021
206026
206042
206067
206116
206121
206122
206139
206174
206243
206246
206255
206270
206271
206288
206299
206339
206358
206385
206408
206423
206462
206467
206474
206478
206500
206504
206524
206540
206544
206555
206563
206573
206579
206593
206614
206618
206632
206649
206715
206736
206756
206763
206774
206800
206839
206844
206849
206864
206869
206897
206904
206915
206958
207003
207017
207021
206629
207032
207042
207062
207064
207077
207088
207105
207120
207128
207138
206975
207146
207251
207253
207312
207342
207349
207392
207402
207433
207458
207494
207135
207604
207701
207720
207727
207746
207772
207784
207787
207793
207826
207851
207860
207874
207881
207915
207946
207948
207967
208001
208084
208088
208126
208172
208205
208214
208221
208244
208246
208244
208268
208279
208298
208108
208315
208323
208348
208360
208430
208465
208469
208478
208481
208487
208495
208509
208011
208552
208585
208597
208616
208458
208628
208478
208641
208658
208664
208668
208677
208674
208703
208745
208804
208810
208835
208841
208205
208844
208867
208883
208914
208919
208921
208952
208961
208804
208972
209018
209054
209063
209088
209093
209096
209114
209112
209122
209224
209231
209249
209258
209308
209309
209311
209329
209335
209339
209347
209402
209417
209426
209431
209439
209458
209475
209523
209335
209547
209592
209636
209648
209653
209652
209662
209678
209688
209714
209723
209747
209765
209772
209815
209818
209831
209834
209831
209848
209870
209906
209914
209916
209931
209950
209961
209975
209983
209996
210001
210005
210001
210006
210031
210049
210050
210061
209723
210074
209888
210081
210093
210100
210121
210131
209781
210147
210204
210227
210228
210266
210288
210305
210342
210354
210376
210377
210376
210383
210387
210399
210407
210421
210485
210491
210497
210495
210517
210538
210557
210559
210593
210603
210619
210622
210421
210623
210421
210625
210662
210712
210719
210737
210758
210769
210794
210810
210842
210845
210860
210872
210886
210893
210918
210929
210982
210987
210989
210987
211024
211057
211097
211108
211133
211137
211144
211165
211175
211209
210984
211218
211239
211253
211262
211266
211306
211317
211360
211372
211380
211387
211413
211437
211468
211479
211523
211554
211562
211567
211617
211639
211249
211661
211677
211680
211694
211804
211808
211839
211851
211866
211890
211905
211955
211966
211976
211983
212012
212047
212069
212098
212120
212153
212171
212213
212276
212285
212322
212357
212359
212383
212442
212456
212468
212496
212322
212507
212526
212532
212546
212576
212582
212590
211944
212609
212610
212611
212644
212692
212699
212700
212704
212710
212755
212813
212892
212912
212947
213014
213022
213037
213094
212439
213100
213113
213122
213143
213179
213187
213192
213002
213233
213244
213259
213274
213295
213308
213310
213392
213409
213419
213443
213445
213457
213463
213473
213500
213519
213539
213614
213617
213631
213643
213668
213718
213760
213770
213866
213868
213974
213982
213985
213998
213999
214002
214005
214052
214084
214153
214177
214178
214177
214184
214211
214212
214226
214225
214232
214245
214267
214286
214309
214324
213678
214358
214375
214390
214405
214434
214451
214025
214460
214456
214464
214460
214477
214496
214511
214520
214533
214596
214619
214634
214659
214674
214706
214725
214754
214762
214770
214773
214801
214847
214310
214851
214867
214935
214949
214953
214962
214964
214962
214989
214993
214710
215035
215040
215081
215094
215143
215174
215184
215237
215283
215298
215304
215372
215373
215400
215403
215421
215424
215458
215466
215474
214910
215476
215498
215513
215508
215559
215572
215584
215642
215637
215705
215706
215727
215441
215739
215796
215515
215803
215831
215872
215870
215916
215920
215948
215971
215989
216009
216023
216026
216044
216071
216092
216095
216136
216140
216147
215552
216192
216201
216212
216216
216208
216272
216368
216386
216407
216409
216419
216454
216457
216500
216531
216597
216606
216614
216616
216614
216635
216662
216695
216718
216725
216743
216744
216775
216797
216801
216808
216850
216851
216868
216895
216944
216962
216968
216988
217016
217062
217103
217135
217190
217246
217249
217273
217294
217322
217348
217363
217393
217414
217466
217472
217495
217500
217514
217537
217541
217537
217580
217581
217602
217605
217632
217653
217676
217691
217694
217730
217761
217788
217852
217862
217876
217884
217892
217924
217926
217955
218003
218039
218048
218075
218100
218120
218123
218128
218243
218247
218276
218275
218285
218289
218341
218351
218349
218358
218393
218417
218437
218442
218509
218563
218573
218582
218605
218634
218647
218656
218686
218702
218719
218445
218748
218765
218770
218777
218772
218782
218826
218836
218876
218886
218902
218914
218920
218929
218934
218948
218953
218973
219019
219031
219055
219072
219082
219096
219129
219131
219142
219167
219193
219221
219232
219256
219274
219304
219348
219371
219380
219420
219433
219491
219221
219512
219513
219532
219543
219547
219562
219573
219589
219648
219654
219662
219693
219691
219731
219739
219753
219779
219795
219803
219833
219852
219867
219874
219886
219894
219914
219927
219933
219946
219963
219965
219973
219982
219986
219993
220010
220019
220028
220024
220038
220054
220051
220087
220094
220100
220108
220127
220133
220157
220206
220218
220237
220242
220250
220279
220278
220306
220316
220322
220360
220364
220395
220402
220108
220421
220427
220441
220448
220450
220483
220509
220512
220525
220571
220574
220579
220601
220602
220641
220028
220651
220670
220677
220684
220697
220700
220712
220721
220749
220484
220756
220815
220851
220860
220624
220877
220894
220914
220953
220958
220979
220697
220990
221026
221081
221129
221165
221205
220325
221235
221228
221259
221281
221288
221296
221329
221375
221413
221423
221476
221505
221507
221528
221542
221571
221578
221584
221620
221632
221635
221644
221670
221678
221697
221714
221745
221754
221777
221802
221809
221849
221867
221905
221973
221999
222029
222035
222041
222060
222064
222077
222123
222130
222147
222150
222168
222166
222193
222242
222301
222320
222322
222320
222365
222372
222392
222462
222463
222568
222597
222620
222630
222635
222652
222701
222712
222714
222742
222755
222797
222804
222823
222841
222858
222863
222900
222909
222917
222923
222940
222982
223058
223064
223099
223103
223099
222655
223106
223103
223099
222655
223116
223122
223164
223184
223193
223197
223203
223219
223245
223301
223308
223319
223343
223352
223372
223384
223387
223394
223401
223405
223424
223438
223520
223544
223579
223602
223616
223651
223722
223751
223757
223775
223814
223825
223833
223846
223853
223892
223940
223943
223945
223968
223974
223989
224058
224089
224096
224114
224116
224119
224171
224169
224174
224185
224190
224203
224293
224302
224310
224326
224365
224391
224395
224411
224435
224495
224518
224544
224560
224647
224650
224667
224692
224694
224705
224782
224836
224842
224881
224887
224904
224910
224918
224972
224980
224996
225055
225087
225110
225117
225132
225150
225159
225168
225182
225224
225249
225255
225306
225316
225323
225346
225360
225371
225378
225212
225385
225387
225422
225455
225456
225462
225478
225513
225533
225552
225566
73915
225567
225629
225658
225687
225730
225731
225752
225760
225769
225833
225842
225845
225859
225878
225913
225982
226025
226027
226037
226036
226109
226117
226121
226129
226147
226152
226181
226208
226223
226255
226037
226271
226273
226282
226289
226351
226356
226429
226438
226213
226446
226489
226289
226580
226582
226591
226607
226611
226656
226668
226693
226739
226742
226792
226818
226840
226845
226850
226859
226860
226873
226877
226921
226931
226937
226939
226960
226964
226967
226983
227019
227029
227100
227124
227145
227170
227185
227188
227260
227324
227339
227346
227364
227462
227475
227515
227546
227561
227572
227592
227597
227617
227647
227660
227665
227691
227716
227751
227765
227782
227795
227825
227827
227828
227839
227859
227862
227910
227921
227919
227957
227974
227979
227987
228019
228023
228029
228036
228050
228058
228072
228098
228128
228160
228179
228185
228234
228267
228315
228319
228336
228374
228393
228421
228422
228421
228446
228458
228463
228460
228489
228499
228525
228539
228550
228548
228572
228609
228627
228669
228680
228685
228707
228761
228772
228776
228788
228808
228857
228878
228887
228890
228896
228902
228908
228912
228951
228974
228977
228995
229017
229025
229026
229030
229034
229042
229055
228928
229065
229108
229114
229122
229175
229217
229248
229253
229256
229270
229327
229328
229333
229335
229333
229349
229399
229446
229458
229473
229490
229497
229578
229631
229649
229500
229655
229678
229688
229699
229756
229770
229790
229793
229811
229823
229819
229858
229861
229862
229861
229864
229896
229903
229926
229935
229984
230000
230023
230062
230088
230095
230102
230141
229942
230147
230191
230231
230233
230246
230262
230277
230294
230306
230330
230361
230384
230424
230432
230451
230473
230484
230489
230500
230545
230554
230556
230589
230602
230606
230605
230618
230639
230688
230703
230709
230703
230719
230738
230757
230768
230791
230844
230852
230858
230915
230945
230949
230955
231009
231020
231061
231067
231072
231079
231083
231129
231156
231206
231214
231220
231224
231279
231369
231384
231385
231397
231411
231439
231451
231479
231487
231493
231502
231512
231540
231558
231572
231607
231613
231622
231641
231646
231680
231716
231723
231728
231573
231732
231743
231776
231811
231819
231871
231873
231907
231909
231922
231933
231984
231993
232013
231909
232058
232087
232110
232115
232122
231909
232130
232204
232227
232260
232291
232302
232313
232316
232337
232340
232367
232368
232392
232402
232406
232453
232460
232487
232492
232501
232510
232545
232595
232631
232661
232683
232701
232714
232783
232792
232819
232820
232824
232830
232844
232862
232905
232913
232943
232945
232948
232905
232951
232973
232982
233019
233030
233068
233084
233088
233098
233118
233132
233158
233204
233231
233243
233288
233300
233321
233365
233388
233439
233444
233461
233481
233487
233498
233514
233495
233521
233525
233548
233567
233589
233548
233606
233632
233680
233697
233707
233737
233761
233768
233775
233779
233785
233801
233688
233810
233834
233842
233854
233866
233867
233925
233937
233941
233942
233961
233989
234021
234035
234075
234109
234152
234176
234223
234243
234261
234265
234305
234314
234327
234330
234338
234341
234366
234401
234453
234459
234465
234338
234505
234526
234544
234558
234568
234595
234607
234509
234626
234628
234649
234716
234722
234742
234774
234834
234837
234839
234903
234915
234929
234818
234973
234988
235011
235021
235033
235046
235049
235057
235065
235070
235075
235102
235122
235125
235133
235151
235152
235161
235178
235196
235218
235225
235254
235269
235285
235301
235300
235307
235331
235370
235373
235374
235394
235410
235414
235418
235443
235456
235471
235473
235483
235492
235497
235508
235521
235537
235566
235601
235491
235617
235637
235752
235754
235782
235804
235806
235809
235866
235873
235898
235912
235923
235928
235767
235936
235971
235984
235990
236001
236006
236045
236052
236063
236121
236147
236185
236198
236200
236203
236210
236214
236215
236241
236270
236277
236272
236314
236347
236391
236452
236474
236478
236497
236512
236545
236551
236272
236578
236598
236607
236629
236637
236643
236650
236371
236651
236679
236691
236711
236725
236761
236782
236801
236818
236828
236831
236844
236855
236894
236906
236914
236921
236936
236941
236955
236965
236977
237027
237036
237096
237105
237125
237175
237224
237244
237287
237300
237331
237341
237353
237354
237358
237383
237384
237419
237424
237458
237496
237502
237512
237510
237599
237637
237673
237676
237682
237688
237714
237740
237772
237783
237788
237808
237831
237844
237877
237883
237964
237965
237964
237976
237979
237976
237988
238023
238067
238105
238129
238131
238194
238236
238268
238313
238372
238396
238425
238435
238447
238458
238470
238541
238553
238561
238580
238588
238615
238630
238635
238375
238665
238695
238711
238743
238753
238768
238771
238778
238800
238811
238822
238831
238872
238906
238941
238961
238974
239027
239058
239063
239082
239104
239109
239165
239175
239188
239205
239249
239274
239292
239297
239306
239312
239323
239319
239329
239331
239344
239376
239387
86487
239467
239184
238890
239476
239484
239514
239549
239224
239555
239560
239588
239593
239612
239641
239678
239702
239708
239788
239794
239822
239839
239843
239859
239862
239883
239911
239941
239970
239994
240027
240076
240081
240108
240156
240180
240184
240191
240195
240201
240206
240242
240280
240291
240303
240348
240354
240366
240410
240412
240414
240424
240463
240481
240497
240552
240588
240635
240670
240693
240702
240709
240727
240729
240751
240790
240795
240856
240883
240893
240913
240918
240949
240966
241004
241086
241090
241100
241160
241164
241177
241204
241259
241270
241339
241369
241419
241426
241459
241463
241472
241483
241487
241539
241555
241560
241575
241620
241626
241653
241663
241687
241697
241698
241783
241785
241813
241822
241886
241898
241900
241951
241994
241998
242010
242024
242033
242039
242072
242094
242121
242159
242194
242197
242196
242265
242323
242336
242350
242346
242368
242375
242426
242434
242460
242505
242551
242596
242460
242614
242639
242694
242716
242728
242738
242744
242764
242766
242776
242773
242786
242792
242812
242843
242877
242898
242937
242940
242959
242988
243004
243052
243083
243090
243107
243135
243160
243181
243239
243268
243270
243290
243305
243321
243362
243488
243497
243508
243554
243408
243562
243577
243583
243586
243603
243614
243629
243691
243706
243725
243746
243752
243758
243815
243844
243869
243885
243895
243904
243956
244002
244010
244025
244077
244091
244092
244108
244124
244129
244150
244168
244190
244203
244232
244239
244251
244284
244285
244305
244312
244314
244327
244349
244365
244461
244466
244485
244528
244536
244582
244588
244621
244654
244312
244699
244567
244741
244760
244765
244791
244811
244808
244823
244825
244833
244866
244885
244931
244936
244944
244948
244949
244952
244960
244977
244825
244980
245005
245008
245056
245103
245137
245139
245156
245176
245188
245203
245205
245239
245268
245280
244825
245301
245337
245340
245390
245412
245437
245471
245475
245500
245514
245520
245557
245564
245568
245590
245603
245619
245629
245632
245652
245657
245703
245712
245774
245808
245815
245816
245817
245839
245629
245847
245890
245906
245905
245925
245936
246015
246021
246101
246132
246159
246182
246231
246248
246283
246099
246307
246334
246344
246427
246437
246447
246464
246491
246501
246510
246538
246577
246584
246597
246666
246667
246680
246681
246690
246713
246716
246741
246762
246776
246797
246836
246858
246864
246886
246902
246952
247009
246858
247035
247050
247054
247098
247109
247118
247119
247156
247178
247191
247197
247199
247210
247216
247232
247239
247257
247267
247306
247343
247162
247382
247415
247433
247432
247466
247472
247474
247478
247484
247499
247502
247511
247515
247525
247546
247563
247573
247613
247626
247640
247626
247651
247658
247667
247671
247700
247730
247774
247812
247899
247931
247937
247950
247959
247981
247987
248003
248041
248049
248061
248084
248211
248231
248241
248238
248244
248254
248291
248299
248307
248308
248307
248314
248328
248194
248381
248431
248436
248456
248466
248469
248481
248497
248548
248563
248569
248635
248674
248684
248701
248718
248756
248772
248566
248563
248569
248784
248827
248859
248865
248887
248714
248902
248921
248922
248944
248967
248974
248977
249015
249051
249066
249081
249086
248901
249131
249147
249199
249225
249243
249259
249301
249341
249343
249372
249394
249395
249414
249419
249510
249534
249551
249547
249611
249643
249681
249498
249692
249705
249712
249722
249732
249738
249795
249199
249831
249847
249852
249855
249895
249903
249897
249910
249942
249973
250033
250051
250077
250096
250111
250117
249973
250125
250150
250201
250219
250223
250232
250237
250240
250248
250272
250286
250298
250301
250323
250326
250334
250033
250330
250344
250355
250368
250400
250410
250433
250445
250472
250508
250518
250336
250556
250571
250572
250633
250666
250686
250773
250801
250824
250842
250860
250869
250872
250878
250923
250948
251009
251016
251064
251093
251130
251133
251137
251147
251161
251165
251182
251183
251205
251239
251263
251280
251286
251297
251304
251328
251342
251361
251398
251425
251458
251474
251504
251515
251538
251547
251569
251572
251277
251602
251612
251633
251631
251747
251439
251760
251775
251795
251811
251825
251840
251892
251906
251904
251909
251910
251924
251928
251939
251953
251815
251988
251992
251988
252003
252052
252109
252111
252121
252147
252152
252198
252206
252238
252242
252248
252278
252020
252277
252278
252302
252318
252187
252329
252365
252397
252406
252423
252453
252459
252472
252500
252512
252522
252547
252540
252556
252560
252563
252583
252608
252617
252615
252666
252694
252706
252725
252728
252751
252766
252782
252642
252794
252825
252867
252887
252896
252908
252909
252945
252956
252960
252706
252989
252996
252999
253006
253033
253041
253046
253084
253106
252740
253138
253153
253163
253192
253198
253207
253212
253217
253226
253231
253272
253288
253322
253335
253368
253371
253388
253391
253413
253428
253439
253479
253492
253512
253533
253540
253607
253606
253637
253655
253689
253753
253756
253786
253795
253855
253872
253900
253955
253975
253973
253984
253988
254002
254019
254024
254030
254040
254043
254063
254094
254099
254104
254107
254136
254147
254169
254207
254214
254228
254263
254308
254309
254317
254339
254398
254406
254418
254435
254439
254447
254458
254530
254536
254583
254580
254611
254614
254617
254621
254629
254659
254711
254737
254733
254744
254749
254756
254782
254822
254824
254826
254835
254839
254848
254873
254874
254882
254914
254952
254960
254999
255003
255014
255031
255032
255036
255081
255090
255135
255177
255224
255254
255259
255294
255327
255335
255347
255359
255368
255400
255407
255420
255436
255483
255526
255536
255588
255592
255601
255615
255639
255648
255654
255661
255667
255710
255741
255753
255763
255773
255825
255862
255891
255943
255968
255986
255560
256014
256039
256101
256099
256113
256175
256191
256207
256259
256269
256273
256343
256349
256350
256377
256429
256454
256453
256478
256484
256486
256508
256530
256537
256592
256613
256625
256660
256689
256715
256730
256763
256769
256789
256804
256844
256855
256870
256880
256884
256898
256967
256990
257002
257046
257055
257056
257083
257099
257159
257176
257188
257202
257231
257324
257389
257408
257425
257438
257449
257458
257472
257514
257522
257534
257568
257454
257574
257609
257615
257634
257640
257652
257697
257699
257697
257711
257723
257748
257752
257779
257781
257789
257822
257844
257919
257957
257967
257990
258020
258024
258047
258050
258100
258126
258139
258146
258168
258222
258230
258236
258244
258249
258255
258263
258272
258289
258304
258327
258348
258362
258379
258390
258405
258416
258411
258438
258450
258477
258506
258504
258515
258527
258559
258566
258575
258603
258614
258627
258672
258680
258688
258693
258737
258736
258765
258770
258809
258824
258862
258882
258907
258918
258926
258933
258949
258951
258964
259035
259056
259159
259176
259185
259221
259232
259238
259247
259274
259318
259320
258938
259335
259363
259374
259395
259410
259460
259465
259482
259508
259395
259515
259551
259602
259613
259611
259672
259686
259713
259742
259747
259773
259784
259801
259806
259850
259921
259926
259939
259963
259969
259997
260008
260013
260015
260034
260052
260109
260120
260151
260191
260222
260245
260253
260292
260366
260365
260424
260518
260547
260555
260596
260677
260699
260704
260713
260722
260767
260775
260783
260785
260827
260868
260873
260901
260922
260947
260963
260967
260975
261001
261023
261045
261052
260913
261081
261095
261101
261103
261126
261169
261209
261226
261257
261260
261329
261405
261410
261442
261451
261459
261516
261533
261544
261561
261578
261679
261684
261697
261700
261711
261714
261726
261732
261781
261805
261824
261836
261849
261925
261936
261978
261993
262035
262083
262092
261826
262103
262120
262149
262153
262158
262179
262193
262217
262221
262229
262238
262260
262264
262289
262318
262323
262328
262324
262330
262432
262446
262469
262490
262535
262548
262594
262619
262625
262646
262648
262685
262699
262712
262716
262773
262779
262783
262779
262807
262824
262836
262856
262873
262915
262920
262945
262977
263004
263018
263108
263113
263174
263196
263215
263229
263240
263270
263277
263308
263316
263329
263356
263361
263412
263532
263556
263567
263582
263603
263614
263640
263652
263699
263706
263748
263762
263789
263799
263854
263863
263926
263935
263968
263999
264009
264019
264021
264055
264121
264123
264158
264164
264165
264211
264213
264220
264233
264285
264288
264319
264339
264356
264373
264376
264385
264447
264464
264474
264495
264498
264495
264515
264529
264535
264570
264571
264570
264585
264601
264618
264652
264656
264652
264661
264688
264707
264773
264795
264814
264832
264853
264901
264919
264932
264941
264971
265046
265074
265094
265126
265216
265234
265255
265329
265433
265485
265491
265527
265533
265553
265583
265584
265608
265652
265563
265704
265746
265792
265815
265820
265859
265745
265867
265868
265935
266000
266009
266013
266027
266065
266067
266111
266124
266217
266240
266248
266256
266267
266279
266318
266324
266336
266406
266417
266420
266423
266426
266427
266468
266469
266481
266501
266554
266571
266593
266610
266640
266669
266799
266795
266824
266886
266934
266937
266934
266958
266981
266988
266998
267011
267055
267064
267080
267092
267099
267105
267121
267130
267142
267162
267187
267092
267215
267219
267275
267306
267406
267414
267424
267442
267445
267446
267472
267479
267519
267530
267536
267532
267546
267565
267586
267615
267619
267632
267648
267699
267727
267732
267768
267782
267849
267869
267896
267931
267974
268014
268033
268132
268178
268232
268229
268235
268276
268312
268316
268321
268363
268389
268412
268410
268439
268500
268523
268539
268541
268554
268568
268590
268605
268630
268637
268644
268664
268682
268699
268721
268747
268756
268759
268794
268830
268857
268871
268886
268898
268916
268921
268953
268960
268974
269008
269013
269035
269061
269070
269083
269116
269119
269187
269207
269210
269214
269239
269255
269270
269288
269293
269305
269331
269374
269414
269440
269443
269519
269584
269624
269511
269626
269641
269687
269700
269742
269752
269828
269846
269847
269886
269951
269957
270028
270031
270044
270110
270208
270099
270227
270234
270290
270307
270338
270353
270355
270400
270413
270426
270470
270499
270503
270508
270512
270516
270601
270609
270633
270680
270747
270796
270826
270829
270842
270870
270939
270974
271014
271064
271094
271129
271132
271153
271155
271169
271188
271198
271200
271233
271248
271311
271330
271332
271200
271406
271451
271464
271467
271489
271535
271560
271577
271615
271617
271621
271627
271664
271719
271725
271743
271766
271823
271828
271882
271920
271942
271990
272029
272031
272049
272071
272080
272106
272120
272121
272124
272154
272229
271942
272246
272255
272288
272349
272361
272427
272469
272506
272507
193506
272513
272544
272576
272593
272618
272616
272621
272640
272678
272688
272725
272749
272760
272812
272819
272844
272891
272890
272916
272918
272964
273038
273046
273053
273059
273085
273113
273119
273146
273154
273187
273046
273192
273206
273244
273260
273281
273288
273286
273298
273316
273357
273372
273400
273426
273444
273451
273495
273503
273507
273546
273561
273606
273620
273647
273651
273659
273695
273700
273732
273772
273788
273818
273823
273828
273834
273842
273846
273885
273898
273930
273932
273943
273953
273974
273780
273986
274107
274124
274130
274174
274177
274180
274197
274202
274221
274234
274239
274251
274267
274287
274298
274322
274323
274374
274378
274460
274481
274164
274556
274587
274594
274609
117464
274643
274653
274666
274711
274725
274739
274767
274774
274802
274821
274848
274889
274917
274922
274946
274964
274988
275045
275046
275111
275114
275141
275144
275147
275159
275164
274931
275193
275225
275260
275272
275292
275333
275334
275193
275348
275351
275359
275362
275367
275421
275469
275498
275525
275541
275559
275621
275649
275658
275679
275719
275729
275787
275806
275812
275826
275841
275879
275883
275887
275921
275946
275955
275956
275965
276082
276098
276131
276180
276191
276194
276215
276226
276232
276268
276291
276333
276346
276354
276215
276421
276439
276486
276537
276539
276568
276578
276612
276636
276665
276684
276697
276703
276704
276726
276748
276758
276764
276834
276842
276847
276922
276950
276966
277001
277003
277015
277047
277055
277090
277150
277165
277189
277222
277226
277231
277264
277263
277289
277301
277407
277417
277437
277451
277472
277487
277493
277506
277513
277607
277604
277685
277713
277736
277761
277785
277801
277809
277853
277881
277910
277918
277936
277951
277964
277982
278009
278031
278046
278059
278068
278072
277467
278068
278081
278105
278111
278155
278174
278192
278223
278305
278338
278386
278393
278405
278414
278422
278421
278435
278468
278499
278508
278338
278550
278558
278561
278566
278631
278642
278652
278671
278677
278721
278722
278750
278757
278786
278784
278790
278830
278842
278960
278958
278997
279012
279045
279048
278755
279064
279067
279100
279174
279215
279238
279241
279305
279368
279376
279196
279378
279386
279453
279547
279556
279560
279584
279587
279602
279608
279617
279621
279640
279662
279678
279714
279732
279747
279779
279790
279806
279827
279845
279851
279852
279884
279885
279884
279905
279913
279919
279927
279943
279973
280046
280063
280098
280118
280141
280149
280169
280182
280195
280271
280309
280314
280353
280370
280398
280409
280420
280525
280534
280546
280548
280245
280400
280594
280596
280594
280632
280633
280658
280688
280697
280712
280719
280736
280761
280773
280783
280816
280885
280898
280899
280933
280938
280952
280974
280845
280987
280992
281027
281046
281080
281082
281102
281128
281170
281182
281200
281209
281223
281260
281264
281306
281309
281332
281379
281449
281456
281482
281513
281527
281560
281593
281603
281651
281664
281677
281703
281724
281727
281724
281752
281762
281765
281793
281803
281893
281931
281951
281978
282017
282045
282063
282106
282126
282143
282164
282058
282237
282240
282250
282267
282275
282319
282320
282342
282358
282406
282267
282422
282453
282544
282567
282617
282624
282633
282642
282644
282669
282698
282727
282757
282652
282765
282775
282785
282783
282804
282856
282634
282633
282878
282901
283001
283035
283054
283060
283064
283062
283095
283121
283298
283314
283327
283409
283427
283474
283475
283481
283490
283492
283568
283598
283611
283629
283683
283697
283543
283715
283739
283744
283751
283772
283639
283779
283786
283821
283856
283953
283975
284014
284035
284045
284054
284061
284064
284079
284142
284145
284167
284191
284233
284302
284331
284346
284349
284370
284382
284416
284434
284456
284468
284482
284500
284508
284528
284539
284560
284434
284630
284635
284648
284653
284656
284658
284687
284698
284702
284698
284703
284715
284728
284749
284771
284834
284836
284844
284888
284894
284923
284928
284963
284964
284963
284988
284992
285023
285050
285058
285063
285069
285074
285101
285118
285135
285151
285161
285180
285195
285206
285215
285216
285223
285238
285240
285245
285252
285262
285281
285295
285337
285343
285352
285357
285362
285364
285381
285389
285397
285407
285451
285464
285484
285534
285539
285562
285584
285627
285633
285641
285649
285648
285662
285673
285687
285695
285709
285714
285729
285741
285767
285766
285787
285798
285686
285815
285830
285843
285871
285878
285892
285915
285918
285933
285984
286030
286066
286068
286066
286092
286095
286099
286138
286158
286177
285878
286192
286212
286223
286231
286238
286268
286275
286287
286296
286312
286337
286343
286365
286388
286395
286434
286474
286524
286553
286590
286611
286674
286733
286632
286750
286753
286760
286805
286823
286850
286877
286888
286897
286948
286720
286993
287042
287044
287142
287157
287154
287160
287178
287184
287194
287191
287222
287244
287264
287309
287327
287322
287343
287399
287425
287434
287471
287523
287565
287590
287589
287615
287631
287688
287693
287711
287743
287767
287833
287834
287873
287885
287930
287935
287939
287935
287941
287967
287971
288013
288042
288043
288042
288060
288070
288081
288110
288137
288152
288167
288172
288213
288234
288290
288383
288389
288416
288420
288429
288445
288447
288470
288491
288533
288547
288563
288593
288606
288637
288654
288673
288714
288718
288714
288733
288735
288749
288772
288830
288853
288744
288925
288949
288952
288961
289008
289011
289026
289048
289083
289091
289112
289157
289164
289230
289268
289281
289072
289285
289307
289313
289314
289340
289347
289368
289377
289395
289406
289438
289456
289486
289500
289566
289575
289608
289635
289657
289701
289723
289731
289742
289779
289809
289810
289809
289825
289837
289856
289893
289920
289928
289943
289947
289957
289962
289856
289963
289856
289972
289987
290009
290016
290044
290053
290067
290103
290119
290161
290164
290194
290067
290197
290206
290215
290245
290265
290271
290277
290293
290338
290345
290392
290398
290441
290437
290460
290504
290511
290580
290578
290589
290597
290600
290606
290633
290676
290698
290719
290727
290779
290809
290817
290873
290894
290943
290958
291024
291027
291024
291038
291069
291084
291112
291114
291129
291137
291146
291159
291167
291282
291293
291302
291318
291338
291344
291374
291390
291431
291457
291460
291466
291472
291551
291557
291566
291595
291599
291613
291625
291645
291675
291694
291705
291751
291761
291637
291770
291790
291792
291827
291689
291860
291893
291936
291939
292003
291865
292013
292027
292060
292079
292112
292152
292156
292163
292164
292165
292167
292174
292179
292189
292199
292207
292227
292237
292252
292268
292280
227672
292291
292342
292356
292370
292369
292390
292406
292236
292420
292464
292478
292485
292500
292164
292507
292532
292560
292598
292600
292650
292656
292666
292672
292686
292702
292775
292820
292823
292842
292882
292925
292944
292959
292982
292998
293053
292877
293083
293113
293133
293134
293141
293162
293165
293187
293212
293217
293234
293287
293298
293311
293335
293352
293364
293402
293423
293467
293470
293474
293478
293491
293510
293533
293549
293585
293343
293619
293630
293633
293630
293650
293658
293672
293683
293689
293705
293708
293728
293747
293762
293802
293807
293814
293841
293897
293939
293944
293950
293962
293963
293996
294098
294106
294110
294151
294170
294190
294212
294242
294236
294245
294248
294296
294309
294374
294397
294419
294434
294443
294470
294536
294584
294593
294602
294659
294690
294695
294698
294705
294719
294750
294756
294770
294785
294796
294804
294809
294830
294854
294866
294860
294918
294955
294981
294995
295040
295055
295085
295099
295085
295109
295118
295121
295151
295174
295238
295291
295294
295306
295385
295387
295403
295424
295430
295445
295460
295469
295473
295478
295487
295514
295539
295566
295576
295578
295580
295614
295668
295703
295714
295752
295775
295833
295895
295949
295955
295999
296001
296023
296030
296038
296053
296059
296086
296121
296163
296203
296210
296252
296267
296303
296381
296399
296401
296407
296442
296501
296502
296516
296593
296624
296625
296654
296650
296657
296669
296678
296686
296689
296762
296788
296825
296873
296893
296946
296950
296965
296973
297047
297053
297054
297059
297064
297092
297089
297117
297148
297154
297191
297197
297209
297221
297227
297238
297240
297281
297303
297342
297350
297389
297399
297412
297431
297428
297446
297458
297478
297368
297497
297583
297608
297725
297773
297814
297839
297904
298025
297924
298049
298053
298072
298073
298106
298123
298172
298191
298200
298221
298247
298260
298264
298275
298343
298345
298353
298382
298399
298471
298487
298539
298570
298610
298619
298621
298638
298653
298715
298735
298734
298795
298798
298870
298927
298937
298956
298849
298983
298994
299007
299015
299022
299048
299054
299075
299139
299163
299166
299180
299190
299212
299234
299163
299251
233098
299267
299272
299283
299289
299300
299310
299212
299321
299335
299387
299426
299441
299494
299568
299589
299629
299636
299648
299651
299663
299738
299771
299846
299890
299903
299909
299820
299915
299930
299957
299984
