91
132
231
296
304
286
311
358
385
392
394
399
400
399
402
412
417
436
443
454
466
432
472
479
485
500
523
556
558
590
586
600
597
607
623
636
655
661
667
673
679
685
697
663
703
715
721
736
746
869
886
887
899
903
901
926
968
969
973
982
986
996
1003
963
1010
1021
1026
1030
1057
1060
1065
1038
1081
1082
1114
1133
1149
1161
1176
1209
1237
1243
1253
1259
1267
1270
1291
1332
1329
1367
1366
1379
1388
1417
1422
1434
1398
1446
1453
1457
1458
1467
1500
1523
1568
1573
1578
1585
1594
1630
1654
1656
1664
1663
1675
1706
1724
1770
1821
1823
1918
1921
1935
1940
1938
2007
2086
2092
2105
2108
2147
2148
2181
2182
2181
2190
2198
2216
2256
2329
2352
2358
2366
1925
1938
2369
2370
2405
2406
2426
2433
2438
2439
2444
2445
2448
2451
2453
2451
2455
2461
2473
2485
2461
2491
2467
2497
2511
2542
2606
2700
2697
2722
2734
2749
2753
2755
2804
2813
2845
2871
2878
2882
2921
2928
2942
2943
2942
2951
2956
2964
2972
3001
3020
3030
3063
3129
3141
3148
3217
3325
3336
3361
3382
3385
3408
3409
3429
3476
3486
2921
3531
3534
3531
3542
3548
2939
3534
3562
3571
3574
3571
3581
3589
3600
3603
3609
3612
3619
2984
3629
3655
3685
3694
3703
3709
3706
3711
3724
3817
3830
3970
3344
3981
4004
4009
4006
4051
4097
4098
4106
4121
4122
4133
4135
4152
4153
4152
4160
3557
4173
4177
4210
4242
4244
3612
3609
4249
4262
3627
3629
4265
3629
4267
3635
4268
4267
4291
4295
4302
4318
4327
4331
4411
4431
4479
4483
4494
4535
4543
4571
4574
4579
4586
4594
4610
4688
4702
4703
4705
4011
4712
4750
4753
4769
4778
4787
4795
4801
4813
4821
4806
4825
4841
4899
4904
4239
4905
4920
4925
4951
4960
4971
4979
4987
5211
5221
5235
5237
5239
5317
5328
5364
5382
5394
5400
5401
5418
5450
5455
5500
5517
5534
5543
5584
5643
4925
5664
5687
5700
5722
5787
5798
5808
5812
5808
5820
5826
5954
5958
5997
6006
6052
6053
6052
6093
6099
6109
6133
6152
6177
6192
6258
6338
6350
6369
6386
6387
6423
6425
6433
6429
6434
6462
6468
6469
6474
6488
6557
6563
6585
6601
6613
6631
6640
6698
6678
6717
6736
6801
6807
6843
6849
6059
6855
6062
6865
6880
5382
6885
6892
6898
6926
6936
6954
6962
7009
7022
7023
6329
7028
7039
7071
7090
7072
7122
7128
7129
7149
7167
7170
7207
7228
7241
7251
7253
7259
7277
7308
7314
7380
7413
7454
7466
7485
7492
7515
7532
7553
7557
7562
7596
7620
7639
6894
7643
7645
7652
7667
7657
7696
7700
7707
7720
7700
7724
7736
7026
7739
7750
7739
7772
7774
7784
7788
7808
7806
7831
7837
7840
7844
7846
7849
7864
7881
7896
7902
7915
7924
7926
7934
7951
7957
7966
7985
7994
7996
7994
8056
8061
8104
8106
8122
8132
8138
8150
8156
8160
8201
8203
8198
8268
8273
8281
8282
8281
8288
8328
8333
8440
8441
8440
8464
8470
8474
8470
8507
8520
8536
8550
8555
8580
8586
8598
8611
8617
8632
8638
8687
8697
8719
8720
8719
8734
8747
8754
8762
8781
8795
8819
8824
8840
8839
8845
8842
8854
8864
8872
8877
8911
8908
8915
8867
8913
8921
8925
8935
8944
8962
8958
8104
8972
8986
8950
8993
8913
9019
9033
9053
9054
9058
9063
9080
9109
9203
9259
9271
9292
9310
9315
9343
9359
9373
9392
9409
9413
9440
9447
9460
9481
9489
9540
9554
8498
9591
9628
9647
9669
9679
9683
9687
9709
9791
9802
9806
9811
9863
9875
9885
9909
9947
9955
10029
10064
10072
10095
10118
10132
10129
10150
10174
10241
10248
10268
10295
10306
10328
10370
10372
10375
10384
10390
10404
10406
10443
10449
10461
10464
10475
10477
10498
10505
10516
10533
10536
10540
10570
10572
10620
10629
10664
10684
10692
10699
10707
10714
10720
10745
10761
10810
10822
10889
10888
10898
10918
10900
10954
10957
10966
10975
10999
11007
11037
11041
11053
11063
10325
11068
11064
11075
11067
11101
9408
11104
11144
11168
11192
11229
11280
11289
11364
11369
11378
11384
11379
11385
11405
11450
11452
11462
11465
11487
11508
11517
11518
11524
11528
11505
11567
11577
11583
11594
11603
11608
11627
11656
11652
11653
11703
11712
11707
11778
11784
11790
11818
11835
11846
11861
11872
11885
11888
11861
11896
11922
11926
11945
11956
11964
11980
11986
11997
12033
12044
12043
12057
12069
12072
12075
12046
12081
12052
12053
12064
12087
11233
12090
12098
12102
12110
12152
12171
12184
12233
12264
12253
12328
12339
12346
12347
12357
12364
12370
12373
12372
12385
12394
12422
12443
11561
11551
11548
12452
12459
12482
12483
12499
12529
12539
12555
12568
12581
12582
12590
12591
12598
12646
12663
12665
12676
12692
12696
12744
12749
12751
12750
12766
12767
12766
12770
12773
12802
12807
12809
12807
12831
12856
12869
12872
12894
12936
12940
12947
12960
12969
12977
12985
13006
13019
13047
13049
13054
13091
13103
13107
13110
13137
13200
13201
13200
13233
13281
13296
13309
13318
13329
13321
13337
13367
13389
13406
13419
13424
13445
11506
13432
13458
13480
13490
13498
13520
13561
13581
12540
11634
13584
13587
13597
13600
13647
13652
13663
13709
13728
13729
13760
13770
13799
13798
13816
13820
13828
13829
13834
13877
13901
13902
13905
13907
13965
13967
13965
13968
13965
13967
13976
13975
13982
13983
13997
13998
14004
14001
14015
14017
13049
14038
14047
14052
14054
14052
14099
14109
14116
14132
14139
14158
14175
14188
14197
14239
14249
14254
14270
14275
14301
14329
14335
14363
14374
14389
14405
14402
14427
14434
14445
14457
14460
14467
14482
14494
14506
14518
14526
14540
14583
14603
14604
13772
14619
14622
14624
14622
14637
14640
14661
14668
13898
14659
14684
14704
14714
14731
14732
14731
13999
14745
14748
14765
14772
14060
14761
14762
14783
14789
14788
14087
14794
14835
14841
14861
14933
14941
14948
14953
14956
14977
14980
14990
14995
15018
15023
15032
15050
15068
15088
14364
15102
15119
15161
15162
15183
15185
14457
15188
15186
15204
15217
15220
15222
14500
15245
15263
15288
15310
15339
15342
15357
15371
15380
15408
15418
15427
15439
15451
15484
14714
15493
15495
15500
15502
15501
15518
15520
14746
14052
15525
15528
14759
15531
15539
15537
15558
15556
14793
14099
15566
15608
15671
15672
15676
15703
15721
15725
15728
15721
15742
15744
15748
15784
15798
15839
15845
15847
15878
15898
15912
15947
15175
15948
15949
15953
15980
16011
16020
16024
15266
15263
16033
16069
16065
16096
15344
16099
16101
16106
15382
16107
16109
16107
16115
16133
15371
16152
16158
15410
16171
16184
16191
16212
16217
16218
16219
16218
16232
16238
16266
16268
16274
15530
14783
15528
16296
16308
16288
16318
16326
16329
16333
15617
16341
16354
15624
16395
16400
16424
16440
16455
16472
14996
16476
16491
16507
16503
16528
16549
16561
16567
16588
16615
16654
15891
16660
16677
16687
16692
16694
16699
15932
16717
15941
15161
16722
16723
15944
15162
16722
15156
15944
16725
16734
16728
16853
16858
16874
16896
16901
16903
16914
16919
16934
16944
16972
16212
16991
17006
17024
17025
17033
17032
16266
17061
16298
15566
17072
17095
17140
17152
17172
17175
17182
17232
17241
17232
17290
17300
17318
17330
17339
17349
17356
17408
16718
16717
15161
17409
15162
15944
17415
17416
16746
16747
17421
17424
17425
17432
17445
17451
17481
17487
17491
17487
17490
17487
17524
17532
17535
17542
17555
17558
17600
17621
17634
17642
17025
17643
17647
17674
17681
17682
17693
17715
17724
17715
17754
17809
17811
17820
17869
14987
16474
17901
17907
17913
17927
17941
17959
17970
17971
17415
17975
17974
16742
17991
17994
17995
18051
18058
18059
18065
18072
18084
18092
18102
18118
18122
18130
18134
18184
18185
18192
17612
18200
17617
18201
18203
16997
18201
18213
18214
18213
18224
18221
18237
18272
18271
18281
18292
18294
18302
18348
18352
18360
18378
18382
18381
18394
18376
18430
18439
18480
18481
18489
18492
18510
18542
18541
17414
18543
17967
15162
18547
17970
18549
18554
17974
18560
18564
18565
18573
18618
18651
18652
18703
18719
18725
18726
18739
18751
18762
18769
18782
18815
18258
18820
18833
18837
18874
18919
18923
18961
18966
18975
18982
18992
18999
19006
19009
19006
19013
19016
19018
19024
19035
19044
19063
17966
17408
19064
19063
19065
19069
19073
19080
19081
17982
19089
19095
19118
19143
19157
19181
19188
19191
19198
19213
19218
19232
19235
19245
18759
19249
18762
19256
19265
19269
19275
19284
19294
19295
18815
19319
19323
19402
19412
19416
19429
19445
19476
19487
19491
19506
19508
19517
19518
19042
18510
19520
19562
17966
19063
19563
19564
19587
19600
19611
19613
18560
19622
19623
19636
19686
19688
19712
19724
19726
19724
19732
19743
19750
19766
19803
19232
19806
19807
19245
18197
18759
19806
19816
19817
19833
19836
19837
19857
19295
19886
19915
19943
19979
19440
19989
19993
20023
20051
20078
19508
20079
20084
20079
19514
19032
20108
20146
20149
20160
20166
20163
20170
19623
20182
20223
20224
19676
20223
19676
20245
20251
20265
20279
20286
20300
20315
19198
20320
20315
20326
20358
20359
20365
20370
19814
20374
20382
20389
19833
20388
20391
19832
19266
18786
18213
20418
20434
20450
20459
20468
20486
20527
20556
20574
20590
20593
20598
20599
20598
20604
20070
20609
20604
20612
19508
20615
20620
20622
20623
20622
20648
20655
20660
20105
19063
20661
20655
20670
20685
20739
20756
20774
20804
20818
20825
20828
20265
20845
20853
20864
20870
20888
20909
20919
20924
20923
20385
19826
19265
20930
20394
20934
19833
20388
20937
20948
20411
20402
20965
20968
20975
20948
19295
18236
20402
20990
20432
20993
20990
19892
21024
21033
21056
21057
21081
21100
21106
21154
21181
20598
20067
21190
21193
20610
21197
20084
19514
21196
21205
21210
21236
21230
20660
20105
19063
21272
21310
21319
21330
21341
21345
21342
21349
21350
21349
21352
20169
19623
21408
21431
21433
21448
21449
21458
21467
21506
21507
21508
20364
21507
21514
20915
21527
21531
21535
21536
21545
21547
21563
20958
20943
21574
21584
21581
20402
18815
21590
21592
21621
21630
21640
21651
21656
21651
21690
21722
21730
21733
21738
21746
21788
21233
20661
20655
21793
21825
21834
21839
21862
21878
21893
21909
21939
21943
21965
21981
21996
22000
22035
22041
22060
21518
22064
22066
22079
22084
22095
22103
22125
22136
22141
22164
22172
22206
22251
22275
22288
22294
22300
22303
22307
22318
22322
22329
22365
22370
22382
22384
22382
22399
22451
22468
22469
22481
22493
22550
22576
22581
21965
22585
22594
22607
22618
22643
22655
22654
21527
22659
22660
21528
22668
22673
22676
22067
21536
22686
22714
22723
22724
22723
22737
22748
22752
22780
22808
22812
22803
22831
22838
22844
22919
22928
22932
22941
22944
22970
22973
22988
22992
23001
23004
23035
23067
23070
23097
22478
23144
23160
23169
23185
23169
23191
23208
23223
23248
22643
23250
23251
22038
23250
23255
23264
23282
23280
23291
23293
23304
23307
23317
22683
23320
23326
23342
23343
23355
23363
22748
23372
23381
23379
23409
23450
23452
23461
23482
23528
23526
23562
23588
23604
23615
23653
23672
23675
23673
23679
23687
23686
23737
23744
23756
23759
23779
23799
23806
23799
23813
23817
23822
23843
23870
23255
23876
23885
23295
23297
23886
23880
23889
23307
23891
23932
23943
23951
23952
23963
23991
23993
23991
24028
24041
24050
24046
24063
24067
24076
24088
24091
24088
24116
24130
24142
24165
24171
24209
24217
24231
24233
24247
24261
24259
24262
24271
24298
24315
24331
24333
24341
24351
24391
24425
24442
24473
24496
24516
24526
24527
24531
24533
24542
24546
24554
24555
24563
24570
24588
24604
24620
24632
24639
24660
24667
24682
24696
24699
24749
24760
24797
24804
24810
24816
24834
24840
24855
24869
24876
24877
23564
24887
24239
24893
24890
23573
24900
24912
24298
24919
24928
24943
24952
24970
24968
24976
24959
25019
25032
24356
25060
25084
25083
25094
25120
25135
25142
25144
25152
25147
25167
25194
25200
25203
25215
25217
24551
25221
25227
25229
24555
25235
25233
25237
25250
25254
25245
25257
25271
25268
24587
25275
25293
25298
25335
25377
25383
25393
25398
25403
25398
25423
25430
25438
25441
25444
25441
25486
25501
25511
25542
25543
25546
25548
25580
25589
25592
24840
25604
25615
25625
25641
25642
25645
24881
24231
23561
22984
25649
25645
25655
25656
25665
25670
25700
25719
25731
25760
25784
25786
25794
25844
25855
25883
25892
25913
25142
25937
25971
25996
26024
26038
26043
26048
26072
26077
26079
26085
26083
26090
26101
26109
26097
26123
26153
26166
26176
26184
26263
26289
26294
26305
26323
26333
26359
26371
26392
26398
26405
26428
26435
26444
26449
26456
26481
26483
26491
26494
26497
26449
26504
26458
26506
26509
26506
26525
26556
26571
26574
26575
26586
26613
26616
25786
26633
26631
25035
25036
26678
26706
26720
26729
26737
26741
26790
26819
26846
26850
26047
26855
26055
26871
26872
26871
26874
26888
26079
26889
26894
26896
26906
26910
26915
26109
26097
26919
26929
26938
26944
26947
26965
27019
27032
27061
27093
27100
27113
27127
27145
27150
27152
26565
27157
27165
27172
27180
26591
27185
27194
26629
27206
27271
27273
27287
27288
27287
27305
27307
27313
27325
27307
27357
27367
27400
27424
26808
27440
27451
27449
27452
27461
27466
27473
27466
27477
27484
27497
27502
27527
27531
27536
27540
27541
27545
26868
27544
26869
27549
27551
27556
27533
27561
27566
27541
27574
27582
27586
27592
27605
27614
27598
27619
27632
26910
27640
27645
26938
26933
26932
27650
26938
26933
27656
26925
27664
27665
27671
27689
27685
27700
27712
27728
27745
27755
27759
27769
27775
27781
27790
27840
27865
27877
27888
27892
27926
27925
27932
27938
27934
27939
27925
27945
27943
27950
27158
27958
27167
27962
27170
27955
27968
27976
27992
28000
28078
27486
28097
27541
28103
27527
28093
28109
28181
28197
28214
28234
28239
28243
28255
27886
28301
28309
27938
27149
28317
28306
27925
28322
28328
28332
28341
28344
28349
28355
28364
28372
28371
28409
28433
28488
28492
28513
28522
28549
28552
28556
27894
28562
28577
28622
28624
28628
28314
28637
28640
28643
28317
28306
28640
28657
28655
28667
28670
28676
28669
28694
28704
28708
28366
28715
28717
28715
28718
28715
28725
28728
28742
28762
28834
28840
28854
28866
28871
28903
28928
28927
28931
28942
28943
28960
28975
29000
29062
29070
29092
29108
29117
29123
29127
29143
29148
29165
29167
29174
29173
28958
29182
29195
29186
29191
29201
29304
29324
29346
29352
29384
29397
29389
29399
29404
29211
29413
29481
29490
29495
29549
29586
29590
29592
29596
29390
29592
29600
29606
29392
29600
29720
29731
29742
29813
29830
29855
29877
29918
29949
29961
29989
30060
30079
30064
30083
30200
30302
30364
30396
30401
30416
30425
30434
30440
30499
30553
30589
