10
42
52
65
71
77
81
83
81
88
87
100
120
124
126
129
130
129
141
145
168
174
187
205
214
219
230
247
272
274
272
280
279
292
296
286
292
305
325
329
331
341
345
349
355
382
385
401
404
414
422
424
428
453
460
472
477
480
482
497
499
503
516
518
516
520
519
522
539
541
540
580
585
589
597
605
607
639
641
646
647
646
658
662
663
668
675
684
730
742
751
770
771
730
781
808
812
814
820
837
843
862
880
913
925
931
933
937
941
940
943
958
969
978
1001
1010
1018
1031
1038
1040
1041
1050
1093
1098
1113
1143
1148
1157
1159
1162
1161
1172
1176
1180
1182
1234
1246
1251
1276
1277
1281
1286
1296
1300
1302
1306
1300
1310
1317
1331
1336
1345
1349
1352
1356
1396
1422
1437
1452
1457
1446
1463
1473
1479
1488
1493
1496
1500
1526
1530
1526
1538
1542
1555
1563
1567
1569
1575
1590
1592
1593
1601
1613
1638
1639
1646
1648
1655
1657
1662
1667
1668
1669
1674
1677
1694
1723
1738
1744
1745
1750
1787
1789
1798
1802
1809
1819
1811
1821
1824
1828
1837
1838
1857
1872
1900
1904
1905
1908
1914
1929
1936
1939
1945
1948
1954
1961
1965
1948
1954
1976
1980
1982
1984
1988
1989
1997
2007
2022
2024
2028
2030
2034
2045
2043
2048
2069
2072
2073
2082
2084
2087
2090
2088
2099
2100
2110
2117
2121
810
2143
71
2152
2178
2161
2191
2205
2245
2258
2256
2304
2305
2332
2368
2370
2392
2413
2417
2413
2422
2424
2411
2425
2438
2446
2468
2471
2472
2477
2483
2484
2487
2491
2488
2494
2496
2505
2522
2530
2533
2537
2543
2542
2547
2551
2562
2564
2581
2590
2594
2598
2599
2598
2601
2605
2609
2626
2605
2630
2622
2642
2640
2590
2647
2649
2654
2538
2652
2538
2672
2679
2695
2693
2722
2728
2737
2732
2754
2773
2749
2790
2797
2798
2812
2809
2820
2823
2830
2836
2841
2840
2844
2850
2818
2862
2856
2887
2893
2903
2914
2932
2952
2961
2962
2964
2967
2971
2970
2977
2978
2981
2983
2985
2989
2992
3007
3021
3031
3033
3037
3048
3056
3068
3066
3074
3098
3099
3101
3103
3106
3110
3114
3139
3146
3139
3147
3150
3151
3154
3178
3180
3201
3203
3211
3216
3220
3219
3228
3234
3240
495
3224
3246
3247
3252
3256
3260
3258
3265
3279
3288
3299
3313
3330
3334
3358
3385
3391
3393
3395
3393
3397
3404
3415
484
3423
3434
3444
3452
3458
3443
3473
3471
3479
3493
3490
3495
3500
3513
3520
3525
3526
3571
3574
3573
3590
3526
3594
3600
3610
3612
3616
3622
3621
3624
3567
3641
3647
3656
3654
3665
3682
3687
532
3697
3713
3724
3732
3738
3750
3757
3771
3781
3787
3792
3796
3798
3814
3818
3826
3839
3853
3852
3867
3873
3882
3902
3912
3939
3956
3952
3961
3964
4005
4009
4012
4015
4017
4014
4020
4037
4041
4042
4044
4056
4062
4050
4071
4091
4094
4095
4105
4124
4128
4136
4148
4164
4163
4171
4189
4198
4209
4206
4213
4215
4221
4216
4233
4235
4243
4270
4278
4281
4300
4302
4318
4330
4335
4343
4359
4371
4373
4376
4377
4393
4409
4405
4415
4418
4419
4423
4441
4449
4456
4469
4474
4489
4495
4501
4512
4516
4493
4525
4529
4532
4561
4565
4586
4584
4593
4595
4616
4617
4622
684
4617
4630
4629
4651
4653
4657
4666
4669
721
4681
4684
4685
4692
4693
4698
4702
4711
4715
4711
4716
4722
4738
4742
4740
4744
4752
4753
4783
4796
4814
4828
4825
4830
4826
4833
4845
4887
4896
4905
4932
4945
4962
4977
4986
4976
4994
5000
4998
5003
5014
5025
5032
5052
5063
5077
5085
5087
5092
5095
5092
5103
5104
5103
5122
5127
5132
5139
5143
5180
5210
5213
5249
5252
5254
5275
5336
5375
5394
5399
5405
5440
5439
5447
5451
5463
5470
5448
5476
5483
5523
5538
5544
5549
5561
5563
5568
5575
5609
5612
5617
5641
5640
5651
5656
5676
5684
5695
5696
5733
5736
5730
5740
5744
5753
5746
5765
5758
5792
1349
5796
5801
5818
5814
5827
5831
5827
5837
5860
5867
5877
5885
5906
5921
1623
5930
4828
5933
5938
5943
5949
5958
5961
5962
5961
5975
5976
5986
5987
5986
5992
6001
6003
6009
6026
6048
6061
6065
6084
6088
6089
6091
6092
6098
1491
6096
6115
6135
6145
6142
6148
6168
6178
6179
6188
6196
6204
2699
6214
6220
6231
6249
1472
6256
6261
6270
6273
6261
6275
6273
6283
6290
6291
6301
6302
6306
6317
6337
6342
6346
6358
5684
5683
6334
6354
6374
6377
1302
6393
6394
6434
6438
6435
6446
6463
6462
6487
6489
6494
6500
6506
6508
6511
6520
6518
6532
6546
6554
6562
6571
6573
6580
6579
6582
6603
6646
6649
6650
6649
6684
6691
6710
6716
6726
6744
6745
6751
6758
6757
6760
6762
6758
6768
6787
6809
6821
6785
6804
6828
6829
6841
6851
6864
6868
6877
6882
6891
6902
6912
6919
6926
6928
6927
6921
6935
6941
6944
6951
6891
6955
6959
6964
6984
6996
7014
7015
7023
7026
7030
7034
7032
7046
7055
7065
7082
7090
7128
7132
7148
7110
7162
7191
7202
7212
7226
7228
7240
7251
7255
7270
7293
7311
7312
7327
7331
7332
7346
7348
7359
7377
7389
7391
7398
7400
7398
7403
7412
7416
7417
7455
7457
7492
7496
7505
7511
7528
7530
7545
7584
7593
7607
7616
7649
7650
7664
7667
7666
7682
7683
7692
7695
7702
2690
7703
7711
7719
7733
7740
7733
7739
7746
7752
7764
7772
7779
7785
7787
7788
7792
7802
2712
7804
7806
7807
269
7806
7818
7828
7859
7867
7852
7874
7895
7894
7901
7932
7944
7942
7943
7953
7958
7960
7964
7971
7975
8007
8012
8016
8033
8035
8040
8024
8048
8062
8064
8069
8072
8083
8059
8095
8093
8096
8108
8112
8110
8103
8115
8118
8120
8123
8141
8142
8148
8151
8158
8147
8168
2022
8172
8176
8180
8182
8185
8192
8185
8195
8200
8203
8222
8248
8261
8262
8264
8268
8309
8335
8340
8346
8348
8351
8353
8355
2466
8363
8377
8376
8443
8499
8514
8520
8612
8627
8628
8637
8646
8686
8690
8701
8704
8722
8727
8732
8733
8740
8746
8756
8796
8793
8809
8810
8858
8874
8894
8906
8913
8916
8920
8931
8936
8916
8955
8958
8960
8958
8987
8997
9000
9003
9033
9043
9060
9082
9103
9149
9146
9155
2411
2425
9161
9174
9175
9179
9177
9180
9214
9216
9235
9268
9276
9282
9284
9299
9303
9309
9314
9359
9372
9383
9386
9401
9407
9414
9421
9433
9441
9453
9457
9452
9459
9462
9477
9417
9483
9486
9504
9501
9509
9510
9529
9533
9536
9537
9542
9540
9556
9569
9577
9581
9586
9588
9594
9599
9600
9602
9588
9611
9622
9628
9632
9594
9636
9619
9642
9666
9674
9678
9683
9688
9690
9704
9715
9718
9723
9725
9736
9683
9743
9748
9756
9764
9762
9770
9773
9781
9790
9809
9811
2485
9822
9825
9826
9835
9836
9835
9840
9844
9857
9860
9870
9885
9888
9892
9891
9907
9890
9913
9926
9941
9945
9952
9955
9962
9971
9988
9985
9993
10015
10018
10015
10039
10045
10047
10057
10063
10077
341
10078
10082
10083
10096
10115
10119
10121
10135
10141
10149
10155
10157
10155
10158
10170
10173
10183
10190
10119
10183
10194
10196
10202
10204
10223
10233
10238
2616
10242
10244
10250
10271
10278
10282
10285
10282
10289
10290
10297
10302
10320
10331
10337
10341
10349
10358
10366
10369
10371
2668
10367
10391
10404
10407
10423
10420
2707
10441
10440
10443
10444
10447
10470
347
345
2862
10530
10546
10565
10563
10576
10582
10586
10587
10618
10680
10685
10698
10703
10709
10722
10730
10727
10748
10749
10752
10760
10766
10772
10792
10797
10806
10823
10833
10845
10856
10872
10877
10890
10895
10907
10920
10927
10928
10935
10947
10956
10959
10963
2999
10967
10971
10972
10983
3003
10989
10991
11022
11034
11058
11063
11076
11079
11103
11102
11104
11117
11131
11152
11154
11166
11177
11182
11187
11193
11218
11220
11239
11242
11241
11255
11253
11257
11265
11278
11279
11287
11294
11298
11299
11301
11310
11321
11332
11316
11344
11367
11372
11389
11405
11421
11441
11453
11473
3101
3103
11479
11483
11490
11504
11517
11518
11517
3139
11525
11526
11533
11528
11536
3667
11545
11559
11557
11563
11565
3519
11568
11579
11596
11615
11618
11624
11634
11641
11645
11661
11675
11674
11685
11700
11706
11729
11736
11741
11763
11779
11792
11805
11829
11834
11848
11856
11865
11869
11874
11883
11900
11911
11918
11930
11931
11962
12004
12003
12019
12037
12054
12055
12108
12117
3252
12135
12132
12153
10727
12158
12164
12179
3317
12198
12206
12190
12214
12223
12239
12240
12249
12251
12272
3367
12280
12164
12162
12286
12288
12293
12300
12306
12309
12270
12307
12320
12323
12321
12324
12337
12340
12342
12315
12340
12366
12363
12369
12370
12369
12384
12391
12392
12400
12412
11467
12417
12424
12419
12428
12443
12448
12453
12455
12458
12467
12471
3490
12488
12496
12529
12531
12537
12561
12569
12567
12591
12589
12597
12604
3393
11483
12611
12585
12627
3526
12636
12640
12649
12659
12667
12687
12686
12717
12751
12753
12765
12769
12777
12787
12765
12791
3584
12765
3584
12798
12803
12798
12816
3233
12822
12828
12837
12840
12852
12849
12863
12865
12879
12880
12887
12888
12895
12905
12910
12914
12942
12939
12959
12955
12968
12971
12975
12985
12987
12989
3428
3434
12990
13002
13006
13034
13052
13055
13054
13063
13073
13074
13083
12415
13091
13068
13116
13074
13133
13137
13170
13190
13194
12934
13215
13217
13219
13226
13219
13235
13244
13245
13251
13264
13271
13275
13279
13271
13283
13271
13287
13257
13290
13315
13329
13271
13334
13347
13382
13374
13384
13386
13395
13405
13418
13427
13433
13427
13434
13438
13454
13452
13457
13469
13476
13481
13479
13485
13487
13492
13496
13501
13502
13514
13520
13523
13526
13527
13537
13545
13556
13558
13561
13563
13581
13587
13601
13602
13623
13640
13649
13654
13648
13659
13664
13675
13691
13694
13697
13709
13724
13706
13730
13735
13737
13735
13749
13768
13780
13789
13788
13792
13800
13799
13812
13814
13823
3961
13826
13832
13834
13856
13854
13857
13860
13876
13880
13886
13905
13909
13914
13911
13920
13921
13920
13926
13905
13944
13952
13959
13965
8631
13968
13977
13981
13988
13482
13992
13993
13992
13995
13992
14000
14001
14002
14020
14026
14037
14043
14052
14053
14064
13881
14048
14086
13357
14102
14109
14115
14112
14127
14130
14151
14139
14169
14175
14176
14203
14205
14229
14238
14240
14247
14259
14297
14340
14334
14346
14371
14387
14403
14426
14451
14452
14465
14502
14512
14581
14584
14589
14595
14605
14614
14620
14622
13213
14641
14643
14644
14687
14696
14709
14714
14737
14735
14752
14760
14769
14762
14777
14783
14792
14793
14805
14752
14812
14820
14814
14824
14836
14858
14873
14870
14875
14884
14887
14904
14915
14919
14924
14972
14973
14982
14991
15003
15023
15021
15038
15041
15039
15052
15060
15063
15077
15112
15108
15127
15134
15167
15171
15188
15192
15212
15209
15215
15221
15222
15225
15230
15263
15284
15334
15338
15342
15346
605
15349
15350
15349
15363
15376
15387
15392
15400
4332
15401
15407
15405
15414
15423
15437
15444
15465
15476
15488
15496
15503
15509
15518
15516
15530
15217
15533
15539
15538
15545
15555
15223
15566
15572
15577
15587
15615
15239
15624
15636
15649
15652
15662
15666
15669
15662
15653
15675
15687
15684
15692
15694
15677
15675
15700
15704
15705
15704
15713
15719
15737
15740
15746
15754
15758
15761
15775
15777
15783
15789
15791
15789
15794
15796
15801
15796
15806
15830
15833
15831
15840
15841
15843
15853
15861
15872
15879
15884
15905
15907
15938
15936
15939
15954
15905
15976
15978
15965
15995
4532
16001
16007
16016
16013
16020
16022
16032
16040
16038
16051
16071
16097
16106
16110
16118
16162
16173
4617
16181
16236
16244
16259
16261
16267
16285
16288
16285
16292
16293
16322
16304
16328
16370
16371
16376
16386
16389
931
16396
16391
16389
931
16403
16408
16403
16410
16419
16428
16437
16443
16455
16452
16467
16466
16463
16482
16496
1010
16499
16521
16528
16583
16590
16614
16630
16650
16657
16662
16668
16684
16681
16702
16709
16735
5087
16742
16746
16755
16761
16803
16825
16829
16825
16830
16835
16867
16872
16887
16907
16916
16933
16955
16958
16981
16980
17088
17124
17141
17142
17170
16684
17180
17181
17183
17194
17247
2368
17264
17276
258
17302
17306
17308
17319
17337
17345
17366
108
17373
17386
17402
17417
17449
17465
17488
17493
17497
17488
17502
17529
17531
17550
17559
17572
17586
17596
17601
17607
17617
17623
17630
17622
17637
17656
17660
17656
17673
17676
17694
17697
17702
17711
17702
17719
17717
17736
17746
17754
17758
17772
17771
17788
17754
17796
17820
17830
17495
17832
17849
17854
17727
17869
17889
17891
17899
17897
17912
17889
17913
17922
17926
17931
17936
17961
17994
17998
18037
18045
18054
18058
18060
18055
18074
16963
18102
18104
18102
18167
18195
18192
18198
18207
18216
18247
18249
18255
18275
18295
18313
18322
18326
6148
6140
18337
18334
18346
5953
18348
18361
18372
6142
18426
18433
18450
18444
18454
18480
18482
18496
18506
18511
18521
18533
18545
18547
18563
18412
18559
18576
18581
18589
18595
6302
18605
18612
18630
18635
18645
18653
18652
18658
338
336
18667
18673
18678
18691
18696
18644
18703
18713
18723
18724
6283
18731
18733
18732
18751
18781
18692
18789
18800
18799
18806
18814
18819
18840
18849
6511
18861
18862
18861
18876
18889
18904
18912
18919
7802
18921
18942
18944
18951
18960
18966
18976
18932
18988
19001
18995
19011
19021
19029
19045
19062
19065
19073
19100
19104
19011
19123
19125
19135
19146
19172
19179
19192
19206
19216
19233
19235
19243
19267
19261
19273
19277
19275
19281
19284
19291
19295
19303
19319
1653
19329
19331
19345
19233
19352
19356
1825
19371
19368
19375
19376
19375
19386
19390
19394
19401
19405
19421
19428
19445
19455
19504
19480
19540
19550
19559
19583
19576
19593
19619
19615
19620
19625
19628
19642
19638
19649
6938
6928
19656
19659
19660
19628
19667
19679
6877
19677
6877
19686
19695
19704
19706
19713
19717
19703
19728
19729
19710
19731
19733
19731
19740
19743
19763
10194
10196
19764
19766
19774
19787
19804
19805
19812
19825
19845
19874
19877
19900
19905
19919
19927
19937
19971
19974
19986
19988
19986
20004
20002
20015
20053
20091
20114
20116
20149
20172
20183
20199
20214
20233
20242
20270
20294
20340
20352
7346
20373
20401
20408
20411
20413
20415
20421
20425
20427
20430
20447
20448
20451
20455
20464
20472
5577
20503
20516
20549
20551
20553
20609
20610
20626
20640
20609
20605
20652
20653
20652
20661
20702
20703
20712
20720
20721
20732
20735
20739
20743
20746
20752
20755
20752
20764
20766
20778
20786
10959
20796
20814
20817
20818
20817
20824
20833
20843
20849
20859
20864
20871
20886
20901
20906
20912
20945
20948
20955
20966
20984
20990
20995
20997
21011
21018
21029
21035
21055
21058
21075
21088
21092
21111
21138
21158
21169
21168
21174
21175
21177
21179
21190
21229
21241
21303
21318
21322
21330
21334
21340
21349
21355
21366
21375
21389
21399
7545
21402
7545
21408
21452
21472
21480
21483
21480
21486
7528
21516
21539
21542
21549
21555
21559
21566
21583
21585
21555
21592
21605
21608
21611
21612
21611
21631
21650
21659
21661
21665
21675
21707
21712
21736
21737
21760
21769
21777
21789
21793
21794
21828
21854
21863
21873
21878
21894
21903
21910
21930
21934
21930
21938
21955
21980
22015
22047
22082
22085
22082
22126
22139
22145
22156
9769
22160
22161
22166
22198
22202
22198
22205
22204
22211
22214
22220
22225
22227
22231
8165
22240
22247
22251
22253
22251
22259
15796
22268
22266
22295
22291
22299
22307
22314
22315
22334
22330
22335
22314
22343
22347
22353
22359
22390
22401
22431
22445
22465
22484
22488
22514
22515
22520
13958
22523
22538
22550
22560
22570
22580
22570
22589
22599
22623
22620
22631
22642
22649
22655
22661
20764
22667
22673
22685
22691
22692
15771
22698
22709
22721
22720
22743
22752
22753
22766
22755
22763
22775
22773
22784
22787
22803
22811
22812
22820
22821
22824
22829
22819
22835
22842
22850
22896
22909
22914
22945
22975
22985
22991
23009
23027
23044
23045
23044
23050
23055
23081
23085
23133
23145
23148
23172
23173
23177
23176
23183
23186
23194
23202
23213
23214
23218
23228
23235
23241
23243
23241
23250
23251
23264
23286
23275
23283
9483
23295
23312
23313
23290
23319
23320
23328
23331
23337
23344
23337
23354
23358
14004
23373
23390
23389
23400
23408
23416
23424
23433
23436
23444
23447
9307
23456
23501
23514
23520
23567
23578
23584
23601
23637
23671
23715
23722
23795
23809
23819
23830
23829
9285
23843
23846
23858
23862
23877
23882
23897
23900
23905
23930
23940
23937
23946
23976
23989
24000
24003
24000
24014
23994
24007
24038
24055
24066
24086
24092
24091
24100
24110
24116
24112
24119
24121
24125
24121
24134
24142
24159
24168
24194
24203
24197
24209
24211
24209
24213
24222
24232
24242
24245
24285
24303
24308
24307
24320
24326
24335
24343
24357
24360
24371
24377
24406
24392
24425
24440
24455
24464
24472
24482
24495
24499
24464
24509
24519
9812
24497
24516
24287
24497
24287
24527
24528
9409
9407
24525
24546
24549
24560
24556
24562
24566
24575
24579
24548
24593
24594
24603
24604
24606
9673
24609
24620
24626
24630
24631
24641
24663
24665
24675
24677
24675
24689
24687
24711
24723
24732
24768
24770
24777
24753
24788
24791
24798
24804
24815
24816
24827
24838
22623
24844
9573
24851
24873
24888
24897
24900
24907
24906
24922
24924
24937
24948
24960
24978
24987
25002
25026
25032
25052
25077
25113
25152
25167
25185
25196
25201
2487
25209
25235
25234
25247
2598
25250
25253
25261
25241
25252
25253
25272
25271
25285
10271
25314
25323
25325
25305
25323
25334
25330
25348
25352
25381
25396
25404
25402
25417
25421
25418
25446
25468
9858
25465
25472
25475
25476
25485
25492
25495
25515
25533
25540
25551
25577
25599
25603
25617
25637
25657
25668
25671
25675
25684
25691
25698
10734
25709
25719
25727
25750
25757
25784
25792
25804
25834
25830
25835
25746
25843
25845
25859
25905
25908
25932
25938
25943
25956
10916
25990
25992
25995
26004
26009
26015
26016
26019
26025
26038
26054
26057
26065
26068
26073
26082
26101
26080
26152
26168
26170
26173
26180
26184
26199
26205
26207
26211
26220
26229
26239
26243
26254
26262
26274
26280
26281
26288
26286
26301
26304
4011
26321
26324
26334
26352
26360
26362
26364
26383
26389
26391
26416
26424
26426
26424
26428
26454
26456
26457
26461
26464
26477
26498
26493
26508
26511
26527
26531
26534
26536
26527
26531
26547
26557
26572
26567
26577
26588
26502
26586
26598
26612
26611
26622
26632
26662
26707
11267
11265
26703
26712
26723
26727
26735
11293
26739
26746
26820
26838
26839
26846
26847
26854
11405
26886
26889
26890
26909
26910
26937
26947
26949
26987
26993
27003
27010
27014
27010
26981
27019
27030
26995
27034
27080
27116
27117
27123
27127
27138
27141
27149
27195
27218
27222
27226
27229
27234
12363
27237
12363
27242
27243
27258
12363
27266
27270
27232
27280
27296
27322
27321
27326
27276
27322
27276
27342
27351
27361
27366
27379
27406
27403
27409
27435
27438
27451
27448
27453
27426
27469
27489
27495
27500
27470
27511
3479
27516
12422
27519
27525
3479
27534
27546
27555
27520
27569
12428
27574
27579
27603
27613
27628
27632
27628
27652
27662
27665
27662
27666
27676
27682
27685
27701
27704
27717
27719
27738
27619
27613
27746
27749
27780
27786
27790
27795
27800
27812
3659
3657
27815
27802
27827
27828
27837
27843
27846
27859
27864
27874
27879
12813
27885
27889
27897
27899
27903
27912
27929
27923
27932
27993
28004
28024
28022
28025
13035
28024
28056
28074
28081
28099
28120
28158
28161
28176
28184
28192
28194
28192
28223
28236
28244
28251
28254
28277
28278
28287
28302
28314
11297
3055
28322
28329
28334
28346
28367
28370
28349
28382
28388
28396
28415
28417
28427
28425
28436
28448
28461
28478
28487
28491
28507
28509
28508
28507
28519
28538
28541
28540
28554
28557
28562
28558
28574
28583
28586
28589
14037
28605
28622
28629
28632
28635
28661
3793
28671
28679
28685
28696
28703
28555
28708
28710
28698
28724
28740
28743
28749
28801
28808
28817
28823
13523
28829
28833
28854
28883
28897
28905
28934
28950
28958
28960
28961
28953
28990
28995
29002
29008
29030
29032
29041
29023
29079
29088
29090
29088
29101
29130
29157
29167
29178
29200
29224
29223
29229
29243
29241
29263
29267
29285
29289
29297
29304
3829
29330
29353
29365
29415
29426
29427
29454
29475
29498
29501
13783
29527
29537
29543
29549
29552
29563
29566
29573
29580
29583
29589
29563
29597
29641
29645
29641
29643
29645
29657
29658
29667
29671
29675
29705
29708
29725
29732
29735
29747
29749
29751
29774
29802
29812
29826
29835
29842
29844
29853
29870
29879
29885
13854
29889
29894
29900
29925
29928
29935
29937
29943
29946
29949
29967
29965
29976
14788
14783
29973
29988
29992
29994
30013
30017
30023
30030
30034
30038
30042
30053
30048
30059
30064
30069
30078
30093
30072
30116
30139
30169
30187
30174
30209
30216
30217
30241
30275
30286
30289
30282
30295
30320
30342
30364
30366
30375
30383
25995
30416
30417
30421
30432
30429
30442
30456
30458
30461
30462
30469
30476
30480
30495
30496
30511
30519
30527
30548
30546
30549
14887
14886
30550
14887
14886
30557
30562
30598
30608
30610
30625
30643
4280
4278
30656
30662
30659
30672
15349
30683
30685
15979
30698
16007
30700
30703
30713
30700
30716
30700
30717
15577
30726
15619
30728
15619
30744
30731
30746
30744
30753
30764
30773
30779
30775
30782
30794
30791
30814
30820
30822
30836
30845
30847
30852
30646
30870
30872
30870
30884
30885
30904
30905
30917
30921
30954
30910
30965
30968
30971
30987
30989
31002
31018
31022
31031
31045
31058
31056
31065
31079
31086
31093
22330
31113
31118
31133
31141
31149
31151
22336
31163
31174
31175
31189
31197
31200
31209
31210
31213
31233
31251
31272
31246
31295
16098
31298
31305
31313
31319
31321
31331
31338
31389
5636
31395
31399
31415
31430
31433
31440
31437
31447
31458
31470
31477
31479
31515
31544
31548
31551
31548
31562
31575
31592
31612
16371
31645
31658
31665
31670
31684
31720
31731
31742
31740
31751
31782
31806
31816
31872
31886
31907
31928
31941
31935
31965
31972
31988
31993
32026
32034
32049
16867
16871
32078
32088
32041
32118
32136
32149
32161
32170
32173
32180
32202
32207
32220
32247
32261
32310
32352
32362
32387
32392
32408
32409
32389
32428
32435
31790
32457
32468
32522
32523
32522
17634
32539
32541
32539
32546
32545
32577
32593
32614
32621
32628
32642
32649
32681
32684
32697
17561
32698
32712
32691
32733
32747
32758
32766
32779
32791
32795
32805
32811
32867
32873
32877
32891
32900
32788
32926
32932
32937
32942
32953
32955
32959
32966
18107
32970
32982
32990
33000
33013
33022
33037
33042
33053
33066
18307
33069
33090
33097
33096
33101
33102
33101
33105
33117
33122
33124
33126
33140
33186
33190
33198
33219
33236
18606
33237
33243
33249
33253
33258
33261
33267
33272
33278
33358
33401
33437
33440
33460
33459
33469
33437
33481
33489
33510
33475
33531
33551
33578
33596
33624
33621
33625
33632
33633
33643
33707
33734
33765
33775
33806
33828
33852
33847
33864
33873
33890
33920
33932
33953
33979
33982
33987
33990
34025
34037
33982
34047
34060
34064
34068
34072
34095
34110
34117
34134
34154
34155
34158
34167
34184
34080
34191
34227
34253
34260
34266
19728
34253
34274
34277
19731
19998
34284
7003
34295
34301
34307
34309
34316
34339
34307
34345
34330
34353
34350
34365
34078
34372
34375
34378
34380
34384
34395
34402
34405
19840
34416
34431
34432
34431
34440
34442
34459
34465
34467
34479
34505
34511
34521
34539
34556
34561
34566
34606
34615
34617
34620
34610
34622
34617
34642
34645
34655
34653
34675
34689
34690
34722
34779
34834
34840
20218
34938
34945
34950
34961
34968
34996
35015
35025
34972
35050
35059
35060
35059
35099
35126
35128
35129
35133
35144
35149
35150
35149
35157
35169
35196
20411
35207
35210
35232
35239
35278
35281
35294
35311
35323
35348
35394
35409
35450
35454
35475
35476
35485
35499
35518
35613
35615
35613
35638
35692
35696
35710
35764
35790
35800
35824
35844
35821
35851
35864
35903
35950
35952
35967
35977
35994
35997
36002
20814
36006
36014
36015
36035
36048
36058
36061
36066
36082
36086
36092
36101
36128
36149
36152
36192
36197
36205
36222
36227
36237
36243
36253
36262
21029
36271
36279
36287
36291
36308
36338
36336
20824
36359
36390
20995
36421
36425
36426
36441
36467
36469
36492
36504
36506
36515
36530
36547
36552
36579
36584
36590
36680
36702
36704
36702
36748
36759
21637
36764
36759
36769
36776
36780
36786
36792
36795
36818
36842
36857
36860
36891
36896
36914
36912
36925
36926
36925
36932
36938
36951
36962
36976
37002
37041
37044
37055
37057
37064
37089
37095
37105
37109
37134
37166
37182
37189
37202
37222
37235
22347
37239
37251
37282
37300
37353
37363
37362
37370
37380
37406
37436
37438
37480
37494
37499
37502
37523
37542
23282
37547
37552
23273
37556
37560
37567
37571
37567
37572
37577
37581
37584
37599
37605
37608
37614
37619
37645
37650
22786
37654
37619
37618
37650
37659
37673
37680
37686
37694
22698
22700
37595
37702
37709
37724
37731
37745
37751
37745
37753
37768
37775
37776
37779
37799
37806
37820
37839
37863
37873
37916
37919
37925
37931
37950
37960
37950
37965
37974
37990
38010
38022
23416
38025
38034
38048
38050
23457
38053
38067
38087
38112
38126
38148
38151
38153
38155
38168
38185
38204
38226
38238
38250
38264
38263
38303
38339
38362
38372
38377
38380
38389
38391
38417
38441
38439
38462
23976
38468
38475
38477
38483
38486
38498
38505
38513
38519
38525
38537
38539
38554
38565
16193
38569
38566
16193
38580
38592
38594
38592
24084
38591
38602
38605
38611
38613
38620
38631
38632
38645
38654
38655
38687
38686
38696
38699
24060
38707
38718
38735
38774
9534
38772
38786
38784
38795
38801
38810
38820
38817
38823
38827
38831
38840
38796
38797
38844
38849
38850
38844
38863
38865
38868
38865
38871
38880
38892
38893
38897
38895
38915
38919
38952
38949
38958
38961
38969
38972
38973
38988
38999
39004
39001
38972
39005
39004
39010
39027
24226
39039
39037
39082
39081
39100
39102
39100
39107
39113
39123
39125
39126
39140
39141
39142
39141
39150
39156
39172
39185
39205
39202
39142
39216
39219
39222
39239
39247
25418
39265
39272
39273
39297
39312
39319
39332
39351
39371
39374
39385
39413
39419
39432
39443
39472
39485
39491
39506
39524
39554
39561
39573
39578
39585
39546
39609
39617
39624
25988
39632
39645
25990
39657
39636
39660
39667
26048
39672
39681
39688
39731
39739
39752
39755
39799
39811
39820
39822
39831
39829
39832
39847
39857
39867
39868
39878
39880
39883
39886
39897
39909
39917
39930
39957
39967
39998
40002
26681
39999
40026
40009
40043
40053
40069
40066
40093
40130
40144
40152
40157
40175
40188
25983
40191
40159
40203
40213
40217
40256
2970
10819
40257
40269
40279
40282
40283
40318
40328
40334
40337
40339
40345
12327
12150
40354
40357
40334
40361
40368
40371
40368
40388
40414
40417
40414
40426
14096
14095
40423
40433
40441
40455
40454
40467
40471
40480
40488
40502
40524
40533
40544
40565
40590
40598
40602
40526
40611
40622
40629
40642
40640
40643
40650
40653
40656
40667
40682
40722
40741
40744
40766
40763
40783
26003
40785
40788
40797
40828
40804
40831
40860
40871
40872
40878
40893
28508
28507
40902
40914
40920
40926
40927
40914
40933
40945
40975
40980
40993
40995
40999
41004
41006
41016
41022
41033
41040
41028
41054
41061
41070
41081
41100
13472
41110
41113
41120
41134
41142
41146
41148
41158
41163
41169
41172
41169
41180
41194
41211
41218
41220
41225
41228
14100
41246
41278
41292
41306
41318
41319
41322
41327
41347
41372
41407
41417
41423
41459
41487
41485
28883
41516
41527
41535
41573
41588
41605
41611
41618
41616
41627
41646
41654
41655
41681
41683
41689
41696
41689
41726
41739
41750
41745
41748
41766
41774
41785
41831
41832
41845
41852
41859
41882
4009
41889
41932
41950
42003
42001
42008
42029
42053
42065
42079
42095
29271
42162
42170
42183
42218
42222
42239
42250
42247
42292
42293
42296
42300
40853
42312
42337
42339
42345
42347
13859
42355
42357
42399
42403
42416
42417
42420
42452
42430
42488
42490
42494
42506
42513
42520
42528
42530
42536
42539
42547
42567
42576
42589
42629
42659
42695
42727
42738
42745
42746
42758
42757
42762
42765
42834
42894
42912
42928
42933
42938
42961
42969
42961
42980
42981
42994
43001
43004
43005
43010
43013
43012
43025
14870
4397
43028
15200
14876
43030
15200
14876
43032
43044
43022
43049
43056
43059
43062
43097
43130
43166
43169
15038
43192
43230
43235
43222
43239
43264
30458
43272
43271
43281
30467
43282
43287
43288
43314
43323
43287
30461
43340
43339
43359
43373
43378
30862
43384
43390
43401
30460
43400
43407
43416
43426
43430
43436
43437
43402
43458
43487
43497
43501
22775
22773
43504
43514
43522
43528
43532
43553
43569
43596
43606
43616
43629
43642
43649
43668
43679
30987
30989
43676
30989
30987
43547
30987
43694
43699
31163
43714
43725
43752
43757
43781
43791
43799
43757
43807
43822
43835
43839
43849
43852
43885
43893
43902
43911
43920
43939
43940
43944
43980
43989
44048
44067
44075
44105
44097
44150
44161
44171
44175
44186
44189
44193
44189
44221
44250
44296
44341
44362
44437
44479
44482
44511
44601
44613
44659
44717
44724
44775
32497
44791
44795
44809
44820
5588
44835
44839
44862
44901
44942
44968
44974
44980
44986
44972
44993
45019
1514
45022
45028
45013
45050
45058
18394
45068
45079
33218
33216
45081
45096
45114
34260
45121
34260
45123
45129
45138
45150
45156
45174
45183
45191
45184
45248
45329
45338
45341
45361
45383
45411
45425
45445
45457
45491
45530
35891
45526
45567
7341
45581
45586
45612
45632
45650
45675
45681
45686
45717
45714
45738
45759
45825
45834
45854
45855
21733
7849
45856
45900
45905
45910
45854
45917
45920
45924
45936
45947
45954
45966
45999
22240
46000
46012
46019
45997
46020
46022
46057
46062
46082
46094
46180
37494
46184
37494
46203
46216
46224
46235
46237
46206
46236
37567
46206
46244
46256
46284
46295
37751
46316
46321
46318
46335
46339
46347
46350
46353
46365
46372
46422
46425
46443
37645
46460
46469
46475
46473
46488
46493
46507
46506
46515
46526
46527
46533
46538
46547
46565
46562
46571
46578
46581
46594
46604
15768
46594
46617
46623
46626
46625
46634
15789
46633
15789
46641
46644
46646
46644
46652
46656
46662
46664
46691
46700
46709
46710
22811
46721
46734
46728
46778
46804
46826
46847
46852
46848
46865
46880
46890
46893
46917
46921
46926
46935
46971
46998
47003
47019
47030
47034
47058
47075
47076
47105
47123
47137
47139
47179
47190
47214
47227
47231
47232
47249
47252
47256
38849
47265
47278
47276
47279
47278
47276
47286
47311
47319
47334
47331
47339
47331
47356
47376
47395
47416
47438
47444
47448
47449
47455
47427
47468
47471
47483
47479
47486
47461
47492
47501
47535
47537
47539
47479
47543
47552
47543
39105
47561
47565
47566
47582
47584
47580
47603
47611
47620
47311
47625
47644
47653
47676
47691
47694
47706
47709
47712
47733
47741
47759
47767
47784
47787
47793
47804
47794
47812
47834
47848
47852
47856
47852
47845
47851
47907
47912
47910
47914
47923
47925
47942
47953
47960
47914
47938
47964
47981
48002
48028
48030
48041
48047
48062
48066
48095
48102
48116
48117
48128
48135
48140
48141
48009
48150
48165
48168
48192
48208
48211
48249
48285
48296
48332
48336
48349
48355
39731
48362
48375
48414
48420
48451
48461
48468
48475
48481
48489
48513
48516
48534
48543
48548
13252
48547
48563
48574
48570
48586
48542
48594
48599
48608
48610
48656
48708
48732
48737
48747
48785
48783
48789
48800
48804
48813
48834
48850
48851
48881
48891
48896
48891
48921
48934
48935
48940
48958
48987
49010
49029
49044
49062
49083
49107
49119
49160
49172
49170
49173
49198
29286
49208
49212
49223
49225
49238
13691
49242
49248
49264
29497
49276
42357
49281
49285
49284
49296
49331
49336
49347
49381
49392
48785
49410
49421
49425
49445
49449
49452
49449
49461
49465
49470
49480
49486
49496
49537
49559
49567
49591
49611
49622
49636
49644
49647
49659
49685
49672
49671
49691
49731
49736
49734
49741
49745
49748
49755
49732
49756
49761
49778
49788
49820
49826
49832
49845
49850
49857
49885
49813
49905
49909
49916
49926
49929
49948
49952
49964
49971
42489
49986
49999
50003
49999
50010
50022
50048
50054
50057
50061
50064
50061
50097
50112
50118
50145
50150
50155
50184
50189
50184
50214
50216
50256
50274
43056
50296
50307
50334
50333
50389
50400
50407
50420
50421
50425
50438
50441
50444
50442
50455
50469
50496
50512
50538
50544
15401
50558
50555
50575
50586
50597
50602
50643
50649
50654
50665
50649
50676
50684
50706
50713
50712
50757
50776
50804
50846
50849
50876
50896
44437
50897
50906
50909
50934
32917
50951
50970
50988
51000
51020
51027
51039
51062
51099
51105
45361
51140
51144
51152
51158
51165
51166
51168
51169
51177
51198
51201
21727
51217
51237
51248
51266
51281
51290
51306
51314
51329
51341
51353
51382
51393
51407
51388
51421
51431
51438
51456
51473
24158
51480
51489
51509
51523
51540
51546
51558
9391
51559
51562
51566
51577
51557
51585
51611
51612
51618
51623
51628
51634
51651
51568
51648
51668
51675
51677
51690
51671
51668
51697
51707
51778
51774
51803
51783
51753
51800
51797
51813
51817
46491
51813
46491
51827
51861
51872
51867
51890
51893
51903
51921
51927
51935
51953
51968
51974
51986
52000
52015
52029
52056
52064
52075
52109
52104
52115
52116
52126
46921
52173
52218
52223
52222
52236
52218
52269
52288
52362
51149
52367
23673
52381
52392
52395
52402
52413
52432
52441
52467
52474
52477
52488
52147
52474
52503
52582
52590
52619
52627
52636
52653
52659
52664
52667
52688
52701
52713
52724
52730
52729
52736
52776
52784
52792
52802
24325
52801
52807
52819
52827
52829
47306
52841
52847
52856
52859
52868
52869
52819
52841
52857
52819
52886
52888
52895
52898
52901
52886
52908
52910
52919
52934
52962
52969
52985
52991
53001
53002
53012
53020
53034
53040
53042
53052
53058
53059
53074
53088
53092
53109
53121
53124
53109
53148
53161
53169
53193
53201
53200
53205
53202
53212
53221
41318
53241
53244
53254
53258
53278
53344
53345
53358
53290
53366
53371
53306
53397
53410
53437
53440
53462
53478
53483
53493
53510
53527
53534
53559
53547
53580
53586
53597
53615
53657
53658
53662
53664
53681
53694
29656
53699
53704
53714
53711
53716
53714
53734
53746
53759
53763
53778
53780
53775
53793
53805
53808
53805
53820
53873
53883
53937
53971
53978
53991
54011
54023
54026
54033
54056
44139
50835
54061
54072
54076
54094
54100
54119
54177
50973
54192
54202
54209
54229
54260
54297
50985
54310
54317
54323
54329
54341
54347
54346
54356
46088
54379
54394
54405
54416
54429
54312
54443
54466
54482
54484
54491
54515
54524
54533
48101
54536
54560
54575
54599
54612
54616
54635
54639
54656
54684
54685
54696
54728
54735
54737
54749
54760
54763
54773
54774
54777
54763
54762
54787
54806
54819
54869
53991
