2640
3015
6067
6143
6141
7014
8261
9232
9907
9913
9964
10044
10353
10360
10368
11676
12488
13486
13612
13673
13699
13730
13776
13820
13892
13920
14010
14200
14209
14212
14221
14224
14245
14508
14507
15370
15373
15381
15412
15458
15501
15560
15587
16150
17415
18148
18164
18178
18319
18324
18340
18349
18361
18385
18376
18629
19057
19415
19615
20010
20040
20043
20050
20263
20279
20606
20971
21610
21760
21824
21890
21892
22474
22498
22570
23039
23069
23221
24033
24120
24159
24490
24568
24685
24920
25863
25860
25908
25927
26054
26256
26263
26374
26426
26500
26506
26683
26720
26722
27484
27673
27688
27706
27828
27936
27946
27949
28025
28111
28117
28237
28239
28466
29056
29127
29155
29164
29179
29187
29198
29203
29207
29685
30073
30530
30590
30686
30831
30845
30871
30894
31197
31256
31459
31584
31777
32232
32547
32577
32933
33131
33278
33280
33834
33835
34451
34772
34951
34970
34984
35001
35008
35010
35018
35459
35935
35951
35983
35985
36049
36058
36064
36079
36157
36184
36201
36297
36645
36765
36820
37181
37398
37732
38262
38306
38586
38592
38890
38886
39002
39005
39002
39066
39075
39081
39123
39363
39600
39601
39978
39996
40017
40029
40035
40049
40062
40135
40153
40159
40239
40345
40377
40437
40624
40679
40833
41007
41109
41117
41123
41169
41179
41221
41224
41230
41231
41249
41259
41329
41332
41338
41353
41374
41407
41413
41429
41434
41447
41629
41635
41686
41716
41740
41770
41773
41794
41810
41817
41854
42148
42262
42547
42576
42653
43440
43545
43658
43811
43861
44341
44817
44836
44958
45049
45058
45149
45499
45535
45638
45734
45770
45780
46196
46447
46531
46931
46983
47066
47268
47289
47423
47455
47512
47686
47721
47848
47858
47892
47896
47938
47960
47962
48001
48217
48430
48744
48823
49418
49457
49565
49566
49581
49594
49597
49630
49666
49688
49717
49723
49729
49732
50139
50212
50215
50229
50238
50301
50314
50340
50407
50419
50440
50464
50491
50536
50539
50542
50554
51149
51150
51545
52089
52165
52169
52177
52193
52198
52205
52261
52279
52576
52606
52618
52660
52716
52713
52743
52761
52816
52967
52979
52993
52996
53157
53166
53182
53185
53346
53357
53374
53531
53540
53596
53617
53623
53659
53818
53832
53860
53941
53965
53970
54033
54070
54080
54197
54220
54262
54313
54337
54361
54498
54562
54709
55072
55118
55129
55223
55298
55423
56110
56113
56208
56378
56400
56714
56805
57355
57359
57458
57460
58006
58026
58346
58349
58743
59188
59201
59319
59488
59738
60021
60403
60407
60676
60786
60814
61015
61041
61133
61177
61642
62308
62519
62654
62722
63548
63550
63594
63837
63981
64005
64125
64710
64715
64764
64942
64973
64980
65394
65482
65950
65964
65972
66192
66331
66571
66574
66583
66724
66939
67629
68020
68061
68026
69302
69304
69623
69846
70296
70672
70963
70966
71086
71622
71863
72002
72439
72560
72600
72610
72724
72759
72864
73038
73045
73038
73921
74801
74855
74857
75010
75247
75286
75360
75364
75479
75533
76088
76407
76540
76968
77058
77456
77466
77474
77587
77756
77901
77974
78150
78257
78418
78683
80274
80759
80782
80811
80867
80869
80894
81089
81388
81693
81741
81748
81752
81988
82336
82993
83412
83611
83755
83964
83970
84137
84176
84822
85004
85011
85268
85279
85323
85339
85366
85398
85461
85466
85540
85553
86470
86487
86508
86625
86659
86828
86831
86828
86925
87042
87396
87502
87555
87556
87719
87830
87839
87982
88041
88156
86836
88276
88425
88424
88643
88761
90215
90591
90972
90988
91062
91717
92007
92011
92128
92218
92242
92940
93156
93221
93228
93250
93287
93307
93397
93504
93683
93933
93974
94013
94059
94123
94221
94421
94476
94668
94669
94928
95115
95194
95646
95654
95663
95667
95673
95687
95691
95699
96511
96706
96709
96721
97074
97144
97137
97311
98093
98106
98160
98688
98795
98902
98967
98975
99147
99190
99463
99668
99672
99973
100123
100195
100516
100547
100557
100567
100699
100977
101163
101164
101199
101452
101881
102019
102118
102150
102158
102494
102725
102918
103339
103599
103731
103820
103822
104174
104209
104221
104241
104265
104342
104351
104359
104361
104389
104801
105025
105073
105094
105146
105309
105559
105586
105590
105612
105629
105640
105577
105659
105658
105679
105634
105809
105818
105833
106015
106167
106177
106312
106330
106358
106558
106690
106843
106872
107017
107052
107076
107212
107289
107992
108060
108287
108353
108622
108654
108655
108741
108784
108790
109105
109114
109234
109270
109314
109448
109602
109653
109729
109734
109945
110086
110611
110624
110629
110675
110677
111243
111381
111482
111715
111737
111767
111852
111856
111889
111989
112216
112314
112320
112326
112408
113071
113129
113152
113389
113393
113515
113595
113640
113746
114103
114313
114657
114700
114719
114723
114820
114822
114831
114839
114846
114855
114863
115157
115342
115395
115424
115473
115640
115638
115765
115774
115777
115789
115801
115942
115960
115966
115978
116008
116026
116035
116044
116053
116074
116077
116089
116095
116104
116110
116116
116125
116148
116152
116163
116170
116179
116188
116192
116197
116206
116212
116221
116225
116231
116233
116254
116260
116262
116268
116279
116288
116298
116302
116309
116318
116327
116335
116337
116348
116354
116363
116370
116374
116381
116386
116388
116397
116411
116422
116424
116436
116452
116465
116472
116502
116511
116544
116582
116647
116768
117043
117165
117180
117250
117256
117358
117392
117422
117859
117862
117868
117874
117886
117904
117916
115900
117949
117955
117973
117985
117994
118006
118015
118021
118030
118042
118057
118072
118081
118090
118102
118111
118120
118122
116566
118123
118134
116605
118135
118143
116638
118144
118150
118162
118164
118165
118168
118181
118187
118196
118200
118206
118392
118420
118424
118452
118737
118753
118754
118753
118785
118794
118939
119074
119218
119251
119284
119305
119426
117010
119834
119870
120116
120131
120387
120413
120453
120510
120582
120630
120639
120647
120665
120683
120713
120718
120750
120780
120793
120796
120808
120840
120845
120898
120904
120914
120924
120932
120938
121225
121246
121291
121330
121411
121419
121424
121620
118261
121627
121949
122110
122248
122280
122287
122316
122317
122316
122320
122362
122440
122446
122494
122581
122593
122320
122600
122725
122773
122809
122837
122857
122878
122896
122902
122944
122986
123041
123043
123070
123076
123087
123128
122377
123163
123328
123358
123391
123400
123412
123419
123433
123440
123532
123556
123592
123620
123733
123781
123787
123798
123826
123856
123952
123953
123988
123997
123955
124038
124060
124189
124519
124762
124792
124807
124827
124957
125296
125334
125378
125419
125422
125431
125441
125446
125452
125497
125545
125551
125560
125573
125581
125587
125596
125638
125650
125653
125686
125695
125698
125710
125722
125724
125752
125755
125792
125807
125872
126005
126058
126100
126112
126127
126178
126208
126217
126247
126250
126283
126292
126295
126301
126357
126373
126379
126388
126470
126482
126573
126584
126591
126617
126635
126657
126690
126700
126719
126728
126767
126806
126812
126854
126859
126948
126982
127002
127023
127057
127082
127102
127117
127141
127143
127157
127159
127165
127169
127188
127195
127198
127201
127213
127217
127231
127238
127255
127262
127266
127276
127297
127304
127312
127314
127327
127334
127339
127341
127408
127491
127507
127510
127515
127522
127537
127555
127567
127573
127623
127658
127716
127724
127775
127797
127837
127849
127852
127885
127896
127908
127910
127956
127985
127996
128014
128077
128074
128080
128081
128089
128110
128137
128189
128344
128367
128381
128386
128396
128404
128416
128419
128545
128551
128638
128647
128671
128686
128717
128803
128848
128857
128890
128926
128995
129022
129037
129055
129109
129226
129259
129277
129292
129331
129334
129409
129412
129436
129439
129472
129592
129598
129667
129721
129730
129734
129735
129791
129873
129882
129893
129923
129935
129975
129982
130267
130354
130394
131130
131154
131156
131341
131347
131493
131550
131572
131642
131677
131686
131693
131711
131719
131757
131761
131788
131800
131809
131823
131839
131857
131861
131921
131938
131951
131975
132012
132029
132052
132078
132094
132103
132127
132129
132547
132712
132728
132771
132951
132973
133009
133294
133300
133379
133413
133518
133723
133805
133948
134101
134104
134181
134190
134517
134681
134784
134794
134825
134836
134852
134865
134869
134888
134911
135010
135025
135029
135034
135056
135067
135069
135092
135099
135113
135123
135143
135150
135164
135168
135180
135213
135228
135247
135251
135281
135293
135301
135316
135346
135355
135364
135376
135409
135427
135454
135466
135490
135496
135529
135538
135544
135553
135625
135637
135643
135669
135680
135685
135706
135709
135739
135751
135793
135805
135826
135898
135901
135910
136003
136032
136046
136174
136167
136189
136195
136201
136899
136903
136930
137043
134197
137072
137075
137104
137132
137149
137207
137215
137230
137232
137258
137269
137290
137302
137311
137332
137343
137356
137365
137382
137434
137437
137446
137452
137464
137472
137497
137521
137559
137594
137598
137611
137618
137630
137690
137716
137719
137728
137734
137760
137780
137824
137092
137862
137881
137893
137995
138003
138051
138059
138082
138088
138094
138107
138157
138179
138187
138199
138205
138208
138219
138232
138244
138247
138302
138308
138319
138324
138346
138365
138370
138381
138433
138446
138463
138487
138490
138496
138500
138510
138520
138524
138540
138551
138577
138580
138583
138874
139096
139105
139123
139125
139177
139198
139582
139069
139675
139687
139696
139699
139801
139810
139825
139849
139852
139860
139861
139883
136072
139899
139909
139929
139942
139953
139965
139979
140000
140007
140083
140104
140107
140134
140313
140410
140416
140441
140445
140451
140497
140590
140678
140898
140903
140944
140985
141165
141274
141436
141454
144265
145528
145576
145603
145762
146046
146061
146076
146093
146100
146135
146153
146193
146229
146422
146512
146590
146674
146718
146890
147083
147095
147202
147550
147787
147798
147808
147891
147973
147976
147970
147985
147996
148102
148126
148132
148135
148444
148453
148551
148723
148798
149428
149440
149796
149821
149908
149973
149984
149983
149993
149998
150025
150016
150028
150022
150036
150046
150052
150118
150355
150415
150453
150463
150504
150806
150871
150872
150889
150893
150908
150997
151039
151072
151119
151135
151137
151144
151180
151293
151405
151444
151466
151482
151504
151612
151736
151877
152011
152038
152062
152088
152100
152130
152154
152160
152242
152260
152263
152284
152311
152350
152359
152323
152437
152446
152470
152476
152467
152481
152485
152522
152553
152618
152627
152628
152690
152743
152752
152921
152937
152970
153086
153142
153199
153225
153325
153426
153527
153663
153901
153926
154103
154138
154163
154168
154529
154615
154927
155005
155017
155047
155240
155247
155262
155271
155300
155307
155334
155348
155421
155440
155485
155645
155700
155749
155760
155877
155915
155932
155948
155995
156052
156077
156082
156137
156239
156322
156643
156664
156735
156777
156797
156813
156833
156867
156887
156894
156901
156908
156906
156922
156953
156966
157027
157028
157036
157024
157042
157045
157054
157057
157063
157069
157072
157078
157084
157096
157108
157120
157310
157309
157449
157534
157541
157764
157769
157835
157894
157979
158007
158020
158026
158035
158041
158047
158053
158059
158065
158083
158092
158098
158089
158101
158302
158379
158413
158424
158476
158539
158560
158563
158656
158757
158890
158886
159104
159141
159207
159223
159274
159283
159298
159301
159313
159319
159365
159430
159465
159466
159487
159655
159658
159665
159919
159943
160177
160184
160192
160220
160245
160251
160357
160384
160393
160415
160423
160437
160445
160460
160469
160481
160496
160503
160515
160527
160566
160670
160769
160781
160872
160889
160927
161020
161107
161110
161181
161227
161302
161433
161464
161483
161513
161525
161558
161596
161607
161623
161638
161671
161680
161692
161704
161714
161736
161765
161774
161787
161805
161841
161859
161880
161926
161993
162013
162052
162090
162106
162115
162133
162162
162175
162205
162233
162344
162429
162436
162446
162531
162573
162627
162698
162710
162765
162778
162782
162808
162801
162812
162919
162928
162934
162919
162982
163025
163088
163103
163267
163284
163364
163370
163483
163736
163749
163778
163829
163909
163943
164027
164037
164079
164105
164116
164160
164256
164266
164278
164324
164366
164434
164479
164512
164664
164704
164797
164851
164901
164947
165039
165121
165303
165349
165471
165831
165889
165931
166013
166318
166441
166558
166650
166762
166814
166817
166843
166945
166951
166957
166960
166969
166972
167428
167576
167638
167644
167653
167656
167662
167671
167762
167768
167776
167936
167962
168156
168164
168169
168172
168175
168178
168193
168195
168206
168211
168215
168219
168514
168601
168870
168881
169006
169015
169018
169027
169036
169042
169201
169207
169216
169222
169225
169231
169342
169495
169501
169510
169519
169525
169594
169672
169678
169681
169687
169741
169744
169795
169825
169831
169846
169858
169888
169894
169906
169918
169924
169927
169942
169948
169954
169957
169960
169969
169972
169975
170382
170555
170579
170584
170594
170701
170707
170764
170770
170898
170952
170968
171319
171357
171371
171377
171383
171387
171395
171416
171466
171520
171559
172135
172149
172195
172246
172327
172336
172374
172526
172748
172758
172779
173392
173578
173786
173944
173971
173980
173995
174082
174626
174639
174958
174967
174985
175001
175011
175018
175030
175042
175049
175060
175067
175073
175081
175089
175144
175411
175417
175423
175426
175432
175438
175445
175474
175486
175492
175498
175503
175511
175517
175528
175532
175549
175552
175567
175579
175585
175591
175594
175643
175804
175921
175934
175960
176066
176284
176330
176327
176339
176334
176394
176393
176402
176403
176511
176516
176520
176522
176703
176708
176714
176715
177021
177024
177032
177035
177159
177162
177170
177173
177261
177266
177272
177273
177435
177438
177446
177449
177464
177573
177629
177626
177635
177636
177780
177848
177913
177916
177919
177985
177994
178032
178298
178306
178343
178358
178363
178479
178558
178639
178771
178861
178987
179191
179381
179391
179405
179411
179415
179421
179427
179435
179439
179448
179456
179463
179471
179477
179481
179488
179491
179494
179500
179506
179515
179521
179527
179530
179536
179542
179551
179554
179560
179569
179578
179650
179662
179668
179674
179680
179686
179689
179695
179707
179722
179728
179731
179740
179746
179752
179758
179761
179779
179818
179825
179835
179843
179852
179858
179864
179870
179874
179880
179887
179890
179896
179899
179905
179911
179917
179923
179929
179950
179992
179998
180004
180007
180019
180025
180034
180040
180046
180052
180058
180061
180070
180076
180079
180088
180091
180100
180106
180112
180118
180121
181032
181033
181411
185637
186373
186385
186391
186420
186429
186435
186670
186908
186910
186913
187003
187036
187048
187564
187792
187988
188025
188121
188506
188512
188549
188557
188704
188737
188954
189214
189226
189705
189756
190009
190024
190030
190131
189739
190139
189745
190584
190622
190626
190632
190993
191002
191046
191059
191986
192643
192824
192896
193253
193264
193266
193299
193496
193804
193971
194216
194459
194511
194552
194749
194782
194791
194794
194931
195075
195109
195134
195933
196131
196136
196131
196141
196167
196228
196327
196497
196638
196657
196695
196702
196749
196780
198994
199192
199300
199315
199358
199489
199522
199567
199592
200180
200330
200557
200578
200621
200654
200661
200662
200678
200680
200701
200712
200740
200873
200875
200908
200972
201100
201391
204898
204913
205153
205432
206241
206251
206259
206476
206530
206932
206941
207360
207368
207944
207950
208114
208318
208327
208400
208445
206266
206251
208552
208735
208849
208919
209025
209179
209482
209483
209698
209853
210214
210409
210415
210448
210457
210463
210466
210472
210596
210758
210979
211171
211175
211231
211240
211453
211528
211643
211647
211726
211906
212114
212266
212277
212286
212301
212316
212324
212338
212356
212360
212388
212409
212422
212441
212579
212640
212697
212754
212818
212821
212824
212854
212911
212931
212941
212942
212952
212958
212966
212976
212977
212976
213000
213012
213020
213031
213044
213130
213131
213141
213179
213186
213222
213441
213483
213512
213538
213579
213604
213649
213651
213835
213836
213838
213842
214062
214296
214341
214349
214412
214498
214564
214605
214611
214714
214720
214727
214735
214777
214786
215113
215224
215225
215230
215239
215245
215241
215296
215302
215305
215626
215635
215638
215647
215656
215662
215668
215683
215751
214072
215773
215779
215812
215824
215890
215896
215923
215938
215977
215986
216082
216085
216088
216097
216125
216184
216289
216292
216424
216520
216542
217354
217390
217489
217566
217792
217795
217801
217804
217810
217813
218009
218550
218855
218920
218952
219064
219063
219089
219093
219149
219367
219415
219418
219424
219433
219439
219445
219648
219700
219699
219825
219869
220189
220240
220273
220299
220300
219415
220306
220311
220306
220312
220306
220321
220337
220347
220361
220364
220392
220412
220453
220456
220477
220480
220501
220510
220513
220522
220528
220534
220540
220546
220552
220558
220564
220570
220576
220579
220588
220594
220618
220624
220630
220636
220642
220648
220651
220660
220678
220684
220690
220696
220702
220708
220714
220720
220723
220732
220738
220744
220750
220756
220759
220765
221033
221065
221071
221086
221089
221101
221110
221119
221128
221137
221146
221155
221164
221179
221188
221191
221200
221212
221218
221230
221236
221248
221254
221266
221272
221422
221539
221542
222515
222601
222595
222604
222605
222619
222610
222640
222652
222643
222667
222661
222679
222673
222703
222832
222900
222901
222942
222967
223286
223308
223326
223415
223410
223568
223645
223699
223730
224339
224356
224407
224471
224488
224823
224959
225252
225283
225919
226105
226109
226120
226099
226126
226127
226132
226114
226162
226207
226183
226265
226294
226340
226341
226583
226812
227257
228545
228957
229164
229452
229654
229741
229864
229867
230204
230208
230214
230286
230294
230293
230304
230326
230344
230354
230353
230396
230397
230479
230539
230554
230592
230972
230990
231047
231385
231399
231448
231486
231497
231522
231571
231574
231579
231934
232240
232441
232894
232903
233295
233394
233677
233683
233892
233926
234215
234670
234775
234784
234807
235095
234400
235113
234406
235566
235709
236242
236246
236495
236504
236557
236656
236777
236780
236793
236801
236811
236953
236952
237125
237205
237382
237399
237430
237477
237488
237666
237690
237711
237732
238004
238018
238033
238061
238133
238278
238333
238351
238366
238373
238511
238558
238591
238604
238824
238850
238857
238890
239273
239288
240355
240473
240568
240715
240848
240931
241000
241038
241201
241209
241631
241639
241647
241657
241669
241678
241681
241683
241694
241816
242481
242516
242558
242702
242709
242721
242735
242930
243027
243204
243212
243221
243226
243233
243238
243245
243429
243444
243454
243463
243470
243608
243612
243628
243730
243791
243802
243804
243817
243828
243841
243850
243886
243926
243938
244020
244122
244133
244624
244999
245017
245293
245318
245622
245777
245915
245972
246107
246115
246352
246361
246373
246379
246384
246406
246409
246415
246446
246574
246583
246586
246595
246601
246604
246654
246707
246736
246772
246781
246784
246790
246813
247180
247258
247352
247370
247369
247663
247722
247765
248223
248317
248399
248452
248522
248602
248748
248759
248852
248853
248852
248861
248940
248986
249064
249320
249352
249412
249802
250021
250219
250250
250412
250518
250730
250791
250826
251005
251041
251052
251061
251080
251089
251115
251130
251134
251274
251662
251760
251804
251818
251900
252031
252352
252412
252818
252886
253007
253028
253185
253288
253411
253425
253514
253949
252550
253985
254036
254245
254300
254469
254543
254569
254668
254667
254874
255070
255074
255270
255354
255628
255865
255872
256205
256236
256320
256477
256525
256528
256814
256816
256814
256819
257052
257145
257599
257608
257639
257664
258106
258114
258249
258499
258592
258595
258846
258916
259161
259351
259569
259908
259924
260636
260844
260904
260905
260942
261075
261168
261402
261562
261615
261653
261678
261837
261893
261924
262061
262087
262191
262197
262360
262374
262481
262561
262557
262584
262641
262736
262880
262978
263102
263129
263211
263322
263379
263779
263858
263949
264081
264145
264214
264256
264350
264366
264381
264401
264536
264742
264880
264953
264992
265157
265225
265291
265297
265848
265979
265983
266331
266338
266340
266349
266377
266529
266882
266930
267055
267073
267207
267217
267435
267464
267524
267585
267656
267680
268461
268468
268598
268607
268751
268756
268790
268794
268853
268870
268868
269113
269139
269214
269286
269374
269390
269589
270031
270221
270334
270556
271037
271309
271348
271459
271623
271861
271872
271958
272044
272113
272244
272776
272775
272848
272884
273102
273173
273181
273379
273420
273477
273687
272857
273786
273856
273864
274006
274011
274140
274009
274313
275334
275781
275805
275823
275846
275860
275865
276000
276013
276031
276051
276229
276250
276268
276278
276417
276430
276434
276470
276603
276623
276633
276671
276874
276881
276922
276939
277113
277127
277147
277236
277283
277399
277424
277511
277578
276892
277862
277999
278140
278143
278141
278362
278413
278439
278494
278575
278586
279011
279290
279403
279412
279613
279635
279669
279745
279752
279765
279786
279957
279981
280060
280136
280146
280154
280164
280170
280176
280272
280331
280345
280357
280360
280366
280371
280381
280384
280396
280402
280423
280622
280645
280904
281038
281095
281130
281451
281569
281858
281976
282132
282250
282293
282324
282369
282547
282635
282676
282685
282697
282700
282713
282730
282736
282739
282904
282910
282916
282922
282928
282934
282979
283030
283075
283081
283087
283090
283779
284107
284243
284409
284474
284480
284514
284529
284560
284888
284915
285096
285151
285298
285433
285448
285692
285704
286155
286174
286221
286357
287236
287374
287445
287607
287624
287738
287771
287828
287882
287923
288026
288036
288056
288061
288078
288178
288429
288441
288486
288575
288831
288906
288912
288929
288977
289151
289181
289226
289223
289337
289336
289396
289578
289601
289655
289795
289896
290016
290044
290084
290611
290666
290670
290899
291062
291138
291351
291504
292054
292194
292523
292710
292762
292845
292867
292972
293488
293502
293601
293677
293793
293914
293934
294104
294152
294166
294258
294349
294348
294495
294582
294765
294840
294932
295132
295144
295170
295923
295949
296094
296268
296313
296472
296507
296761
296971
297188
297244
297265
297369
297400
297785
297884
297944
297949
297953
298044
298202
298247
298874
299192
299324
299340
299367
299398
299407
299477
299512
299521
299533
299536
299539
299542
299579
299586
299598
299604
299615
299633
299662
299668
299674
299672
299680
299689
299714
299747
299825
299891
299900
300113
299536
300186
300451
300655
300664
300706
300761
300870
301105
301337
301341
301385
301502
301814
301816
301818
301822
301929
301937
302127
302138
302449
302824
302949
303044
303078
303134
303274
303270
304147
304203
304466
304550
304698
305016
305734
305754
305821
305858
305857
306583
306802
306810
306814
306816
307038
307059
307532
307703
307741
307786
307998
308070
308094
308149
308180
308224
308226
308260
308387
308455
308484
308519
308614
309247
309257
309381
309395
309402
309663
309793
310243
310393
310476
310554
310597
310629
310688
310714
311005
311054
311318
311452
312084
312167
312220
312241
312265
312538
312595
312703
312767
312812
312909
312974
313224
313329
314011
314133
314251
314546
314553
315156
315228
315410
315506
315510
315541
315544
315944
316053
316201
316295
316304
316319
316333
316406
316433
316463
316541
316745
316851
316932
316968
317137
317245
317273
317361
317540
317555
317595
317618
317631
317820
317850
317873
318042
318050
318049
318099
318134
318168
318810
318944
319109
319119
319610
320073
320075
320450
320491
320926
321011
321017
321022
321081
321089
321104
321106
321302
321306
321855
321989
321998
322049
322317
322313
322341
322369
322384
322390
322674
322692
322706
322782
322825
322865
322873
322892
323066
323317
323382
323683
324298
324523
324905
325000
325089
325169
325277
325313
325383
325566
325568
325586
325774
325927
326021
326041
326050
326063
326100
326384
326482
326486
326531
326741
326802
326872
326888
326967
327060
327156
327190
327206
327213
327232
327238
327296
327361
327372
327630
327691
327700
327967
327974
328017
328044
328103
328162
328170
328231
328511
328522
328529
328588
328915
329013
329027
329110
325861
329155
329236
329275
329353
329381
329401
329463
329473
329599
329656
330017
330046
330094
330235
330452
330793
330857
330887
330894
331141
331146
331485
331743
331838
331937
332495
332583
332614
332649
332684
332725
333319
333433
333463
333489
333580
333592
333649
333675
333862
334252
335442
335608
335719
335738
335740
335751
335752
335793
335977
336016
336153
336267
336435
336587
336811
336877
336901
336913
336957
336971
337052
337376
337389
337401
337409
337419
337430
337447
337831
338240
338948
339117
339230
339897
339901
339971
340004
340207
340423
340507
340564
340608
340625
340638
340723
341138
341157
341350
341407
341707
341759
341794
342068
342087
343581
344146
344203
344397
344451
344644
344763
344894
345216
345356
345931
346040
346076
346141
346210
346323
346366
346415
346870
346891
346967
347236
347269
347379
347522
348441
348686
348823
349570
349983
350331
350620
350672
350673
350971
351351
351402
351438
351664
351673
351676
351685
351786
351833
352040
352047
352087
352093
352105
352114
352118
352512
352650
353387
353391
353403
353409
353844
354597
354676
354683
355143
355368
355488
355689
355690
355697
355696
355755
355756
355842
355839
355878
355882
356160
356164
356250
356253
356349
356350
356364
356445
356449
356451
356452
356457
356461
356465
356467
356498
356902
357081
357152
357504
357735
357831
358028
358184
358194
358230
358341
358540
358649
358655
358661
358667
358671
358677
358715
358891
359378
359417
359862
360160
360178
360235
360250
360271
360292
360316
360323
360341
360345
360353
360361
360369
360375
360383
360387
360399
360407
360413
360425
360431
360437
360443
360447
360456
360467
360475
360492
360499
360517
360603
363429
364353
364442
364464
364479
364487
364503
366759
366796
366799
366826
366839
367632
367804
367997
368124
368254
368436
368458
369496
368587
369757
368164
369793
369843
369886
369895
369916
369919
369481
369934
370594
378670
378736
378775
378844
378910
378982
379048
379117
379186
379234
379282
379345
379402
379462
379519
379585
379657
379708
379759
379804
379813
379855
379861
380540
380558
382489
382552
382684
382804
382999
383050
383059
383095
383104
383158
383218
383227
383266
383329
383347
383389
383401
383437
383455
383464
383476
383521
383536
383548
383566
383590
383608
383620
383623
383644
383659
