5
4
35
37
43
50
74
77
81
90
112
141
176
178
227
225
257
258
282
310
313
338
347
358
368
225
374
386
391
396
434
440
439
442
453
460
473
500
499
504
508
510
522
554
578
582
594
609
616
619
629
640
646
650
652
697
708
722
731
740
751
781
782
781
796
805
823
835
839
862
865
866
862
889
891
895
937
944
962
968
991
1036
1052
1058
1063
1076
1082
1083
1086
1111
1189
1210
1231
1256
1267
1284
1256
1291
1303
1316
1347
1366
1392
1404
1414
1417
1441
1461
1470
1497
1522
1543
1542
1559
1562
1618
1628
1637
1658
1672
1603
1679
1697
1703
1705
1742
1766
1799
1808
1859
1862
1943
1944
1950
1988
1990
2037
2039
2040
2044
2079
2105
2110
2127
2131
2134
2143
2145
2168
2177
2193
2200
2227
2244
2266
2273
2281
2283
2319
2330
2397
2401
2417
2419
2424
2427
2451
2427
2472
2485
2513
2515
2518
2524
2525
2541
2597
2598
2518
2606
2636
2641
2646
2657
2656
2658
2662
2706
2713
2714
2726
2735
2734
2742
2768
2792
2795
2807
2815
2824
2845
2846
2845
2854
2870
2917
2925
2928
2932
2944
2954
2959
2965
2969
3001
3008
3013
3020
3031
3033
3082
3084
3086
3101
3105
3123
3124
3126
3161
3160
3162
3187
3190
3192
3200
3241
3246
3254
3255
3259
3269
3272
3285
3296
3364
3404
3406
3430
3458
3478
3490
3495
3541
3552
3589
3591
3612
3632
3652
3686
3703
3708
3707
3714
3717
3727
3759
3764
3774
3778
3782
3786
3796
3833
3831
3838
3871
3872
3927
3944
3946
3959
3957
3967
3994
4010
4017
4041
4052
4056
4059
4066
4069
4079
4091
4108
4109
4117
4135
4138
4154
4179
4187
4188
4202
4214
4243
4251
4271
4285
4287
4291
4304
4306
4315
4328
4342
4355
4363
4367
4369
4407
4423
4433
4449
4464
4463
4465
4475
4480
4483
4498
4504
4506
4511
4513
4530
4533
4537
4541
4547
4560
4563
4567
4597
4639
4671
4672
4675
4682
4693
4717
4756
4765
4774
4775
4785
4828
4870
4873
4882
4885
4896
4906
4910
4920
4941
4946
4966
4970
5019
5026
5035
5045
5046
5065
5072
5074
5077
5090
5115
3030
5123
5106
5125
5139
5145
5173
5199
5214
5236
5245
5261
5270
5279
5294
5308
5327
5326
5346
5359
5364
5377
5399
5431
5438
5443
5445
5443
5463
5467
5482
5499
5502
5512
5525
5531
5539
5545
5555
5558
5560
5570
5572
5590
5595
5603
5605
5611
5618
5662
5669
5692
5701
5709
5735
5750
5759
5772
5780
5800
5810
5812
5825
5839
5851
5853
5765
5868
5869
5878
5910
5917
5922
5959
5965
5967
5969
5980
6028
6042
5965
6055
6092
6112
6116
6121
6151
6153
5883
6152
6158
6157
6164
6215
6233
6235
6244
6255
6263
6298
6304
6309
6311
6309
6317
6324
6327
6338
6358
6364
6385
6389
6415
6418
6440
6444
6447
6467
6482
6490
6494
6496
6505
6515
6521
6535
6542
6482
6194
6556
6559
6564
6571
6607
6621
6633
6637
6649
6661
6673
6700
6702
6712
6718
6726
6771
6778
6780
6785
6786
6790
6793
6810
6841
6875
6884
6904
6940
7005
7023
7025
7023
7043
7047
7069
7077
7088
7115
7129
6673
7149
7162
7201
7203
7207
7212
7237
7243
7283
7295
7307
7385
7383
7393
7448
7463
7469
7476
7478
7481
7484
7492
7496
7512
7525
7528
7549
7585
7606
7613
7614
7616
7621
7622
7621
7638
7640
7679
7686
7717
7720
7721
7720
7731
7736
7751
7752
7760
7775
7798
7812
7815
7834
7862
7903
7908
7918
7961
7972
7976
7978
7993
8000
8006
8031
8065
3417
8102
8109
8117
8133
8167
8177
8188
8195
8209
8212
8216
8236
8254
8308
8318
8348
8364
8411
8436
8451
8495
8516
8530
8544
8555
8563
8592
8615
8618
8629
8644
8659
8679
8686
8697
8703
8722
8730
8734
8752
8758
8779
8789
8794
8844
8846
8858
8784
8893
8918
8928
8938
8944
8960
8963
8962
8982
8893
9015
9028
9030
9052
9059
9076
9093
9103
9105
9110
9117
9128
9129
9144
9158
9179
9184
9197
9215
9233
9234
9238
9253
9311
9316
9331
9357
9385
9388
9409
9418
9424
9441
9444
9476
9482
9484
9502
9507
9534
9566
9609
9649
9668
9681
9704
9708
9718
9722
9733
9736
9739
9745
9749
9768
9783
9668
9791
9814
9848
9898
9932
9965
9963
9968
9969
9989
10046
10054
10057
10068
10082
10086
10097
10118
10123
10154
10152
10157
10189
10193
10205
10207
10222
10221
10231
10237
10256
10270
10288
10300
10310
10352
10349
10364
10399
10438
10452
10474
10493
10529
10573
10623
10625
10638
10648
10663
10684
10696
10724
10733
10744
10766
10776
10788
10805
10837
10840
10841
10840
10861
10873
10886
10928
10940
10942
10949
10956
10960
10963
10978
10988
11010
11012
11017
11043
11051
11056
11057
11064
11074
11077
11094
11125
11133
11145
11152
11175
11176
11175
11179
11195
11221
11234
11152
11242
11246
11252
11257
11308
11309
11342
11381
11398
11424
11446
11485
11484
11492
11500
11516
11538
11569
11605
11606
11640
11662
11697
11728
11744
11760
11766
11773
11804
11820
11843
11861
11888
11934
11942
11952
11957
11972
11976
11982
12030
12031
12037
12071
12133
12154
12158
12177
12223
12227
12232
12245
12282
12287
12298
12305
12320
12356
12400
12404
12416
12419
4046
12425
12426
12464
12472
12488
12441
12489
12535
12538
12540
12548
12560
12594
12633
12659
12683
12697
12705
12715
12718
12729
12758
12779
12791
12809
12820
12825
12828
12825
12832
12844
12886
12890
12702
12894
12932
12941
12949
12977
12985
13018
13043
13045
13048
13070
13078
13077
13094
13100
13106
13112
13123
13125
13139
13157
13186
13187
13235
13248
13272
13281
13307
13321
13324
13352
13358
13378
13388
13408
13414
13421
13436
13442
13444
13455
13464
13471
13475
13485
13504
13510
13537
13538
13552
13569
13584
13601
13599
13651
13685
13690
13708
13791
13795
13816
13831
13833
13837
13874
13895
13899
13902
13925
13929
13949
13956
14002
14017
14020
14029
14059
14069
14073
14074
14079
14092
14140
14144
14149
14153
14187
14186
14207
14212
14234
14248
14254
14266
14270
14330
14349
14368
14380
14388
14413
14268
14429
14437
14459
14529
14548
14555
14594
14602
14611
14504
14628
14641
14694
14699
14711
14777
14789
14797
14807
14818
14822
14840
14849
14851
14853
14868
14871
14885
14868
14938
14956
14960
14969
14975
14979
14987
14998
15002
15009
15038
15046
15048
15049
15061
15065
15066
4214
15080
15089
15093
15101
15109
15122
15130
15140
15153
15173
15211
15227
15228
15251
15273
15300
15314
15331
15336
15343
15347
15361
15379
15388
15396
15461
15469
15483
15500
15512
15520
15569
15591
15598
15599
15606
15611
15614
15611
15619
15640
15648
15657
15679
15681
15692
15746
15754
15770
15785
15799
15818
15823
15866
15992
15994
15907
16000
16003
16039
16042
16048
16052
16066
16081
16091
16093
16099
16109
16112
16133
16144
16178
16194
16195
16194
16224
16242
16264
16267
16297
16337
16340
16339
16393
16413
16422
16429
16462
16486
16502
16424
16422
16501
16510
16547
16574
16588
16645
16690
16699
16718
16730
16741
16764
16781
16798
16806
16808
16838
16851
16869
16877
16820
16889
16891
16902
16934
16969
16973
16975
16980
16997
16982
17001
17012
17025
17069
17080
17116
17130
17143
17150
17161
17171
17170
17174
17189
17191
17197
17222
17226
17265
17308
17311
17335
17338
17337
17353
17360
17362
17371
17381
17130
17391
17408
17411
17425
17426
17428
17434
17437
17449
17462
17476
17491
17496
17585
17605
17613
17617
17645
17649
17664
17669
17673
17714
17744
17745
17748
17753
17774
17780
17789
17812
17897
17899
17935
17938
17937
17948
17980
17986
18002
18016
18026
18040
18058
18070
18073
18100
18107
18128
18130
18129
18137
18138
18181
18220
18235
18251
18263
18300
18305
18316
18329
18334
18349
18350
18355
18375
18386
18400
18409
18418
18417
18433
18453
18475
18519
18526
18530
18529
18538
18549
18554
18549
18557
18560
18580
18587
18595
18604
18612
18640
18664
18695
18739
18748
18755
18767
18775
18788
18802
18844
18856
18899
18908
18934
18937
18980
18988
19025
19051
19066
19073
18931
19107
19135
19152
19169
19183
19190
19226
19262
19279
19285
19286
19291
19295
19205
19342
19354
19360
19367
19389
19399
19397
19306
19404
19405
19448
19445
19480
19507
19519
19522
19525
19581
19658
19675
19685
19694
19690
19701
19719
19734
19744
19759
19762
19789
19805
19846
19851
19854
19860
19865
19867
19875
19925
19942
19983
19987
19989
20006
20030
20029
20032
20037
20084
20083
20086
20106
20165
20170
20175
20205
20211
20223
20238
20253
20286
20290
20294
20326
20333
20370
20374
20383
20390
20419
20422
20434
20444
20464
20479
20493
20511
20516
20518
20531
20551
20567
20569
20576
20592
20479
20599
20600
20605
20612
20620
20633
20674
20682
6985
20684
20696
20701
20704
20711
20739
20748
20749
20758
20754
20773
20798
20674
20802
20808
20809
20815
20829
20832
20845
20870
20873
20898
20907
20910
20913
20947
20955
20966
20973
20979
20995
21013
21014
21018
21038
21083
21086
21087
21103
21110
21130
21149
21173
21177
21037
21223
21247
21268
21290
21291
21315
21320
21337
21432
21433
21434
21494
21508
21510
21535
21542
21548
21570
21602
21627
21650
21655
21665
21681
21692
21752
21767
21778
21790
21796
21808
21820
21837
21852
21881
21908
21964
21981
22004
22015
22033
22063
22102
22105
22124
22135
22157
22212
22240
21908
22244
22264
22284
22287
22300
22303
22306
22345
22349
22353
22391
22421
22454
22467
22483
22495
22504
1052
22511
22522
22528
22534
22586
22594
22618
22630
22629
22709
22724
22738
22745
22308
22756
22813
22826
22832
22847
22855
22864
22867
22895
22894
22913
22926
22931
22960
22970
22972
23029
23057
23090
23111
23114
23128
23148
23158
23161
23186
23219
23249
23279
23300
23301
23305
23336
23338
23354
23409
23413
23418
23439
23446
23450
23512
23518
23525
23530
23546
23580
23586
23593
23596
23642
23593
23657
23720
23718
23725
23728
23736
23748
23782
23786
23787
23807
23810
23821
23824
23825
23824
23842
23845
23725
23882
23932
23953
23957
23984
23990
24000
24030
24037
24048
24079
24116
24117
24131
24168
24172
24212
24220
24222
24241
24284
24333
24356
9839
24412
24443
24470
24493
24532
24543
24574
24579
24580
24608
24628
24633
24638
24653
24695
24736
24738
24762
24801
24866
24864
24880
24902
24975
24992
24999
24941
25025
25043
25078
25121
25165
25186
25189
25198
25199
25207
25216
25218
25250
25265
25287
25292
25346
25392
25470
25489
25522
25579
25581
25615
25450
25705
25706
25705
25715
25720
25754
25801
25825
25856
25862
25867
25870
25902
25915
25923
25948
25944
25967
25991
25995
26012
26046
26049
26057
26071
26084
26133
26136
26161
26163
26165
26173
26175
26184
26227
26232
26250
26253
26163
26165
26269
26286
26314
26317
26319
26355
26402
26454
26514
26564
26614
26628
26633
26649
26653
26654
26653
26672
26702
26716
26718
26732
26657
26747
26749
14501
26761
26824
26828
26831
26842
26848
26867
26878
26887
26892
26893
26911
26929
26952
26953
26960
26978
26986
27015
27055
27072
27093
27169
27179
27181
27213
27216
27242
27245
26986
27246
27260
27271
27278
27319
27367
27382
27425
27438
27449
27451
27469
12070
27472
27479
27482
27486
27497
27495
27519
27533
27547
27565
27585
23648
27609
27646
27691
27692
27733
27739
27757
27772
27773
27786
27796
27812
27814
27836
27863
27896
27911
27962
27989
28001
28018
27961
28020
28025
28046
28076
28096
28100
28135
28156
28202
28232
28256
28288
5830
28318
28338
28344
28363
28366
28382
28386
28402
28419
28427
28438
28443
28513
28556
28554
28565
28578
28537
28579
28588
28605
28662
28663
28662
28702
28708
28787
28811
28838
28850
28861
28875
28896
28902
28907
28918
28919
28942
28945
28954
28960
28962
29005
29013
29029
29036
29078
29129
29149
29151
29187
29275
29302
29303
29302
29309
29347
29349
29361
29362
29361
29371
29369
29388
29412
29423
29455
29459
29466
29473
29482
29496
29542
29574
29577
29603
29730
29741
29784
29810
29848
29857
29863
29864
29887
29889
29897
29921
29936
29955
14804
29967
29969
29967
29983
29994
30028
30030
30067
30068
30069
30093
30097
30111
30136
30139
30143
30142
30154
30170
30182
30191
30212
30244
30248
30246
30256
30278
30280
30283
30292
30322
30324
30347
30362
30366
30399
30418
30475
30487
30584
30605
30603
30649
30664
30668
30730
30732
30741
30749
30772
30775
30784
30821
30824
30828
30837
30844
30847
30893
30911
30931
30935
30942
30949
30988
30990
30996
31017
31025
31064
31098
31102
31117
31140
31144
31140
31195
31216
31218
31263
31285
31288
31319
31321
31349
31376
31406
31425
31433
31455
31476
31483
31485
31527
31540
31558
31560
31587
31607
31629
31641
31651
31657
31673
31681
31686
31709
31710
31726
31735
31741
31749
31762
31790
31795
31762
31804
31812
31816
31826
31829
31834
31837
31859
31888
31895
31896
31898
31896
31916
31915
31946
31945
31984
31990
31998
32035
32069
32074
32079
32088
32091
32133
32157
32162
32168
32176
32191
32213
24412
32214
32219
32229
32232
32237
32264
32284
32288
32296
32297
32323
32326
32332
32333
32332
32341
32346
32374
32386
32398
32397
32405
32408
32413
32424
32457
32470
32469
32476
32490
32511
32548
32558
32565
32568
32578
32595
32607
32614
32656
32658
32662
32668
32672
32674
32682
32696
32707
32721
32729
32737
32742
32760
32771
32773
32782
32798
32806
32810
32827
32831
32833
32834
32833
32858
32869
32870
32880
32907
32912
32918
32921
32930
32933
32943
32948
32949
32950
32953
32956
32955
32965
32966
32977
32979
32988
33010
33034
33063
33067
33092
33103
33118
33138
33164
33177
33180
33187
33195
33239
33248
33265
33281
33311
33323
33328
33350
33355
33417
33426
33438
33440
33438
33450
33455
33459
33463
33469
33475
33490
33491
33490
33512
33562
33574
33585
33596
33601
33602
33608
33613
33625
33662
33671
33685
33709
33714
33754
33764
33770
33776
33754
33811
33824
33887
33907
33914
33915
33918
33929
33941
33965
33975
33997
34004
34009
34012
34028
34034
34055
34073
34113
34120
34123
34143
34147
34153
34160
34190
34207
34213
34216
34247
34267
34276
34289
34292
34306
34336
34276
34357
34384
34386
34341
34403
34443
34481
34485
34486
34490
34493
34545
34578
34586
34590
34610
34619
34625
34641
34646
34647
34672
34700
34712
34715
34730
34745
34757
34766
34768
34779
34789
34834
34857
34878
34885
34789
34906
34934
34940
34979
34980
35028
35043
35065
35067
35205
35262
35309
35318
35351
35378
35341
35379
35450
35463
35494
35501
35504
35510
35511
35518
35521
35527
35531
35578
35602
35617
35626
35632
35647
35654
35661
35680
35691
35714
35725
35729
33185
35727
35743
35747
35776
35790
35800
35824
35860
35863
32988
35870
35875
35911
35913
35917
35925
35939
35950
35957
35962
35973
36004
36006
36017
36024
36048
36052
36101
36103
36114
36132
36140
36170
36183
36191
36205
36212
36218
36238
36243
36274
36286
36295
36302
36312
36317
36365
36366
36395
36401
36427
36428
36427
36443
36451
36452
36477
36494
36540
36548
36560
36561
36569
36602
36622
36631
36636
36643
36662
36665
36669
36673
36723
36739
36744
36748
36805
36809
36820
36823
36826
36851
36874
36892
36922
36943
36972
36995
36999
37012
37035
37058
37062
37079
37083
37103
37120
33133
37139
37151
37163
37173
37182
37187
37193
37235
37237
37268
37272
37276
37290
37292
37295
37328
37336
37348
37375
37377
37390
37391
37396
37405
37409
37414
37443
37448
37449
37463
37511
37528
37526
37531
37537
37558
37564
37574
37581
37585
37589
37605
37635
37662
37723
37745
37760
37804
37839
37869
37910
37911
37913
37918
37943
37953
37996
38021
38026
38041
15774
38049
38059
38090
38105
38110
38118
38121
38131
38137
38145
38172
38174
38175
38185
38189
38225
38230
38239
38182
38243
38244
38258
38268
38272
38290
38295
38298
38353
38358
38365
38372
38390
38397
38410
38417
38424
38427
38432
38435
38365
38452
38324
38480
38484
38501
38504
38521
38537
38550
38579
38584
4317
38587
38596
38621
38622
38629
38641
38649
38653
38657
38662
38670
38687
38704
38711
38720
38730
38735
38737
38738
38752
38754
38757
38766
38771
38783
38795
38815
38824
38808
38860
38824
38808
38880
38883
38904
38907
38917
38916
38923
38928
38929
38928
38956
38958
39012
39019
39027
38953
39043
39046
39047
39057
39066
39100
39095
39093
39110
39116
39131
39199
39220
39238
39237
39266
39270
39293
39294
39306
39316
39350
39356
39359
39356
39231
39364
39365
39364
39382
39407
39438
39444
39468
39476
39479
39515
39525
39530
39532
39468
39534
39539
39545
39555
39557
39589
39603
39606
39617
39622
39625
39651
39655
39672
39682
39687
39712
39715
39720
39727
39733
39736
39735
39740
39742
39754
39753
39764
39765
39777
39794
39795
39815
39847
39848
39862
39884
39903
39917
39934
39943
39953
39955
39977
39985
39989
40045
40044
40078
40098
40126
40144
40156
40162
40166
40185
40191
40213
40243
40263
40267
40078
40294
40301
40310
40331
40373
40380
40381
39563
40385
40412
40418
40424
40439
40460
40484
40490
40528
40532
32074
40577
40589
40610
40616
40619
40637
40647
40663
40691
40692
40589
40699
40717
40738
40741
40742
40809
40817
40821
40835
40836
40846
40869
40882
40892
40900
40927
40953
40955
40953
40966
40991
40992
40991
41001
41012
41036
40945
41039
41049
41076
41094
41107
41122
41138
41173
41177
41212
41224
41230
41246
41261
41268
41324
41328
41344
41351
41357
41375
41392
41396
41398
41409
41438
41483
41484
41502
41504
41502
41515
41523
41581
41582
41587
41599
41615
41617
41623
41636
41637
41642
41645
41710
41718
41728
41736
41764
41779
41782
41792
41813
41822
41830
41851
41855
41857
41878
41893
41899
41935
41944
41949
41966
41986
41993
42021
42035
42043
42048
42052
42070
42124
42142
42146
42145
42178
42195
42247
42250
42254
42266
42296
42316
42327
42340
42346
42356
42381
42400
42424
42447
42458
42457
42472
42518
42546
42599
42610
42616
42628
42635
42641
42649
42665
42671
42679
42710
42744
42764
42763
42765
42787
42799
42823
42829
42851
42864
42872
42875
42877
42878
42952
42959
42969
43000
43028
43040
43044
43051
43059
43063
43067
43085
43091
43101
43102
43108
43114
43172
43205
43228
43232
43238
43241
43238
43250
43258
43259
43262
43260
43269
43278
43281
43284
43304
43309
43311
43320
43327
43348
43371
43375
43384
43391
43392
43402
43415
43413
43421
43423
43436
43445
43457
43468
43513
43528
43538
43539
43556
43574
43582
43585
43635
43649
43658
43663
43678
43683
43686
43693
43698
43705
43722
43726
43745
43770
43778
43689
43810
43814
43816
43837
43844
43872
43876
43881
43888
43907
43960
43969
44024
44033
44043
44055
44072
44075
44072
44085
44113
44134
44163
44180
44179
44185
1747
44193
44203
44217
44236
44240
44249
44261
44279
44301
44328
44333
44343
44344
44343
44358
44365
44358
44379
44386
44395
44400
44406
44434
44444
44445
44451
44478
44480
44478
44495
44497
44530
44567
44573
44596
44599
44601
44602
44621
44635
44639
44647
44653
44666
44682
44693
44530
44710
44714
44728
44732
44760
44794
44798
44806
44814
44838
44843
44854
44855
44875
44876
44882
44887
44891
44915
44926
44939
44957
44963
44971
44994
45002
45000
45082
45122
45123
45143
45164
45171
45196
45241
45244
45251
45249
45257
45277
45276
45285
45312
45340
45352
45369
45371
45369
45373
45385
45413
45472
45474
45508
45520
45538
45540
45575
45574
45607
45619
45638
45646
34649
45662
45668
45670
45679
45683
45756
45778
45795
45821
45638
45832
45834
32730
45835
45852
45859
45863
45884
45921
45974
45986
45997
46017
46033
46035
46043
46049
46061
46076
46085
46091
46119
46179
46220
46219
46235
46241
46247
46286
46293
46311
46328
46345
46355
46363
46364
46368
46370
46379
46383
46387
46396
46400
46402
46429
46479
46484
46494
46497
46523
46527
46544
46541
46561
46571
46572
46586
46591
46603
46624
46625
46643
46647
46656
46673
46672
46721
46738
46744
46764
46801
46838
46845
46858
46857
46871
46877
46880
46897
46910
46913
46950
46954
46993
46996
47003
47008
47017
47069
47094
47099
47104
47107
47119
47127
47142
47165
47201
47229
47263
47293
47292
47295
47301
47304
47316
47337
47338
47374
47377
47400
47408
47411
47338
47444
47461
47466
47483
47518
47564
47578
47584
47595
47614
47630
47634
47651
47676
47697
47708
47720
26159
47732
47755
47773
47789
47802
47807
47811
47819
47827
47830
47842
47879
47903
47939
47949
47969
47972
47983
47995
48016
48054
48055
48059
48081
48103
48104
48103
48117
48121
48146
48155
48159
40759
48166
48208
48253
48254
48266
48277
48315
48337
48345
48360
48368
48386
48398
48409
48458
33027
48472
48478
48483
48488
48502
48504
48517
48556
48560
48589
48595
48601
48637
48659
48671
48683
48684
48701
32341
48707
48710
48733
48774
48815
48839
48857
48859
48861
48866
48879
48887
48889
48900
48902
48900
48910
48912
48942
48949
48996
49004
49055
49058
49055
49061
49088
49099
49118
49061
49127
49132
49141
49189
49207
49215
49224
49247
49268
49297
49315
49325
49334
49336
49352
49366
49414
49438
49440
49445
49471
49486
49502
49513
49523
49538
49546
49558
49571
49595
49600
49623
49639
49649
49658
49682
49694
49695
49700
49716
49739
49744
49748
49756
49757
49756
49761
49764
49778
49781
49786
49872
49896
49901
24880
49912
49915
49923
49930
49932
49953
49976
49991
50004
50010
50035
50038
50043
50048
50067
50072
50081
50095
50123
50138
50145
50163
50180
50216
50223
50245
50251
50258
50290
50295
50296
50295
50305
50318
50332
50353
50356
50361
50367
50412
50429
50440
50540
50542
50598
50617
50625
50633
50645
50650
50660
50512
50687
50690
50692
50697
50718
50753
50761
50765
50818
50832
50834
50832
50861
50868
50881
50894
50897
50941
50962
50970
50977
50982
51005
51009
51040
51065
51067
51073
51076
51097
51065
51132
51139
51149
51148
51173
51203
51210
51228
51274
51292
51326
51357
51370
51371
51370
51373
51383
51410
51412
51416
51463
51465
51471
51477
51500
51514
51521
51526
51535
51538
51549
51554
51564
51571
51579
51589
51595
51609
51628
51684
51695
51720
51725
51755
51785
51787
51789
51795
51808
51809
51823
39155
51826
51831
51838
51844
51872
51893
51894
51898
51914
51953
51976
51978
51989
51992
51995
51996
52004
52006
52018
52022
52030
52071
52097
52114
52116
52118
52136
52137
52141
52153
52177
52181
52184
52199
52217
52229
52230
52265
52280
52282
52295
52297
52318
52324
52372
52376
52386
52390
52412
52436
52439
52447
52463
52465
52472
52470
52475
52505
52508
52509
52531
52535
52534
52538
52553
52576
52588
52591
52599
52617
52653
52678
52685
52697
52699
52720
52732
52735
52736
52743
52749
52760
52767
52788
52796
52797
52798
52802
52815
52831
52841
52855
52859
52870
52885
52895
52942
52950
52953
52957
52978
52982
52986
52988
52991
53009
53020
53022
53025
53031
53035
53044
53069
53075
53082
21087
53124
53143
53172
53175
53177
53175
53180
53209
53212
53218
53224
52942
53238
53248
53252
53291
53293
53325
53359
53370
53377
53384
53388
53396
53399
53404
53424
53470
53477
53495
53501
53509
53524
53562
53578
53598
53614
53617
53621
53669
53713
53734
53743
53756
53759
53772
53790
53805
53821
53842
53850
53862
53879
53883
53892
53897
53902
53904
53925
53929
53947
53996
53997
54005
54012
54025
54058
54063
54076
54078
54098
54110
54113
54124
54143
54158
54164
54196
54247
54259
54275
54284
54290
2461
54302
54304
54316
54360
54366
54403
54412
54422
54429
54481
54485
54492
54511
54536
54558
54563
54571
54578
54616
54639
54651
54677
54705
54710
54736
54757
54794
54802
54814
54813
54835
470
54840
54886
54898
54899
54898
54908
54922
54942
54964
55018
55024
55082
55097
55122
55139
55147
55154
55157
55158
55171
55175
55193
55200
55254
55262
55294
55301
55331
55336
55367
55399
55409
55445
55461
55517
55519
55531
55536
55545
55582
55600
55631
55632
55661
55670
55697
55709
55726
55737
55754
55758
55776
55793
55795
55822
55823
55838
55865
55896
55904
55910
55929
55969
55975
55993
56022
56023
56022
56030
56035
56037
56053
56058
56060
56076
56102
56110
56123
56137
56145
56162
56184
56202
56204
56234
56292
56346
56378
56379
56386
56388
56393
56414
56446
56452
56461
56472
56507
56536
56578
56587
56593
56597
56611
56617
56624
56677
56686
56704
56740
56744
56840
56857
56870
56885
56900
56906
56304
56910
56914
56923
56943
56959
56993
57023
57028
57076
56962
57081
57083
57081
57091
57127
57131
57154
57172
57254
57267
57184
57290
57294
57298
57314
57354
57355
57382
57413
57430
57448
57472
57478
57491
57495
57497
57507
57540
57556
57568
57613
57667
57668
57667
57681
57685
57699
57724
57747
57777
57781
57793
57836
57844
57850
57885
57895
57898
57901
57902
57912
57997
58007
58039
58042
55957
58147
58210
58220
58226
58231
58243
58246
58271
58293
58314
58323
58330
58339
58341
58351
58369
58383
58402
58425
58435
58448
58451
57563
58491
58494
58495
58494
58498
58511
58538
58555
58562
58583
58614
58627
58643
58666
58700
58716
58724
58799
58823
58825
58832
58834
58860
58882
58910
58879
58949
58979
58985
59017
59029
59036
59066
59068
59066
59074
59094
59107
58159
59117
59118
59117
59139
59184
59189
59212
59268
59302
59309
59318
59343
59366
59383
59395
32955
59397
59402
59445
59462
59508
59540
59545
59547
59556
59563
59567
59584
59590
59596
59611
59638
59652
59663
59667
59671
59703
59766
59797
59821
59835
59879
59896
59911
59945
52578
59959
59901
60005
60071
60098
60099
60127
60132
60178
60208
60220
60226
60235
60259
60270
60325
60329
60336
60355
60361
60376
60336
60379
60380
60395
60361
60415
60449
60460
59822
58850
60507
60515
60533
60547
60557
60565
60570
60650
60659
60734
60736
60740
60756
60796
60805
60817
60820
60856
60877
60891
60902
60927
60939
60958
60961
60990
61024
37534
61040
61046
61069
61073
61095
61104
61116
61145
61185
61196
61231
61248
61283
61297
61306
61307
61338
61361
61365
61400
61401
61422
61450
61461
61465
61475
61486
61501
61516
61515
61522
61570
61594
61619
61652
61664
61724
61730
61735
61744
61802
61784
61805
61816
61831
61888
61889
61888
61907
61927
61948
61958
61977
61984
61985
62015
61927
62022
62039
62048
62060
62065
62112
62126
62146
62153
62179
62234
62261
62278
62287
62339
62341
62346
62354
62357
62372
62389
62396
62397
62411
62413
62416
62423
62436
62444
62445
62508
62513
62536
62544
62560
62564
62566
62564
62580
62592
62609
62607
62616
62624
62636
62638
62665
62686
62699
62779
62781
62782
62787
62824
62826
62843
62868
62909
62933
62957
62961
62972
62976
62990
62997
63008
60178
63014
63031
63036
63042
63055
63067
63070
63101
63123
63129
63146
63151
63154
63167
63187
63239
63257
63262
63267
63277
63301
63347
63359
63366
63415
63452
63462
63467
63477
63482
63485
63491
63497
63500
63509
63511
63515
63527
63564
63571
63577
63586
63604
63551
63619
63621
63650
63655
63662
63664
63698
63745
63744
63748
63761
63765
63776
63790
63795
63809
63830
63840
63857
63865
63876
63887
63902
14704
63982
64024
64022
64049
64058
64085
64092
64112
64113
7175
64127
64133
64138
64147
64163
64166
64179
64183
64189
64210
64215
64221
64233
64332
64359
64369
64373
64378
64384
64389
51228
64395
64392
64398
64320
64411
64413
64499
64533
64543
64550
64564
64625
64630
64634
64645
64661
64710
64739
64741
64747
64764
64778
64784
64844
64868
64913
64930
64934
64993
65004
65005
65048
65051
65062
65085
65087
65116
65130
65149
65162
65168
65171
65178
65221
65246
65116
65289
65292
65295
65298
65303
65107
65315
65325
65372
65375
65406
65410
65427
65436
65475
65488
65491
65509
65518
65552
65558
65559
65561
65587
65589
65621
65646
65653
65569
65658
65665
65671
65670
65707
65738
65749
65754
65759
65770
65773
65779
65789
65798
65801
65846
65838
48947
65860
65867
65887
65905
65911
65983
65987
65994
66014
66053
66067
66086
66111
66168
66185
66182
66188
66203
66209
66215
66254
66264
66289
66330
66357
66366
66327
66386
66391
66401
66424
66431
66496
66501
66518
66560
66562
66612
66617
66628
66646
66647
66698
66700
66738
66767
66791
66812
66821
66819
66829
66868
66888
66898
66944
66947
66969
66987
67032
67044
67071
67077
67083
67090
67167
67165
67180
67186
67204
67222
67228
67237
67267
67271
67274
67333
67338
67339
67338
67352
67360
67375
67376
67381
67432
67451
67479
67492
67505
67507
67524
67576
67577
67605
67686
67696
67702
67715
67720
67727
67735
67771
67775
67813
67826
67829
67833
67845
67919
67930
67937
67949
67954
67970
67977
67992
68029
68039
68045
68051
68059
68070
68090
68092
68098
68115
68157
68180
68205
68244
68246
68267
68199
68270
68288
68309
68357
68359
68370
68376
68384
68386
68398
68430
68439
68441
68464
68491
68515
68523
68597
68601
68620
68636
68641
68565
68712
68777
68783
68802
68834
68922
68923
68929
68931
68967
68971
68984
69005
69006
69013
69019
69029
69080
69103
69125
69131
69136
69145
69162
69179
69178
69254
69338
69343
69365
69366
69373
69414
69416
69421
69439
69452
69464
69477
69497
69506
69565
69595
69607
69617
69652
69683
69689
69765
69790
69798
69809
69826
69831
69841
69843
69844
69911
69912
69916
69915
69951
69960
69974
69987
70030
70049
70082
70160
70162
70181
70223
70265
70278
70284
70301
70333
70355
70358
70369
70370
70369
70403
70415
70420
70429
70439
70337
70441
70373
70465
70489
70493
70521
70574
70604
70611
70631
70669
70702
70744
70745
70744
70751
70760
70766
70769
70849
70855
70857
70860
70886
70894
70921
70922
70924
70950
70964
70985
70983
71004
71020
71077
71087
71100
71105
71120
71165
71218
71223
71228
71231
71237
71258
71265
3487
71284
71309
71312
63012
63014
71397
71401
71404
71414
71417
71430
71431
71450
71472
71488
71498
71525
71536
71549
71563
71567
71584
62769
71632
71676
71677
71695
71704
71709
71713
71719
71727
71740
71764
71793
71839
71840
71858
71860
71887
71893
71908
71925
71952
71998
72005
72044
72066
72079
72090
72094
72096
72164
72187
72188
72206
72211
72215
72221
72227
72230
72231
72291
72311
72337
72357
72366
71165
72371
72376
72385
72395
72428
72460
72477
72515
72519
72538
72542
72551
72580
72611
72624
72626
72629
72627
72635
72636
72639
72657
72664
72666
72677
72680
72688
72698
72702
72715
72720
72721
72742
72745
72754
72784
72791
72796
72797
72796
72814
72824
19446
72836
72838
72841
72796
72857
72870
72924
72928
72946
72954
73028
73056
73065
73086
73100
73112
73126
73175
73187
73227
73252
73282
73288
73306
73377
73390
73392
73409
73421
73437
73445
73453
73459
73470
54211
73507
73528
73561
73568
73578
73588
73594
73597
73600
73605
73614
54552
73622
73628
73640
73641
73645
73651
73705
73713
73760
73787
73795
73846
73852
73869
73908
73923
73927
73938
73943
73955
73976
73995
73998
74045
74090
74110
74135
74136
74149
74177
74193
74215
74226
74227
74272
74292
74293
74312
74333
74363
74365
74371
74375
74381
74390
74402
74411
74415
74417
74438
74446
74447
74487
74511
74518
74545
74511
74573
74593
74608
74668
74674
74539
74677
74685
74722
74735
74766
74788
74913
74939
74955
69060
74970
74972
75073
75086
75096
75103
75117
75133
75185
75191
75198
75207
75239
75274
75282
75290
40390
75303
75317
75321
75376
75417
75419
75435
75440
75441
75444
75455
75483
75490
75483
75491
75497
75545
75556
75608
75633
75676
75683
75719
75727
75770
75814
75835
75841
75857
75817
75884
75906
75925
75938
75937
75952
76012
76015
76024
76037
76047
76057
76084
76087
76092
76117
76126
76129
76126
76133
73941
76142
76140
76148
3458
76196
76205
76212
76214
76245
76246
76262
76276
76307
76323
76328
76370
76372
76373
76412
76418
76431
76443
76450
76478
76504
76535
76543
76565
76592
76605
76650
76688
76693
16093
76711
76710
76768
76784
76804
76793
76813
76842
76853
76856
76885
76894
76900
76937
76944
76993
76994
77007
77018
77043
77052
77060
77062
77073
77156
77173
77181
77189
77193
77217
74714
77258
77263
77271
77281
77287
77305
77356
77386
77410
77452
77489
77539
77565
77570
77577
77590
77603
77621
77647
77666
77663
77668
77773
77769
77807
77831
4541
77838
77852
77857
77863
77869
77873
77877
77892
77930
77935
77951
77952
77963
77972
77977
77980
77990
77993
77990
78002
67942
78011
78022
78026
78029
78047
78056
78103
78105
78151
78155
3285
78168
78238
78248
78259
78309
78366
78381
78391
78408
78419
78427
78455
78467
78500
78503
78534
78548
78566
78570
78590
78593
78594
78605
78610
78615
78664
72506
78698
78710
78727
78733
78740
78756
78766
78794
78803
78808
78838
78866
78882
78887
78893
78913
78914
78934
78947
78948
78950
78953
78958
78972
78970
78992
78999
79001
78999
79023
79030
79045
79048
79067
79074
79090
79100
79113
79127
79136
79146
79157
79174
79176
79195
79211
79230
79242
79250
79260
79318
79324
79343
79347
79369
79378
79385
79402
79427
79425
79450
79460
79481
79486
79504
79514
79524
79562
79548
79592
79612
79627
79644
79672
79756
79764
79792
79819
79822
79834
79841
79842
79873
79907
79929
79944
79945
79970
79971
79983
80001
79957
80005
80010
80016
80031
80043
80055
80080
80090
80117
80123
80144
80162
80183
80199
80205
80221
80228
80231
80254
80257
80259
80272
80283
80284
80291
80228
80297
80299
80314
80339
80353
80363
80361
80364
80386
80418
80424
80445
80451
80457
6660
80459
80491
80501
80502
80561
80617
80647
80657
80673
80703
80710
80727
80758
80784
80792
80798
80818
80819
80828
80837
80850
80856
80859
80886
80768
80892
80900
80918
80923
80944
80945
80959
80983
80984
80983
80989
80990
81008
81023
81091
81127
81145
2204
81168
81175
81179
81199
81219
81192
81224
81228
81251
81252
81262
81264
81266
81264
81272
81317
81336
81349
81359
81361
81368
81370
81398
81400
81398
81443
81464
81468
81484
81486
81507
81533
81534
81546
81550
81597
81639
81670
81672
81717
81744
81775
81780
81827
81857
81865
81879
81889
81908
81914
81919
81951
81966
82017
82035
82062
82063
82073
82078
82087
82090
82094
36662
82144
82150
82154
82167
82176
82178
82179
82182
82207
82224
82243
82253
82259
82268
82306
82190
82323
82327
82330
82379
82390
82393
82414
82428
82445
82451
82464
82472
82470
82473
82476
82491
82493
82541
82547
82592
82599
82620
82624
82628
82646
82649
82648
82650
82655
82660
82698
82710
82707
82718
82716
82726
82730
82732
82744
82747
82749
82759
82770
82789
82810
82817
82827
82846
2161
82852
82854
82857
82862
82879
82894
82939
82944
82952
82958
82995
82996
82995
3292
83036
83038
83040
83051
83066
83070
83071
83092
81957
83098
83105
83121
83138
83143
83147
83165
83167
83166
83201
83215
83236
83256
83313
83330
83328
83342
83368
83378
83382
83383
83407
83427
83443
83460
83463
83482
83500
83530
83532
83537
83542
83555
83573
83576
83607
83617
83641
83650
83668
83684
83688
83700
83702
83700
67763
83728
83746
83777
83807
83824
83825
83828
14834
83840
83843
83846
83857
83514
83869
83884
83897
83899
83919
83932
83934
83950
83951
83955
83929
83964
83968
83972
84003
84025
84044
84047
84080
84183
84206
84219
84260
84269
84276
84296
84302
84321
84328
84329
84328
84332
84343
84406
84427
84344
84429
84440
84442
84447
84463
84491
84504
84527
84554
84565
84579
84597
84606
84609
84638
84652
84657
84665
84670
84689
84691
84689
84714
84760
84779
84785
84788
84786
84805
84819
84846
84907
84921
84935
84947
84970
84972
84997
85002
85015
85027
85033
85045
85049
85052
85054
85055
85059
85109
85116
85136
85160
84138
85176
85177
85195
85202
85245
85259
85286
85298
85350
85364
85366
85394
20574
85402
85417
85429
85431
85436
85442
85447
85505
85509
85453
85519
85552
85567
85586
85600
85613
85639
85649
85648
85682
15436
85722
85733
85756
85783
85802
85838
85843
85863
85869
85873
85886
85892
85907
85930
85981
85980
85991
86002
86015
86016
86024
86035
86088
86102
86107
86111
86114
86116
86121
86159
86164
86210
86220
86245
86246
86252
86274
86296
86330
86333
86350
86370
86398
86405
86419
86423
79841
86422
79842
86446
86447
86452
86471
86483
86507
86508
86531
86557
86559
86570
86616
86626
86645
86663
86669
86673
86683
86707
86722
86748
86770
86775
86796
86844
86850
86858
86860
86863
86898
86933
86990
87007
87008
87050
87051
87053
87083
87092
87100
87112
87153
87156
52767
87165
87180
87221
87244
87284
87298
87366
87371
87373
87383
87389
87392
87400
87417
87440
87446
87457
87460
87459
87475
87553
87577
87601
87638
87644
87659
87672
87679
87709
87719
87652
87725
87734
87737
87761
87800
87807
87818
87834
87856
87863
87869
87887
87899
87904
87934
87943
87949
87953
87973
88029
88047
88057
88063
88066
88109
88121
88161
88203
88218
88131
88228
88232
88237
88242
88249
88250
88268
88271
88275
88336
88337
88348
88361
88376
88237
88379
88397
88400
88457
88477
88517
88540
88541
88550
88601
88643
88655
88654
88684
88707
88708
88726
88749
88758
88788
88817
88900
88906
88910
88916
88936
88961
88965
89000
89041
89044
89051
88929
89067
89104
89115
89135
89133
89136
89156
26775
89173
89191
88951
89207
89224
89236
89239
89240
89243
89239
89258
89268
89277
89281
89277
89290
89312
89320
89344
89350
89369
89395
89409
89419
89427
89432
89449
89360
89519
89536
89558
89579
89582
89585
89607
89613
89617
89627
89633
89635
89648
89646
89678
89688
89692
89714
89732
89748
89666
89758
14708
89777
89782
89807
89824
89840
89847
89868
89873
89875
89881
89907
89919
89926
89936
89949
89962
89974
90008
90014
90050
90112
90118
90140
90181
90223
90253
90285
90289
90298
90310
90324
90329
90337
90336
90352
90357
90367
90402
90425
90440
90446
90457
90476
90520
90531
90541
90542
90552
90559
90590
90593
90626
90628
90638
90656
88203
90677
90696
90702
90718
90736
90742
90747
90788
90823
90721
90827
90874
90899
90914
90936
90939
90950
90999
91017
91018
91089
91106
91116
91117
91141
91143
91147
91157
91163
91171
91175
91187
91216
91239
91256
91331
91333
91344
91380
91382
91384
91387
91399
91418
91425
91449
91468
45051
91492
91530
91548
91567
91578
91580
91595
91601
91619
91636
91687
91691
91713
91550
91724
91735
91741
91772
91773
91774
91781
91785
91510
91854
91859
91862
91884
91918
91929
91944
91949
91988
92001
92009
92010
92021
92035
92037
92050
92096
92106
92125
92133
92134
92143
92173
92178
92194
92238
92248
92250
92254
92278
92284
92326
92342
92352
92364
92374
92381
92248
92402
92407
92413
92416
92440
92457
92504
92520
92531
92549
92581
92591
92599
92601
92621
92637
92642
92687
92690
92724
92730
92740
92743
92746
92813
92818
92858
92860
92888
92960
92968
93005
93010
93019
92952
93029
93031
93070
93110
93127
93138
93146
93152
93158
93167
93193
93204
93207
93214
93239
93252
93253
93276
93303
93308
93314
93351
93370
93372
93373
93383
93405
93407
93411
93427
93435
93458
93462
93465
93472
93475
93481
93490
93497
93509
93508
93524
93602
93605
93603
93614
93619
93631
93651
93656
93660
93679
93685
93713
93715
93759
93760
93759
93763
93780
93793
93815
93827
93834
93839
93884
93893
93894
93911
93914
93937
93947
93946
93962
93965
93968
93981
94043
94049
94054
94063
94073
94109
94115
94117
94066
94118
94066
94138
94146
94152
94168
94199
94203
94206
94223
94224
94231
94238
94123
94242
94257
94296
94326
94327
94338
94343
94354
94425
94436
94469
94495
94505
94510
94571
94593
94612
94611
94637
94670
94693
94700
94708
94720
94755
94791
94797
94842
94854
94877
94892
94893
94914
94919
94920
94927
94950
94954
94957
95010
95032
95034
95038
95074
95076
95087
95112
95121
95131
95152
95168
95177
95176
95184
95194
95199
95205
95221
95255
95269
95284
95288
95286
8597
95299
95308
95310
95328
95344
95358
95368
95392
95409
95416
95422
95423
95454
95472
95477
95502
95534
95537
95551
95557
95571
95589
95603
9365
95656
95661
95623
95680
37250
95682
95745
6385
95748
95756
95765
95772
95779
95784
95785
95788
95809
95817
93188
95820
95848
95855
95896
95918
95919
95923
95928
95933
95951
95960
95964
95968
95982
95992
95996
95997
96002
96015
96019
96037
96055
96065
96074
96092
96097
96114
96142
96148
96158
96169
96193
96194
96241
96245
96251
96278
96291
96310
96362
96363
96375
96395
96416
96417
96425
96446
96460
96495
96506
96514
96523
96528
96546
96575
96586
96617
96622
96624
96632
96645
96649
96675
96695
96706
96718
96728
96743
96748
96757
96783
96801
96822
96835
96852
96879
96899
96912
96928
96932
96935
96939
96942
96946
96952
96961
96980
96981
96997
97037
97061
97065
97109
97111
97132
97162
97183
97202
97205
97208
97214
97242
97257
97260
97274
97275
97296
97314
97319
52115
97345
97366
97378
97405
97411
97420
97427
97433
97450
97479
97507
97510
97525
97526
97547
97576
97582
97586
97587
97605
97609
97614
97626
97643
97665
97674
97691
97706
97716
97724
97730
97736
97759
97786
97799
97840
97886
97902
97923
97929
97955
97958
97959
97979
98021
98047
23350
98081
98108
98122
98140
98168
98179
98193
98197
98201
98238
98134
98246
98244
98252
98250
98263
98279
98288
98310
98321
98335
98350
98367
98387
98412
98425
98431
98446
98475
98492
98501
98521
98543
98571
98599
98642
98666
93656
98668
98678
98694
98701
98708
98709
98764
98766
98770
98780
98789
98805
98833
98834
98833
98837
98839
98845
98852
98866
98873
98915
98921
98936
98962
98963
98969
98478
98980
98981
98980
98992
99031
99032
99039
99044
99095
99104
99130
23132
99178
99198
99206
99256
99262
99265
99272
99289
99291
99294
99307
99352
99378
99403
37494
99405
99411
99415
99433
99435
99453
99456
99468
99474
99478
99542
99582
99616
99627
99630
99637
99689
99713
99738
99780
99783
99787
99790
99848
99854
99865
99867
99912
99917
99925
99940
99951
100000
100003
100022
100029
100060
100067
100071
100072
100082
100092
100113
100117
100121
100127
100142
100160
100170
100182
100186
100198
100202
100275
100287
100291
100322
100323
100335
100347
100350
100369
100376
100401
100442
100450
100460
100536
100549
100569
100576
100501
100593
100604
100616
100626
82100
100635
100662
100693
94907
100698
100715
100716
100727
100739
100751
100779
100787
100795
100842
100843
100848
100877
100881
100880
100762
100906
100929
100944
100998
101013
101024
10097
101026
101032
101068
101119
101146
101169
101170
101173
101212
101215
101218
101221
101224
101234
101285
101288
101316
101330
101363
101377
101400
101408
101420
101464
101484
101492
101494
101503
101556
101611
101646
101684
101686
101689
101712
101719
101742
101778
101783
101818
101839
101859
101868
101893
101949
101958
101959
101958
101972
101978
101986
102010
102018
102029
102035
102051
102063
102095
102115
102152
102160
72148
102171
102214
102227
102225
102267
102305
101986
102318
102322
102360
102367
102420
102427
102435
102439
102464
591
592
102472
102486
102502
102519
102526
102566
102575
102650
102678
102683
102687
102700
102750
102772
102795
102803
102819
102833
102859
102908
102936
102938
102936
102947
102953
103008
103035
103046
103053
103063
103084
103193
103208
103241
103253
103260
103280
103300
103301
103300
103334
103359
103376
103379
103390
103398
103406
103412
103432
103443
103447
103469
103490
103501
103531
103544
103564
103570
103586
103603
103626
103631
103649
103693
103709
103707
103765
103766
103765
103777
103802
103828
103842
103849
103853
103861
103871
103879
103900
103921
103925
103956
103970
103972
104005
104008
104014
104033
104039
104054
104061
104085
104113
104146
104155
104172
104197
104222
104228
104233
104246
104247
104253
104270
104188
104276
104279
104285
104303
104339
104343
104383
104389
11198
104397
104421
104427
104483
104489
104522
104528
104524
104530
104531
104546
104565
104566
104565
104604
104606
80837
104612
104611
104632
104643
104665
104683
104690
104715
104752
87475
104565
104761
104777
104779
104789
104846
104845
104849
104856
104876
104912
104919
104933
104942
104953
104975
104992
105018
105029
105035
105089
105095
105107
105122
105161
105171
105224
105240
105246
105256
105285
105294
105304
105321
105370
105443
105511
105554
105576
105598
105641
105646
105684
105701
105712
105719
105732
105737
105738
105737
105741
105747
105767
105772
105779
105785
105786
105790
105791
105797
105712
105808
105824
105859
105861
105875
105878
105910
73600
105927
105941
105953
106004
106025
106121
106129
106128
106143
106171
106199
106201
106211
106213
106217
106218
106253
106277
106278
106303
106308
12286
106321
106332
106337
106340
106404
106412
106451
106468
106495
106497
106503
106525
106538
106282
106547
106560
106570
106581
106603
106610
106630
106644
106650
106684
106687
106699
106718
106792
106795
106797
106799
106797
106811
106812
106828
106830
106859
106878
106880
106947
106963
106965
106975
106980
107001
107007
107034
107051
107069
107070
107072
107070
107080
107091
107173
107205
107246
107299
107350
102938
107375
14913
107374
107382
107387
107437
107445
107452
107469
107513
107519
107533
107549
107613
107641
107650
107670
107675
107696
94013
107738
107757
107775
107815
107831
107887
107894
107895
107900
107909
107931
107937
107956
107962
107993
107990
107995
108011
108013
108017
108029
108057
108068
108085
60572
108097
5266
108141
108144
108185
108188
108191
108211
108217
108231
108279
108284
108310
104970
104972
108313
108374
108382
108400
108410
108414
108420
108426
108432
108440
108447
108464
108465
108466
108465
108471
108491
108526
108536
108537
108545
108565
108573
108577
108580
108620
108622
108644
108649
108653
108670
108606
108682
108440
108689
108688
108707
108730
108733
108774
108787
108790
108806
108851
108858
108891
108910
108947
108958
108977
108981
108998
109006
109037
109044
109046
109061
109082
109088
109090
109117
109121
109173
109186
109230
109252
109256
109272
109273
109285
109293
109325
109334
109339
109363
109369
109368
109395
109397
109419
109432
109433
109486
109490
109496
109502
109523
109531
109572
109574
109601
109615
109616
109619
109624
109645
109652
109655
109663
109683
109725
109737
109742
109756
109777
109786
109792
109803
109808
109817
109828
109832
109864
109893
109910
109918
109938
109947
92645
109957
109968
109987
110021
110055
110058
110067
110087
110091
110100
110179
110193
5291
110241
110273
110285
110292
110308
110314
110347
110368
110420
110430
110441
110459
110473
110489
110531
110562
110577
110606
110690
110691
110699
110704
110719
110723
110728
110749
110751
110760
110761
110760
110775
110787
110827
110848
110852
110862
538
110917
110953
110956
110959
111002
111052
38268
111063
111086
111092
111106
111113
111125
111134
111139
111184
111201
111215
111221
111230
111287
111305
111312
111349
111366
111392
111425
111431
111437
111451
111453
111491
111499
111514
111522
111547
111587
111597
111610
111645
111655
111681
7522
111692
111703
111729
111761
111781
111819
111823
111826
111833
111859
111880
111881
111896
111905
111921
111955
111992
111995
112069
112070
112100
112138
112157
112160
112161
112235
112238
112239
112255
112256
112261
112281
112167
112288
112295
112298
112300
112304
112319
112321
112339
112341
112350
112358
112363
112366
112372
112377
112416
112436
112478
112490
112497
112561
112564
112566
112610
112625
112629
112625
112634
112657
112681
112689
112723
112725
112753
112758
112759
112765
112771
112785
112817
112837
112847
112853
112855
112864
112866
112896
112897
112908
112934
112966
112807
112995
113040
113044
113056
113100
113125
113151
113180
113193
113203
113209
113216
113246
113251
113255
97203
113275
113299
113310
113319
113323
113329
113333
113331
113347
113359
113384
113395
113402
113434
113466
113480
113481
113492
113504
113565
113587
113613
113635
113636
113635
113642
113663
113679
113707
113714
113736
113747
113749
113769
113791
113812
113827
113833
113875
113882
113894
113920
113939
113957
113960
113986
114008
114030
114033
114059
114065
114078
114087
114133
114137
66534
114150
114157
114165
114188
114236
114253
114257
114291
114307
114309
114317
114322
114327
114328
114331
114342
114368
114378
114404
114405
114409
114421
114444
114455
114475
114514
114516
114527
114535
114571
114623
114633
114641
114643
114656
114704
114731
114762
114767
114807
114817
114828
114860
114867
114915
114924
114947
114952
114965
114970
115021
115056
115065
115079
115114
115116
115143
115151
115199
115212
115219
115266
115272
115305
115344
115382
115406
115452
115479
115501
115513
115524
115549
115552
115601
115619
115621
50798
115639
47141
115660
115598
115685
115712
115724
115722
115749
115758
115780
115787
115815
115821
71676
115825
115834
115854
115859
115892
115921
115925
115958
115977
115983
115994
116004
116018
116023
116039
116045
116114
116122
116023
116172
116201
116264
116278
116294
116306
116307
116313
116335
116375
116404
116409
86131
116418
116424
116432
116467
104397
116493
116507
116523
116527
116536
116549
116556
116561
116579
116577
116589
116599
116598
116640
116651
116686
116691
116720
116722
116756
116757
116788
116820
116827
116836
116866
116867
116891
116896
116900
116944
116946
116958
116962
117101
117107
117108
117132
117133
117152
117161
117162
117187
117191
117193
117212
117235
117263
117261
117264
117265
117264
117283
117289
117191
117298
117329
117337
117349
117373
117392
117405
38707
117414
117433
117469
117488
117490
117498
117538
117562
117590
117591
117594
117603
117687
117692
117710
117730
117739
117763
117810
117827
117855
117857
117860
117862
117892
117895
117901
117904
117938
117970
117971
117970
117980
117987
118003
118014
118024
118034
118064
118089
118101
118104
118154
118174
118182
118196
118199
118209
118228
118258
118260
118261
118273
118302
118346
118354
118373
118387
118436
118449
118502
118506
118538
118449
118557
118568
118588
118598
118621
118646
118664
118670
118673
118685
118781
118787
118850
118899
118917
118922
118921
118923
118927
118931
118985
119024
119039
119046
119049
119076
119143
119147
119206
119215
119221
119223
119235
35886
35887
119255
119270
119282
119311
119312
119311
119378
119409
119425
119468
119471
119475
119486
119521
119536
119584
119590
119594
119603
119623
119629
119634
119441
119639
119712
119767
119772
119784
119791
119794
119834
119845
119856
119897
119985
119990
120002
120023
120029
120028
120031
120094
120127
120136
120144
120181
50353
120208
120240
120270
21110
120281
120283
120293
120294
120300
120317
120343
120377
120415
120427
120444
120461
1987
120479
120505
120524
120569
120571
120584
120587
120612
120662
120661
120675
120678
120719
120726
120771
120791
120820
120837
120839
120837
120856
120858
120862
120887
56713
120890
120918
120921
120931
120937
121035
121037
121035
121048
121070
121194
120579
121227
121279
121282
121322
121343
121352
121357
121359
121365
121388
121387
121416
121433
121438
121446
121459
121461
121468
121480
121555
121559
121565
121566
121573
121588
121587
121589
121606
121612
121621
121640
121658
121670
121678
121682
121693
121715
121724
121727
121732
121750
121762
121779
121788
121810
121788
121820
121827
121832
121845
121853
121856
121877
121880
121894
121908
121946
121960
121963
121978
121982
122007
122043
122063
122075
122098
122107
122110
122119
122122
122148
122222
122231
122258
122275
122286
122346
122361
80098
122398
122406
122413
122423
122429
122427
122459
122491
122500
122507
122562
122573
122683
32194
122721
122740
122752
122753
122757
122767
122766
122773
122798
122804
122812
122830
122851
122852
122854
122857
122862
122887
122896
122897
122896
122899
122921
122984
95079
122982
122992
123004
123008
123009
123021
123037
123056
123058
123085
123088
123094
123097
123128
123178
123184
123205
123208
123211
123248
123251
123256
123286
123289
123290
123297
123346
123398
123415
123419
123476
123508
123523
123540
123563
123565
123573
123580
123581
123586
123610
123616
123639
123686
123690
123692
123643
123690
123704
123722
123755
123775
123783
123785
123798
123803
123829
123837
123843
123873
123893
123894
123907
123912
123918
123919
123923
123927
123946
123961
123973
123998
123997
124007
124021
124030
124045
124051
124060
124075
124080
124150
124154
124170
124202
124209
124225
124232
124238
124244
124253
124262
39457
124267
124273
124276
124313
124341
124351
124352
124351
124357
124372
124375
124313
124418
124438
124444
124452
124462
124469
124468
124476
124484
124499
124507
124521
124555
124571
124581
124616
124627
124645
124659
124666
124671
124682
124707
124754
124757
124785
124789
124802
124840
124851
124917
124931
124938
124943
124951
124969
124987
124995
125016
125038
125046
125051
125102
125120
125129
125145
125162
125163
125172
125212
125270
125286
125293
125306
125317
125320
125324
125329
125349
125354
125360
125368
125382
125392
125403
125411
125412
125488
125489
125499
125502
125507
125517
125525
125530
125534
125561
125582
125584
125590
125593
125597
125626
125632
125634
125706
125711
125739
125752
125779
125794
125802
125804
125810
125815
125840
125850
125870
125873
125937
47634
125947
126004
126013
126034
126061
126064
126081
126092
126123
126129
126253
126258
126262
126280
126316
126330
126362
126360
126398
126434
126440
126443
126506
126521
126532
126543
126549
126560
26839
126590
126595
126601
126611
126638
126641
126648
126655
126659
126725
126740
47995
126771
126775
126803
126814
126834
126851
126875
126884
126964
127020
127042
110223
127103
127115
127144
127147
127150
127173
127179
127183
127201
127202
127223
127249
127260
127276
127278
127291
127316
127317
127332
127345
127387
127400
127401
127424
127442
32481
127474
127475
127490
127496
127495
127502
127523
127524
127546
127555
127580
127597
127641
127693
127732
127739
127752
127844
127862
127867
127869
127925
127963
127974
127976
127983
127998
128026
128027
128065
128084
128109
128168
128186
128206
128210
128212
128224
128225
128284
128294
128296
128362
128399
128407
128411
48766
128426
128434
128443
128462
128504
128520
128543
128576
128606
128624
128660
128678
128727
128734
128756
128779
128793
128852
128860
128864
128872
128901
128917
128932
128945
128981
128989
129004
28698
129008
128061
129011
129026
129034
129050
129068
129078
129088
129096
129104
129125
129146
129149
129153
129189
129205
129261
129280
129284
129286
129296
129299
129302
129307
129349
129371
129379
129419
129433
129445
129448
129473
129328
129476
129480
129496
129500
129506
129532
129540
129564
129567
129571
129574
129584
129627
129637
129651
129669
129684
129703
129704
129703
129727
129736
129826
129830
129856
129874
129918
129957
129958
129974
129845
129977
129978
130018
130023
130031
130032
130036
130048
130056
130079
130169
130199
130205
130207
130212
130217
130223
130226
130233
130235
130237
130260
130291
130300
130302
130310
130312
130369
130371
130441
130451
130456
130462
130505
130534
130570
130574
130576
130606
130610
130609
130634
130456
130655
130675
130683
130738
130739
130738
130759
130772
130848
130861
130860
130881
130891
130902
130935
130939
130947
130952
130973
130972
130982
130994
131007
131044
131068
131110
131131
131243
131245
131290
131327
131396
131397
131429
131435
131436
131442
131452
131461
131464
131471
131473
131485
131506
131515
131525
131531
131563
131582
131586
131608
131617
131618
131621
131625
131635
131637
131687
131698
131716
131754
131758
131765
131776
131785
131787
131788
131846
131898
131908
131923
131949
131953
131956
131963
131723
131968
131995
132008
132050
132059
132061
132131
132148
132204
132206
132208
132213
132217
132230
132270
132291
132297
132314
132318
132367
132383
132398
132399
132434
132436
132473
132520
132367
132536
132542
132560
132566
132568
132632
132636
132639
132650
132673
132683
132682
132691
132713
132733
132735
132761
132789
132823
132824
132828
132850
132874
132899
132898
132900
132901
132916
132920
132927
132962
132971
132982
133007
133015
133023
133028
133045
133083
133123
133127
133148
133149
133172
133205
133219
133214
133253
133251
133262
133271
133278
133281
133287
133292
133305
133347
49127
133351
133363
133410
133424
133480
133490
133543
133579
133598
133596
133611
133657
133658
133702
133704
133715
133725
133751
133756
133770
133781
133895
133897
133904
133925
133950
133958
133961
133979
133983
133987
133991
133995
134021
134036
134107
134145
133942
134152
134175
134181
134195
134214
134223
134232
134277
134302
134329
134331
134353
134384
134389
134395
134405
134407
134433
134441
134444
134457
134468
134476
134486
134495
134536
134539
134550
134564
134588
134601
134628
134635
134641
134671
134678
134717
134721
134737
134753
134756
134764
134773
134795
134805
134839
134841
134864
134862
134882
134877
134908
134942
134940
134956
134980
134985
135027
135028
135033
135053
135058
135066
135083
135109
135111
135136
135151
135160
135166
135170
135191
135192
135217
135253
135257
135292
135300
135306
135343
135367
135413
135431
135452
135461
135469
135489
135510
135536
135540
135541
135551
135584
135596
12198
135595
135600
135636
135640
135649
135654
135664
135692
135696
135700
135714
135739
135753
135755
135753
135756
135759
135774
135780
135802
135836
135838
135850
135885
135932
135962
135964
135981
135986
135990
136000
136035
136049
136066
136079
136128
136139
136144
136160
136175
136188
136215
136226
136230
136234
136235
136250
136275
136278
136301
136302
136307
136306
136318
136326
136331
136338
136346
136352
136357
136367
136388
136401
136406
136431
136492
136497
136504
136512
136538
136565
136566
136574
136592
136595
136616
136619
136621
136665
136663
136672
136685
136686
136690
136692
136741
136743
136746
136766
136778
136783
136785
136802
136815
136829
136837
136857
136862
136941
136950
136965
136979
137000
137045
137052
137061
137093
137117
137127
137157
137219
137217
137227
137236
137253
137257
137279
137307
137317
137326
137339
137396
137425
137428
137444
137445
137474
137508
137522
137523
137541
137559
137571
137587
137628
137637
137674
137683
137699
137705
137717
137729
137747
137758
137765
137772
137800
137817
137830
137859
137874
137880
137886
137900
137912
137914
137927
137926
137950
138013
138026
138035
138049
138053
138095
138126
138138
138142
138148
137632
138160
138177
138218
138242
138241
138246
138293
138316
138326
138347
138370
138393
138397
138399
138408
138440
138451
138478
138491
138520
138545
138583
138586
138599
138600
138604
138613
138654
138657
138667
138694
138720
120011
138803
138813
138815
138823
138833
138858
138875
138925
138944
138951
139013
139031
139033
139054
139084
139115
139148
99903
139154
139172
139178
139189
139201
139214
139227
139247
139260
139273
139274
139299
139302
139310
139331
133371
134729
139345
139365
139382
139414
139420
139432
139440
139469
139467
139488
139500
139524
139525
139528
139529
139583
139585
139598
139657
139666
139681
139683
139694
139711
139727
139763
139767
139786
139815
139821
139827
139865
139873
139885
9735
9736
139891
139901
139904
139921
139943
139948
139973
139978
139984
139992
140038
140045
140056
140067
140070
140084
140117
140133
140139
140144
140268
140272
140284
140292
140303
140322
140325
140344
140354
140390
140402
140417
140423
140457
140460
140463
140473
140512
140518
140527
140550
140570
140572
140583
140598
140601
140604
140608
140623
140642
140662
140670
140671
140670
140683
140705
140601
140710
140736
140779
140785
140857
140930
140932
140948
140987
140992
141003
141018
141028
141038
141081
141089
141087
141102
141121
141135
141160
141177
141181
141211
141222
141278
141290
141287
141285
141293
141308
141323
141353
141358
141373
5825
141380
141413
141418
141420
141456
141478
141508
141519
141529
141568
141571
141606
141616
141626
141634
141639
141663
141694
141711
141746
141765
141774
141782
141798
141829
141833
141843
141869
141880
141889
141897
141906
141912
141924
141929
141989
141992
142022
142031
142037
142035
142057
142076
142073
142077
142141
142035
142162
142171
142174
142178
142193
142191
142195
47111
142258
142262
142265
142277
142275
142284
142301
142362
142363
142374
142383
142395
142400
142429
142437
142450
142449
142470
142493
142508
142520
142526
142559
142638
142642
134208
142659
142660
142664
142672
142673
142672
142678
142691
142704
142727
142760
142768
142776
142792
142811
142893
142908
142948
142954
142978
142995
142997
111655
143007
143010
143014
143019
143031
143035
143070
143082
143105
143106
143119
143134
143144
143151
143170
143182
143189
143192
47501
143195
143218
143227
143289
143300
143317
143319
143329
143346
143367
143406
143410
143422
143427
143483
143489
143542
143550
143566
143446
143570
143578
143587
143590
143591
143605
143606
143621
143624
143630
143632
143721
143741
143758
143791
143803
141889
143810
143833
143923
143959
143973
143987
144001
144033
144064
144066
144074
144093
144124
144154
144163
144170
144226
144238
144248
144257
144202
144327
144337
41118
144336
41118
144343
144349
144367
144438
144451
144501
144525
144529
144532
144539
144556
144560
144561
144574
144660
144662
144660
144674
144717
144723
144730
144741
144745
144754
144793
144800
144853
144869
144872
144883
144898
144913
144920
144929
144934
144964
144969
145002
145004
145019
145029
145037
145033
145051
145075
145096
145105
145112
145128
145135
145157
145177
145179
145192
145197
145219
145224
145251
145298
145135
145318
145321
145316
145324
145328
145382
145385
145401
145406
145404
145428
145434
145465
145475
145492
145496
145505
145532
145544
145571
145583
145620
145631
145632
145634
145632
145644
145650
145655
145662
145669
145672
145683
145690
145709
145710
145722
145742
145777
145780
123837
145800
145830
145847
145858
145879
145888
145904
135654
145950
145969
145045
145974
145976
145982
146001
146006
146021
146029
146048
146057
146078
146089
146093
146177
146192
146193
146202
146309
146336
146375
146408
146414
146452
146450
146463
146476
146483
146539
146550
146561
146585
146590
146606
146609
146626
146627
146626
146645
146670
146697
146705
146714
146715
146728
146771
146791
146835
146869
146876
146889
146890
146914
146913
146928
147000
147023
147025
147059
147075
147088
147095
147102
147128
147129
147137
147138
147148
147173
147191
147200
147206
147224
147234
147248
147259
147295
147340
147367
105383
147418
11240
147428
147427
147473
147503
146901
147505
147509
147519
147537
147541
147555
147567
147570
147602
147648
147709
147712
147762
147771
147773
147778
147790
147800
147814
147840
147841
147866
147874
147877
147880
147886
147899
147913
147925
147934
147948
147969
147977
147983
147989
147986
147994
148009
148045
148071
148072
148071
148089
148094
148102
148107
148138
148152
147650
148216
148221
148248
148285
148293
148304
148315
148328
148367
148368
148384
148391
148411
148413
148419
148441
148444
148454
148462
148480
148482
148488
148496
148499
148516
148518
148524
148527
148610
148624
148652
148518
148654
148655
148678
148720
148772
148795
148804
148819
148820
148819
148835
148851
148895
148896
148909
148918
148922
148925
148946
148964
148987
149099
149119
149126
149138
149167
149182
149192
149241
149250
149272
149290
149166
149291
149300
149309
149314
149333
149332
149428
149446
149462
149467
149469
149482
149495
149528
149572
149585
149605
149606
149612
149657
149656
149659
149701
149739
149741
149767
149766
149773
149798
149816
149819
149827
149836
149850
149905
149909
149923
149659
149900
149939
149951
149966
149964
149977
149978
149983
149990
149991
150031
150045
150055
150050
150075
150080
150079
150086
150094
150095
150110
150129
150160
150172
150220
150253
150294
150296
150325
150346
150363
150401
150406
150437
150455
150535
150542
150557
150583
150586
150629
150635
150647
150654
150682
150706
150709
150715
150723
150725
150739
150750
150774
150776
150774
150778
150791
150868
150905
150909
150914
150925
150460
150954
151018
151039
151064
151113
151122
151196
151209
151228
151239
151245
151259
151283
151331
151355
151356
151367
151376
151426
151445
151454
151469
151490
6521
151509
151519
151540
151552
151571
151576
151592
151619
151632
151664
151670
151672
151682
151703
151711
151714
151718
151720
151730
151739
151737
151742
151769
151858
151866
151873
136028
151903
151906
151921
151942
151945
151955
151965
151971
151973
151971
151978
151986
152005
152008
152041
152047
152076
152079
152085
152061
152108
152114
152145
152146
152159
152173
152195
152209
152216
152254
152269
152272
152297
152321
152365
152377
152396
152399
152402
152404
152414
152416
152436
152445
152455
152480
152485
152491
152503
152510
152537
152548
152567
152604
152615
152623
150806
152624
152628
152645
152643
152663
152713
152731
152776
152803
152885
36415
152899
152842
152900
152913
152924
152936
152935
152938
152937
152941
152947
152956
152972
152981
152997
153014
153020
153113
153114
153210
153235
153240
153243
153245
153243
153257
153265
153276
153297
153299
153313
153316
153320
153335
153341
153345
153356
153359
153367
153365
153383
153389
153454
153475
153482
153509
153518
153521
153538
153555
153593
153599
153631
153668
153705
153708
153727
153745
153748
153763
153776
153824
153838
153843
153859
153861
153871
153886
153899
153901
153910
153957
153965
153967
153974
153994
154057
154084
154091
154100
154132
134580
154165
154225
154226
154259
154274
154280
154141
154292
154293
154311
154316
154324
154333
154351
154358
154366
154368
154396
154415
154441
154454
154455
154480
154483
154370
154486
154504
154573
154577
154581
154622
154631
154646
154661
154659
154681
154685
154686
154696
154725
154735
154750
154761
154800
154814
154850
96483
154851
154858
154868
154885
154935
154944
154951
154971
154986
154990
153459
154994
155018
155031
155035
155034
155045
155050
155063
155083
155099
155107
155150
155171
155184
155222
155227
155231
155251
155280
155316
155333
155340
155350
155364
155379
155381
155396
155407
155417
155422
155438
155452
155459
155480
155497
155499
155517
155525
155530
155540
155577
155594
155622
155632
155652
155666
155668
155671
155701
155668
155720
155736
155753
155772
155775
155780
155783
155815
155820
155869
155883
155884
155927
155929
155931
155936
155934
155948
155947
155964
155980
155985
156016
156018
156035
156046
156087
156088
156095
156107
156165
156170
156196
156231
156285
155982
156320
156327
156337
156366
156377
156378
156392
156416
156418
156448
156470
156475
156477
156488
156519
156526
156536
156585
156593
156602
156617
156636
156644
156694
156703
156726
156760
156762
156766
156809
156843
156857
156865
156875
156877
156908
156916
156917
156920
156978
156992
157021
157027
157036
157042
157052
157064
157139
157140
157175
157192
120848
157209
157240
157258
157259
157287
157324
157351
157397
157421
157447
157464
157465
157486
157513
157528
157533
133665
157539
157547
157558
157616
157653
157685
157705
157714
157735
157758
157799
157815
157818
157856
157876
157880
157894
157906
157915
157923
157928
157926
157936
157949
157994
158059
158071
158075
158071
158085
158150
158158
158223
158247
158254
158264
158294
158297
158311
158329
158375
158379
158401
158405
158406
158407
158406
158414
158458
158504
158548
158564
158578
158588
158609
158627
158631
158651
158655
1705
158684
158688
158692
158733
158735
158733
158744
158767
158782
158861
158879
158893
158899
158904
158908
158865
158942
158958
158972
159017
159041
158990
159046
159070
159073
159086
159113
159121
159171
159193
159218
159244
159321
159335
159339
159342
159344
159346
9466
159369
159383
159400
159365
159407
159415
159449
159452
159464
159466
159473
159495
159519
159536
159535
159549
159553
159565
159564
159578
159579
159601
159625
159638
159669
159708
159711
159734
159739
159769
159774
159782
159780
159807
159819
159852
159863
159868
159893
159911
159920
159931
159964
159981
160009
160012
160013
160029
160030
160029
160034
160036
160069
159819
160083
160093
160106
160109
160107
160114
160036
160132
160161
160227
160259
160282
160295
160326
160346
160354
160362
160382
160406
160408
160410
160436
160459
160462
160473
160489
160520
160556
160617
160664
160676
160718
160732
160615
160788
160839
46401
160847
160852
160853
160902
160927
160990
160996
161002
161009
161035
161048
161049
161072
161096
161103
161120
161125
161147
161153
161184
161209
161257
161260
161278
161294
161108
161348
161378
161390
161395
161400
82955
161403
161415
161429
161452
161453
161452
161482
161536
161546
161555
161554
161576
161582
161609
161616
161612
161634
161678
161708
161719
161722
161731
161764
161589
161769
161816
161827
161833
161836
161852
161861
161873
161901
161903
161930
161960
161965
161971
161993
162011
162031
162061
162095
162102
162118
162137
162151
162153
162159
162170
162183
162224
162226
162257
162269
162285
161912
162297
162365
135224
162388
162401
162420
162430
162435
162445
162456
162528
162538
162512
162553
162604
162615
162667
162668
162670
162679
162680
162703
162718
162723
162744
162766
162768
162813
162831
162836
162837
162860
162862
162867
162876
162886
162898
162902
162917
162920
162936
162961
135187
163033
163038
163041
163049
163107
163117
163136
163153
163170
163183
163234
163237
163241
163292
163310
163391
163426
163443
163483
163512
163551
163555
163557
163563
163576
163596
163632
163663
163665
163668
163677
163690
163707
163730
163816
163825
163828
163850
163853
163855
163892
163894
163909
163871
163929
112
163984
164010
164026
164081
164096
164099
164117
164120
164157
164158
164167
164180
164212
164222
164224
164239
164243
164265
164273
164280
164285
164328
164343
164402
164460
164471
164522
164539
164547
164566
164573
164587
164614
164617
164633
164632
164645
164643
164649
164659
164677
164688
164701
164706
164723
164724
164732
164734
164746
164760
164769
164778
164815
164838
164842
164858
164864
164883
164892
164905
164910
164921
164932
164933
164937
164940
151205
164950
85202
164956
164955
164965
164971
164987
164995
164999
165014
165019
165028
165031
165046
165052
165069
165093
165128
165132
165149
165151
165149
165156
165168
165185
165194
165209
165218
165227
165283
135682
165309
165329
165338
165355
165397
165400
135538
165427
165441
165445
165451
165482
165498
165503
165504
165510
165524
165531
165535
165555
165567
165574
165606
165620
165624
165630
165642
165643
165656
165654
165675
165692
165734
165738
165748
165770
165794
165845
165884
165889
165918
165930
165936
165944
165964
166025
166037
166080
166084
166113
166126
166133
166141
166151
166156
166213
166226
166229
166231
166249
166266
166281
166356
166379
166380
166406
166450
166481
166489
166499
166520
166522
166528
166531
166537
166539
166541
166539
166573
166579
166600
166615
166619
166664
166676
166699
166702
166713
166759
166343
166779
166782
166787
166801
166830
166833
66768
166867
166878
166894
166908
166915
166918
166942
166943
166954
166960
166968
166987
167042
167043
167048
167047
167056
167069
167079
167128
167165
167172
167177
167188
167242
167243
167267
167269
167271
167296
167315
167353
167356
167380
167382
167407
14025
167426
167427
167438
167456
167473
167476
167560
94627
167568
167598
167601
167636
167690
167711
167712
167725
167743
167757
167790
167803
167813
167827
167833
167843
167848
167872
167893
167903
167909
167921
167985
168017
168040
168050
168064
168088
168104
168106
168132
168160
168167
168174
168192
168197
168212
168216
168230
168229
168237
168280
168295
168296
168316
168353
168350
167893
168371
11578
168401
168431
168487
168493
133065
168502
168510
168529
168385
168540
168555
168559
168589
168608
168617
168586
168629
168626
168657
168659
168666
168714
168734
168809
168840
168856
168872
168878
168899
168906
168937
168949
168961
168967
169007
169010
169024
169029
169040
169076
169084
169090
169100
169120
169157
169220
169241
169243
169247
169275
169279
169297
169313
169315
169337
169352
156418
169376
169381
169390
169440
169453
169452
169465
169509
169524
169562
169565
169567
169570
169615
169621
169639
169665
169685
169693
169706
169730
169729
169738
169776
169779
169781
169788
169789
169788
169814
169817
169839
169859
169857
169867
169893
169928
169934
169935
169942
169969
169985
169995
170003
170015
170022
170114
170127
170149
170171
170208
170215
170219
170231
170233
170236
170256
170267
170279
170278
170299
170295
170309
170312
170319
170323
170344
170346
170377
169685
170409
170411
170413
170438
170437
170490
170512
170524
170529
170533
170552
170601
170609
170623
164906
170636
170647
170671
170698
170734
170743
170771
170779
170786
170791
170818
170850
170861
170864
170879
170902
170904
170913
170930
170929
147983
170948
170976
170977
171004
171013
171025
171042
171059
171062
171083
171093
171151
171193
171197
171224
171230
171319
171356
171372
171396
171404
171416
171427
171506
171520
171523
171524
171540
171546
171592
171603
171642
171662
171674
171688
171706
171756
171767
171811
171828
171844
171847
171853
171866
171867
171878
171915
171926
171965
171982
172034
172078
172080
172098
172116
172167
172182
172189
172192
172220
172235
172255
172362
172369
172376
172383
172386
172387
172390
172400
172441
172467
172474
172485
172553
172567
172569
172574
172591
172613
172620
172628
172641
172650
172761
172785
172788
172805
172829
172834
172840
172842
172898
172903
172912
172781
172915
172929
172998
173053
173084
172982
173101
173163
173179
173216
173218
173221
173218
173271
173279
173311
173032
173316
173348
173369
173400
173404
173280
173462
173477
173486
173501
173523
173543
173579
173591
173614
173644
173662
173671
173678
173681
173722
173729
173738
173768
173778
173816
173814
173817
173827
173829
173838
173847
173857
173867
173872
173876
173885
173896
173904
173925
173939
173947
173970
173991
174002
174006
174063
174097
174124
174127
174136
164573
174144
174155
174154
174166
174228
174230
174242
174154
174244
174254
150245
174275
174279
174296
174298
174323
174325
174341
174409
174421
174431
174455
174457
174479
174494
174386
174507
174515
174521
174530
174541
174542
174541
174557
174555
174560
174574
174582
174603
174653
174676
174689
174709
174730
174742
174749
174750
174754
174758
174784
174787
174789
174795
174830
174874
174883
174915
174917
174949
174943
174973
175000
175005
175037
175050
171159
175080
175092
175141
175149
175157
175195
175199
175371
175378
175383
175398
175407
175439
175496
175505
175507
175515
175521
175570
175574
175589
175611
175646
175649
175668
175677
175685
175689
43678
175699
175703
175715
175710
175724
175727
175755
175766
175772
175790
175797
175824
175831
175841
175843
175885
175921
175925
175926
175973
176044
176056
176084
176090
176100
176186
176194
176198
176213
176216
176233
176248
176254
176257
176275
176280
176323
176328
176360
176361
176370
176375
176389
176387
176400
176407
176447
176451
176464
176479
176494
176531
176536
176545
176557
176573
176583
176621
176639
176673
175908
176682
176725
176733
176738
176740
176746
176760
176799
176800
176803
176833
176871
176885
176910
176930
176955
176966
176973
176999
177011
177047
177069
177080
177082
177094
177096
177102
177118
177137
177183
177201
29423
177240
177306
177323
177363
177413
177452
177463
177467
177475
177489
177511
177545
177567
177593
177635
177644
177646
177665
177684
177689
177694
177700
177705
177716
177730
177737
177437
177743
177755
177763
177769
177775
177805
177818
177821
177833
177849
177853
177858
177895
177911
177928
177938
177958
177964
177976
178017
178025
178041
178065
178071
178091
178108
178147
178152
178163
178174
178203
178209
178216
178220
178230
178235
178305
178325
178334
178355
178354
178370
178407
178414
178420
178426
178433
178436
178448
178452
178465
178477
178499
178527
178534
178549
178552
178556
178568
178590
178594
178600
178637
178658
178683
178731
178738
178771
178784
178795
178823
178833
178855
178873
178894
178904
178930
178941
178947
178965
178984
178989
179027
179062
179074
179077
179086
179093
179096
179110
179183
179187
179190
179213
179241
179123
179264
179294
179296
179313
179347
179377
179387
179401
179436
179485
179492
179503
179510
179519
179554
179590
179616
179647
179651
179733
179736
179749
179746
179872
179902
179935
179953
179996
179998
180015
180034
180041
180049
180063
180095
180119
180136
180151
180156
180158
180162
180167
180170
180167
180304
180309
180326
180332
180337
180376
180416
180424
180430
124625
180446
180485
180487
180491
180496
180498
180524
180557
180573
180608
180612
180632
180641
180646
180650
180656
180670
180677
180194
180696
180708
180738
180777
180802
180823
180864
180917
9225
181031
181034
181047
102227
181090
181168
181185
181231
181242
181246
181258
180911
181318
181351
181201
181355
46189
181363
181387
181399
181428
181493
181501
181500
181587
181613
181621
181637
181646
181655
164732
181715
181732
181731
181778
181779
181787
181795
181797
181816
181819
181821
181856
181865
181866
181874
181957
182029
181865
182031
182038
182063
182086
182115
182149
182152
182173
182182
182243
182248
182256
182255
182267
182285
182299
182364
182367
182371
182399
182406
182423
182437
182476
182492
182533
182545
182549
182572
182578
182626
182631
182639
182641
182652
182671
182670
182728
182799
182839
182857
182935
182994
183007
183034
183050
183048
183066
183088
183104
183143
183152
183160
183174
183205
183207
183240
183254
183251
183299
183311
52288
183342
183389
183450
183525
183569
183610
183642
183649
183671
183699
183746
183776
183797
183807
183818
183819
183836
183864
183865
183868
183883
183905
183908
183917
183953
183960
183966
184030
184055
184065
184113
184152
184170
184208
184276
184326
184350
184363
184384
184449
184457
184467
184502
184505
184574
184577
184592
184622
184648
184681
184684
184735
184744
112391
184768
184772
184807
184806
184810
184830
184845
184853
184866
184877
184879
185002
185013
185020
185023
185030
185041
185085
185133
185156
185169
185176
185180
185067
185247
185273
185279
185329
185335
185351
185354
185390
185396
165361
185416
185429
185494
185553
185577
185585
185606
185630
185638
185664
185690
185712
185738
185740
185769
185824
185870
185877
185941
185979
186002
86805
186028
186038
186104
186119
186230
186241
186242
186241
186269
186293
186310
186317
186326
186348
186379
186375
186383
186429
186448
186475
186480
186553
186555
186583
186622
186670
186714
186719
186718
186728
186749
186818
186826
186888
186912
186928
186958
186965
186993
187057
187079
187143
187184
165875
187209
187216
187221
187245
187358
187396
187442
187460
187507
37
187512
187518
187523
187588
187660
187669
187660
187673
187699
187793
187816
187864
188011
188033
188053
188125
188222
188226
58511
188240
188263
188273
188292
188326
188380
188418
188480
188508
188528
188546
188564
188588
188646
188662
188664
188769
188841
188843
188895
188955
154659
188965
188972
188997
189014
182000
189023
189165
189178
189212
189245
189282
189320
189375
189394
189398
189405
189452
189485
189488
189510
189628
189650
189697
189746
189776
189800
44838
189814
189822
189941
189955
189957
189959
189991
165151
190004
190008
190013
190033
190079
190081
190134
190153
144702
190152
190166
190210
190222
190235
190254
190285
190306
190311
190406
190515
190589
190623
190715
190718
190720
190731
165616
190789
190840
190852
190855
190870
190881
190988
190997
191002
191014
191025
191070
191075
191092
191127
191235
191297
191329
191342
191348
191451
191543
191643
191662
191661
191683
191713
191724
191795
191799
191811
191945
191972
191981
192013
192022
97736
192061
192083
192131
192133
192146
192169
192218
192244
192256
192281
192323
192367
192418
192434
192464
192496
192575
192648
192668
192691
192730
192775
192842
192857
192898
192920
192934
193035
193045
193086
193087
193102
193108
193186
193266
193298
193342
193375
193421
193500
193510
193511
170056
193536
193597
193624
193645
193678
193728
164971
193748
193751
193770
193817
193825
193893
170704
193964
193972
193998
194039
194048
194082
194115
194197
194229
194315
194337
194409
194508
194514
194543
194546
194543
194583
194602
194622
194627
194701
194753
194776
194841
194896
194923
194957
195067
195090
195106
195124
170233
195130
195139
195142
195196
195200
195340
195364
195365
195370
195432
195443
195461
195535
195583
195604
195649
195655
195714
195716
195781
195815
195831
195886
195917
195922
195929
195927
195956
195976
195995
195823
195998
196000
195910
196047
195561
196084
196099
196130
196235
196250
196320
196333
196373
196397
196413
196434
196439
196452
196465
196512
196536
196544
196621
196657
196681
196688
196805
196807
136403
196822
196842
196863
196928
196933
196978
196993
197032
197125
197135
197138
197186
197217
197228
197266
197283
197308
197350
196952
197378
197421
197613
197636
197650
197678
197692
197712
197723
197785
197786
197886
197889
197913
197921
198026
198032
198043
198118
198130
198126
198182
198221
198247
198251
198256
198262
198313
198316
198473
198523
198609
198724
198749
198797
198805
198813
198818
198840
198895
198961
198967
198998
199062
199076
199099
134175
199117
199156
158406
199163
199175
199193
199215
199258
199268
199275
199300
199409
174988
199417
199438
199439
199438
199453
199479
199487
199497
199517
199535
199577
199580
199619
199693
199713
199733
199747
199787
199807
199898
199901
199907
199936
199941
199954
199965
199985
200000
187745
200022
200069
200138
200245
199941
200322
200380
200383
200437
200492
200525
200701
200831
200701
200905
200921
200922
200984
201005
201014
201026
201058
201089
201122
201199
201222
201298
201303
201321
201335
201466
201495
201575
201592
201657
201685
201715
201760
201814
201840
201849
201857
201875
201923
201929
201955
201957
202051
202070
202082
46028
202130
202153
202243
202260
202313
202333
202355
202367
163443
202405
202404
202422
202465
202492
202505
202523
202534
202540
202558
202577
202578
202601
202607
202404
202626
202630
172967
202645
202789
202818
202916
202930
202939
202946
202952
203032
203053
203056
203058
203062
203072
203080
203101
203114
203142
202850
203172
203213
203056
203217
203290
203293
203366
203400
203406
203434
203438
203460
203527
203578
203593
203606
203630
203659
203683
203798
203817
203864
203659
203947
203966
204012
204023
204040
204082
204088
204110
204350
204364
204431
204446
204464
204484
204486
204489
204529
204575
204614
204637
204649
204658
204682
204697
204486
204770
204794
157919
204799
204805
204822
204853
204982
205062
205105
205193
205235
205239
205254
205261
205263
205275
205304
205322
205328
205373
205390
161546
205409
205518
205534
205596
205607
205613
205650
205692
205698
182267
205711
205754
205805
205862
205876
205886
205894
205943
205990
206032
206060
206073
206089
206098
206102
206160
206280
206354
206366
206373
206479
206482
206484
206488
206491
206495
206526
206461
206540
206562
206587
206646
206658
206661
206665
206659
206674
206756
206848
206907
170114
206924
207052
206949
207063
207076
207082
207118
207146
207164
207265
207342
207341
207355
207364
207440
207453
207491
207627
207631
207673
207802
207832
207842
207893
207892
207930
207931
207967
207973
207978
207999
208031
208102
208111
208116
208136
208149
208169
208183
208257
184124
208268
208270
148023
208274
208292
208288
208337
208378
208433
208451
208507
208530
208537
208544
208604
208613
208646
208678
208741
208743
208767
208648
208780
157565
208787
208902
208942
208947
208959
208994
209008
209030
209055
209076
209124
209169
209177
209211
209290
209329
209400
209452
209521
209551
209572
209600
168192
209617
209633
209638
209650
209732
209748
165061
209763
209779
209809
209824
209951
210044
210169
210186
210200
210221
210293
210296
210302
210360
210380
125216
210462
210478
46982
210480
210507
210526
210590
210610
210667
210745
210820
210857
210887
210980
211037
211040
211069
211103
211107
139084
211112
211116
85873
211133
211162
211165
167018
211177
211194
211215
211271
211273
211323
211337
166987
211457
211485
211493
211530
211542
211332
211653
211712
211748
211779
211876
184977
211919
212045
212055
212110
212119
212296
212310
185705
212443
212445
212449
212474
212489
212503
212506
212565
212573
212612
212628
212653
212656
212717
212728
212777
212778
212803
212810
212890
212891
212900
212919
212932
212985
212997
213056
213134
213233
213306
213340
213376
213404
213316
213445
213631
213634
213665
213806
213824
213885
213912
213955
214048
214138
214145
214148
214154
214164
214176
214190
214221
214231
214247
136829
214246
214280
214347
214384
214389
214409
214525
214609
214643
214732
214775
214787
214864
214905
214910
214921
214993
140124
215018
215022
215106
215151
215219
215234
215336
215449
215453
215501
215506
215528
215630
215714
215830
215847
215910
215932
215956
215967
216027
86116
216033
216095
216118
216143
216257
216338
216380
216431
216479
216566
216569
216592
216632
216630
161652
216646
91712
216680
216707
216716
216724
216790
216902
216905
216908
216925
216988
217006
217046
217048
217098
217109
217123
217130
217142
217145
217146
217192
217225
194056
217234
217251
217276
217406
217415
217429
217472
217484
217540
217543
217571
217618
217619
217625
217661
217666
217673
217707
217726
217764
217778
217780
217791
123254
217826
217986
217990
218016
218021
218047
218081
218093
218119
218178
218222
218226
218311
218363
218449
218459
35556
218491
218534
218547
218564
218609
218634
218660
218534
218674
218681
218702
218715
218747
218753
144163
218782
218812
150119
218821
218838
218893
218953
219029
219040
219052
219127
219154
219171
219192
219205
219245
219089
219255
219268
219271
219337
219386
219395
219485
219576
219596
219691
219736
219767
219783
219802
219809
219838
219849
219868
219897
219929
219989
219849
219614
220027
220032
220090
220163
17199
220300
220298
220303
220375
220394
220444
220486
220540
220511
220609
220707
220732
220835
41398
220889
220934
220810
220942
221014
221168
221190
221198
221211
221229
221257
221266
221278
221198
221324
221326
221341
221421
221429
221544
221580
221583
221617
194954
221623
221629
221759
221794
221800
221511
221829
221865
221872
221876
221945
221976
222080
222085
222144
222212
222214
222272
222280
222325
167426
222341
222370
222310
222381
222470
139571
222639
222641
222676
222716
222811
222826
222832
222833
222832
222845
222906
222916
222949
222906
222955
139050
222956
223022
223033
223079
223083
223107
155985
223138
147288
223175
223261
223293
223347
223349
223366
223411
223456
223478
223569
223558
223590
136505
223595
223601
223634
223640
223645
223664
223682
223725
223764
223802
223823
223867
138177
223933
224044
224061
224117
224140
224166
224229
224240
224252
224265
224281
224284
224286
224337
224389
224462
224500
224507
224550
224559
224565
17942
224577
224588
224598
224635
224661
224668
224675
224694
224704
224707
224711
224712
224718
224711
224753
137622
224764
224786
224792
224808
224819
224873
224906
224907
224956
224983
224985
224997
225058
225104
225177
225212
225316
225325
225332
225373
225419
225422
225457
225532
136005
225553
225563
225607
225618
225628
225682
225716
225748
225823
225842
225854
225877
225905
225911
225913
225953
225973
226028
226061
226074
226082
226101
226105
226148
226151
226202
85586
226231
226251
226303
226349
226354
226381
226414
226420
226436
226457
226476
226513
226518
226557
226583
226608
226618
226745
226764
226768
226769
226831
226910
226934
226936
226935
226988
227018
227037
227214
227246
227254
227401
227410
171652
227438
227448
227507
227515
227538
227547
227562
227571
227630
227710
227816
227818
197135
227906
228000
228018
228023
228037
228102
228137
228157
228229
228247
228258
228292
228297
228324
228333
228354
228365
228368
228375
228395
228404
228436
228445
228449
228463
228465
228480
228671
228719
228785
228789
228796
228800
228842
134877
228907
228970
102435
228989
228991
229006
229012
229031
229070
229118
229122
229135
229156
229243
229255
229262
229285
229346
229409
229480
229516
229525
229586
229607
229653
229663
229740
229756
229782
229832
229916
229977
230015
230042
230060
230069
230072
230133
230232
230311
230330
230444
230453
230520
230542
230552
230611
230617
204529
230626
230677
230695
230708
230711
230800
230831
230887
230925
230708
230963
230977
230991
231057
231079
231111
231170
231222
231228
231240
231257
231258
231326
150455
231367
231382
231383
231471
231477
231534
38325
231756
231760
231800
231811
231938
231975
231998
232019
232034
232050
232085
232109
232132
232148
232151
232262
232266
232325
232356
232370
232415
232424
232440
232498
232515
232555
232560
232567
232560
232635
232663
232664
232666
232693
232702
232705
232720
232784
232820
232839
232883
232924
233038
233071
233121
233214
233227
233267
233271
233297
233359
233375
233396
233420
233439
233477
233514
233545
233572
233620
233640
233651
233697
233781
233789
233813
233823
233898
233956
234040
234044
234109
234121
234133
234165
234169
234174
11888
126895
234179
234196
234223
234263
234293
234349
234371
234373
234376
234420
234424
234559
234617
234630
234647
234664
234704
234740
234810
234905
234921
234959
234963
234973
234991
235003
235014
235099
235112
235121
235141
235207
235141
235223
235231
235257
235302
119551
235393
235419
235430
235466
235488
235516
235528
235576
235591
235628
147780
129239
235643
235660
235705
235753
235765
235790
235796
235803
235809
235817
235831
235868
235906
235912
235957
235986
236000
236033
236047
236053
236054
236221
236330
235099
236343
236477
236496
236497
236582
135370
236587
236648
236782
235302
119551
236836
236865
236882
236912
236925
146619
237029
237034
237109
237134
237232
237239
237278
237389
237410
237488
237521
237569
237593
237611
237710
237726
237727
237811
213237
237816
237860
237862
237870
237875
237870
238054
238070
238124
238137
238156
238186
238212
238221
238284
238332
238087
122110
238342
238394
238429
238479
238550
145474
145475
238556
238578
238597
238612
238628
238640
238685
238713
238777
238790
238873
238886
238915
239060
239062
239083
239085
239094
239167
239204
239242
239399
239408
239422
239518
239558
239578
239594
239596
239626
239647
239652
239723
239874
239923
240019
240039
240076
164007
240129
240134
240215
240217
240227
240232
240263
240341
114867
240368
240372
240383
240508
240564
240607
240647
240686
240691
240699
240724
240797
240812
240846
240865
240871
240879
240923
240943
240952
241004
143031
241030
241145
241159
241191
241174
241246
241328
241339
241412
241455
241468
241531
241544
241570
142427
241602
241709
241719
241729
199450
241747
241753
241755
241814
241849
241858
241865
241961
242002
242029
242069
242074
242081
242084
242111
242161
242170
242172
242195
242221
242258
242299
242309
242326
242451
242456
242463
242568
242602
242628
242719
242727
242739
242771
242789
242797
242831
242841
242842
242890
242959
242985
243008
243080
243113
243161
66229
243217
243388
243431
243439
243469
243475
243537
243551
243562
243611
243638
243671
243680
243692
243723
243735
243786
243809
243819
243848
243865
243897
243909
243919
243938
243951
243966
243999
244050
244064
244090
140987
244138
244164
244168
244237
244246
244264
244303
244302
244316
244338
244353
244404
244421
244454
244253
244478
244499
244508
244541
244553
244568
244600
244722
244735
244788
244820
244903
244937
245057
245064
245094
245162
245166
245175
245179
245205
245221
245255
245467
245500
245512
245525
245554
245584
245462
245586
245605
245617
245633
245729
245737
245740
245839
245908
245942
246019
246058
246063
218747
246128
246146
246170
246291
246407
246427
246516
246535
246538
246560
246596
246605
246625
138570
246681
246706
246727
246787
246798
34822
246811
246852
246871
246911
246923
246935
246946
246988
247017
247060
247084
247090
247118
141894
247145
247199
247230
57832
247289
247331
83463
247401
247422
247435
69593
247452
247574
247579
247587
247663
247725
247747
247766
247768
105554
247782
247800
247926
247934
247937
247961
247963
248023
248068
248118
248169
248188
248237
248285
51805
248317
248394
248530
248574
248663
248671
248789
248855
248882
248906
248977
248989
248993
244390
249014
249186
249196
249201
249290
249316
249344
249456
249471
249549
249565
249676
249711
249802
249829
249889
249945
249949
249829
250008
250059
250086
250095
250109
250127
250158
250202
250253
250086
250291
250303
250202
250330
250393
250399
250403
250409
250439
250553
250583
250621
250630
250688
250579
250702
250709
250714
250725
250786
250791
250820
250895
250946
250947
250973
250976
250985
251065
251131
107299
251134
251153
251164
251240
251256
251282
251340
251399
251404
251436
251567
138652
251678
251761
251838
251884
251987
251989
252050
252067
252092
252090
252154
252257
252287
252329
252332
252202
252341
252344
252403
252482
252518
252527
252533
252637
252645
252666
252764
252784
252853
252901
252922
253006
253018
253035
253061
253068
253094
253102
253115
253161
253232
253266
253288
253301
253310
253349
253408
253438
253451
253590
253684
253705
253719
7189
253728
253751
253805
253880
253903
253937
253990
254016
254077
254089
254107
254157
254163
254195
254209
254302
254305
254350
254375
254455
254469
254474
254570
254575
254636
159073
254678
254733
254746
254755
254770
254808
254826
254360
254842
254841
254868
254942
254968
254979
255022
255041
255088
255100
255141
255194
255205
255330
255358
255515
255542
255601
255621
255666
255674
255688
255709
255779
255848
255854
169084
255922
255943
255967
255969
255991
256036
256044
256080
256125
256134
256171
256204
256219
256237
256280
256291
256298
256311
256325
256237
256342
256361
256390
256403
256291
256456
256466
256592
256600
131813
256622
256656
256683
256694
256582
256705
256732
256766
256765
256771
256779
256796
256931
256990
257003
257013
257079
257140
257174
257198
257207
257242
257359
257381
257497
98401
257575
257607
257628
257633
257674
257730
257767
257871
257876
257877
257905
257921
257923
257985
257921
257996
97949
258003
258010
258163
257767
258172
83839
89489
258207
258248
257853
258253
258271
258316
258324
258332
258380
258450
258464
258493
258602
258666
258771
258781
258897
258902
258914
258935
258961
258976
259064
259063
259097
259131
259139
259153
259172
259173
259186
259243
259253
259277
259293
259312
259384
259388
259514
259525
259531
259551
259576
259584
259651
259660
259764
259791
259834
259840
259862
259918
259936
259953
259984
259998
260050
260105
260200
260242
260288
234263
260312
260317
260338
260393
260438
260459
260472
260496
260597
260672
260797
260805
260984
261073
261127
261182
261237
261282
79158
261284
261326
261338
261391
261416
261436
261468
261514
261554
261580
261611
261616
261623
261669
261715
261723
261870
261892
53085
261934
261943
261961
261974
237700
262056
262124
262158
262161
262158
262171
262212
262220
262348
262372
262386
38562
262399
262419
262542
262568
262723
262738
262741
262745
262753
262766
262783
262793
262852
262856
262865
262903
262965
262971
262989
263006
263037
263042
263127
263139
263180
263183
263215
263282
263334
263350
263355
263371
263393
263417
90295
263456
263481
263494
263527
263532
263614
263625
215281
263658
263667
263722
263733
263772
263846
263855
263908
263928
264003
264073
264084
264292
264304
264375
264391
264421
264424
264428
264441
264472
264523
264558
264620
264643
264676
264755
243611
264760
264785
264806
264810
264862
264868
264884
264905
264906
264947
264946
265011
265041
265071
265088
265121
265140
265147
265180
265211
265218
265258
265266
262989
265360
265379
265306
265394
249774
265478
265586
265607
265612
265614
265685
265718
265721
265739
265741
265743
265766
265802
265824
265833
265880
265938
265946
265947
265975
265992
266106
266189
266226
266240
266318
266375
266423
266455
266462
266578
266681
266690
266693
266750
266860
266864
266885
124789
266918
266919
266926
267000
267062
267085
267106
267112
267121
228131
267173
124418
124507
267211
267218
267321
267328
267352
15989
267349
267373
124284
267415
267509
267517
267558
267623
267637
267669
111186
267677
267717
267739
7486
267755
267759
149739
267794
267839
267850
267916
267956
268025
268040
268046
268107
268111
268113
268117
268141
268183
268232
268243
268268
268275
268294
268320
268396
268551
265946
268635
268653
268673
268688
268775
268818
268857
268923
269082
269089
269108
269129
269146
269155
269250
269255
269303
269315
269352
269353
269352
269384
269390
269438
269588
269651
269686
269820
269884
266690
269897
269906
269984
270002
270065
270095
270085
270106
270110
270158
270231
79081
270235
270276
270289
270332
270448
121741
270453
270530
270545
270590
270602
270661
270684
270785
270807
270856
271073
271094
271148
271217
271483
85164
271494
271527
132735
271560
108190
108316
271626
271649
271670
271672
271724
271742
271792
271820
271858
271947
98193
271959
272081
272112
272135
272171
272284
272306
272309
272326
272377
272429
272435
272475
272483
272579
272589
272648
39375
272710
272719
272764
272907
272933
272932
272947
272963
270703
273033
273109
273186
273239
273268
273296
273314
108361
273340
273349
273366
273374
273380
273425
273530
273545
273563
119639
273600
273613
273629
273651
106880
273653
106880
273656
273779
273788
273814
273841
273887
274019
73998
274058
274109
274156
274163
274187
274245
274288
274304
274306
274376
274379
274417
274533
274551
274584
274615
274715
274737
274790
274842
274868
274979
274993
275018
274998
275058
275120
275179
275230
275247
275294
275321
275230
275344
275372
275413
275437
275441
275505
275533
275570
275613
275635
275639
275678
275741
275743
275810
275842
205183
275870
275880
275885
275897
275936
275957
275995
276004
166375
77576
276008
276014
276034
276118
276179
276238
276297
276321
276393
276413
276491
276531
276550
276551
276575
276781
276799
276887
276988
277043
277054
277062
263378
272398
277158
277291
277352
277465
277499
277524
277571
277619
277645
277675
277688
277750
277752
277758
277803
71836
72032
277837
277913
277978
278074
278095
278247
278328
278355
278381
278403
278473
278511
278522
278561
278564
278593
278618
278634
278651
278798
278866
278869
278920
115605
278922
278928
278935
278966
279001
279054
279194
279250
279330
279343
279424
279436
279484
279504
67059
279542
279561
279581
279643
279646
279643
279736
279825
279860
279884
75556
279901
279963
279996
280159
280171
280277
280318
280328
280399
280450
280460
280463
280502
280555
280666
280678
280680
280694
280758
280838
280843
280885
280922
280982
280981
281018
281053
281103
281139
281153
281216
281243
281288
281329
281376
281428
281463
281376
281514
281526
281548
281637
281657
281661
281660
281759
281788
281839
281854
281857
281870
281879
281899
281906
281960
281990
282014
282073
282094
282098
282258
282386
282451
273563
282594
282625
282637
282677
282685
282837
282925
282991
283022
283133
283238
46857
283240
283259
283406
283493
283525
283595
283525
283725
283885
283889
283901
283960
283982
283985
284030
284098
284135
284293
284337
284414
284581
20795
20793
284616
284689
284757
284792
284836
284891
284922
284993
285001
285029
285071
285083
285148
285149
285148
285191
285192
285232
110221
285249
285293
110185
285308
285324
285355
285381
116800
285412
285427
285449
285461
285464
285476
285478
285482
285499
285512
285556
285482
285580
285584
285601
285651
285680
285692
285748
285794
285820
285840
285915
285945
286043
286063
286126
58333
286131
286155
286223
286237
286301
286306
286301
286330
286346
286377
286404
58840
286412
286416
286429
286560
286604
286611
286673
286690
286781
286849
286893
286915
286979
287032
287061
287067
287071
287100
287142
287191
287267
287303
287323
287457
287509
287530
287581
287589
287604
287722
11190
287754
287766
287793
287940
287956
287960
287976
288025
288100
288101
288209
288274
288297
288336
288344
288494
288517
288535
288552
288575
288601
288679
288701
288770
288663
288808
288814
288882
288920
94637
288949
288956
288882
288970
288997
289024
289027
289082
107223
289123
289154
289246
289328
289372
289381
289456
106947
289469
289530
289566
289642
289650
289668
289680
289697
289704
289716
289791
289830
290093
290113
290155
290267
290324
290323
290330
290365
290376
290399
290463
290492
290516
290667
290767
290777
290863
290909
290936
290955
290971
291056
291154
291341
291420
291495
291516
291535
291648
291688
291783
291800
291908
291910
291934
291980
292091
292268
292277
292304
292310
292346
292433
292463
128543
292494
292566
292622
292664
292727
292793
292792
292805
292844
292843
292858
292861
292874
292899
292964
292965
292990
293034
293081
293141
293161
293274
157127
293372
293474
293546
293640
293680
293808
293817
293843
293896
293957
293966
49440
293985
294019
294030
294075
294099
294147
294174
294184
294280
294365
294390
294427
294610
294661
294667
294686
294719
294776
294809
294839
294845
294859
294886
295056
295106
295105
295159
295180
295208
295232
295271
295471
295549
295607
102204
295678
295692
295716
295763
295765
295841
295847
4621
295907
295922
22483
295970
296064
296071
296134
296159
296224
296303
296356
296420
296422
296429
296482
296566
45044
296586
296611
296690
296730
296749
296739
296820
218317
296861
296867
296951
296970
43320
296980
297007
297118
297130
297205
297218
297270
33997
297280
297298
297304
297328
297434
297304
297496
297547
297572
297400
297651
297682
297695
297717
297746
297789
297892
297925
297947
297944
297952
297988
298025
298055
298075
298132
298242
298297
298303
298342
298362
298399
298480
298556
298399
298619
86657
298715
298739
298748
298822
298876
298893
298975
298977
39396
299125
299151
299185
299212
299239
299125
299346
299354
299357
299401
299407
299598
299602
299671
299687
299702
299714
299713
299736
299602
299739
299963
