1
21
29
32
57
67
90
93
95
98
107
112
117
118
143
139
147
151
181
209
210
212
219
224
231
243
245
247
256
262
267
269
272
278
317
318
323
332
337
340
347
355
374
362
378
391
389
377
393
395
414
419
431
434
447
455
456
458
459
470
474
471
478
487
503
510
515
518
527
534
536
537
540
553
554
557
558
561
566
570
578
583
603
601
612
630
634
635
641
645
630
662
664
668
666
672
687
690
692
690
696
699
698
707
709
711
726
730
733
739
746
749
779
796
820
829
857
896
897
912
932
933
949
953
962
981
1001
1006
1032
1037
1052
1064
1068
1075
1081
1092
1100
1106
1113
1119
1124
1125
1130
1125
1142
1141
1152
1157
1154
1158
42
1163
1172
1173
1185
1192
1244
1254
1262
1264
1266
1274
1278
1281
1289
1295
1292
1353
1357
1358
1362
1373
1378
1387
1405
1436
1437
1438
1437
1452
1462
1476
1474
1489
1502
1515
1535
1541
1535
1554
1556
1554
1557
1574
1576
1572
1589
1595
1599
1605
1617
1636
1640
1643
1640
1639
1645
1272
1656
1643
1639
1665
1670
1694
1704
1718
1719
1743
1749
1766
1793
1794
1795
1819
1825
1832
1842
1849
1869
1874
1885
1891
1906
1913
1906
1943
1945
1980
1987
2022
2027
2040
2044
2063
2073
2082
2102
2118
2127
2141
2147
2156
2162
2165
2163
2168
2177
2156
2188
2191
2195
2196
2207
2222
2250
2278
2280
2306
2319
2325
2333
2335
2355
2360
2364
2368
2371
2373
2380
2388
2399
2404
2416
2431
2436
2443
2453
2445
2458
2466
2463
2476
2475
2453
2488
2487
2499
2520
2521
2531
2543
2549
2557
2561
2575
2595
2621
2636
2649
2664
2669
2672
2671
2703
2708
2741
2745
2751
2758
2779
2816
2819
2823
2829
2836
2842
2849
2870
2887
2897
2916
2921
2928
2933
2937
2941
2956
2965
2979
2987
3011
3009
3029
3036
3040
3045
3047
3049
3078
3082
3107
3112
3143
3147
3159
3049
3167
3176
3175
3186
3189
3195
3198
3213
3230
3236
3297
3315
3319
3341
3349
3368
3373
3375
3373
3398
3410
3428
3433
3460
3470
3471
3478
3480
3487
3497
3496
3507
3510
3517
3496
3524
3525
3530
3539
3542
3539
3546
3547
3546
3559
3566
3552
215
3569
3573
3583
3595
3601
3613
3643
3642
3653
3659
3665
3666
3670
3672
3677
3699
3666
3735
3743
3740
3757
3762
3765
3753
3761
3772
3778
3780
3790
3799
3807
3816
3821
3834
3863
3900
3910
3907
3920
3932
3935
3941
3944
3956
3958
3962
3968
3970
3976
3983
3985
3987
3981
4000
4021
4032
4034
4045
4048
4055
4065
4068
4084
4083
4097
4098
4106
4121
4097
4136
4139
4152
4172
4173
4187
4195
4199
4215
4244
4254
4272
4285
4287
4302
4311
4337
4340
4370
4376
4383
4402
4442
4448
4449
4459
4493
4496
4493
4511
4524
4527
4554
4558
4562
4566
4571
4584
4601
4610
4623
447
4630
4637
4643
4651
4670
4673
4670
4679
4690
4730
4674
4710
4674
4739
4741
4742
4754
4763
4768
4767
4775
4777
4783
4792
4788
4809
4812
4823
4839
4842
4844
4842
4845
4882
4898
4925
4947
4954
4959
4994
4986
5004
5030
5043
5052
5056
5063
5060
5081
5107
5115
5120
5129
5132
5133
5137
5142
5149
5159
5168
5171
5179
5180
5182
5183
5189
543
5207
5208
5220
5231
551
548
5233
551
5237
5238
5246
5249
5252
5258
5297
5295
5312
5334
5348
5351
5369
5370
5375
5384
5387
5399
5409
5418
5423
5432
5460
5467
5477
5478
5490
5496
5501
5504
5505
5516
5524
5558
5559
5566
5579
5580
5590
5591
5590
5605
5615
5628
5634
5629
5643
5640
5679
5683
5687
5692
5706
5708
5706
5726
5730
5735
660
5750
5752
5770
5787
5792
5795
5803
5806
5811
5812
5811
5820
5828
5836
5844
5849
5857
5864
5866
5895
5914
5878
5911
5928
5967
5972
5975
5967
5984
5982
5985
5996
5999
6014
6022
6028
6032
6036
6039
6044
6047
6045
6052
6053
6069
6073
6075
6076
6097
6099
6108
6124
6126
6131
6134
6144
6152
6159
6164
6170
6171
6175
6202
6217
6219
6234
6249
6285
6286
6291
6288
6310
6314
6391
6409
6447
6483
6497
6506
6516
6518
6528
6540
6558
6581
6612
6674
6684
6716
6739
6738
6748
6764
6773
6794
6796
6812
6806
6830
6836
6842
6864
6888
6893
6896
6906
6916
6925
6943
6944
6945
6958
7000
7008
7036
7052
7056
7064
7075
7081
7084
7101
7096
7114
7142
7146
7179
7193
7200
7212
7220
7221
7241
7251
7254
7251
7265
7255
7282
7288
7335
7337
7349
7385
7390
7394
7403
7408
7410
7428
7433
7453
7460
7457
7461
7473
7485
7487
7497
7511
7527
7545
7560
7570
7576
7578
7594
7585
7598
7610
7621
7632
7647
7627
7655
7690
7703
7714
7718
7727
7733
7734
7737
7752
7756
7770
7773
7775
7784
7770
7797
7805
7803
7815
7819
7823
7821
7824
7830
7846
7860
7866
7855
7871
7875
7878
7879
7883
7884
7892
7898
7900
7902
7907
7916
7917
7925
7930
7937
7936
7969
7972
7969
7975
7982
7985
8011
8036
8044
8043
8048
8046
8049
8063
8062
8066
8071
8076
8108
8119
8108
8128
8125
8134
8142
8182
8191
8200
8203
8209
8232
8238
8253
8258
8294
8302
8319
8322
8331
8333
8334
8345
8352
8355
8363
8372
8371
8373
8399
8403
8413
8417
8441
8444
8446
8448
8442
8454
8455
8460
8470
8454
8478
8480
8452
8489
8493
8496
8520
8524
8532
8534
8548
8569
8559
8598
8605
8604
8610
8624
8630
8619
8638
8657
8658
8662
8657
8653
8691
8696
8698
8700
8703
8704
8708
8707
8712
8713
8709
8725
8727
8728
8731
8732
8734
8731
8732
8746
8750
8748
8756
8760
8768
8771
8782
8790
8791
8790
8801
8802
8806
8703
8815
8826
8830
8840
8867
8886
8896
8899
8902
8899
8909
8917
8925
8939
8950
8949
8957
8958
8968
8981
8988
8989
8991
9002
1181
9008
8979
8981
9016
9022
9039
9055
9052
9062
9061
9068
9062
9075
9083
9108
9113
9127
9139
9143
9149
9152
9154
9165
9169
8958
9178
9179
9195
9207
9217
9227
9233
9239
9247
9255
9258
9269
9270
9235
9284
9288
9331
9359
9346
9369
9375
9376
9375
9380
9388
9406
9405
9420
9426
9434
9433
9439
9446
9457
9460
9477
9481
9488
9498
9503
9509
9497
9518
9526
9535
9539
9542
9550
9558
9562
9573
9591
9607
9611
9607
9620
9621
9624
9621
9631
9641
9645
9668
9621
9680
9683
9705
9711
9737
9747
9748
9752
9753
9768
9790
9796
9803
9810
9820
9840
9884
9892
9898
9902
9903
9891
9918
9922
9925
9981
9985
9987
9993
9998
9999
10009
10011
10014
10021
10020
10027
10029
10031
10045
10047
10045
10044
10059
10063
10070
10071
10070
10076
10083
10084
10087
10091
10087
10113
10117
10119
10129
10132
10134
10136
10134
10129
10157
10160
10161
10176
10177
10179
10197
10212
10216
1288
10209
10227
10233
10245
10251
10272
10276
10307
10311
10306
10307
10319
10321
10329
10331
10343
10347
10373
10376
10379
10376
10370
10382
10389
10392
10396
10403
10412
10423
10429
10437
10449
10453
10460
1308
10453
10466
10467
10464
10484
10496
10498
10508
10517
10520
10517
10533
10554
10560
10566
10569
10566
10573
10593
10596
10611
10635
10662
10676
10699
10700
10714
10729
10772
10774
10785
10806
10808
10835
10849
10858
10862
10866
10871
10888
10924
10965
10976
10982
1254
10998
11004
11015
11022
11029
11033
11040
11067
11081
11080
11078
11096
11141
11145
11154
11161
11194
11166
11242
11251
11287
11296
11299
11306
11320
11342
11347
11363
11359
11398
11414
11415
11418
11426
11435
11432
11439
11447
11467
11479
11496
11510
11520
11538
11515
11548
11555
11595
11608
11612
11614
11619
11633
11641
11654
11669
11665
11674
11712
11707
11721
11729
11736
11747
11750
11753
11767
11768
11787
11798
11832
11835
11848
11855
11869
11879
11887
11894
11900
11936
11938
11948
11958
11961
12008
12011
12020
12026
12027
12045
12080
12078
12109
12106
12128
12130
12138
12140
12144
12173
12182
12186
12192
12194
12196
12213
12253
12262
12267
12276
1708
12312
12314
12317
12318
12335
12336
12335
12341
12356
1823
12363
12374
12383
12381
12401
12435
12443
12444
12447
12465
12469
12472
12475
12477
12485
12499
12502
12505
12514
12527
12523
12529
12537
12543
12570
12576
12578
12583
12588
12591
12608
12609
12613
12638
12647
12664
12667
12680
12683
12691
12702
12703
12711
12717
12736
12748
12774
12782
12807
12814
11669
11665
12821
12826
12839
12849
12850
12840
12849
12871
12902
12908
12927
12960
12966
12986
12989
12994
13011
13018
13030
13040
2168
13046
13053
13075
2134
13090
13093
13112
13128
13138
13150
13157
13165
13166
13167
13166
13216
13247
13253
13257
13272
13276
13298
13302
13311
13319
13322
13329
13332
13339
13349
13376
13384
13390
13414
2306
13422
13427
13433
13439
13445
13460
13476
13502
13512
13542
13559
13587
13608
13612
13622
13625
13654
13658
13662
264
13669
13674
13694
13698
13705
13713
13718
13723
13721
13742
13772
13782
13787
13803
13820
13825
13824
13844
13849
13856
4321
13862
13863
13894
13901
13909
13927
13937
13943
13942
13951
13953
13963
4227
13965
13995
13996
14012
14002
14013
14015
14016
14020
14009
14028
14030
14031
14041
14042
14044
14045
14060
14080
14131
14132
14139
14145
14154
14167
14173
14179
14183
14188
14193
14196
14200
14208
14217
14219
14228
14232
14240
14239
14242
14248
14244
14255
14254
14261
14262
14259
14267
14273
14292
14296
14307
14311
14313
14318
14324
14327
14344
14354
14357
14362
14375
14372
14318
14376
14378
14380
14379
14385
14386
14409
14418
14429
14438
14439
14453
14474
14476
14488
14513
14515
14517
14520
14532
14540
14552
14563
14573
14583
14587
14582
14591
14622
14636
14662
14664
14668
14670
14681
14684
14696
14697
14709
14727
14740
14754
14758
14778
14782
14783
14786
14790
14799
14853
14857
14662
14853
14870
14880
14877
14886
14888
14905
14912
14925
14939
14956
14973
14975
14984
14972
14994
15012
14994
15017
14994
15089
15097
15103
15119
15122
15125
4933
15144
15141
15175
15183
15191
15193
15195
15198
15192
15212
15210
15215
15216
15226
15230
15248
15257
15259
15265
15284
15293
15299
15300
15308
15324
15325
15344
15351
15358
15362
15359
15372
15380
15392
15406
15412
15420
15226
15458
15459
15467
15469
15478
15527
15531
15253
15532
15538
15531
15559
15572
15571
15581
15582
15598
15614
15613
15623
2659
15644
15651
15656
15658
15676
15691
15710
15714
15735
15651
15653
15656
15738
15740
15651
15738
15748
15730
15753
15763
15770
15777
15779
15794
15796
15795
15801
15813
15857
15861
15871
15861
15858
15873
15861
15858
15876
15877
15884
15908
15909
15927
15936
15965
15970
15998
16004
16005
16008
15998
16014
16022
16023
16043
16102
16108
16117
16130
16139
16151
16163
16191
16213
16222
16235
16245
16247
16249
16257
16260
16272
16274
16272
16275
16282
16298
16307
16309
16331
16332
16347
16356
16360
16362
16380
16414
16421
16422
16431
16438
16446
16460
16470
16476
16493
16504
16526
16540
16546
16550
16563
16565
16563
16590
16589
16594
16604
16610
16608
16614
16628
16634
16639
16649
16660
16667
16687
16696
16697
16702
16701
16707
16724
16727
16728
16744
16749
16761
7642
16768
16749
16767
16772
16791
7675
16788
16795
16820
16788
16828
16833
16839
16841
16849
2876
16860
16866
16869
16874
16868
16875
16904
16915
16938
16940
16950
16958
16960
16968
16978
16988
16989
16998
17004
17005
17017
17019
17026
17051
17064
17086
17088
17090
17093
17096
17105
17120
17132
17133
17146
17149
17156
17170
17178
17192
17197
17234
17253
17258
17262
17277
17291
17286
17306
17314
17321
17326
17331
17337
17322
17345
17343
17361
17369
17392
17396
17398
17411
17420
17429
17440
17450
17451
17446
17457
17463
17468
17466
17472
17487
17496
17516
17526
17543
8802
17587
17597
17608
17614
17611
17623
17669
17670
17678
17674
17701
17720
17729
17735
17738
17748
17752
17754
17755
17754
17757
17760
17764
17782
17787
17793
17800
17811
17815
17820
17827
17876
17858
17841
17897
17907
17920
17928
17930
17928
17934
17936
17934
17938
17947
17965
17969
17975
17965
17976
17996
18005
18009
18010
18012
3268
18024
18031
18047
18048
18056
18059
18087
18096
3219
18100
18105
18106
18110
18112
18119
18131
18140
18160
18169
18163
18174
18205
5561
18212
18218
18221
18227
5220
5222
18223
18218
18236
18237
18251
18248
18256
18261
18266
18268
18281
18280
18301
18305
18301
18299
18322
18344
18362
18365
18380
18381
18387
18385
18395
18400
18398
18404
18400
18424
18426
18444
18450
18454
18469
18470
18459
18469
18485
18486
18495
18486
18483
18513
18525
18533
18539
18546
18549
18551
18562
18572
18570
18594
18615
18623
17925
17922
18634
18642
18650
18656
18657
18658
18661
18676
18673
18682
18692
3319
18699
18704
18699
18720
18722
18725
18727
18736
17081
18779
18801
18802
18810
18830
18840
18853
18861
18857
18871
18874
18880
18890
18896
18701
18699
18906
18909
18906
18913
18928
18953
18951
18956
18966
18968
18966
18977
19004
19027
19056
19063
19074
19080
19096
19110
19117
19120
19151
19156
19159
19174
19180
19207
19217
19242
19250
19186
19256
19271
19268
19277
19278
19294
19314
19325
19346
19347
19398
19413
19433
19437
19455
19476
19453
19483
19494
19496
19517
19532
19533
19554
19562
3672
19565
19572
19578
19585
19583
19599
19613
19623
19629
19632
19641
19656
19655
19661
19662
19688
19691
19715
19727
19730
19732
19727
19737
19757
19801
19812
19815
19823
19824
19838
19841
19849
19848
19856
19868
19864
19866
19868
19878
19876
19882
19903
236
19902
19928
19782
19941
19954
19964
19971
19991
19992
19994
20000
19996
20015
20016
20025
19939
19942
20022
20034
20065
20075
20090
20091
20108
20121
20141
20147
20153
20152
20181
20184
20187
20192
20196
20198
20194
20216
20219
20228
20229
20240
20267
20275
20282
20283
20297
20305
20306
20335
20343
20358
20367
20389
20398
20412
20425
20402
20426
4162
20445
20448
20445
20458
20467
20472
20478
20494
20502
20508
20520
20525
20524
20526
20540
20542
20546
20544
20547
20570
20584
20604
20608
20612
20623
20637
20654
20675
20698
20711
20716
20722
20737
20748
20762
20768
20762
20770
20772
20812
20825
20837
20841
20849
20854
20885
20905
20911
20917
20942
20955
20966
20962
20967
20962
21023
21027
21032
21038
21048
21049
21048
21027
21066
21090
21096
21099
21105
21149
21153
21161
21170
21172
21181
21194
21206
21214
21213
21223
21225
21236
21251
21264
21269
21276
21283
21291
21308
21312
21315
21335
21338
21339
21348
21368
21377
21393
21424
21422
21436
21461
2380
21463
21471
21492
21496
21497
21505
21507
21505
14050
21516
21545
21563
21575
21589
21592
21603
21606
21628
21649
21650
21664
21669
21677
21684
21704
21707
21704
21708
21707
21704
21711
21715
21721
21726
21738
21734
21743
21750
21765
21767
21769
21760
21768
21774
21761
21775
21769
21777
21789
21804
21809
21768
21819
21825
21873
21872
21895
21906
4383
21895
21943
21959
21974
21976
21978
21985
21993
22016
22014
22022
22040
22042
22048
22045
22076
22100
22116
22129
22140
22173
22179
22180
22191
22207
4448
22214
22223
22229
22231
22248
17230
22261
22265
22273
22269
22283
22294
22311
22320
22325
22326
22331
22343
22359
22363
22366
22368
22385
22391
22421
22425
22439
22446
22460
22461
22465
22485
22487
22506
22509
22553
22554
22562
22569
22573
22590
22593
3763
22595
3778
22587
22607
22609
22176
22613
22619
22620
22621
22628
4526
22645
22646
22658
22669
22671
22685
22692
22708
22710
22726
22725
22728
22736
22747
22743
22768
22789
22797
22781
22830
22839
22840
22842
22850
22890
22894
22902
22903
22912
22929
22942
22945
22946
22945
22961
22976
22988
22961
22984
23023
478
23026
23035
23041
23040
23048
23065
23069
23065
23078
23079
23081
23096
23101
23107
23113
23114
23123
23136
23159
23177
23178
23184
23189
23173
23202
23206
23205
23224
23239
23243
23257
23256
23260
23266
23275
23278
23297
23319
23329
23336
23339
23341
23349
23354
23389
23392
23393
23402
23435
23457
23459
23488
23508
23531
23535
23562
4845
23582
634
23587
23593
23612
23607
23614
23619
23621
23634
23639
23644
23652
23663
23675
23690
23693
23695
23699
23710
23713
23726
23732
23741
23747
23757
23774
23775
23785
23793
23805
23878
23895
23910
23923
23935
23951
23957
23933
23958
23976
23991
24009
24016
24018
5225
24039
24056
24059
24073
24083
24073
24134
24135
24154
24179
24180
24178
24199
24203
24231
24240
24247
24249
24217
24270
24286
24271
24297
24298
24297
24335
24346
24356
24363
24387
24398
24346
24342
24408
24428
24431
24428
24465
24471
24478
24491
24500
24501
24505
24507
24520
24518
24528
24534
24552
24559
24560
24566
24570
24578
24593
24603
24623
24644
24659
24660
24662
24672
24686
24692
24696
24701
24704
24705
24712
24715
24719
24720
24751
24759
24757
24766
24789
24794
24807
24803
24813
24830
24876
24880
24897
24905
24908
24911
24913
24919
24932
24938
24940
24938
24954
24965
24974
24995
24994
25013
25015
25040
25038
25048
25057
25093
25126
25138
25134
25144
25147
25155
25166
25175
25179
25187
25199
25198
25209
25189
5604
25188
25210
25224
25228
25231
25258
25266
25271
25266
25273
25302
25299
25310
25312
25321
25320
25332
25339
25352
25355
25354
25357
25318
25372
25377
25382
25372
25391
25392
25398
25426
25444
25450
25458
25459
25458
25467
25469
25402
25474
25508
25509
25517
25514
25520
25524
25500
25509
25535
25533
25538
25551
25557
25560
25558
25557
25574
25580
25585
25597
25602
25643
25654
25657
25671
25673
25688
25684
25690
25699
25702
25704
25728
25733
25728
21779
21777
25734
25733
25234
25737
25745
25621
25755
25767
25779
25790
25793
25790
25797
25810
25815
25816
25847
25853
25863
19609
25866
25889
25883
25908
25942
25945
25948
25947
25965
25982
25956
25987
25990
25980
26000
26004
26006
26012
26014
26019
26031
26045
26049
26063
26073
26087
26092
26111
26134
26138
26139
26138
26150
26182
26186
26195
26202
26203
26221
26238
26232
26267
26271
26282
26286
26290
26295
26297
26298
26315
26321
26320
26332
26346
26363
26397
26399
26394
26397
26409
26414
26428
26432
26447
26465
26468
26471
26473
26492
26501
26500
26522
26517
26524
26528
26538
26543
26558
26571
26568
26584
26597
26604
26605
26632
26639
26662
26695
26727
6191
6164
26748
26752
26762
26763
26769
26795
26830
26838
26848
26852
26860
26864
26878
26879
26864
26881
17480
26888
26897
26898
26913
26946
26967
26970
26985
26995
27011
27019
27020
27032
27040
27041
27051
27066
27073
27083
27104
6286
6285
27138
27143
27145
27119
27170
27182
27191
27230
27249
27267
27278
27285
27295
27314
27331
27340
27342
27354
27375
27391
27393
27406
27423
27443
6704
27446
27469
27474
27482
27487
27507
27495
27513
27524
27558
27569
27572
27591
27616
27636
27668
27683
27688
27689
27709
27722
27729
27736
27756
27760
27781
27809
27814
27824
27815
27832
27837
27840
27846
27870
27877
27892
27898
27899
27904
27929
27898
27899
27936
27953
27972
27974
27992
27995
28004
28017
28055
28056
28060
28072
28073
28072
28075
28085
28087
28094
28113
28111
28127
28132
28157
28172
28173
28181
28182
28187
28183
28196
28197
28205
28211
28213
28223
28220
28226
28220
28229
28230
28232
28227
28243
28248
28250
28264
28266
28271
28278
28282
28297
28302
28313
28315
28318
28325
28337
28338
28367
28377
28385
28396
28405
28404
28412
28424
28427
28431
28436
28450
28463
28436
28471
28476
28464
28481
28492
28503
28504
28518
28527
28533
28542
28555
28600
28602
28605
28602
28618
28649
28651
28654
28663
28706
28718
28719
28724
28754
28781
28786
28790
28778
28797
28803
28836
28841
28844
28868
28718
28872
28885
28896
28900
28904
28923
28940
28948
28957
28965
28980
28989
28130
28127
29001
29016
29019
29034
29059
29062
29072
29074
29083
29105
29107
29113
29121
29125
29105
29194
29210
29214
29216
29227
29233
29236
29245
29248
29249
29248
29267
29268
29281
29278
29297
29216
29345
29381
29435
29459
29462
29470
29494
29503
29504
29523
29521
29529
29551
29558
29609
29622
29634
29644
29675
29672
29678
29684
29687
29688
29678
29735
29733
29762
29778
29802
7426
29809
29813
29854
29856
29858
29867
29864
29876
29882
29881
29893
29906
29914
29931
29943
29952
29954
29975
29976
29969
29980
29991
29995
30019
30022
30026
30047
30109
30131
30143
7513
30170
30171
30192
30193
30220
30224
30227
30244
30264
7944
7603
30273
30298
30297
30306
30317
30320
30330
30334
12312
30340
30355
30394
30410
30415
30414
30427
30430
30442
30445
30454
30455
30472
30480
7579
30491
30495
30504
30514
30535
30540
30510
30550
30549
30552
30559
30561
30586
30584
30594
30597
30594
30609
30615
30626
30629
30631
30629
30639
30586
30649
30657
30654
30661
30666
15849
30669
30675
30678
30692
30699
30703
30704
30712
30717
30729
30776
30779
30790
30798
30801
30812
30829
30834
30857
30862
7698
30870
30875
30879
30892
30896
30901
30905
30926
30924
30944
30958
30960
30982
30992
31000
31011
31017
31021
31045
31057
31065
31070
31080
31089
31115
31097
31113
31122
31133
31143
31177
31184
31207
31206
31212
7875
31217
31224
31248
31277
31280
31291
31314
31317
31358
31365
31435
31462
31465
31478
31489
31511
31516
31524
31530
31551
31553
31568
31583
31585
7943
31620
31621
31624
31625
31636
31635
31664
1508
31666
31674
10063
31688
31689
31688
31703
31700
31710
31715
31718
31723
31730
31741
31747
31741
31766
31780
31800
31803
31800
31807
31820
31806
31839
31831
31833
31845
31838
31846
31838
31860
31866
31875
31883
31889
31892
1500
31890
31902
31932
31937
31946
31937
31963
31964
31973
31976
2807
31979
31997
32019
32025
32037
32060
32078
32084
8184
32089
32091
32095
32103
1106
32120
32105
32139
32147
32165
32164
32195
32201
32234
32235
32237
32261
32252
32265
32266
32285
32281
32300
32305
32327
32325
32337
32357
32362
32364
32370
32371
32376
32382
32394
32403
32412
32409
32403
32404
32419
32423
32424
32433
32447
32460
32468
8238
32473
32481
32489
32492
32494
32496
32484
32521
32522
32521
32528
32538
8336
32541
32538
32568
32574
32588
32591
32613
32639
32521
32522
32640
32658
32662
32670
32676
32686
32690
32699
32701
32738
32744
32747
32753
32758
32772
32773
32784
32816
32845
1147
32852
32860
32852
32867
32872
32875
32878
8532
32889
32893
32903
32906
32909
32923
32922
32919
32934
32937
32867
32945
32946
32956
32834
32959
32970
32989
8595
32991
33010
32817
32999
33033
33050
33056
33058
33082
33088
33104
33108
33114
33127
33129
33164
33189
33213
33222
33224
33222
33225
33238
33245
33258
8657
8653
33276
33277
33307
33335
33341
33344
33349
33352
33356
33391
33407
33419
33423
33435
33454
33456
33482
33507
33489
33454
33522
33545
33558
33569
33578
33582
33607
33632
33637
33646
33656
33657
33669
33719
33750
33755
33764
33774
33777
33781
33789
33801
33806
33804
33824
33744
33818
33833
33851
33852
33848
33869
33872
33878
33883
33890
33893
33896
33897
33899
33944
33953
33966
33984
33986
33988
33998
34013
34019
34021
34035
34041
34046
34045
34051
34059
34065
34068
34070
34071
34090
34092
34095
34106
34118
34121
34133
10814
34138
34142
34143
34164
34176
34186
34184
34199
34202
34209
34213
34220
8771
34224
34259
34260
34283
34284
34290
34294
34293
34309
8701
34324
34350
34362
34365
34369
34374
34402
34405
34429
34438
34439
34476
34481
34508
34532
34540
8896
3496
34547
34552
34555
34588
34630
1173
34643
34656
34640
34663
34674
34679
34685
34673
34716
34726
34745
34555
34770
34776
34812
34823
34847
34860
34891
34899
34716
34922
34920
34931
34939
34956
34969
34979
34983
34987
34986
35002
35014
35015
35018
35038
35034
35044
35038
35064
35073
35064
35065
35077
35087
35091
35033
35026
35105
35108
35116
35123
35124
35102
35129
35126
35138
35141
35142
35154
35165
35171
35175
8995
35181
35201
35181
35204
35222
35215
35216
35232
35148
35235
35240
35249
35246
35219
35232
35148
35259
35268
35262
35281
35280
35295
35303
35304
35331
35343
35347
35361
35347
35367
35364
35373
35375
35376
35377
35376
35380
35388
35391
35392
35394
35398
35400
35417
35420
35429
35427
35431
35435
35433
35458
35462
35469
35474
35478
35480
35478
35488
35498
35505
35507
35532
9123
35539
35541
35548
35556
35529
35560
35597
35611
35614
35619
35616
35626
35628
35611
35610
35627
35630
35612
35656
35658
35747
35784
35793
35807
35809
35793
35813
35815
35813
35820
35822
35826
35793
35831
35793
35834
35835
35846
35851
35856
9341
35862
35871
35874
35884
35897
35901
35909
35910
9486
35908
35922
35930
35938
35941
35965
35972
35975
35981
35993
36008
36015
36018
36026
36055
36069
36107
10676
36114
36122
36132
36138
36145
36147
36145
36161
9486
35941
36171
36186
36189
36211
36218
36249
36186
36265
36297
36304
36307
18862
36304
36341
36348
36358
36362
36298
36374
36378
36392
36402
36408
36427
9550
36435
36434
36450
36455
36456
36457
36479
36490
36512
36536
36533
36547
36578
36576
34993
36587
36588
36609
36630
34607
36643
36645
36661
36663
36652
36679
36687
36688
36687
36698
36705
9046
36718
36736
36777
36793
9589
9603
36800
36809
36808
36818
36819
36821
36830
36855
36869
36873
36175
36877
36885
36897
36903
36922
36930
36953
36959
36967
9620
36971
35465
36991
9786
37004
37029
37034
37039
37041
37047
37059
37061
37064
37068
37074
37071
37079
37089
37106
37112
37121
37101
37122
37131
37085
37087
37139
37143
37153
37169
37170
37174
37194
37200
37203
37204
37213
37225
37224
37229
37223
37274
37272
37256
37283
37300
37301
37309
37313
37308
37331
37319
37345
37349
37357
37356
37361
37363
37379
37409
37417
37421
37429
37433
37438
37441
37448
37450
37449
37459
37435
37421
37447
37448
37459
37465
37473
37483
37487
37493
37496
37497
37520
37531
37538
37544
37538
37549
37553
37555
37560
37549
37564
37571
37576
37592
37599
37604
37613
37621
37626
37627
37628
37646
37648
37664
37676
37700
37721
37719
37722
37728
37736
37722
37743
37747
37743
37772
37780
37783
37791
37794
37800
37823
37822
37830
37834
37849
37830
37862
9975
37863
37875
37895
37903
37921
37923
37928
37922
37931
37930
37949
37954
37991
38007
38010
38007
38028
38043
38048
38065
38070
38089
9989
38092
38110
38156
38174
38206
38211
38222
38235
38232
38244
38245
38258
38269
38292
38303
38328
38334
38342
38347
38359
38342
38378
38385
38370
38392
38411
38421
38423
38430
38436
38441
38446
38382
38438
38451
38457
38451
38471
38493
38498
38494
38500
38508
38510
38512
8660
8658
38517
10242
10243
38520
38524
38520
38530
38531
10182
38548
38557
38559
38603
38604
38612
10392
38613
38621
38635
33287
10380
38628
38646
38651
38648
38667
38666
38692
38696
38683
38703
38711
38725
38743
38753
38759
38760
38763
38757
38773
38760
38751
38772
38790
38794
38805
38810
38826
38830
38843
38844
38855
38857
38873
38882
38892
38895
38897
38895
38919
38943
37780
38968
38981
38995
38998
39021
39025
39031
39042
39074
39088
39098
39108
39110
39113
39118
39131
39145
39157
39168
39172
39190
39189
39205
39207
39247
39262
39266
39276
37875
39286
39291
39307
39308
39314
39316
39321
39336
39341
39363
39375
39378
39383
39412
39432
39450
39461
39459
39470
39471
39485
39495
39507
39549
39560
39561
39600
39628
39632
39635
39637
39638
39685
39686
39700
39701
39710
39771
39779
39804
39815
39818
39820
39830
39834
39852
39877
39893
39912
39919
39922
39935
11310
39939
39950
39964
39974
39853
39980
39991
39995
40003
40009
40039
40049
40056
40066
40071
40097
40103
40111
40123
40130
40134
40135
40166
40167
40212
40224
40231
11501
40238
30273
40259
1452
40269
40278
40293
40274
40297
40302
40316
40320
40326
40354
40361
40366
40381
40388
40344
40393
40429
40446
40480
40490
40493
40499
40507
40518
40527
40547
40569
40573
40559
40575
40577
40575
40579
40585
40591
40601
40603
40610
40628
40645
40665
40701
40706
40713
40733
40747
40778
40780
40782
40804
40816
40833
40859
40860
40875
40898
40940
40944
40982
40986
41004
41069
41074
41089
1826
41092
41099
41102
41137
41160
41192
41200
41220
41228
41232
41238
41243
1815
1812
41249
41269
41273
41293
41260
41298
41343
41355
41397
41403
41242
41407
41413
41414
41413
41427
41432
41430
41456
41466
41458
41485
41493
41484
41509
41516
41526
41521
41531
41541
12695
41546
41547
41549
41470
41558
41562
41535
41559
41569
41570
41573
41571
41585
41571
41591
41596
41604
41617
41605
41620
12568
41625
41632
41640
41646
12556
12552
41668
41676
41684
41685
41701
41710
41724
41593
41581
41733
41730
41747
41755
41770
31829
41776
41783
41808
41813
41807
41819
41814
41817
41832
41844
41851
41845
41859
41878
41894
41907
41903
12696
41925
41927
41949
41954
41958
41969
41979
41987
42003
42016
12636
42030
12623
42033
42036
42038
42051
42063
42073
42116
42123
12879
42152
42173
42175
42187
42208
42238
42241
42248
42262
42265
42271
42289
42335
42337
42418
12986
42437
42443
42469
42472
42504
42520
42525
42556
42571
42578
42586
42616
42620
42630
42620
42640
42659
42650
42642
42694
42695
42698
42751
42760
42770
42760
42790
42800
42790
42806
42794
42830
42861
42864
42884
42889
42896
42903
42910
42915
42938
42958
42960
42961
42970
42977
42994
43006
43016
43027
43040
43052
43054
43020
43022
43056
43065
43072
43068
43075
43092
43106
43112
43113
43121
43126
43130
43145
43155
43185
43186
43196
43203
43231
43245
43270
43301
43329
43352
43361
43380
43390
43393
43395
43397
43403
43446
43474
43491
43503
43526
43549
43568
43592
43602
43622
43623
43632
43638
43642
43661
43682
43683
43692
43724
43748
43749
43755
43756
43764
43761
43780
43793
43808
43810
43813
43814
43821
43828
43835
43833
43858
43871
43870
43875
43884
43896
43905
43939
43944
43951
43954
43962
43972
43978
20594
20593
43987
43997
44014
44016
44023
44034
44052
44064
44066
44068
44078
44081
44079
44096
44104
44106
44137
44154
44083
44195
44205
44206
44217
44213
44258
44260
44308
44316
44323
44326
44342
44343
44354
44357
44366
44364
44368
44372
44388
44391
44389
44404
44412
44435
44437
44447
44451
43413
44457
44468
44469
44477
44493
44504
44519
44525
13754
44526
44534
44538
44542
44550
44556
44558
44561
44570
44572
44575
44576
44575
44581
44590
44663
44672
44673
44695
44708
44556
44717
44715
44725
44750
44743
44781
44795
44800
44808
44830
44861
44904
44933
44939
44955
44972
44979
44882
45002
45009
45040
45069
45081
45085
45089
45115
45159
45164
45172
45168
45185
45198
45209
45228
45233
45237
45245
45247
45254
45255
45251
45258
45260
45262
45268
45254
45253
45267
45290
45293
45308
45311
45308
45317
45320
45323
45329
45332
45349
45351
45360
45370
45380
45383
45405
45414
45419
45424
45423
45427
45429
45452
45464
45471
45465
45478
45503
45514
45520
45511
45523
45563
45569
45588
45620
45627
45635
45641
45635
45644
45662
45688
45699
45700
45728
45735
45738
45747
45762
45757
45772
45781
45789
45799
45814
45852
45853
45865
45892
45902
45941
45950
14208
45953
45967
45974
45980
45993
45983
45995
46007
46016
46025
46023
46031
46045
46052
46058
46060
46069
46085
46096
46116
46120
46127
46115
46130
46132
46136
46147
46149
46175
46177
46189
46203
46211
46215
46221
46239
46244
46249
46258
46267
46217
46281
46291
46308
46330
46337
46341
46351
46347
46373
46361
46376
46381
46388
46393
46408
46422
46427
46431
2395
46443
46453
5551
46454
46453
46458
46459
46469
46528
46556
46559
46586
46590
46594
46606
46608
46634
46650
46686
46712
46730
46742
46754
46753
46768
46770
46774
46775
46788
46756
46776
46795
46807
46808
46814
46827
46845
15097
46860
46886
46891
14893
14886
14888
46929
46930
46929
46937
46975
46976
44508
44505
46975
46997
47009
47022
47029
47012
47000
47042
47054
47062
47068
47070
47081
47083
47086
47094
47101
47114
47119
47123
47120
47119
47135
47133
47136
47133
47139
47133
47136
47135
47146
47153
47156
47157
47178
47176
47179
47190
2720
47191
47199
47174
47153
47239
47244
47247
47246
47244
47251
47256
47257
47261
15248
47268
47265
47277
47287
47295
15220
47302
47305
47323
47319
47370
47377
47388
47407
47416
47415
47427
47449
47474
47494
47503
47520
47525
47521
47524
47542
47546
47542
45077
47549
47556
47557
47562
47590
47615
47613
47627
47628
47633
47645
47647
2638
47654
47672
15576
47677
47678
47693
47677
47678
47703
47706
47716
47719
47681
47747
47745
47755
47762
2669
47749
47795
47772
47802
47813
15198
47801
47820
47865
47868
47879
47817
47820
47884
47895
47902
47911
47915
47924
47930
47934
47937
47934
47930
47948
47951
47952
47965
48025
48049
48053
48102
48105
48122
48121
48139
48143
48156
48154
48166
48185
48188
48198
48204
48210
48221
48232
48234
48247
48255
48232
48280
48299
48313
48318
48319
48329
48324
48336
48337
48395
48398
48404
48412
48418
48431
48435
2927
48442
48452
48454
48466
48454
48488
48494
48495
48526
48521
48528
48533
48537
48554
48555
48556
48555
48560
48567
48571
48584
48592
48593
48613
48618
48631
48649
48663
48666
48681
48694
48738
48743
48741
48746
48750
48754
48785
48793
48800
48841
48847
48848
48849
48857
48870
48871
48874
48893
48891
48900
48907
48928
48932
16326
48928
16326
48939
48947
48956
48959
48977
48984
49005
49015
49019
49026
49033
49036
49039
49024
49048
49015
49070
49074
49084
16240
49092
49101
49142
49143
49153
49162
49140
49142
49186
49190
49194
49222
49228
49273
49286
49291
49303
49304
49303
49320
49325
49328
49344
49346
49353
49362
49368
49370
49387
49396
49405
31073
49415
31055
49418
49415
16647
49435
49443
49448
49442
49452
17407
49457
16812
49458
49479
49494
49505
49509
49530
49531
49542
49557
49569
49572
49588
49592
49602
49622
49626
49670
49668
49673
49675
49661
49689
49692
49696
49700
49698
49718
49734
3557
49771
49772
49773
49777
49781
48694
49787
49810
49811
49820
49826
49848
49852
49873
49882
49898
49905
49911
49934
49944
49952
49954
49955
49956
49954
49965
49985
49999
50016
50021
50001
50038
50057
50058
50062
50076
50095
50108
50115
50123
17192
50128
50144
50189
50193
50199
50208
50218
50246
50252
50269
50298
50352
50299
50363
17235
50371
50388
50392
50401
50391
50435
50445
50459
50479
50486
50489
50513
50528
50537
50525
50543
50545
50547
50551
50547
50562
50567
50566
50568
50581
50589
50636
50639
50663
50669
50687
50686
50692
50694
50701
50708
50723
50732
50735
50732
50739
50767
50772
50775
50779
50792
50816
50832
50829
50834
50835
50840
50829
50849
50859
50870
50884
50901
50917
50936
50962
50975
50976
50984
50982
50993
51000
51003
51019
51028
51030
51028
51050
51055
51065
50835
51070
51080
51096
51128
51130
51143
51151
51156
51163
51169
51205
51214
51226
51227
51226
51237
51243
51252
51262
51267
51272
51274
51252
51286
51294
51296
51304
51309
51311
51309
51316
51318
51332
51337
51343
51365
51370
51377
51389
51403
51409
51403
51419
51421
51419
51428
51432
51446
51467
34321
51484
51488
51500
51501
51531
51548
51553
51557
51526
51555
51548
51572
51566
51595
51596
51605
51607
51614
51617
51626
51635
51638
51689
51691
51695
51692
51734
51737
51752
51781
51783
51816
51822
51793
51792
51831
51878
51884
51887
51897
51917
51925
51928
51930
51935
51942
51957
51974
51987
52000
52009
52039
52050
52067
17918
52071
52089
52110
52127
52140
52160
52172
52209
52217
52235
52238
52253
52262
52277
52301
52316
52325
52375
52376
52375
52382
52388
52416
52450
52480
52479
52485
52493
52495
52499
46586
52495
52541
52547
52551
52595
52610
52615
52628
52630
52639
52661
52668
52684
52706
52724
52727
52741
52747
52756
52768
52777
52783
52787
52797
52818
52854
52859
52867
52898
52901
52892
52907
52916
52928
52935
52948
52962
52964
43684
52969
52998
53007
53015
53054
53063
53072
53077
53097
53118
53143
53139
53151
53156
53169
53054
53177
18800
18788
53180
53192
53227
53238
53242
53258
53242
53277
53318
53319
53317
53324
53382
53394
53423
53439
53460
53484
53495
53501
53509
53540
53570
53576
53577
53509
53597
53595
35137
53598
53610
53618
53620
35204
35215
53623
53626
53669
53671
53675
53691
53698
53713
53714
53716
53723
53727
53731
53736
53759
53784
53794
53804
53813
53825
53830
53873
53868
53893
53939
53947
53955
53966
53978
53979
53984
54006
54026
54021
54049
54073
54083
54134
54147
3968
54155
54157
54170
19876
19878
54186
54210
54218
54224
54226
54230
54234
54239
54260
54269
54277
54278
19925
54277
54284
54288
54303
54322
54326
54335
54337
54358
54369
54371
54377
54401
54419
54425
54443
54458
54484
54500
54515
54452
54517
54525
54542
54539
54544
54547
54593
54625
54629
54647
54648
54651
54659
54673
54681
54684
54710
54732
54741
54745
54755
54756
54790
54799
54822
54832
54844
54868
54876
54886
54885
54892
44106
54894
54908
54912
54921
54958
43063
54967
55003
55019
30224
55032
55043
55049
55053
55065
55078
55102
55109
55115
55118
55126
4214
55142
55151
55158
55160
55204
55212
55215
55219
55215
14407
55235
55254
4250
55274
55287
55301
55328
55326
55349
55356
55359
55326
55377
55386
55401
55407
55426
55442
55443
55429
55458
55464
21174
55467
55484
55485
55488
55504
55523
55543
55601
55635
55651
55653
55657
55718
55722
55733
55751
55753
55758
55772
55774
55813
55819
55807
55821
55779
55824
55835
55811
55872
55880
55924
21312
55954
55957
55969
55979
55982
55983
56004
56005
56004
56018
56037
56048
56058
56069
56077
56112
56126
21630
56147
56155
56165
56169
56197
56199
56219
56237
56230
56245
56255
56259
56260
56259
56269
56289
56319
56348
56352
56358
56373
56395
56397
56423
56434
56460
21768
56465
56468
56520
56537
56567
56587
56591
56592
56620
56625
56632
56691
21082
56727
56732
56744
56749
56782
56834
56849
56896
56890
56898
56946
56951
56953
56958
56959
56963
56981
57014
57030
57031
57030
57067
57075
57081
57101
57113
57120
57122
57129
57140
57155
57228
57231
57250
57266
57278
57300
57316
57326
57365
57370
57381
23003
57383
23003
57392
57408
57422
57440
57454
57464
57467
57476
57480
57488
57515
57539
57571
57578
57580
57611
57623
57629
57647
57650
57654
57667
57672
57691
57698
57699
57710
57699
57704
57719
57724
57725
57726
57724
57731
57733
57743
57762
57769
5180
57789
57781
57802
57807
57811
57819
57843
57872
57877
57879
57892
57895
57704
57889
57892
57917
57930
57938
57921
57926
57964
57967
57979
57948
57984
57948
58000
57996
58006
58010
58025
23823
58023
58035
58045
58047
58066
58074
58087
58100
58118
57192
58135
58157
58158
58171
58174
58198
58211
58216
58256
58265
58268
58288
58295
58300
58326
58334
58337
58348
58350
58353
24016
58382
58380
58389
58388
58409
58420
58429
58472
58477
58496
58514
57057
58532
57159
58544
58550
58547
58567
58577
58594
58603
58618
2887
48442
48443
58631
58630
58657
58686
58690
58719
58741
58750
58781
58791
58819
58809
58828
58832
58849
58878
58898
58914
58928
58946
58980
58991
58996
59005
59010
59040
59033
59031
59041
59081
59079
59085
59087
16612
59089
59096
59117
59126
59103
59132
59148
59171
59182
59197
59210
59213
59220
59231
59241
59253
59259
59138
59270
59234
59281
59285
59294
59316
59338
49353
59335
59356
59367
59383
59389
59412
59389
59457
59464
59480
59482
59462
59495
59498
59520
59522
59530
15796
15795
59538
59564
59561
59568
59569
59577
15795
59587
59539
59597
59601
59611
59619
59640
59662
59676
59680
59709
59711
59709
59712
59725
59712
59733
59734
59738
59733
59743
59745
59517
59748
59713
59712
59780
59812
59822
59861
59873
59958
59966
59983
59984
59983
60027
60031
60037
60060
58867
60084
60086
60084
60081
60098
60140
25266
60155
60165
60187
60227
60228
60209
60244
60265
60267
60276
45638
60286
25187
60285
60286
14115
60291
25197
60287
60299
45635
60310
60286
14115
60306
60304
60315
60318
60325
60326
60334
47104
25499
60342
60343
60374
60376
60392
45081
60354
60392
60396
60402
60411
25580
60415
25580
60402
60417
60464
60465
60469
60465
60481
60506
60515
60522
60534
60537
60544
60560
60534
60569
60581
60582
60623
60625
60629
60659
60660
60663
60684
60696
60713
5426
60720
26098
26073
60724
60731
60729
60799
60811
60816
60832
26330
26297
60845
60853
60856
60875
60849
60891
60892
60891
60913
60928
60944
60949
60954
60956
60972
61004
61017
61052
61129
61133
61121
61154
61162
61158
61220
61228
61229
61247
61252
61253
61275
61280
61292
61308
61316
61325
61335
61339
61342
61354
61365
61390
61395
61445
61448
61461
61465
61466
61470
61557
61560
61585
61592
61667
61688
61692
61704
61730
61743
61766
61787
61850
61862
61847
61869
26878
61875
61888
61921
61935
61954
61969
61974
61990
61993
62012
61969
62026
62031
62054
62063
62067
62073
62084
62102
6611
62111
62126
62133
62065
62145
62165
62183
62184
62190
62196
62202
62217
62214
62226
62227
62231
62234
62236
62221
62254
62264
62273
62283
62329
62343
62358
62362
62358
62364
62365
62362
62372
62396
62392
62402
62414
62421
62444
24570
62449
62234
62458
62471
62488
62502
62548
62549
62566
27688
27689
62594
62623
62640
62650
62653
62657
62663
62669
7047
62693
62707
62721
62720
62777
62783
62812
62843
62856
62875
62914
62920
62973
62976
62982
63000
63011
63020
63021
46124
63025
63028
63037
63039
63047
63062
63067
63070
14369
63074
63080
63095
63110
63113
63116
63121
63122
63126
63128
63126
63142
63157
63162
63175
63178
63175
63191
63202
63207
28229
63210
63212
63218
63240
63245
63248
60247
63238
63237
63262
63276
63290
63283
63311
63326
63350
63356
28072
63362
63377
63394
63403
63409
63428
63429
63454
63451
63470
63475
63482
63479
63484
63485
63484
63504
63511
63537
63541
63560
28824
63573
63599
14165
14164
63597
63616
63618
63624
63629
28903
28904
63634
63603
63644
63647
63622
63619
63618
63636
7191
63622
63619
63680
63634
63683
63609
63686
63617
63616
63684
63696
63732
63745
63747
63751
63755
63763
63776
63780
63784
63774
63792
63827
63828
63835
63844
63861
63879
63881
63879
63890
63895
63906
63918
63926
63934
63946
63953
63964
63965
63982
63983
63999
64008
64027
64028
64044
64052
64034
64065
64084
64087
64089
28069
64115
64139
64141
64154
64189
64205
64207
64243
64245
64263
64280
64285
64294
64301
64302
64301
64316
64343
64355
64361
64362
64418
64419
64469
64486
64507
64510
64497
64520
64534
64555
64561
64571
64575
64580
64577
64570
64571
64623
64645
64659
64662
64673
64695
64706
64711
64712
64719
64721
29874
64719
64733
64773
64782
64802
64822
64827
64867
64871
46073
64872
64879
64881
64894
64895
64898
45861
64907
64915
64923
64930
64943
64955
64958
28293
64956
64986
65012
65009
65005
65022
65020
65028
65039
65063
65103
65107
65129
65128
65147
65151
65165
65161
17669
65181
55116
55118
65202
65217
65222
65240
65249
20762
65269
65271
65294
65302
65303
65327
65304
65355
65364
65372
65356
65409
65421
65425
65435
65438
65460
65494
65502
30433
65510
65521
40292
65528
65544
65553
65559
65562
65568
65581
65590
65591
65593
65619
65666
65697
65717
65724
30629
65730
48408
65745
65748
65765
65768
65778
65784
65789
65783
65793
65748
65817
65819
65817
65824
65827
30675
65829
65856
65869
65877
65880
65894
30504
65914
65915
65920
65930
65929
65933
65934
65968
65985
66000
66033
66056
66061
66066
66065
66073
66086
66108
66119
66117
66155
66166
66173
7902
66176
66218
66174
66231
66243
49473
66246
66300
66301
66318
66326
66339
66344
66350
66359
66375
66381
66388
66413
66415
66428
66435
66459
66455
66465
66476
66480
66483
66508
66521
66519
66541
31184
66560
66567
66579
66621
66644
66659
66667
66701
66710
66712
66719
31596
66715
31580
66737
66749
66750
66758
66710
66760
66765
66769
66789
66792
66818
66828
66829
66828
66835
66829
66828
66838
66846
66849
66856
66859
66863
66865
66864
66868
66891
66904
66905
66904
66909
66930
66936
66941
66936
66946
66960
66976
66991
67004
67020
67035
67043
66858
67048
41612
67059
67063
67076
67077
67088
67093
66859
66858
67097
67112
67121
67137
67159
67161
67175
67171
67117
67176
67179
67153
67185
67175
67117
66853
67186
67206
67146
67211
67206
67209
67206
67229
67233
67242
67227
67250
67236
67252
67255
67296
67329
67355
67385
67383
67399
67409
67414
67419
67423
67435
67462
67471
67486
67497
67508
67523
67536
67550
67551
67554
67548
67557
67575
31741
67577
67582
67615
67627
67635
67645
67646
67656
67666
31889
67549
67670
31833
67668
67677
67710
67715
67725
67733
31937
67736
67752
67754
67752
67756
67765
67776
67791
67793
67806
67813
67842
67862
67872
32018
67910
67928
67982
67988
68005
68010
68025
68040
68048
32327
32325
68061
68066
68068
68081
68086
68115
68118
68165
68158
68189
8269
68192
68195
68205
68208
68220
68221
68208
68220
68224
68208
68253
68257
68293
68303
68318
68336
68340
68356
68366
68387
68394
68400
68405
68417
68410
68423
68425
68429
38610
68432
38619
68440
68442
68444
68447
68449
68450
68451
68445
68447
68465
68469
68474
68472
68442
68489
68506
68509
68520
68535
68545
68552
68569
68581
68582
68583
68600
68603
68613
68615
68629
38648
68633
68627
68651
68670
68607
68688
68699
68714
68735
68741
68749
68462
68763
68774
68788
68651
68797
68763
68805
68809
68635
68816
68819
68863
68870
68874
68876
68892
68923
68925
68934
68905
68947
68427
68945
68953
68964
68466
68967
68977
68986
69003
69009
69020
69023
69028
69027
69039
69043
69049
69054
69074
69078
69103
69107
69103
69112
38456
38454
69120
69148
69150
69156
69181
69192
69198
69202
69204
69224
69229
69234
69245
69255
69234
69272
38725
69294
69292
69299
69313
69311
69319
69325
34293
69331
69342
69383
69359
69357
69364
69391
69408
69391
69442
69444
69451
69503
69501
69512
69522
69529
69539
69543
69553
69569
69592
69603
69612
69592
69623
69627
69630
69659
69664
69660
69670
69667
69683
69681
69689
69694
69704
69692
69710
69711
69717
69746
69743
69773
69789
69794
69803
69836
69833
69862
69863
69884
69908
69927
69924
69935
69953
51781
69954
69967
69971
69982
70017
70050
70075
70080
70084
70100
70136
70148
70154
70131
70166
70176
70219
70226
70241
70255
70273
70311
70320
70331
70351
70370
70383
70420
70431
70439
70447
70454
70467
70477
35283
70482
70489
70508
70497
70522
70544
70551
70556
36378
70581
70589
70557
70587
70592
70566
70593
70598
70542
70600
70614
70635
70655
35478
70662
70673
70683
70697
70701
70724
70743
70752
70755
70769
70772
70777
70783
70785
70783
70813
70811
70815
70819
70815
70821
70809
70827
70846
70848
70851
70873
70870
70878
35690
70905
70910
70915
70916
70928
9513
70945
70957
70992
71004
71005
71012
71039
9433
71047
71054
71074
71094
71069
71114
71124
71128
71134
71138
71207
71215
36026
71217
71226
36015
71219
71246
71247
71263
71270
71241
71282
71296
71310
71327
71328
71347
71419
71427
71438
71442
71472
71498
71499
71527
71533
71554
71561
71573
71580
71607
71251
71499
71496
71610
71499
71614
71620
71633
71636
71637
71638
71640
71614
71647
71654
71658
71665
71679
71680
71694
71705
71717
71724
71726
71732
70750
71750
71763
71767
71763
71782
71797
71799
71802
71804
71811
71815
71829
71840
71854
71878
71874
71888
71899
71915
71925
71945
71946
71958
71970
72002
72018
72037
72041
72047
72051
72060
36841
72075
72093
72106
72115
72122
72117
72137
72139
72155
72161
72172
72177
72189
72193
72207
72234
72172
72249
72291
72102
72115
72290
72281
72307
72315
72324
72335
72340
72358
72357
72369
72380
72391
37309
37308
72402
72421
72438
72452
72457
72476
72480
72489
69076
72490
72495
9919
72508
72510
72541
72545
72541
72549
72576
72600
72602
68280
72603
72612
72622
72638
72642
9891
72694
72699
72701
38001
72709
72699
38001
72714
72718
72719
72737
72752
72767
72804
72810
72816
72824
72825
72837
72824
72847
72813
72854
72863
72873
72883
10059
72891
38191
72892
72901
72919
72925
72933
72936
72944
72946
72951
72959
72964
72972
72996
73071
73095
73102
73106
38092
73121
73131
38089
9989
73133
73175
73077
73165
73191
73202
73205
73214
73223
73232
73238
73251
73272
73262
73274
73269
73289
73306
73305
73334
10233
73333
73349
73353
73362
73375
73380
73389
73392
73418
73429
73431
73436
73452
73453
73469
73477
73482
73503
73512
73517
73518
73524
73554
73568
73569
73583
73589
73595
39002
73599
73569
73606
73583
73631
73634
73636
73687
73688
73687
73694
73687
73700
73698
73729
73743
73778
73754
73753
73779
73759
73784
73767
73794
73797
73794
73805
73823
73827
73824
73838
10239
73855
73865
73867
73856
73905
73916
73933
73939
73947
73966
73969
10572
10573
73980
73985
73994
74000
74010
74013
74015
74033
74047
74026
74051
74061
74083
74085
10588
74092
74096
74097
74125
74122
74130
74132
74137
74156
37875
74177
74195
74196
74198
74209
74216
74186
74220
74223
74240
74243
74247
74251
74255
74256
74270
74282
74285
74284
74289
74282
74299
74302
74331
74333
74342
74354
74335
74383
74387
74390
74397
74419
1412
74436
74443
74463
74471
74489
74492
74519
74526
74556
74594
12767
74615
74621
74629
74640
74649
74659
74667
74710
74739
74755
74766
74822
74793
74826
74860
74899
74892
74907
74919
74922
74934
74933
74945
74954
74960
74973
75004
75011
74966
75012
75022
75033
40875
40845
75041
75042
75046
75055
75060
75061
75063
75068
75074
75080
75144
75130
75163
75171
75180
75171
75198
75273
40526
75278
75299
75297
41751
75310
75309
75320
75324
75330
75347
40947
75343
75372
75357
75374
75406
75444
75467
75468
75472
75477
75482
42135
75512
75522
75529
75570
75584
75577
75578
75598
75600
75601
75600
75607
75615
75683
75695
75701
75713
75695
75731
75732
75752
75754
75757
75731
75799
75810
75824
75853
75855
75926
75932
75944
75965
75993
75999
76007
76019
76049
76066
76063
76068
76080
76085
76086
76100
10175
76107
76111
76107
76117
76126
76137
76141
76163
76166
76169
76184
76190
76189
76145
76200
76212
76230
76238
76245
76246
76269
76291
76334
76342
76352
76355
76356
76376
43423
76381
76405
44153
76417
76429
43985
76434
76454
76459
76468
76464
76475
76481
76482
76488
76540
76551
76555
2292
76590
76593
76613
76620
76650
76676
76685
76736
76739
76743
76766
76793
76797
43724
76808
43704
76820
76846
76867
43814
76920
76924
76923
76936
76946
76967
77029
77051
77052
77069
77086
77097
77102
26763
77117
77122
77163
77184
77197
77208
77202
77211
77225
77232
77266
77276
77285
77296
77299
77306
77319
77291
77336
77317
77339
77340
77345
77352
77364
77377
77385
4690
77390
77393
77430
77439
77458
77464
77466
77483
77491
77502
77531
13754
77546
77567
77572
77593
77599
77630
77654
77684
77711
44866
77742
77751
77770
77787
77795
77833
77843
77876
77879
77885
56111
77904
77925
77928
13942
77958
77975
77991
77988
77983
78001
78088
78092
78106
78114
78105
78134
78153
78156
78176
78209
78211
78220
78233
78270
78271
78318
78343
78357
78371
78372
78379
78394
78402
78394
78407
63043
78417
78421
78438
78451
78462
78478
78485
78490
13968
78492
13968
78494
78492
13968
78503
78512
45424
78524
78530
78539
78559
78563
78569
78570
45425
78576
78592
78596
78579
78603
78616
78621
45802
78639
78653
78662
78680
78704
78695
78705
78709
78710
78731
78748
78750
78758
78779
78796
78816
78833
14028
78846
78844
78882
78913
78917
78914
78933
78939
78933
78942
78933
78948
78969
45520
78971
78983
78997
79011
79015
79011
79022
79001
79000
79047
79060
79069
79076
79098
56690
79123
79127
79130
79131
79135
79155
79170
14244
79187
79201
79207
79211
79207
79212
79226
79238
46069
79241
79252
79251
79258
79267
79274
79281
79334
79343
79341
79356
79358
79356
79367
79372
79374
79383
79387
79391
79403
79426
79424
79459
79466
79455
79481
79477
79504
79510
79527
79535
79539
79541
79543
79549
79543
79553
79568
79541
79571
79562
79574
79577
79541
79583
79586
79599
79619
79624
79627
79638
79647
13324
79657
79665
79681
79698
79713
79717
79710
79723
79730
79723
79732
79742
79751
79772
79777
79781
79780
79795
79807
79577
79814
79833
79865
79910
79934
79940
79959
79993
80002
80006
80033
80045
65039
80052
80057
46453
80072
80073
80077
80074
80086
80077
80082
80096
46532
80140
80126
80146
80161
80168
80161
80171
80168
80177
80188
80208
80216
80253
80279
80283
80285
80294
80308
80325
80332
80334
80369
80366
80375
80391
80409
15134
80420
80422
80432
80438
80448
80459
80469
80487
80499
80515
80511
80541
80574
80597
15578
80608
80610
80630
80634
80644
80649
80663
80667
80675
80620
80711
80713
80729
80755
80760
47033
80776
80630
80785
80797
80816
80819
80839
80852
80681
80855
80856
80755
80834
80864
47254
80875
80879
15193
15192
15198
80895
80928
80942
47251
80954
80956
80960
80982
81073
81091
81088
81095
81113
81111
81126
81111
81137
81136
81148
81146
81158
81157
81159
81164
81182
81009
81191
81157
81211
81240
81248
81249
81259
81277
81281
47772
47795
81277
81296
81316
81318
81321
81328
81338
81346
81363
81377
13892
81419
81424
81434
81443
81452
81450
81454
81491
81527
81552
81579
81617
81620
81623
81646
81651
81663
81691
81726
81729
81741
81749
81754
37357
81760
81765
37416
37417
81772
81774
81776
81780
37413
81783
37413
37415
81787
81803
81809
81816
37425
81819
81832
81833
81842
81844
81865
81872
81881
81841
81898
81906
81910
81909
81926
81952
81967
81974
81967
82011
82010
82033
82035
82047
82052
82035
82056
82065
82071
82087
82113
82111
82117
82128
82129
82131
82128
82142
82151
82152
82166
82168
16608
82178
16560
82190
82191
82207
82214
82208
82238
82248
82265
82268
82282
82304
82306
82318
82326
82335
82342
82351
82356
82358
82356
82384
82313
82397
82401
82412
82413
82426
82443
82444
82443
82467
82475
49232
82526
82542
49311
82551
82573
82582
82593
82595
82598
82601
82617
82625
82628
82632
82646
82658
82665
82666
82692
82697
82705
82718
82723
82740
82738
82754
82735
82756
82763
82776
82651
82796
82800
82814
82835
82847
82855
82862
82882
82861
82902
82912
82936
82952
82958
82988
82994
82977
83009
83010
83018
83024
83035
83049
18275
18268
18267
18315
83052
83072
83078
83080
83083
83088
83080
83096
83099
83112
83126
83127
83143
83150
83153
83198
83210
83237
83266
83276
83291
83312
83316
83334
49777
83342
83361
17285
83373
83377
83382
83398
83400
83405
83424
83429
83446
83460
83465
50016
83466
83503
83510
83514
83516
83525
83527
83545
83558
50129
83591
83599
83603
83609
83618
83636
83640
83668
83670
83668
83696
83720
83718
83731
83740
83731
83752
83756
83782
83791
50543
83808
83785
83838
83849
83856
83864
83870
83878
83888
83897
83929
83936
83929
83954
83970
83975
83985
83986
83993
83986
84003
84008
84022
84032
84035
84050
84060
84069
84079
84083
84109
84116
84129
84155
84163
84165
84163
84206
84227
84241
84242
84241
84270
84273
84283
84302
84308
84346
84370
84431
84440
84362
84455
84466
84473
84501
84506
84524
84549
52022
84551
84556
84578
84585
84600
84605
84610
84615
84620
84621
84635
84677
84695
84698
84702
84696
84710
84731
84737
84751
84753
84741
84764
84774
84800
84804
60815
84822
84823
84851
84843
84862
84872
84886
84903
84914
84929
84939
3185
3179
84964
84980
84995
85004
85006
85019
85025
85048
50618
85099
85106
85109
85115
85116
85129
85139
85167
85188
85189
85197
85205
85203
85207
85217
85219
85238
85250
85251
85229
85263
85271
85284
85340
85375
85382
85385
85400
85406
85413
85436
85475
85515
85531
85539
85549
85552
85587
19056
85596
85608
85619
85632
85641
85651
85674
85680
85689
85704
85713
85715
85713
85731
85734
85742
85743
85744
85746
85773
85782
85802
53303
85810
85815
85833
85837
85845
85860
85880
85845
85847
85892
85899
85909
85931
85944
85870
85945
85870
85963
86025
86034
86071
86093
86108
86117
86129
86127
86149
19777
86156
86166
86167
86179
86187
54157
86208
86210
86214
86222
86231
86229
86237
86251
86255
86259
86261
86278
86327
86379
86417
86419
86430
86443
86456
86464
86476
26543
86475
86501
86524
86527
86538
86543
86553
86562
86585
86584
86611
86625
86660
86698
86715
86726
86728
86727
86740
86760
86763
86815
86816
86831
86873
86881
86891
86896
86902
86907
86923
86953
86975
86991
86993
86994
87010
87044
87054
87062
87074
87138
87140
87138
87186
87201
87218
87225
87229
87231
87273
87271
87312
43690
87313
87336
87342
87361
87378
87415
87425
87438
56420
87501
87507
56757
87513
87527
87542
22485
87562
87564
87570
87583
87593
87597
87608
87609
87619
87629
87620
87638
87651
87668
87672
87732
87750
87760
87764
87760
87776
87788
87789
87797
87789
87803
87859
87871
87876
87895
87910
87915
87929
58010
87944
87947
87968
87972
87988
87985
87993
88022
88034
88038
88039
88055
88064
88072
88085
88078
88088
88078
88113
88128
88130
88155
88200
88222
88239
88255
88257
88270
88273
88261
88270
88284
88290
33760
88305
88313
88322
88309
88313
88328
88334
88345
88358
88364
88362
88365
88413
88422
33914
88441
88438
88447
88451
88453
88457
88468
88474
88484
88494
88498
88520
88542
88548
88586
10828
88599
88606
88619
88620
88639
88658
88670
88686
88716
88727
88751
88753
88760
88783
88803
88817
88828
88850
88851
88852
88851
88869
88870
88873
88897
88948
88956
89004
88997
89010
89014
89019
89027
89035
89042
89064
89073
89088
89090
89088
89095
89103
89118
89132
89149
89160
89172
89180
89190
89206
89233
89267
89292
89303
89316
89322
89334
89335
89366
89379
89385
89387
89389
89427
89464
89477
89485
89483
60731
89498
89507
89516
89524
89537
89552
89557
89559
20540
20539
89571
89591
89600
89615
89622
89630
89645
89669
89671
89699
89639
89700
89722
89723
89732
89770
89799
89803
89815
89817
89827
89817
89833
89823
89839
89863
89872
89879
89863
29631
89895
89907
89909
89907
89951
89972
90027
90041
90054
90075
62813
90072
90086
62765
90089
90092
90095
7211
90108
90112
90128
90112
79848
90125
90138
90160
63175
63178
90183
90193
90199
90205
90193
90209
90205
90219
90216
90237
90239
90245
90247
14372
90249
90270
90273
90249
90276
90290
90293
90298
90307
90329
90361
90380
90394
90418
90425
90439
46147
90467
63597
63599
14164
14165
90483
90487
90507
90515
90540
90566
64108
64107
90603
90617
90632
90664
90674
90681
90691
90709
64418
90718
90741
90749
64706
64704
90763
90774
90790
90796
90803
90829
90830
90829
90857
14264
90860
90868
90867
90878
90888
64894
90867
90897
90924
90940
65020
90949
90976
91000
91030
91040
91052
91080
91099
91108
91120
91140
91120
91143
91154
91122
91153
91123
91151
91172
91177
91196
91205
91211
91234
17674
91236
91245
91253
91260
91273
91277
91273
91298
91306
65421
65435
91317
91328
91335
91336
91350
91364
91387
91395
91408
91426
91427
91450
91455
65968
65967
91512
91521
91526
91530
91552
91562
91577
91578
91582
91578
91564
91562
91602
91611
91615
91636
91642
91646
91650
66233
91669
91675
91679
91684
91697
91705
91714
91718
91726
91733
91756
91763
91792
91799
91807
91801
91821
91833
91851
91861
91881
91886
91889
91899
67399
91901
67389
91903
91927
91924
91933
31703
91945
67429
91948
91958
67229
91962
91943
91973
91986
91985
91987
91992
7982
92008
91979
92018
92019
92068
92074
92015
92078
92086
92093
92096
92095
92109
92120
92127
92130
92139
92147
92154
92172
92178
92200
92205
92215
92238
92256
92274
92293
92297
92311
92312
92311
92340
92366
92389
92411
92420
92424
92431
92445
92468
92481
92490
92492
92533
92602
92624
92633
68522
92638
68625
92643
92646
92652
68531
92653
92670
92672
92677
32370
92678
92681
92687
92700
92727
92733
92748
92752
92754
92768
92785
92783
92791
92807
68838
92809
92821
92843
38518
92849
92854
92865
92872
92861
92895
92907
92913
92921
92929
92951
92913
92953
69359
92960
93005
93001
93017
93032
93039
93058
93070
93087
93066
93098
93114
93141
34059
34061
34056
34066
93149
93173
93197
93203
93191
93206
93212
93218
93212
93230
93236
93241
93245
93241
93264
93293
93292
93303
93312
93318
93343
93353
93354
51419
93356
93365
93377
93386
93396
93401
93407
93414
93404
93426
93429
93440
93399
93442
93447
93460
93477
84758
93485
93486
93490
93489
93507
93531
93550
93572
93600
93616
93617
93652
93671
93686
70497
93693
93712
93715
93727
93742
93781
93787
93781
93793
93800
93803
93808
93826
93811
93845
93846
93847
93849
93854
93864
35837
93890
93892
93902
93908
93923
93919
93932
93934
93938
93945
93948
93945
93914
93956
93965
93966
93907
93972
93974
93991
71665
93988
94008
94015
94018
94024
94035
94067
94064
94079
94089
94126
94139
94150
94159
94169
94181
94186
94175
94223
94226
94233
72101
94259
94274
94279
94309
94311
94314
94322
94335
94355
94356
94368
94376
94377
94388
94407
94422
94452
94458
94496
94501
94510
94525
94538
94534
94556
94566
94556
94576
94579
94605
94617
94619
94621
94645
94652
94645
94671
94679
10478
94683
94684
94686
94697
94693
94703
94717
94726
94739
94759
94762
94759
94783
94785
94793
94814
94816
94822
94828
94850
94855
94871
94877
94878
94903
94904
94910
94916
94919
94924
94944
94966
94968
94981
94910
94985
94999
95013
95035
95036
95046
95051
95063
95084
95094
95096
95111
95115
95083
95127
95137
95125
95144
95154
73876
95151
95176
95185
95195
95192
95199
95219
95257
95259
95280
95299
95303
95301
95309
95325
95333
89064
89058
95341
95350
95351
95350
95368
27572
95399
95419
27545
95445
95447
95445
95463
95488
95498
95499
95476
95507
95513
95534
95550
95603
95610
95633
11829
95658
95665
95676
41899
75374
75369
95683
1142
95693
95692
95698
95702
95708
95713
95720
95759
95794
95795
95837
95841
95853
95864
95874
95841
95891
95894
95924
95931
95950
95958
95801
95794
95961
95972
95931
95980
96006
96020
96031
95804
96032
96044
96053
96063
96082
96103
96041
96111
96132
96139
96148
96161
96168
96193
96212
96224
96248
96245
96254
96270
96271
96286
96300
96309
13465
96324
13512
96330
96353
96361
96374
96378
96412
96459
76382
96468
96485
96492
96468
96517
96526
96530
96537
96557
96588
96589
96591
96605
96610
96616
96633
76680
96644
96667
96678
96701
96725
96722
96757
96768
96773
96796
96798
96807
96838
96840
96836
96853
96838
96856
96871
96914
96926
96935
96946
96935
96949
96946
96967
46128
96971
96966
96984
96986
96984
97004
97005
97017
97031
96986
97047
97053
97062
97076
97106
97116
97044
97122
97139
45423
97140
97146
97149
97167
97176
97182
97188
97146
97195
97179
97220
97231
97232
97247
97259
78758
97273
97281
97304
97319
97323
97334
97376
97388
97394
45504
97401
97420
97433
97454
97468
97458
97489
97538
97555
97587
97610
79527
97631
65050
97640
97644
97679
80052
97696
97698
97694
97752
97790
97806
97832
97844
97862
97868
97865
97888
97895
97888
97896
97920
97912
97954
97964
97976
97979
97978
97984
97987
97978
98010
98016
98021
98074
98085
98122
48555
98138
98163
98185
98228
98226
98241
98246
98259
98266
98276
98286
98320
98329
98330
16038
98329
98342
98348
98360
98381
98383
98389
98414
98422
98426
98441
98451
98452
98454
98451
98466
98480
98487
98526
98534
98573
16600
98582
16602
98590
98608
98623
98643
98645
98672
98685
98697
98700
98702
98723
98737
98757
98760
98779
49905
98804
98801
98831
98885
98898
98878
98922
98893
98928
98940
98957
98963
52887
98962
52887
83640
52887
98971
98984
98997
99001
99009
99016
99023
86993
99070
99093
99117
99122
99126
99129
99179
99197
84897
99201
99202
99217
52058
99233
99243
99261
99299
99300
99307
99317
99316
99322
99325
99302
99318
99386
99400
99410
99419
99459
18874
18873
99463
99475
99477
99480
99494
53664
99508
4045
99535
99539
99559
99565
99579
99580
99579
99596
99607
99611
99633
99607
99647
99535
99672
99690
86031
86278
99699
6021
99710
99731
99737
99746
99745
99763
99773
99775
99791
99792
99819
99793
99812
99836
99855
99879
99889
99902
99905
99909
99913
99916
99936
99911
99956
99955
99980
99982
99998
100001
45814
100022
100028
100026
100053
100062
100072
100095
100021
100022
100097
100104
100126
100146
100167
55115
100193
100200
100221
100249
100247
100283
100304
87231
100316
100327
100329
100348
100349
100353
47127
100351
100367
100390
100407
100430
100445
100463
100475
100484
100492
100493
100492
100499
100501
100528
100534
100541
100559
79456
100570
100583
100586
100602
100596
100626
100644
100647
100652
100662
100670
100666
100681
100701
100712
100721
100729
100750
100752
100765
100775
100778
100794
89795
100791
100798
100820
100843
100878
100909
100928
27824
27815
100963
89939
100986
100987
100989
101014
101036
101038
101039
101054
101066
101074
101087
101099
101105
101123
101111
101135
101132
101141
101182
101179
101194
101203
101206
101236
101243
101255
101256
101275
101281
101284
91334
101291
101295
66042
101315
101275
101333
101353
101359
101368
101377
101378
101388
101415
66607
101428
101462
101479
101506
101516
101555
101559
101566
101574
101579
101602
101623
101624
101636
92490
101659
101660
68211
101683
101687
101705
101699
101733
101749
101745
101750
68383
101761
101766
101770
92633
101773
101742
32385
101783
101793
101790
101816
101840
101842
101864
101871
101875
101886
101896
101907
101913
101917
101923
101932
101942
101943
101957
101963
101950
101967
101977
101981
102000
102014
102013
102026
102042
102071
102078
34288
102087
102093
102102
70020
70017
102089
102087
102116
102134
93849
102144
102147
102154
70859
102167
102125
102168
102183
102186
102191
102241
102242
102244
102254
102257
102269
102271
102283
102291
70846
102292
102299
70846
102304
102314
35871
102330
102342
102355
102340
102374
102372
102381
102368
102402
102411
102415
102445
102453
102472
102470
102505
102512
102502
102523
102541
102538
102551
102557
102570
102576
102593
102570
102592
102600
102620
102633
102636
102639
102642
102646
102656
10067
102675
102688
102721
102729
102741
102794
102844
102865
102864
102878
96963
102900
102907
102906
102920
102924
45416
102927
102932
102954
102957
102959
102962
102959
102965
102962
45414
102959
102970
102975
103000
78535
103018
103037
103047
78911
103058
103064
103070
103098
103109
103150
103161
103199
103246
48631
103289
103325
103296
103331
103330
103334
103342
103351
103412
103430
82896
103459
103412
103487
103488
103490
103506
103520
103525
103559
103555
103572
103593
103606
103610
103616
103606
103625
103643
103652
103661
83964
103687
103702
103736
103737
103766
103789
103793
103799
103817
103824
103830
103844
58754
103848
58744
103845
103854
103904
103962
84428
103974
103965
84425
103970
103984
103994
104024
104041
104100
104102
104106
104112
104080
104128
104130
104164
104194
104216
104239
104266
101606
104271
66833
104287
104291
104305
104310
104313
104325
104322
104352
74304
104362
104375
104382
104362
104388
104393
104406
104412
104433
104438
104460
104465
104468
104471
104482
104491
104498
104513
104519
104518
104526
104558
18534
104580
104564
104600
104624
104626
104649
104678
104696
104698
104696
104718
