17
25
71
173
216
336
377
420
431
462
466
483
527
774
781
808
822
886
893
894
928
944
1121
1229
1354
1421
1512
1529
1578
1639
1698
1838
1849
1977
2139
2405
2457
2470
2483
1612
2501
2677
2709
2716
2726
2732
2894
2933
3084
3095
3174
3198
3255
3270
3291
3401
3434
3542
3627
3726
3748
3779
3780
3800
3819
3857
3895
3938
3969
4009
4011
4013
4011
4345
4429
4460
4458
4578
4657
4668
4674
4697
4817
4884
4959
5019
5138
5148
5186
5188
5191
5243
5270
5322
5342
5407
5414
5561
5566
5591
5615
5791
5849
5995
6040
6080
6090
6141
6181
6263
6346
6402
6490
6516
4824
6569
4844
6635
6695
2565
6843
6885
6959
7013
7010
7324
7331
7333
7377
7437
7484
7470
7512
7577
7661
7672
7696
7853
7859
8027
8078
8253
8313
8379
8418
8478
8564
8670
8671
8825
4883
8840
8922
8959
9023
9106
9149
9250
9255
9282
9412
9424
9521
9524
9535
9559
9600
9622
9636
9646
9698
9781
9786
9788
9920
10199
10298
10358
10450
7996
10499
10549
10610
10640
10639
10663
10683
10767
10803
10817
10901
10914
10938
11022
6294
11025
11026
11025
11036
11084
11271
11325
11382
11590
11759
11785
11797
11810
11829
11830
11829
11840
11863
11883
12000
12055
12133
12159
12184
12299
12301
12317
12343
12418
12438
12480
12530
12591
12595
12653
12678
12684
12678
12782
12878
9922
9920
13084
13199
13202
13426
13446
13448
13452
13674
13678
13699
13752
13822
13851
13855
13888
13889
13949
13948
14063
14281
14280
14297
14337
14372
14370
14391
14405
14631
14703
14722
14842
14865
14869
14948
15035
15066
15120
15165
15330
15370
15368
15374
15375
15417
15448
15589
15598
15665
15667
15665
15747
15745
15763
15964
16033
16039
16057
16073
16074
16097
16102
16190
16410
16463
16489
16488
16517
16633
16682
16880
16893
16955
16978
17008
17071
17090
17126
17152
17171
17178
17186
17193
17211
17223
17227
17300
17318
17324
17381
17513
17512
17521
17542
17651
17689
17802
17816
17869
17893
17898
18060
18195
18232
18236
18256
18364
14891
18369
18399
14914
18578
18579
18615
18626
18646
18677
18714
18741
18793
18830
18887
18893
18887
18901
18937
19073
19075
19073
19134
19225
19275
19290
19350
19366
15761
19423
19491
19499
19631
19728
19759
19787
19786
19880
20008
20063
20168
20198
20221
20301
20305
20422
20488
20496
20500
20496
20511
20644
20650
20701
20738
20777
20781
20954
20963
20978
21023
21059
21138
21224
21279
21408
21386
21454
21456
21470
21560
21565
21560
21568
21584
21656
21689
21937
21947
22029
22085
14551
22095
22130
22175
22176
22252
22255
22285
22504
14925
22562
22566
22583
22765
22847
22863
22873
22887
22921
22978
22989
23002
23007
23184
23186
23349
23371
23425
23449
23546
23581
23589
23638
23777
23807
23831
23833
23862
23922
23949
23950
23949
23969
23977
23979
24012
24062
24108
24109
24108
24460
24487
24611
24625
24668
24773
24826
20559
24846
24959
24997
25005
25016
25114
25113
25129
25158
25166
25227
25239
25311
25369
25383
25393
25412
25413
25421
25424
25436
25437
25439
25453
25455
25460
25468
25485
25490
25488
25556
25559
25622
25641
25725
25745
25822
21433
25945
25950
26211
26212
26224
26225
26284
26464
26505
26529
26600
26610
26636
26668
26732
26813
26848
26852
26861
26875
26906
26905
26914
27002
27371
27431
27479
27488
27640
27660
27727
27748
27749
27784
27800
27853
27897
28338
28423
28520
28541
28639
28776
28821
28899
28912
28929
28944
28955
28967
28969
28973
29016
29041
29057
29069
29373
29374
29383
29384
29652
29661
29706
29866
29927
29956
29979
30037
30094
30111
30125
30276
30282
30291
30356
30357
30368
30373
30356
30379
30399
30438
30516
30543
30551
30563
30566
30620
30624
30668
30678
30723
30869
30884
30914
30927
30981
30991
31024
31074
31201
31813
31903
32023
32040
32049
32055
32176
32182
32185
32188
32235
32238
32308
32336
32389
32396
32456
32495
32510
32537
32617
32669
32742
32802
32815
32825
32854
32942
32958
32967
33001
33024
33034
33037
33077
33112
33158
33202
33221
33251
33284
33294
33304
33394
33403
33515
33566
33684
33711
33755
33760
33839
34023
28551
34072
34077
34099
34108
34138
34140
34259
34283
34313
34311
34347
34383
34413
34416
34444
34447
34494
34502
34534
34593
34675
34717
34760
34850
34857
35032
35173
35246
35305
35420
35432
35466
35475
35487
35507
35509
35511
35540
30180
35638
35693
35712
35714
35724
35822
35827
35918
36011
36027
36092
36095
36157
36195
36197
36192
36244
36266
36278
36298
36304
36291
36317
36325
36383
36395
36440
36485
36546
36609
36682
36725
36739
36847
36848
36867
36919
36926
36975
36980
36982
37061
37065
37217
37242
37686
37739
37754
37816
37863
37888
37918
37990
37994
38000
38013
38030
38039
38038
38082
38097
38120
38156
38163
38206
38254
38308
38338
38387
38531
38546
38564
38616
38679
38702
38773
38830
38858
38913
39002
39006
39021
39088
39139
39269
39293
39392
39439
39440
39439
39538
39540
39546
39572
39660
39743
39794
39804
39835
39847
39871
39983
40013
40031
40080
40117
40159
40175
40209
40208
40250
40260
40320
40330
40346
40382
40394
40406
40526
40603
40663
40681
40746
40828
40838
40964
41027
41072
41193
41218
41271
41314
16905
41333
41366
41365
41380
41395
41487
41510
41568
41569
41582
41600
41637
41643
41654
41687
41753
41906
41912
41916
35975
42001
42013
42052
42068
42069
21053
42092
42112
42176
42202
42241
42271
42301
36848
42359
42452
42462
42566
42635
42663
42671
42727
42824
42854
42856
42854
42987
43008
43049
43073
43105
43151
43196
43203
43323
43388
43493
43515
43554
43762
43826
43874
43930
43977
44015
44048
44087
44117
44250
44319
44478
44514
44639
44645
44710
44639
44769
44780
44778
44809
44834
44842
44879
44977
45131
45172
45299
45297
45332
28046
45362
45420
45424
45465
45478
45590
45597
45653
45738
45767
45769
45778
45786
45884
45943
46002
46054
46106
46237
46240
46258
46306
46307
46353
46458
46477
46500
40007
46541
46547
46555
46576
46593
46631
46654
46697
40245
46699
46728
46792
47000
47010
47012
47024
47063
47138
47178
47280
47417
47420
47436
47467
47469
47599
47607
30033
47653
47659
47705
47744
41349
47775
47799
48006
48010
48013
48016
48029
48042
48078
48136
48408
48421
48422
48468
48476
48507
41982
48600
48601
48600
48608
48616
48652
48659
48692
48706
48748
48753
48814
48833
48841
48859
48913
48916
48947
48966
49025
49113
49144
49160
49194
49250
31051
49261
49292
49295
49296
49404
49453
49485
49491
49492
49491
49525
49528
49571
49573
49661
43008
49671
49680
49685
49680
49702
49769
49778
49870
49875
49987
50132
50221
50273
50358
50466
50633
50654
50652
50674
50710
50760
50789
50890
50916
50960
51019
51076
51145
51179
51240
51299
51336
51382
51412
51415
51434
51478
51480
51503
51530
51534
51540
51553
51599
51610
51662
51756
51812
51815
51812
51859
51865
39043
52004
52005
52150
52181
52252
52262
33755
52286
52331
52410
52444
52514
52556
52807
52810
52832
52856
52859
28580
52889
52915
52956
52973
53054
53161
34240
53223
53252
53267
28825
53294
53295
53309
53353
53424
53475
53498
53523
53565
53573
53620
53639
53690
53711
53781
53861
53914
53933
54014
54050
54136
54137
54167
54172
54208
54286
54349
54417
54449
54452
54487
54578
54620
54645
47762
54657
54681
54690
54703
54840
54891
54924
54997
55009
55013
55043
55076
55073
55130
55193
55202
55368
55376
55379
55385
55389
55422
55438
55507
55512
55531
55532
55543
55578
55584
42013
55673
55688
55692
55722
55724
55781
55879
55891
55919
56093
49075
56151
56153
56281
56300
56330
56600
56605
56642
56651
56708
56732
56834
56840
56996
57027
57038
57061
57135
57143
57186
57275
57382
57387
57428
57511
57539
57557
57672
57737
57943
57997
58017
58034
58162
58199
58242
58369
58394
58484
58490
58517
58520
58531
58525
58546
58557
51438
58579
58731
58900
58955
58970
58976
58978
59080
59120
59167
59231
59244
59419
59533
45717
59578
59690
59697
59703
59697
59728
59789
59857
59861
60073
60116
60140
60243
60371
60400
60404
60440
60481
60509
60512
60527
60636
60678
60734
60740
60872
61066
61082
61106
61149
61147
61165
61256
61270
61314
61327
61373
61426
61609
61682
61702
61716
61772
61813
61825
61939
41484
61958
61978
62066
62080
62104
62108
62109
62127
62150
62152
62326
62368
62377
62489
62531
62590
62675
62727
62755
62772
62792
62825
62880
62885
62884
62899
62913
62992
62996
62769
63041
63084
63096
63113
48896
63134
63182
63221
63263
63279
63343
63351
63353
63359
63380
56300
63406
63418
63432
63433
63432
63449
63470
63630
63678
63734
63736
63789
63791
63914
64128
64143
57280
64202
64201
64247
64308
64365
64420
57593
64493
64793
64816
64823
64871
58009
64931
64945
65037
65069
65144
65226
65276
65332
65346
65419
65455
65457
65528
65590
65611
65617
65797
65853
65868
65970
66070
66089
66128
66281
66292
66302
66311
66320
66379
66395
66436
66475
66508
66520
66591
66611
66667
66868
66869
66868
66938
66981
67047
67168
67198
67222
67281
67389
67469
67480
67507
67544
67557
60590
67564
67567
67577
67601
67613
67628
67635
67645
67687
67790
67857
67952
47236
68033
68038
68082
68198
68222
68282
68321
61616
68384
68404
68406
68410
68439
68495
54657
68530
68540
68543
68544
68552
68556
68563
68582
68650
68719
68766
68877
68881
68971
68978
69061
69093
69179
69202
69351
69413
69469
69487
69630
69640
69652
69677
69695
69703
69768
69776
62913
69860
69876
69881
69876
69887
69997
70005
70167
70211
70238
70343
70381
70541
70616
70637
70687
70745
70792
70817
70815
70865
70922
70947
70975
71009
71073
65970
71106
71134
71147
71183
71188
71192
71199
71231
71242
71272
71316
71354
71359
71483
71485
71610
71711
71761
58017
71765
71867
71953
71978
71979
72060
72098
72124
72128
72173
72223
72226
72241
72245
72263
72290
72340
72405
72428
72455
72476
72490
72612
72642
72656
72696
72742
72834
72877
72896
72924
72993
52147
73140
73233
73253
73271
59707
73283
73305
73344
73369
73403
73454
73543
73559
73622
73631
73715
73714
73729
73735
73988
73991
73997
74014
74065
74105
74108
74113
74146
74151
74323
74399
74450
74458
74484
74545
74609
74700
67491
74765
74819
74847
74896
74924
74952
75023
75081
75113
75117
75118
75161
75170
75294
75298
75335
75340
75396
75530
75675
75730
75748
75780
75786
75884
75891
75924
68489
75942
75950
75984
76021
76065
76130
76189
76225
76275
76301
76344
76385
76387
76385
76419
76433
76480
76506
76515
76525
76540
76546
76721
76875
76905
76957
77036
77045
77056
77093
77104
77132
77174
77228
77300
77378
77400
77409
77448
77449
77448
77534
77541
77576
77637
77639
77687
77699
77725
77752
77810
77949
77981
78018
78064
63630
78087
78183
78245
78316
78324
78396
78431
78493
78560
71106
78567
78621
78634
78639
78661
78692
78698
78715
78757
78762
78830
78828
78839
78878
79085
79255
79281
79436
79438
79558
79663
79706
65356
79714
79720
79798
79803
79827
79840
79927
80054
80076
80145
80191
80252
80266
80318
80336
80358
80367
80619
80621
80705
80724
80732
73301
80742
80795
80807
80814
80822
80831
80883
80937
80966
81135
81180
81192
81388
81428
81469
81508
81586
74108
81745
81765
81764
81809
81866
81872
81875
81907
81910
81951
82070
82205
82236
82349
82378
82383
82398
82566
82578
82586
82684
82745
82757
82829
82881
82883
82881
82930
82961
83166
83172
75884
83233
83239
83260
83299
83304
83313
83315
83313
83352
83373
83417
83447
83507
83524
83527
83555
83559
83604
68776
83650
83656
83764
83794
83859
83878
83881
84047
84042
84111
84118
84161
84162
84295
84500
84575
77150
84693
84768
84805
84835
84843
84866
84907
84937
85009
85014
85065
85085
85143
85288
85401
85514
85535
85559
85571
85609
85612
78066
85675
85726
85842
85867
85984
86011
86120
86136
86208
86193
86258
86295
86299
86326
86328
86347
86369
86373
86383
86404
86649
86765
86870
86900
86935
86950
86976
87090
87225
87308
87343
87373
87524
87536
87554
79872
87574
87588
72466
87598
72471
87623
87638
87646
87752
87754
87790
87804
87835
87836
87835
87905
87925
87987
87989
87997
88005
88039
88139
88374
88387
88441
88464
88511
88648
88651
88682
88787
88830
88851
88865
89052
89068
89215
89252
89284
89431
74146
89453
89501
89568
89684
81951
89728
89747
89758
89767
89798
89807
89815
89826
89859
74545
89929
89928
89990
90023
90027
90038
90046
90147
90316
90343
90352
90671
90747
90798
90807
90836
90882
90887
90899
90926
90925
90937
90954
90973
90994
91020
91036
91053
91071
91121
91136
91171
91218
91219
91218
91245
91269
91277
91306
91322
91352
91439
91484
91528
91533
91579
91611
91626
91647
91666
91728
91771
91822
91836
91844
91909
92039
92071
92143
92142
92157
92185
92274
92281
92290
92399
92444
92489
92589
92624
92641
92656
92667
92698
92700
92801
63218
93011
93094
93101
93140
93224
93396
93471
93489
93542
93561
93574
43554
93597
93617
93680
93682
93727
93733
93785
93790
93911
94008
94031
94112
86383
94264
94271
94368
94402
94448
94625
94739
94746
94759
94770
94817
94879
94901
94944
94969
79473
95052
95107
95132
95141
95144
95141
95179
95210
95384
95537
80076
95594
80106
95600
95635
95794
95808
95823
95844
95853
95872
95931
95977
95987
95989
95997
96021
96055
96071
96167
96247
96260
96277
96299
96317
96346
73602
96547
96610
96683
96723
96894
96896
96939
96946
97062
97094
97180
97194
97354
97437
97455
97516
97546
97555
97681
74545
97719
97811
97842
97858
97887
97972
97995
98007
98130
98159
98199
98312
98365
98373
98378
98381
98452
98534
98610
98631
98658
98717
98729
98730
98769
98782
98793
98792
98807
98820
98834
98911
98910
98921
98925
98970
98981
98993
99111
99115
91216
99127
99135
99139
99173
99224
99228
99232
99254
99340
99365
99376
99389
99416
99459
99788
99845
99958
99971
99974
100012
100148
100168
100236
100251
100320
100460
100481
92495
100495
77308
100515
62925
100629
100758
100768
100788
100801
100802
100807
100839
100967
100983
101002
101001
101012
101040
101051
101098
101135
101325
86120
101353
101420
101429
101470
101595
101632
101693
86299
101731
101736
101990
102005
86582
102308
102460
102506
102518
102608
102674
102687
102699
87166
102706
102754
102810
102844
102860
102891
102893
102891
102917
102948
102954
103019
103021
103147
103237
103276
103316
95653
103417
103416
103472
103530
103546
103593
103673
103729
103778
103837
103971
104032
104060
80624
104077
104132
104138
96252
104165
104244
104330
104339
104371
104402
104433
104434
104433
104482
95946
104486
104487
104504
104585
104723
104750
104800
104823
104826
104855
104884
104927
104982
105038
74135
105046
105063
105143
105179
105246
105334
105361
105426
105495
105510
105520
105601
105617
105704
105728
105735
105880
105904
106021
106032
106055
106068
106115
106121
106305
106315
106318
90744
106385
106442
106517
106528
106550
106576
106587
106623
106632
106672
106679
106682
106691
98953
106697
106709
106748
106780
106829
106841
106876
106886
106889
106977
107018
107130
107157
107130
107252
107316
107322
107373
107390
107462
107582
107684
107746
107809
107839
107914
107991
107994
92214
108084
108086
108091
108112
108134
108208
108236
108242
108276
108282
108290
108392
108402
100629
108417
108559
108564
108568
108564
108579
108629
108659
108724
108820
108910
108935
109104
109109
109132
109156
109273
109385
109472
109476
109533
109589
109655
109684
109704
109723
109732
109737
109836
109883
109958
109990
109991
110053
110307
110312
110329
110421
110458
110466
110492
110500
110553
110617
110624
110637
110724
110756
110949
110980
111045
111077
111140
111191
111220
111313
111376
111455
111479
111482
111528
111546
111556
111631
111648
111656
111776
111792
111816
111829
73078
111881
111939
111959
112021
112045
112078
112120
112168
112207
112209
112217
112225
112421
112514
112616
112663
112676
112809
112826
112938
112974
112999
113135
113151
113202
113219
113300
113370
113395
74485
113537
113552
89873
113620
113699
113788
113787
113794
113865
113924
113960
113966
113976
113988
113996
114041
114106
114112
114210
114347
114368
114414
114448
114548
114551
114562
114569
114687
114744
114752
114776
114774
114809
114867
114868
114928
114932
114950
114958
114968
115046
115047
115141
115213
115264
115303
115346
115361
115462
115471
115498
115515
115560
115586
76480
115588
107390
115677
115762
115779
115804
115862
115979
115991
116010
116015
116017
116031
116034
116122
116138
116150
116182
116196
116204
116217
116339
116356
116363
116369
116390
116478
116491
116536
116565
116627
116638
116679
116765
116832
116858
116999
117010
117043
117050
117079
117165
117243
117263
85511
117266
117271
117319
117347
117374
117424
109104
117482
117494
117573
117604
117655
117666
101632
117683
117713
117766
117771
117824
117848
117945
117989
118011
118023
118063
118093
118374
118421
118497
118498
118516
118565
118591
110307
118618
118682
118680
118787
118805
118829
118855
110627
118898
118969
119012
119052
119071
119087
119107
113184
119108
119167
119200
119228
119239
119249
119255
119276
119342
119380
119383
119387
119400
119451
119464
119517
119543
119569
119580
119606
111479
119615
111569
119636
119673
119729
119733
119797
119821
119846
119858
119947
119993
120006
120011
120025
120068
120200
120218
120297
120306
120324
120358
120359
120358
120373
120395
120402
120485
120493
120647
120676
120692
120775
120779
120807
104800
120818
120899
120913
120954
121015
121169
121252
121431
121463
121568
121596
121694
121802
121843
121871
121891
121913
121941
122045
122069
122087
122096
122123
122129
122138
122153
122155
122240
122291
122374
122490
122493
122540
122557
122572
122627
122633
122674
122679
122701
122726
122783
122800
122805
122833
122853
122880
122882
122907
122978
123040
123080
123113
123117
123134
123235
123249
123273
123317
123335
123343
123374
115547
123391
123404
123461
123500
123584
123620
123666
123698
123707
123855
123939
116029
123946
123968
124035
124140
124157
124175
124188
116334
124195
124319
124342
124349
124462
124534
124599
124733
124760
124824
124833
124855
124861
124912
124917
125146
125160
125235
125236
125309
125352
125357
125381
125386
125420
125518
125557
125563
125599
125623
125677
125707
125727
125758
125774
125783
125785
125791
125814
125819
125826
125855
125903
125907
125923
126269
126317
126342
126364
126437
126476
126505
126511
102663
126595
126605
126660
126703
126731
126737
126746
126793
126858
126869
126939
126988
127037
119067
127052
127086
127099
127121
127140
127179
127184
127199
127234
127263
127264
127288
127315
127353
127366
127368
127429
127595
127639
127712
103768
127720
127718
127754
127787
127791
127804
119729
127813
127817
127823
127837
127851
127888
127902
96071
127905
127945
128017
128115
128146
128159
128165
120006
128195
128198
128260
128454
128459
128458
128534
128583
128629
128734
128840
112671
128871
128875
128944
129050
129093
129125
105075
129324
129374
129431
129471
129479
129533
129542
129560
129581
129696
129708
129728
129800
129830
129863
129893
129919
129999
130005
130036
130051
130089
130109
130105
130168
130170
130190
122161
130273
130288
130321
130376
130392
130443
130445
130443
130472
130473
130531
130545
130543
130576
130635
130641
130685
122612
130705
130830
130841
130875
130950
130965
130971
130998
131001
131009
131008
131012
131027
131071
131082
131093
131094
131162
131164
131283
131311
131414
131656
131733
131773
131779
131783
131827
131844
131850
131917
123477
131923
131941
131991
132033
132116
132177
132181
132227
132301
132311
132350
132402
132405
132526
124175
132564
132569
132596
132613
124190
132721
132746
132769
132904
132938
132944
132950
132980
132989
133011
133038
133055
133076
133137
133150
133175
133184
133277
117059
133313
133379
133418
133451
133490
133547
133577
133781
125357
133928
133943
133955
134101
134117
134120
134135
134170
134179
134251
134300
134328
134355
134385
134419
134435
134477
134524
134600
134813
134855
134926
134956
135072
135175
135191
135213
135249
126824
135288
135292
135318
135339
135416
135550
135565
135578
135588
135592
135636
135669
135706
135726
135770
135778
135780
135783
135803
135918
135973
135978
136030
136077
136103
136238
136237
136303
136313
136325
136391
136412
136430
136442
136445
136454
136508
128178
136616
136709
136795
136816
136890
136904
136795
136909
136953
136954
137041
137078
137085
137094
137187
137206
137236
137243
137294
137321
137353
137383
137414
137448
137464
137492
137531
137793
137815
137887
137891
137907
137932
137953
137958
137972
137977
138048
138052
138069
138122
138143
138206
138309
138318
138433
138477
138494
138532
138577
138591
138609
138622
138629
138631
138666
138674
138692
114687
138708
138727
138734
138739
138763
138868
138881
138884
138965
138968
138965
138988
138998
139029
139056
139062
139093
139121
139139
139158
139161
131597
139175
139199
139227
139232
139344
139353
139370
139438
139497
139503
139522
139542
139571
139580
139579
139632
139805
139810
139921
123367
139956
139964
139999
140008
123485
140088
131979
140091
140099
140111
140165
140166
140194
140237
140351
140516
140633
140734
140742
140756
132746
140780
140849
140916
140926
140966
140967
140970
141006
141014
141126
141263
141269
141305
141312
141316
141330
141376
141391
141460
141533
141591
141605
141629
141830
141889
142059
142100
142159
142205
142256
142311
142312
142317
142401
142454
142492
142502
142525
142531
142677
142778
142808
142811
142830
143007
143045
126605
143055
143126
143151
143168
143240
143257
143276
143301
143365
143388
143418
143441
143495
143538
143568
143621
143632
143628
143648
143669
143708
143822
143837
143848
143847
143878
143906
143960
143961
144064
144104
144157
144178
144224
144239
144250
144329
144377
136465
144396
144464
144481
144554
144724
144750
144793
144812
144819
144891
144918
145070
145217
145230
145315
145370
145383
145401
145415
145534
145582
145595
145594
145659
145662
145672
145679
145689
145787
145851
113668
145853
145899
145993
145989
145998
121871
146080
146092
146099
146123
146134
146191
146333
146338
146383
146430
146450
146515
122540
146704
146730
146739
146805
138976
146820
146857
146882
146900
146941
146957
146970
146983
147000
147005
147041
147053
147055
147074
147132
147169
147214
147249
147253
147294
147326
147371
147379
147416
147420
147513
147518
147581
147662
147663
147701
147707
147767
147783
147800
147830
147875
147881
147901
147904
147919
148027
148048
148056
148171
148275
148320
148327
148380
148411
148474
148478
148504
148509
148542
148597
148691
148737
148820
148886
148898
148959
148960
148959
148970
148990
148999
149012
149021
149061
149089
149109
149107
149169
149186
149206
149448
149519
149641
149651
149692
141903
149709
149792
149852
149897
149902
149966
149961
149970
149993
150122
150123
150133
150189
142454
150193
150204
150215
150240
150242
142502
150240
150248
150268
150360
150392
150455
150468
150536
150592
150598
150629
150636
150718
150762
150760
150768
150771
134894
150782
150796
150805
150884
150931
151019
151026
151069
151070
151069
151079
151150
151223
151230
151314
151325
151370
151435
151436
151441
151480
151486
151592
151604
151683
135978
151686
151690
151699
143884
151712
151733
151738
151745
151766
151803
151852
151878
152011
152014
152081
152192
152202
152199
152230
152255
152436
152494
152501
152556
152761
152798
152843
152846
152960
153043
153047
153119
153125
153160
153159
153186
153254
153299
153355
153391
153432
153434
153432
153473
153482
153489
153524
153544
145899
153569
153574
153578
153589
153612
153642
153643
153689
153855
153876
153973
154005
154017
154030
154054
154074
154094
154096
154104
154124
154147
154213
154253
154313
154340
154379
154424
154428
154433
154434
154446
154488
154498
154546
154559
154597
154604
131013
154640
154664
154745
154760
154762
154766
154807
154827
154836
154889
154890
154931
155013
155044
155073
155149
155172
155334
155375
155435
155433
155462
155498
155535
155544
155669
155704
155711
148039
155766
155834
155951
156060
156078
156084
156131
156133
156137
156159
156216
156237
156242
156247
156390
156393
156410
156594
148881
156628
156670
156668
156674
156689
156707
156739
156838
156852
156896
156905
149168
141330
156938
149194
101007
156992
157024
157023
157053
157137
157207
157271
157397
157438
157533
157634
142041
157685
157689
157717
149993
157729
157850
157923
157955
157982
158004
158172
158258
158373
158453
158493
158586
158602
158619
158665
158672
158790
135213
158813
158852
158856
158861
158875
158914
159163
159184
159193
159326
159368
159402
159405
159513
159584
143921
159622
159668
159669
159699
159827
159828
159827
159834
159847
159864
159929
159932
159936
159940
159960
160023
160055
160081
160090
160115
160130
160190
160221
160239
160261
160276
160291
160334
160343
160361
160373
160378
160440
160575
160579
160703
160705
160712
160733
160779
160790
160791
160812
160954
160973
161000
161087
161088
161121
161109
161154
161189
161201
161328
161435
161464
161545
161585
161642
161697
161767
161772
161780
161828
161825
161869
161883
162105
162131
162191
162218
162242
162316
162390
162398
162400
162407
162451
162515
162524
162547
162551
162608
162614
162629
162737
162750
162765
162780
147208
162942
162979
162996
163050
163079
163085
163091
163114
163119
163126
163160
163171
163247
163251
163382
163391
163395
163442
163448
163538
139956
163549
163579
163582
163912
163962
163987
164050
164073
148380
164080
164147
164282
164300
164340
164383
164434
164616
164621
164647
164661
164678
149089
164692
164762
164770
164819
164834
164845
164854
164990
165050
165155
165316
165383
165391
165427
165443
165464
165502
165530
165667
165760
165795
157955
165839
165971
165999
166005
166054
166268
166277
166309
166346
166466
166472
166487
166497
166559
166629
158856
166726
166772
166783
166806
166897
166916
166940
166984
166985
166988
166987
167052
167076
167159
167253
167255
167280
167319
167328
167366
167370
167392
167418
159622
167445
167555
167604
167675
167766
167804
167800
167894
167933
167951
167993
168133
168140
168149
168160
168177
168213
168214
168228
168241
168312
168333
168377
168413
168483
168486
160790
168551
168554
168650
160904
168713
168769
168848
168879
168891
168969
169012
169051
169061
169069
169098
169328
169361
169551
169563
169585
169606
169667
169726
169780
154335
169782
154340
169784
154340
169833
169856
154397
169875
169879
169882
169886
169905
169908
169927
139007
169949
169978
169986
170017
170036
170101
170108
170123
170151
154581
170180
170188
170201
146995
170244
170262
170277
170342
170394
170427
170448
170472
170509
170513
170534
170557
170612
170810
170868
170880
170940
170966
170968
170990
171073
171106
171162
171230
171324
171328
171618
171625
171762
171829
171837
172016
172028
172119
172204
172212
172308
172357
172398
172424
172430
172449
172454
172485
172541
172604
172643
172809
172849
172992
173012
173040
173067
173161
173185
173276
173309
173324
173372
173399
173480
173484
173527
173528
173571
173597
173650
173719
173725
173735
173746
173780
173782
173804
173808
173943
174005
174009
174014
174191
174226
174258
174304
174610
174620
174624
174656
174732
174747
174784
174844
174896
174911
174930
174985
175007
175057
175146
159521
175189
175226
175237
175252
175276
175355
159481
175448
175452
175524
159936
175531
175538
175556
175668
175682
175686
175694
167834
175766
175768
175784
175805
175815
175846
167993
175893
175903
175966
175968
176008
176026
176036
176062
176199
176214
176379
176429
176524
176657
176710
176778
176789
176878
176914
176961
176965
177027
177077
177124
177203
177242
177243
177304
177305
177304
177392
177444
177492
177509
177534
177542
177573
177589
177598
177652
177656
177677
177719
177721
177731
177719
177752
177761
177766
177771
177797
177796
177849
170188
177913
177985
177999
178121
178136
178161
178204
178250
178257
178285
178320
178382
178422
178440
178489
178531
178579
178691
178702
178722
178748
178903
178924
178928
178957
178983
179084
179103
179150
179174
179281
179508
179540
179560
179571
179594
179601
179611
179616
179719
179740
179790
179812
179858
179903
179931
179948
179954
179970
179985
179995
180077
180138
180276
180279
180380
180430
180470
180480
180497
180543
180560
180566
180663
180797
180822
180931
180962
180991
181010
181115
181114
181352
181358
181457
181480
181482
181634
181696
181701
181744
181776
181795
181833
181862
181865
181874
181956
181996
182102
182137
182164
182182
182219
182240
182286
182312
182353
182379
182413
182438
182528
182576
182661
182717
182784
182788
182784
182799
182819
182907
182933
182979
183104
183137
183206
167898
183299
183360
183367
183384
183442
183466
183514
183519
183548
183571
168228
183671
183702
183752
183783
183800
183849
184023
184072
184106
184182
184186
184198
176806
184207
184245
184249
176914
184317
184387
184475
184481
184487
184510
184553
184567
184570
184661
184674
184716
184723
184791
184829
184882
184897
184905
184897
184911
184962
169955
184981
185004
185011
185086
185093
185228
185232
185251
185252
185283
185346
185362
185369
185402
185413
178097
185416
185441
185454
185468
185548
185566
185580
185606
185662
185744
185828
185901
185903
185983
186125
186130
186147
186240
186313
186332
186366
186403
186440
186484
186486
186548
186624
186631
186636
186668
186686
186900
187007
187066
187137
187216
187259
187285
187381
187389
187521
187567
187631
187667
187935
187967
187991
188015
188026
188072
188090
188116
188162
188167
188195
188259
188273
188304
188330
188339
188366
188374
188383
188404
188542
188636
188781
181425
188825
181456
188865
188962
188992
188998
189259
189333
189357
189368
189373
189418
189445
189478
189490
189568
189585
189590
189623
189695
189735
189875
189880
189896
189899
189962
190005
189968
190014
190046
190061
190070
190073
190100
190118
190142
167573
190322
190338
190413
190448
190469
190506
190513
190523
190535
190546
190553
190586
190695
190745
190949
190991
191004
191041
191193
191249
191297
191329
191363
191406
184106
191411
191485
191570
191579
191594
191606
191610
191630
191716
191777
191786
191899
191904
192039
192165
177534
192195
192284
192285
192288
192345
192355
192368
192382
192423
192426
192496
192507
192514
192557
192579
192599
192605
192651
192662
192665
192836
192867
192899
178228
192930
193013
193045
193059
193112
193117
193140
193223
193237
193255
193341
193355
193358
193427
193432
193445
193496
193549
193578
193613
193626
193637
193643
193960
194084
194126
194176
194300
194358
194404
194503
194513
194519
194611
194652
194671
194707
194766
194927
194963
195094
195119
195175
195259
195301
195329
195341
195494
195493
195630
195625
195687
195910
195962
195970
195979
196040
196109
196119
196163
196195
196270
196280
196289
196301
196346
196348
196369
189177
196396
196430
196504
196514
196532
196625
196652
196674
196676
196674
196677
196679
196727
196766
196795
196826
196850
196863
196905
196907
196962
197081
197260
197275
197422
197424
197463
197465
197471
197530
197533
197540
197543
197545
197598
197625
197629
190506
197646
197662
197778
197779
197834
197840
198010
198053
198098
198120
198166
198191
198200
198205
198259
198305
198375
198414
198449
198560
198605
198621
198635
198652
198710
198743
198791
198844
198849
198854
198875
198878
198935
199055
199121
199146
199166
199209
199278
199325
199331
199396
199422
199448
199475
199511
199513
199516
199547
199570
199572
199630
199636
199680
199728
199762
199779
199878
199903
199940
199955
199994
199998
200033
200040
200045
200093
200108
200224
200247
200415
200444
200447
200442
200462
200467
200486
200522
200523
200536
193403
200612
200688
200699
200698
200717
200723
200786
200780
200904
200955
201023
201058
156060
201138
201143
201153
201155
201266
201297
201440
201445
201586
201598
201663
201709
201816
202020
202028
202071
202106
202125
202191
202208
202348
202406
202415
202416
202434
202440
188168
202459
202489
202496
202497
202511
202538
202542
202600
202652
202653
202657
202781
202838
202863
202983
203091
203100
203150
203168
203225
203234
203245
203275
203288
203331
203358
203363
203425
203495
203499
203519
203545
203598
203602
203676
203707
203711
203849
182354
203866
203880
203897
204020
204023
204035
204050
204073
204075
204078
204208
204249
204258
204284
204310
204454
204550
204698
175776
190586
204699
175776
204705
204730
204823
204867
204887
204924
204927
204937
204936
205022
205044
205071
205118
205194
198380
205218
205333
205385
205406
205414
205496
184366
205514
205580
205607
205685
205758
205761
205812
205835
206006
206010
206013
206031
206067
206082
206132
206232
206256
206330
199645
206384
206442
206450
206460
206474
206515
206591
206891
206989
206978
207050
207150
207287
207323
207333
207362
193664
207378
207420
207435
207507
207518
207569
207680
207720
207732
207735
207755
207867
207914
207966
207985
208034
208213
208277
208340
208402
208438
208443
208478
208713
208753
208801
208870
208878
208900
208904
208948
208966
208984
208999
209034
209057
209119
209123
209132
209137
209175
209194
209203
209248
209272
209289
209337
209344
209420
209500
209535
209539
209591
209744
209891
209906
209911
209961
203275
209970
209975
210005
210039
210136
210198
210223
210252
196539
210256
210267
210269
210278
203597
210314
210375
210425
210433
210439
210483
210537
210677
210692
210774
210813
210850
210860
210870
210884
210899
210942
210959
211011
211022
211051
211059
211133
211267
211350
211382
211413
211414
211419
211452
211461
211469
211543
211542
211574
211589
211593
211675
211707
211745
211750
211766
211784
211800
211912
211943
211950
211967
211993
211997
212044
212087
212091
212134
212152
212196
212203
212207
212243
212276
205960
212341
212345
199339
212365
212369
212372
212392
212398
212427
212425
212527
199550
212567
212574
212623
212651
212679
212714
212723
212729
212789
212798
212811
212840
212859
212886
212935
212989
213040
213063
213109
213125
213176
213203
213223
193112
213390
213435
213471
213501
213512
213553
213569
213615
213651
213714
213768
213849
214059
214062
214127
214248
214342
214346
214345
214467
214478
214537
214540
214563
214766
214834
214847
214946
215010
215108
215133
215195
215219
215255
215345
215423
215442
215503
215509
215514
215517
215555
215616
215634
215644
215811
215815
215888
215889
215912
215936
215953
215962
216036
216102
216108
216146
216170
216171
216180
216202
216264
216309
216407
216428
203749
216445
216475
216572
216614
216641
204032
216643
216749
216767
216782
216830
216801
216869
216870
216869
216920
216947
216994
216996
217016
217092
217140
211110
217144
217167
217225
217277
217285
217351
217357
217364
217446
217565
217594
217606
217651
217754
217755
217784
217892
217910
217909
217936
217963
218006
218156
218158
218171
218188
218204
218297
218335
218340
218343
218410
218415
218462
218582
218613
218614
218613
218620
218644
218822
218892
218910
218915
218937
218972
219021
219042
219083
219132
219148
219152
219192
219200
219212
219227
213435
219284
219370
219381
219408
219412
219443
219445
219490
219520
219521
219531
219619
219637
219657
219665
219678
219722
219734
219793
219794
219815
219823
219845
219851
219893
214155
219956
220121
220136
220164
220165
220271
217856
220288
220356
220397
220426
220461
220492
208496
220502
220508
220592
220795
220798
220808
220998
221039
221050
221056
221082
221087
221094
221181
221218
221236
221271
221286
221302
221361
221555
221581
221586
221642
221641
221725
221739
221742
221756
221775
221780
221789
221829
221890
221892
221986
222016
222031
203519
222041
222118
222129
222139
222188
222235
222246
222265
222308
222386
222439
222446
222453
222472
222616
222631
222633
222698
222710
222886
222897
223018
223175
223184
223219
223238
223243
223262
223277
223301
223323
211528
223334
223341
223361
223469
223481
223499
223512
223534
223548
223561
223592
223624
223627
223667
223726
223817
224007
224012
224013
224027
224042
212270
224072
224094
224209
224226
224246
224249
224314
224346
224357
224459
224508
224534
224554
224595
206501
224624
224678
224716
224731
224774
224823
224830
224845
224885
224985
224999
225037
219192
225084
225106
225158
225182
219381
225188
225293
225321
225331
225350
225402
225473
225619
225679
225750
225778
225952
226005
226017
226028
226038
201622
226043
226044
226046
226044
226054
226102
214736
226127
226165
226302
226339
226448
226490
226502
226548
226617
226631
226655
226667
226674
226776
226826
226887
226895
226899
226911
221382
226914
226978
227090
227113
227165
227204
227208
227242
227367
227373
227406
227453
227466
227521
227565
227576
227577
227579
227607
227637
227699
227696
227717
227719
227895
227912
227940
227966
228056
228059
228170
228247
228380
228436
228524
223361
228538
228628
228632
228668
228685
228704
228720
228768
228818
217831
228864
223734
229073
229167
229172
229215
229272
229303
229320
224193
229303
229348
229379
229383
229407
224244
229414
229452
229490
229499
229569
229595
229616
229650
229704
229706
229823
218819
229837
229942
229979
229986
230049
230053
230087
230099
230225
230239
230341
230348
230374
230381
230399
230409
230457
230510
230567
230632
230676
230779
230833
230926
230956
231020
231019
231041
231102
231122
231169
231249
231272
231301
231385
231451
231529
231548
231561
231587
231596
231625
231735
231769
231772
231835
231849
231879
231907
231986
232037
232127
232202
232210
232223
232229
232288
232368
232380
227398
232421
232426
232435
232480
222188
232496
222208
232584
232611
232675
232696
232726
232837
232981
232986
233054
233098
233177
233190
233233
233250
233285
233300
233443
233482
233490
233583
233651
233656
233715
233742
233821
233832
223914
233901
233951
234040
234067
234070
234098
234193
234244
234317
224411
234331
224436
234335
234344
234377
234381
234400
234436
234446
234523
234540
234592
234596
234598
234602
234611
224985
234626
234684
234715
234722
234727
234776
234797
234857
235023
235058
235082
235098
230376
235107
235132
235180
235211
235270
235295
235473
235554
235606
225889
235626
235660
225994
235673
235693
235816
235818
235844
235853
231307
235952
235963
236023
236019
236135
236184
236192
236238
236324
236340
236369
236437
236559
236565
236696
236810
236851
236856
236870
236929
237084
237111
237149
237194
237231
237250
237253
237284
237448
237502
237516
237544
237607
237631
237638
237687
237716
237735
237778
237808
237824
237829
237832
237856
237857
237968
228639
237987
238053
238215
238332
238344
238355
238371
238406
238487
238490
238532
238583
238598
238655
238659
238664
238687
238760
238793
238916
238935
239004
239078
239093
239177
239217
239240
239257
239297
239319
239387
239491
239502
239522
239621
239638
239647
239735
239745
239808
239848
239857
239983
240032
240026
240102
240119
240308
240353
240374
240378
240397
240535
240565
240593
240623
240672
240701
240799
240801
240935
240950
241116
241131
241250
241291
241343
241387
241562
241633
241669
241704
241708
241723
241733
241787
241793
241811
241815
241826
241841
241881
241896
241902
242009
242044
242061
242074
242228
242255
242379
242419
238371
242450
242473
242533
242544
242552
242562
242587
242601
242626
242647
242663
242681
242694
242708
242718
242735
242756
242774
242836
242961
234658
243020
234727
243033
243040
243109
243139
243198
243243
243286
243320
243322
243329
243347
243390
243536
243542
243569
243601
243677
243685
243759
243790
243814
243829
243830
243834
243848
243893
243905
243925
243959
243961
244009
244116
244265
244307
244349
244376
244382
244470
244497
244526
244531
244537
244590
244606
244644
244677
244678
244677
244787
244844
244849
244925
244931
245087
245111
245119
245124
241458
245131
245140
245165
245207
245281
245283
245444
245512
245526
245560
245609
245610
245698
245701
245744
245859
245894
245921
246081
246092
246094
246086
246104
246108
246209
246218
246281
246283
246327
246329
246371
246383
246411
246485
246523
246607
246611
246620
246629
246674
246677
246705
246727
246800
246844
246961
247061
247129
243881
247173
247330
247355
247508
247544
247576
247586
247589
247593
247635
247688
236473
247775
247773
247812
247817
247847
247849
247928
247937
241116
247956
247961
247976
248120
248150
248164
248216
248221
248250
248366
248429
248496
248497
248496
248513
248578
248612
248627
248660
248679
248688
248710
248749
248765
248766
248991
249013
249014
249143
249161
249193
249242
249252
249286
249335
249356
249403
249525
249600
249640
249734
249738
249747
249797
249952
249953
249952
249969
250033
250059
250069
250094
250171
250197
250217
250220
250241
247414
250284
250350
250394
250403
250470
250477
250480
250550
250556
250574
250612
250619
250685
250702
250740
250920
250945
250961
250964
251021
251074
251152
251162
251180
251192
251247
241723
251278
251283
251303
251314
251347
251355
251361
251355
251388
251392
251474
251486
251500
251554
251568
251679
251696
251750
251759
251813
251897
251899
251920
251951
251957
246293
251963
252034
252092
252141
252182
252185
252205
252276
252329
252375
252413
252465
252495
252564
252596
252608
252605
252611
252612
252625
252649
252669
252774
252824
252837
252842
252878
252890
252977
252991
253054
253066
253102
253123
253147
253152
253185
253193
253215
253226
253234
253336
253338
253336
253380
253452
253490
250996
253511
253634
253637
253634
253695
253708
253749
253761
253781
253798
253818
253844
253880
253971
253994
254077
254093
251813
254105
254177
254202
254277
254296
254400
254439
254456
254474
254523
254562
254578
254648
254705
254703
254758
254793
254821
254969
254974
254983
255046
255059
255071
255142
255175
255227
255265
255322
255435
255491
255518
247900
255609
255624
255671
255677
255732
255767
255833
255864
255929
255996
255999
256071
256103
256199
256211
256328
256414
256416
254456
256451
256467
256477
256533
254637
256653
256671
256737
256811
256849
256913
256922
256931
256966
256969
257057
257059
257068
257138
257162
257185
257276
257526
257539
257595
257614
257618
257636
257695
257720
257734
257747
257748
257753
257758
248925
257801
257806
257896
257900
257926
257934
258066
258123
258168
258191
258221
258228
256734
258309
258332
258354
256905
258449
258455
258467
258463
258509
258507
258513
258507
258524
258545
258551
258556
258571
258614
258634
258662
258667
258726
258781
258808
258820
258837
258874
258915
258984
258988
259051
259156
259301
259327
259347
259379
259425
259439
259453
259475
259497
259537
259564
259731
259734
259841
259849
258571
259854
259884
259891
260020
260022
260028
260047
260066
260126
260232
260247
260280
260306
260312
260318
260357
254074
260363
260479
260491
260498
256416
260504
260526
260532
260630
260659
260674
260685
260707
260723
260769
260779
260783
260866
260951
260980
261042
261095
261107
261137
261148
261156
261172
261213
261289
261295
261324
261455
261472
261520
261558
261747
261766
261774
261785
261797
261801
261968
262052
262097
262177
262193
262206
262288
262298
262390
262428
262467
262709
262712
262738
262844
262903
262929
262957
262968
262990
263015
263086
263095
263105
263157
263174
263252
263253
262544
263300
263301
263375
263389
263479
263505
263519
263521
263615
263625
263667
263710
263756
263770
263827
261295
263925
263988
264017
264061
264177
264247
264274
264302
264304
264380
264452
264523
264579
264700
264737
264822
264860
264865
264948
264999
265040
265063
265087
265090
265178
265185
265189
265285
265287
265331
265347
265356
263840
265403
265415
265423
265431
265440
265449
265489
265610
265615
265708
265718
264995
265873
265876
265925
265933
265934
265940
265971
265990
266196
266299
266370
266375
266383
266412
266515
266698
266726
266741
266742
266744
266807
266810
266825
266833
266911
267036
267045
267104
267174
267191
267217
267235
267298
267307
267329
267340
267354
267390
267398
267453
267487
267537
267653
267659
267662
267689
267746
267783
267801
267803
267809
267859
267871
267883
267896
266618
267951
267960
267979
268088
267476
268096
268109
266828
268201
268205
268215
268224
268258
268264
267653
268375
268411
268457
268495
268519
268533
268544
268593
268050
268612
268614
268619
268670
268675
268789
268836
268904
268933
268937
269102
269166
269255
269276
269327
269330
268857
269393
269507
269624
269665
269748
269762
269844
269858
269872
269902
269933
269939
269964
270002
270061
270088
269748
270122
270205
270266
270395
270543
269473
270547
270558
270602
270616
270718
270727
270730
270857
270863
270871
270889
270914
270932
271126
271168
271248
271313
271379
271392
271516
271524
271575
271618
271649
271741
271865
271888
271918
271922
271918
271945
271956
271986
272039
272130
271617
271618
272263
272376
272416
272421
272418
272486
272598
272639
272669
272684
272788
272860
272908
272902
272981
273121
273122
273121
273128
273218
273286
273308
273327
273356
273389
273464
273534
273607
273625
273626
273625
273672
273680
273678
273722
273892
274179
274186
274193
274256
274259
274277
274352
274373
274396
274430
274445
274464
274551
274558
274611
274689
274782
274838
274925
274931
274976
274997
275047
275136
275137
275136
275207
275236
275266
275286
275298
275299
275298
275335
275383
275389
275403
275447
275480
275489
275480
275496
275503
275618
275680
275750
275804
275806
275828
275923
275928
276023
276129
276170
276219
276290
276425
276476
276487
276503
276508
276569
276609
276620
276630
276669
276685
276694
276719
276749
276783
276804
276830
276836
276848
276849
276869
276895
276935
276960
276965
276976
276982
277004
277011
277057
137464
277061
277169
277200
277222
277232
277270
277302
277305
277222
277357
277466
277489
277502
277524
277531
277610
277637
277645
277705
277712
277714
277771
277786
277833
277834
277833
277841
277754
277895
277992
278070
278239
278360
278471
278504
278510
278671
278693
278730
278784
278873
278886
278900
278938
278940
278951
278969
278983
278991
279111
279135
279185
279188
279228
279229
279247
279407
279416
279429
279464
279479
279536
279544
279660
279709
279720
279945
280103
280125
280382
280364
280467
280485
280517
280547
280553
280557
280672
280688
280689
280733
280894
280928
280930
280984
281055
281088
281123
281137
281160
281099
281168
281189
281216
281222
281250
281263
281270
281323
281360
281393
281424
281454
281459
281489
281507
281550
281610
281617
281621
281678
281729
281782
281787
281812
281839
281848
281976
281984
281999
282033
282026
282057
282068
282037
282070
282092
282126
282158
282169
282173
282206
282209
282223
282244
282251
282209
282270
282298
100992
100993
282317
282244
282336
282346
282434
282472
282517
282521
282539
282563
282570
282580
282636
282639
282649
282653
282668
282732
282733
282739
282754
282822
282862
282715
282878
283009
283116
283120
283129
283139
283163
283175
283193
283245
283246
283251
283332
283354
283461
283462
283464
283554
283645
283676
283689
283690
283702
283742
283761
283661
283795
283848
283887
283913
283953
283975
283972
284003
284050
284057
284093
284096
284130
284134
284189
284209
284228
284273
284667
284714
284787
284830
284861
284879
284906
284933
284879
284982
284993
285020
285035
285078
285104
285131
285206
285208
285207
285212
285214
285239
285258
285272
285352
285359
285207
285379
285395
285425
285458
285460
285471
285483
285404
285497
285516
285545
285458
285647
285214
285260
285722
285732
285733
285765
285771
285797
285833
285841
285843
285847
285765
285896
285882
285775
285894
285896
285913
285942
285959
285972
286093
286097
286183
286199
286253
286283
286312
286339
286391
286557
286558
286643
286672
286706
286720
286733
286730
286742
286752
286769
286807
286859
286911
286919
286932
286958
286972
287001
287032
287061
287105
287120
287134
287163
287189
287240
287248
287287
287303
287326
287362
287380
287405
287326
287418
287421
287462
287466
287490
287554
287597
287809
287828
287826
287847
287950
287980
288015
288083
288099
288185
288205
288204
288236
288271
288292
288460
288495
288753
288805
288853
288877
288896
288988
289117
289209
289467
289456
289473
289478
289455
289456
289536
289541
289570
289582
289587
289629
289641
289679
289641
289658
289696
289699
289769
289802
289819
289968
289972
289997
290006
290028
290039
290051
290197
290221
290229
290259
290263
290265
290287
290291
290317
290259
290345
290383
290294
290387
290394
290450
290466
290266
290474
290512
290615
290672
290710
290816
290838
290849
290853
290883
290903
290923
291425
291456
291537
291577
291625
291701
291728
291736
291752
291788
291795
291800
291881
291889
291900
291923
292006
292049
292060
292077
292087
292198
292234
292256
292274
292174
292328
292359
292363
292369
292363
292386
292398
292412
292414
292412
292419
292430
292447
292468
292471
292488
292430
292536
292630
292694
292749
292754
292763
292812
292829
292870
292917
292947
292966
292979
293005
292979
293009
293016
293096
293098
293106
293138
293151
293161
293171
293106
293220
293277
293457
293523
293594
293655
293781
293825
293859
293934
294035
294075
294089
294096
294220
294224
294243
294302
294315
294339
294383
294395
294402
294403
294419
294425
294436
294435
294437
294539
294546
294550
294595
294707
294805
294813
294815
294834
294924
294989
295009
295098
295108
295146
295195
295238
295245
295268
295298
295307
295311
295370
295420
295427
295430
295433
295439
295443
295497
295518
295545
295568
295565
295574
295617
295545
295627
295716
295748
295802
295812
295886
295891
295906
295962
295970
295886
295972
295988
295993
296057
296060
296168
296225
296244
296295
296318
296422
296437
296458
296501
296510
296598
296638
296666
296711
296790
296807
296828
296840
296842
296847
296856
296912
296935
296945
297016
297053
297091
297149
297166
297176
297183
297223
297274
297320
297436
297448
297492
297514
297613
297673
297724
297748
297754
297774
297800
297826
297877
297906
297921
297923
297961
297980
297985
297990
297998
298009
298025
298066
298094
298130
298154
298176
298187
298222
298228
298243
298275
298300
298321
298331
298341
298382
298440
298470
298542
298560
298577
298608
298620
298624
298679
298678
298701
298717
298733
298736
298655
298786
298720
298788
298678
298796
298859
298887
298888
299008
299052
299058
299066
299096
299189
299222
299237
299289
299324
299409
299193
299447
299450
299447
299463
299493
299544
299576
299675
299677
299695
299744
299750
299797
299850
299869
299899
299797
299921
299924
299943
299981
