1
7
16
13
25
31
37
43
55
73
74
73
91
97
109
127
133
145
151
157
163
169
175
199
205
217
229
235
265
277
283
307
313
319
325
349
355
373
385
391
397
427
433
445
451
457
463
469
487
493
505
517
523
535
541
553
559
571
577
595
596
595
601
607
613
616
613
619
625
631
643
661
679
709
715
727
733
745
751
757
763
769
787
793
805
829
835
847
853
859
871
883
895
901
907
913
931
937
943
944
955
964
961
967
985
991
1003
1015
1021
1027
1039
1069
1075
1081
1099
1117
1123
1147
1165
1171
1189
1201
1213
1219
1225
1231
1237
1243
1255
1273
1279
1285
1291
1297
1303
1309
1321
1327
1333
1351
1369
1375
1381
1387
1399
1441
1453
1471
1489
1495
1501
1507
1519
1525
1543
1555
1567
1579
1585
1597
1603
1609
1627
1663
1675
1681
1687
1741
1753
1759
1765
1771
1777
1789
1801
1813
1819
1843
1855
1873
1885
1891
1897
1927
1933
1975
1981
1987
1993
2029
2035
2041
2047
2059
2119
2125
2137
2143
2149
2167
2203
2245
2269
2275
2281
2299
2311
2323
2329
2347
2377
2395
2401
2413
2419
2425
2431
2449
2455
2473
2485
2491
2503
2509
2515
2527
2551
2557
2575
2581
2587
2593
2599
2605
2623
2629
2635
2641
2653
2659
2671
2677
2683
2689
2701
2707
2719
2725
2737
2743
2749
2755
2773
2791
2797
2839
2845
2851
2863
2881
2887
2911
2917
2923
2935
2941
2947
2953
3007
3019
3025
3061
3067
3073
3091
3115
3121
3127
3133
3139
3157
3175
3181
3193
3223
3229
3235
3247
3259
3265
3277
3289
3301
3313
3319
3337
3361
3367
3373
3379
3386
3385
3391
3400
3397
3409
3415
3433
3439
3445
3451
3463
3469
3475
3476
3475
3481
3505
3506
3505
3511
3517
3523
3529
3532
3529
3536
3535
3547
3553
3559
3577
3578
3577
3580
3589
3601
3631
3637
3643
3661
3667
3685
3691
3703
3715
3745
3757
3763
3787
3793
3823
3841
3847
3859
3865
3889
3895
3901
3919
3925
3949
3955
3961
3973
3985
3997
4015
4021
4033
4051
4057
4063
4069
4081
4087
4093
4111
4147
4153
4159
4189
4201
4213
4225
4237
4243
4249
4255
4273
4279
4285
4303
4321
4327
4339
4345
4363
4369
4375
4381
4393
4411
4417
4423
4429
4435
4441
4453
4459
4465
4495
4513
4519
4525
4531
4537
4555
4561
4567
4573
4579
4609
4621
4627
4633
4639
4651
4657
4669
4681
4705
4711
4717
4735
4759
4777
4780
4777
4783
4789
4795
4801
4813
4819
4825
4831
4873
4891
4909
4915
4927
4933
4951
4975
4987
4993
4999
5005
5011
5023
5047
5065
5071
5089
5107
5113
5131
5137
5146
5143
5149
5155
5156
5155
5173
5191
5197
5209
5215
5233
5239
5275
5281
5287
5293
5299
5323
5341
5347
5365
5371
5377
5389
5395
5399
5395
5401
5413
5425
5437
5443
5449
5455
5461
5473
5479
5485
5491
5497
5509
5515
5521
5527
5533
5545
5557
5569
5575
5581
5599
5617
5629
5641
5653
5654
5653
5683
5713
5719
5725
5731
5761
5767
5773
5779
5784
5785
5796
5797
5796
5803
5815
5821
5827
5833
5845
5851
5863
5869
5875
5881
5899
5905
5947
5953
5959
5965
5971
5983
5995
6019
6025
6043
6049
6055
6061
6073
6079
6091
6106
6103
6116
6115
6118
6121
6127
6128
6127
6133
6139
6145
6163
6169
6193
6199
6235
6241
6247
6253
6265
6271
6295
6301
6307
6319
6325
6331
6338
6337
6343
6358
6364
6370
6385
6391
6397
6415
6421
6439
6445
6451
6457
6463
6493
6505
6511
6532
6529
6547
6559
6577
6589
6590
6589
6601
6613
6622
6619
6626
6625
6631
6643
6649
6655
6673
6685
6691
6703
6709
6721
6727
6733
6739
6751
6757
6763
6805
6817
6823
6829
6835
6847
6853
6871
6901
6907
6913
6919
6931
6943
6961
6964
6961
6967
6973
6979
7003
7009
7015
7021
7027
7039
7040
7039
7051
7063
7075
7087
7093
7105
7111
7135
7147
7189
7195
7201
7213
7219
7231
7243
7255
7267
7273
7279
7285
7303
7309
7321
7333
7339
7357
7369
7381
7393
7405
7417
7423
7429
7435
7453
7465
7471
7489
7501
7507
7519
7525
7555
7591
7597
7603
7609
7615
7633
7669
7675
7693
7699
7711
7717
7723
7735
7747
7753
7765
7771
7777
7795
7802
7801
7819
7825
7831
7835
7831
7837
7843
7849
7850
7849
7855
7861
7873
7876
7873
7891
7897
7909
7921
7927
7939
7951
7957
7963
7969
7987
8005
8017
8023
8029
8035
8047
8059
8071
8101
8107
8113
8119
8131
8137
8155
8167
8173
8197
8203
8209
8215
8233
8242
8239
8243
8242
8252
8251
8254
8257
8263
8264
8263
8266
8269
8299
8317
8323
8326
8323
8335
8341
8353
8377
8383
8395
8407
8425
8437
8443
8455
8473
8479
8491
8500
8497
8503
8504
8503
8521
8527
8545
8551
8575
8581
8599
8605
8608
8605
8611
8617
8641
8647
8653
8671
8695
8701
8707
8731
8734
8731
8740
8737
8738
8743
8755
8761
8767
8773
8791
8797
8809
8821
14168
14408
14842
15320
16034
16685
18089
18560
18575
18782
19820
20042
20048
20066
20408
20414
20426
20705
20717
21014
21743
