216
276
287
347
724
1148
1502
1948
1968
2218
2351
2383
2929
2966
3132
3309
3736
3895
4398
4823
4868
4880
5252
5440
5773
6576
6908
7181
7480
7639
7952
7968
8303
8300
8545
9218
9234
9423
9586
9719
9833
9847
9988
10147
10460
10476
10750
10752
10787
10896
11039
11218
11377
11690
11883
11887
12307
13165
14221
14534
15446
15447
16167
16275
16379
16700
16988
16995
17423
17438
17746
17905
18292
18643
19819
19937
20262
20267
20282
20749
20775
20875
20938
21183
21492
21512
21820
21979
22137
22267
22397
22734
22754
23359
23422
23664
23661
24000
24020
24328
24487
24527
24669
24783
25056
25104
25238
25721
26368
26527
26680
26709
26823
26851
27096
27248
27416
27584
28072
28249
28551
28998
29001
29031
29138
29588
29602
30052
30199
30205
30219
30225
30277
30330
30332
30330
30340
30339
30409
30481
30553
30559
30661
30702
30707
30713
30733
30785
30791
30807
30810
30805
30865
30937
30946
31552
31578
31591
31665
31675
31732
31737
31771
32204
32239
32375
32393
32536
32722
33363
33781
