-1 -1
-1 -1
-1 -1
-1 -1
-1 -1
-1 -1
-1 -1
-1 -1
-1 -1
-1 -1
-1 -1
-1 -1
-1 -1
-1 -1
-1 -1
-1 -1
-1 -1
-1 -1
-1 -1
-1 -1
-1 -1
-1 -1
-1 -1
-1 -1
-1 -1
-1 -1
-1 -1
-1 -1
-1 -1
-1 -1
-1 -1
-1 -1
-1 -1
-1 -1
-1 -1
-1 -1
-1 -1
-1 -1
-1 -1
-1 -1
-1 -1
-1 -1
-1 -1
-1 -1
-1 -1
-1 -1
-1 -1
-1 -1
-1 -1
-1 -1
-1 -1
-1 -1
-1 -1
-1 -1
-1 -1
-1 -1
-1 -1
-1 -1
-1 -1
-1 -1
-1 -1
-1 -1
-1 -1
-1 -1
-1 -1
-1 -1
-1 -1
-1 -1
-1 -1
-1 -1
-1 -1
-1 -1
-1 -1
-1 -1
-1 -1
-1 -1
-1 -1
-1 -1
-1 -1
-1 -1
-1 -1
-1 -1
-1 -1
-1 -1
-1 -1
-1 -1
-1 -1
-1 -1
-1 -1
-1 -1
-1 -1
-1 -1
-1 -1
-1 -1
-1 -1
-1 -1
-1 -1
-1 -1
-1 -1
-1 -1
-1 -1
-1 -1
-1 -1
-1 -1
-1 -1
-1 -1
-1 -1
-1 -1
-1 -1
-1 -1
-1 -1
-1 -1
-1 -1
-1 -1
-1 -1
-1 -1
-1 -1
-1 -1
-1 -1
-1 -1
-1 -1
-1 -1
-1 -1
-1 -1
-1 -1
-1 -1
-1 -1
-1 -1
-1 -1
-1 -1
-1 -1
-1 -1
-1 -1
-1 -1
-1 -1
-1 -1
-1 -1
-1 -1
-1 -1
-1 -1
-1 -1
-1 -1
-1 -1
-1 -1
-1 -1
-1 -1
-1 -1
-1 -1
-1 -1
-1 -1
-1 -1
-1 -1
-1 -1
-1 -1
-1 -1
-1 -1
-1 -1
-1 -1
-1 -1
-1 -1
-1 -1
-1 -1
-1 -1
-1 -1
-1 -1
-1 -1
-1 -1
-1 -1
-1 -1
-1 -1
-1 -1
-1 -1
-1 -1
-1 -1
-1 -1
-1 -1
-1 -1
-1 -1
-1 -1
-1 -1
-1 -1
-1 -1
-1 -1
-1 -1
-1 -1
-1 -1
-1 -1
-1 -1
-1 -1
-1 -1
-1 -1
-1 -1
-1 -1
-1 -1
-1 -1
-1 -1
-1 -1
-1 -1
-1 -1
-1 -1
-1 -1
-1 -1
-1 -1
-1 -1
-1 -1
-1 -1
-1 -1
-1 -1
-1 -1
-1 -1
-1 -1
-1 -1
-1 -1
-1 -1
-1 -1
-1 -1
-1 -1
-1 -1
-1 -1
-1 -1
-1 -1
-1 -1
-1 -1
-1 -1
-1 -1
-1 -1
-1 -1
-1 -1
-1 -1
-1 -1
-1 -1
-1 -1
-1 -1
-1 -1
-1 -1
-1 -1
-1 -1
-1 -1
-1 -1
-1 -1
-1 -1
-1 -1
-1 -1
-1 -1
-1 -1
-1 -1
-1 -1
-1 -1
-1 -1
-1 -1
-1 -1
-1 -1
-1 -1
-1 -1
-1 -1
-1 -1
-1 -1
-1 -1
-1 -1
-1 -1
-1 -1
-1 -1
-1 -1
-1 -1
-1 -1
-1 -1
-1 -1
-1 -1
-1 -1
-1 -1
-1 -1
-1 -1
-1 -1
-1 -1
-1 -1
-1 -1
-1 -1
-1 -1
-1 -1
-1 -1
-1 -1
-1 -1
-1 -1
-1 -1
-1 -1
-1 -1
-1 -1
-1 -1
-1 -1
-1 -1
-1 -1
-1 -1
-1 -1
-1 -1
-1 -1
-1 -1
-1 -1
-1 -1
-1 -1
-1 -1
-1 -1
-1 -1
-1 -1
-1 -1
-1 -1
-1 -1
-1 -1
-1 -1
-1 -1
-1 -1
-1 -1
-1 -1
-1 -1
-1 -1
-1 -1
-1 -1
-1 -1
-1 -1
-1 -1
-1 -1
-1 -1
-1 -1
-1 -1
-1 -1
-1 -1
-1 -1
-1 -1
-1 -1
-1 -1
-1 -1
-1 -1
-1 -1
-1 -1
-1 -1
-1 -1
-1 -1
-1 -1
-1 -1
-1 -1
-1 -1
-1 -1
-1 -1
-1 -1
-1 -1
-1 -1
-1 -1
-1 -1
-1 -1
-1 -1
-1 -1
-1 -1
-1 -1
-1 -1
-1 -1
-1 -1
-1 -1
-1 -1
-1 -1
-1 -1
-1 -1
-1 -1
-1 -1
-1 -1
-1 -1
-1 -1
-1 -1
-1 -1
-1 -1
-1 -1
-1 -1
-1 -1
-1 -1
-1 -1
-1 -1
-1 -1
-1 -1
-1 -1
-1 -1
-1 -1
-1 -1
-1 -1
-1 -1
-1 -1
-1 -1
-1 -1
-1 -1
-1 -1
-1 -1
-1 -1
-1 -1
-1 -1
-1 -1
-1 -1
-1 -1
-1 -1
-1 -1
-1 -1
-1 -1
-1 -1
-1 -1
-1 -1
-1 -1
-1 -1
-1 -1
-1 -1
-1 -1
-1 -1
-1 -1
-1 -1
-1 -1
-1 -1
-1 -1
-1 -1
-1 -1
-1 -1
-1 -1
-1 -1
-1 -1
-1 -1
-1 -1
-1 -1
-1 -1
-1 -1
-1 -1
-1 -1
-1 -1
-1 -1
-1 -1
-1 -1
-1 -1
-1 -1
-1 -1
-1 -1
-1 -1
-1 -1
-1 -1
-1 -1
-1 -1
-1 -1
-1 -1
-1 -1
-1 -1
-1 -1
-1 -1
-1 -1
-1 -1
-1 -1
-1 -1
-1 -1
-1 -1
-1 -1
-1 -1
-1 -1
-1 -1
-1 -1
-1 -1
-1 -1
-1 -1
-1 -1
-1 -1
-1 -1
-1 -1
-1 -1
-1 -1
-1 -1
-1 -1
-1 -1
-1 -1
-1 -1
-1 -1
-1 -1
-1 -1
-1 -1
-1 -1
-1 -1
-1 -1
-1 -1
-1 -1
-1 -1
-1 -1
-1 -1
-1 -1
-1 -1
-1 -1
-1 -1
-1 -1
-1 -1
-1 -1
-1 -1
-1 -1
-1 -1
-1 -1
-1 -1
-1 -1
-1 -1
-1 -1
-1 -1
-1 -1
-1 -1
-1 -1
-1 -1
-1 -1
-1 -1
-1 -1
-1 -1
-1 -1
-1 -1
-1 -1
-1 -1
-1 -1
-1 -1
-1 -1
-1 -1
-1 -1
-1 -1
-1 -1
-1 -1
-1 -1
-1 -1
-1 -1
-1 -1
-1 -1
-1 -1
-1 -1
-1 -1
-1 -1
-1 -1
-1 -1
-1 -1
-1 -1
-1 -1
-1 -1
-1 -1
-1 -1
-1 -1
-1 -1
-1 -1
-1 -1
-1 -1
-1 -1
-1 -1
-1 -1
-1 -1
-1 -1
-1 -1
-1 -1
-1 -1
-1 -1
-1 -1
-1 -1
-1 -1
-1 -1
-1 -1
-1 -1
-1 -1
-1 -1
-1 -1
-1 -1
-1 -1
-1 -1
-1 -1
-1 -1
-1 -1
-1 -1
-1 -1
-1 -1
-1 -1
-1 -1
-1 -1
-1 -1
-1 -1
-1 -1
-1 -1
-1 -1
-1 -1
-1 -1
-1 -1
-1 -1
-1 -1
-1 -1
-1 -1
-1 -1
-1 -1
-1 -1
-1 -1
-1 -1
-1 -1
-1 -1
-1 -1
-1 -1
-1 -1
-1 -1
-1 -1
-1 -1
-1 -1
-1 -1
-1 -1
-1 -1
-1 -1
-1 -1
-1 -1
-1 -1
-1 -1
-1 -1
-1 -1
-1 -1
-1 -1
-1 -1
-1 -1
-1 -1
-1 -1
-1 -1
-1 -1
-1 -1
-1 -1
-1 -1
-1 -1
-1 -1
-1 -1
-1 -1
-1 -1
-1 -1
-1 -1
-1 -1
-1 -1
-1 -1
-1 -1
-1 -1
-1 -1
-1 -1
-1 -1
-1 -1
-1 -1
-1 -1
-1 -1
-1 -1
-1 -1
-1 -1
-1 -1
-1 -1
-1 -1
-1 -1
-1 -1
-1 -1
-1 -1
-1 -1
-1 -1
-1 -1
-1 -1
-1 -1
-1 -1
-1 -1
-1 -1
-1 -1
-1 -1
-1 -1
-1 -1
-1 -1
-1 -1
-1 -1
-1 -1
-1 -1
-1 -1
-1 -1
-1 -1
-1 -1
-1 -1
-1 -1
-1 -1
-1 -1
-1 -1
-1 -1
-1 -1
-1 -1
-1 -1
-1 -1
-1 -1
-1 -1
-1 -1
-1 -1
-1 -1
-1 -1
-1 -1
-1 -1
-1 -1
-1 -1
-1 -1
-1 -1
-1 -1
-1 -1
-1 -1
-1 -1
-1 -1
-1 -1
-1 -1
-1 -1
-1 -1
-1 -1
-1 -1
-1 -1
-1 -1
-1 -1
-1 -1
-1 -1
-1 -1
-1 -1
-1 -1
-1 -1
-1 -1
-1 -1
-1 -1
-1 -1
-1 -1
-1 -1
-1 -1
-1 -1
-1 -1
-1 -1
-1 -1
-1 -1
-1 -1
-1 -1
-1 -1
-1 -1
-1 -1
-1 -1
-1 -1
-1 -1
-1 -1
-1 -1
-1 -1
-1 -1
-1 -1
-1 -1
-1 -1
-1 -1
-1 -1
-1 -1
-1 -1
-1 -1
-1 -1
-1 -1
-1 -1
-1 -1
-1 -1
-1 -1
-1 -1
-1 -1
-1 -1
-1 -1
-1 -1
-1 -1
-1 -1
-1 -1
-1 -1
-1 -1
-1 -1
-1 -1
-1 -1
-1 -1
-1 -1
-1 -1
-1 -1
-1 -1
-1 -1
-1 -1
7 9
2 1
37 36
39 38
38 30
25 27
30 25
49 48
58 56
67 65
70 69
77 75
80 79
86 84
89 88
71 96
95 94
98 100
92 91
91 93
98 94
99 101
97 99
106 105
96 97
71 96
107 69
104 103
103 74
107 105
118 120
111 113
118 114
95 71
119 90
117 119
89 122
116 117
92 121
123 122
125 124
131 130
135 137
128 127
127 129
135 130
132 134
133 132
142 143
106 144
150 152
104 145
145 146
150 147
131 153
151 126
149 151
125 156
148 149
128 154
157 156
159 143
163 162
161 160
160 140
167 162
37 169
164 166
165 164
173 174
170 171
179 153
163 181
180 133
178 180
159 184
161 182
182 183
185 184
191 190
189 188
195 190
194 196
192 194
193 192
205 206
200 202
205 203
211 210
215 210
191 217
216 52
214 216
187 220
212 214
213 212
221 222
189 218
218 219
221 220
223 174
227 226
231 169
225 224
224 171
231 226
211 233
230 232
228 230
229 228
237 238
209 234
234 235
237 236
243 181
227 245
244 165
242 244
223 248
225 246
246 247
249 248
251 206
255 254
259 197
253 252
252 202
259 254
262 261
258 260
268 267
256 258
257 256
269 270
265 264
264 266
269 267
271 222
275 274
279 217
273 272
272 219
279 274
255 281
280 193
278 280
251 284
276 278
277 276
285 286
253 282
282 283
285 284
287 238
291 290
295 233
289 288
288 235
295 290
296 213
294 296
292 294
293 292
301 302
273 298
298 299
301 300
307 245
303 247
307 304
291 309
308 229
306 308
287 312
305 306
313 314
289 310
310 311
313 312
315 270
319 318
323 261
317 316
316 266
323 318
326 325
324 263
322 324
332 331
320 322
321 320
333 334
329 328
328 330
333 331
335 286
339 338
343 281
337 336
336 283
343 338
319 345
344 257
342 344
315 348
340 342
341 340
349 350
317 346
346 347
349 348
351 302
355 354
359 297
353 352
352 299
359 354
358 360
356 358
357 356
365 366
362 363
365 364
371 309
367 311
371 368
355 373
372 293
370 372
351 376
369 370
377 378
353 374
374 375
377 376
379 334
383 382
386 325
381 380
380 330
386 382
388 100
387 327
385 387
392 391
384 385
90 384
393 88
390 389
389 93
393 391
394 350
398 397
401 345
396 395
395 347
401 397
383 120
402 321
400 402
379 404
399 400
405 108
381 403
403 113
405 404
406 366
410 409
413 361
408 407
407 363
413 409
412 414
411 412
126 411
417 124
415 129
417 416
422 373
390 418
418 375
422 419
410 152
423 357
421 423
406 425
420 421
101 420
426 144
408 424
424 146
426 425
428 427
434 433
438 440
431 430
430 432
438 433
443 442
437 439
435 437
436 435
450 451
446 445
445 447
450 448
453 452
459 458
463 465
456 455
455 457
463 458
434 466
464 429
462 464
428 469
460 462
461 460
470 471
431 467
467 468
470 469
473 472
479 478
483 485
476 475
475 477
483 478
484 454
482 484
453 489
480 482
481 480
490 491
456 487
487 488
490 489
498 500
493 494
498 495
479 501
499 474
497 499
473 504
496 497
505 506
476 502
502 503
505 504
507 451
511 510
515 442
509 508
508 447
515 510
518 517
516 444
514 516
524 523
512 514
513 512
525 526
521 520
520 522
525 523
527 471
531 530
535 466
529 528
528 468
535 530
511 537
536 436
534 536
507 540
532 534
533 532
541 542
509 538
538 539
541 540
543 491
547 546
551 486
545 544
544 488
551 546
550 552
548 550
549 548
557 558
554 555
557 556
563 501
559 503
563 560
547 565
564 481
562 564
543 568
561 562
569 570
545 566
566 567
569 568
571 526
575 574
579 517
573 572
572 522
579 574
582 581
580 519
578 580
588 587
576 578
577 576
589 590
585 584
584 586
589 587
591 542
595 594
599 537
593 592
592 539
599 594
575 601
600 513
598 600
571 604
596 598
597 596
605 606
573 602
602 603
605 604
607 558
611 610
615 553
609 608
608 555
615 610
614 616
612 614
613 612
621 622
618 619
621 620
627 565
623 567
627 624
611 629
628 549
626 628
607 632
625 626
633 634
609 630
630 631
633 632
635 590
639 638
642 581
637 636
636 586
642 638
643 583
641 643
648 647
640 641
52 640
649 647
650 606
654 653
657 601
652 651
651 603
657 653
658 577
656 658
635 660
655 656
46 655
637 659
661 660
662 622
666 665
670 617
664 663
663 619
670 665
669 671
667 669
668 667
676 677
673 674
676 675
682 629
678 631
666 684
683 613
681 683
662 687
664 685
690 677
694 693
698 672
692 691
691 674
698 693
49 700
695 697
696 695
704 705
701 702
694 712
711 668
709 711
690 715
692 713
713 714
716 715
722 721
720 719
725 721
724 726
723 724
429 723
732 427
728 432
732 730
737 736
740 79
740 736
722 465
741 71
71 718
739 741
718 743
738 739
454 738
744 452
720 742
742 457
744 743
745 705
749 748
752 700
747 746
746 702
752 748
737 485
753 27
751 753
750 751
474 750
756 472
735 754
754 477
756 755
761 712
749 500
762 696
760 762
745 764
747 763
763 494
765 764
71 741
