98
123
399
403
464
576
579
583
588
591
595
601
608
617
631
656
665
691
697
700
704
720
723
727
732
761
768
771
775
780
783
787
809
823
848
889
892
896
912
915
919
924
953
988
1081
1084
1088
1152
1155
1159
1164
1167
1171
1177
1180
1184
1193
1232
1241
1267
1273
1276
1280
1289
1296
1299
1303
1308
1328
1337
1536
1539
1543
1548
1551
1555
1577
1591
1616
1625
1639
1651
1657
1660
1664
1673
1680
1683
1687
1692
1712
1721
1920
1923
1927
1932
1935
1939
1945
1952
1961
1975
2000
2009
2023
2035
2041
2044
2048
2057
2064
2067
2071
2076
2096
2105
2304
2307
2311
2316
2319
2323
2329
2336
2345
2359
2384
2393
2407
2425
2428
2432
2441
2448
2451
2455
2460
2489
2688
2691
2695
2700
2703
2707
2729
2743
2768
2777
2791
2803
2809
2812
2816
2825
2832
2835
2839
2844
2864
2873
3072
3075
3079
3084
3087
3091
3097
3104
3113
3127
3152
3161
3175
3187
3193
3196
3200
3209
3216
3219
3223
3228
3248
3257
3456
3459
3463
3468
3471
3475
3481
3488
3497
3511
3536
3545
3559
3577
3580
3584
3593
3600
3603
3607
3612
3641
3663
3667
3728
3840
3843
3847
3852
3855
3859
3865
3872
3881
3895
3920
3929
3955
3961
3964
3968
3984
3987
3991
3996
4025
4032
4035
4039
4044
4047
4051
4073
4087
4112
4153
4156
4160
4176
4179
4183
4188
4217
4252
4345
4348
4352
4416
4419
4423
4428
4431
4435
4441
4444
4448
4457
4496
4505
4531
4537
4540
4544
4553
4560
4563
4567
4572
4592
4601
