-6.707327501193557140e+00
-5.348137551313932647e+00
-5.675486777109981951e+00
-6.669758872556629470e+00
-5.735085394990377949e+00
-6.004174052245632609e+00
-5.837547072673317849e+00
-6.827195465266338914e+00
-5.961294633819528066e+00
-6.551369008814982742e+00
-5.732569171320969659e+00
-6.166177036850276849e+00
-5.757651003788152089e+00
-5.319983564625592187e+00
-6.375954235122028635e+00
-6.278409223977767795e+00
-6.310235638705018246e+00
-5.818694799086042480e+00
-6.158905616464213750e+00
-6.537799622791885312e+00
-6.170315300107820811e+00
-6.173674938338498563e+00
-6.583372444510798616e+00
-6.609662574422364045e+00
-6.289991588418257784e+00
-5.975314284997456760e+00
-6.755442706378421924e+00
-5.897666367295562040e+00
-6.644316905805245810e+00
-6.034082448101923291e+00
-6.718666124628495773e+00
-5.755437470713301806e+00
-6.671523341925311712e+00
-6.043489145057105993e+00
-5.873676304045033270e+00
-6.836466601116078401e+00
-5.924035371851855025e+00
-6.557728958989571311e+00
-6.169429154899577661e+00
-5.805549195329587242e+00
-6.338494376833844868e+00
-6.276637349570380664e+00
-6.339496455095152250e+00
-5.816251424411123416e+00
-6.176211551079392237e+00
-6.568776105210551108e+00
-6.132307128854535883e+00
-6.211174859953029426e+00
-6.622191861000284341e+00
-6.539312900674159046e+00
-6.240373966339821443e+00
-6.014651574813338009e+00
-6.779293372665647688e+00
-5.878960702582478604e+00
-6.660549069374433806e+00
-6.065879634638540630e+00
-6.855802566339343151e+00
-5.801703630501289233e+00
-5.795978555370634666e+00
-6.818405677862655168e+00
-5.913155008461858486e+00
-5.890838499931180472e+00
-5.675787372959415933e+00
-6.804156857639461542e+00
-6.119894145004295183e+00
-6.561271901863741540e+00
-5.953488674247664036e+00
-6.114279042430582400e+00
-5.998262246349694848e+00
-6.028012898811276443e+00
-6.267143164180105863e+00
-5.903067355328963650e+00
-6.440457943463956170e+00
-6.187510902251880829e+00
-5.660780222268667394e+00
-6.521442665900353930e+00
-6.360978942341576570e+00
-5.840406805632772702e+00
-6.317413685903319198e+00
-6.360334279864990670e+00
-6.226658481201758910e+00
-5.669019231593023456e+00
-6.757674770920373497e+00
-6.086212278404613762e+00
-6.681447673772700213e+00
-5.763663895033770856e+00
-6.864098876415622996e+00
-5.837703599359191919e+00
-6.824608821630286926e+00
-5.954550121516006378e+00
-5.868813138808119945e+00
-6.807947247909805988e+00
-6.138028646921723563e+00
-6.566230775150370569e+00
-5.998291465126958322e+00
-6.066028796742746643e+00
-6.018324561632629077e+00
-6.092673136412057211e+00
-6.175050075561031804e+00
-5.866638056320671701e+00
-6.443237267599572604e+00
-6.201693999274734637e+00
-5.662489393428941753e+00
-6.515682920231061104e+00
-6.359232372915621490e+00
-6.335815091604362514e+00
-6.351188967378107897e+00
-6.227187905278556812e+00
-6.746991144571871324e+00
-6.106996406808224087e+00
-6.679682503697640605e+00
-5.747170222815380924e+00
-5.581933231537810514e+00
-6.328114233255960563e+00
-5.618180329185290312e+00
-6.222396183452482354e+00
-6.573314330437223241e+00
-6.161480269761792528e+00
-6.126507575949394990e+00
-6.055939940173466596e+00
-6.825272099502659451e+00
-6.115748129776771513e+00
-6.669751597713955427e+00
-5.935442155723509750e+00
-6.264945589823742722e+00
-5.844398629795280797e+00
-6.296741764203591885e+00
-6.966241579468660738e+00
-6.593707468177640862e+00
-6.901066234750958373e+00
-6.788051669840521996e+00
-6.677922979118584124e+00
-6.715056388842218560e+00
-6.569399899884140304e+00
-6.101234838306065278e+00
-7.082447607915442589e+00
-5.872002229034086973e+00
-6.506714056693583714e+00
-5.569726671516014527e+00
-6.285917890505638539e+00
-5.684802580916404224e+00
-6.146312789924421871e+00
-6.467513217535620029e+00
-6.267153370826587633e+00
-6.245299403807273109e+00
-6.132390946675900345e+00
-6.729566868092046406e+00
-6.173734414940117432e+00
-6.519154321779605965e+00
-6.228183806987273918e+00
-6.284724743521464596e+00
-6.203160800465810532e+00
-6.693136071645722218e+00
-6.522575436277973537e+00
-6.995694578435287525e+00
-6.313415028852240596e+00
-6.774207160320121268e+00
-6.011284094915120058e+00
-6.361127017792435723e+00
-6.743359256852003547e+00
-6.017254119945855351e+00
-6.751147500246680977e+00
-5.871404559401831591e+00
-6.861667738033747632e+00
-5.453263984737623637e+00
-6.410767915963858421e+00
-5.741254410136160224e+00
-6.098418389062298495e+00
-6.619394491723836538e+00
-6.229833419289947827e+00
-6.197939326458268283e+00
-6.000232840022928116e+00
-6.876537781932503535e+00
-6.030560592061440239e+00
-6.681177281113225952e+00
-6.027842242726426214e+00
-6.276725637283391279e+00
-5.926519785549507979e+00
-6.341839334910117643e+00
-6.936663750621004709e+00
-6.660405643497374406e+00
-6.895690902610865258e+00
-6.883409689885996663e+00
-6.655761694919068994e+00
-6.724258390372447991e+00
-6.669968154197127852e+00
-6.033117572897560343e+00
-7.044450102731529384e+00
-5.817553743322368298e+00
-6.570881948831750918e+00
-5.446346030771269220e+00
-6.406420697601225456e+00
-5.759444288963710079e+00
-6.065978860974144737e+00
-6.566608487087598256e+00
-6.295733322515070007e+00
-6.259048361606528665e+00
-6.014442785233319100e+00
-6.782589899515194531e+00
-6.105132253733855485e+00
-6.612178618535329733e+00
-6.253580492931851254e+00
-6.385557406355456322e+00
-6.233006217813533034e+00
-6.692750830378114024e+00
-6.586630006411499316e+00
-6.966803020390088363e+00
-6.355746299996392956e+00
-6.767813704138777808e+00
-6.046369061706034387e+00
-6.412170337971014433e+00
-6.751028055155455121e+00
-5.944386542513738547e+00
-6.807386781759049654e+00
-5.808500877469950474e+00
-6.833162892278806133e+00
-5.540106267236671655e+00
-6.106812955105088925e+00
-6.968992562108314637e+00
-5.361936014777517023e+00
-6.008572572188476180e+00
-6.885279174876966835e+00
-6.975549769011846202e+00
-5.582003011485357824e+00
-6.128635248959175108e+00
-5.247105522043128190e+00
-5.855282707924357233e+00
-6.868299504965040825e+00
-5.753553755244123380e+00
-5.131027887799023190e+00
-6.707346640048321262e+00
-6.732792004832180766e+00
-5.719378069673079601e+00
-5.925556890524595666e+00
-7.069912697512824806e+00
-5.546953750254100868e+00
-6.082690381893590015e+00
-7.265385761322715297e+00
-5.849176249304274045e+00
-6.219380825378768129e+00
-6.155125724902929640e+00
-7.089078898077200819e+00
-5.693798197763442204e+00
-6.080260309553757736e+00
-5.434727319253963351e+00
-6.910366504357685180e+00
-6.089842951861520248e+00
-6.438320021404424054e+00
-5.885334341101289723e+00
-6.342707351795704440e+00
-7.076083706889566116e+00
-5.860013425504758011e+00
-6.450401529500142672e+00
-5.783487530264450172e+00
-6.297291935603658075e+00
-7.182923425543929596e+00
-6.313094188372670779e+00
-7.300056437937730180e+00
-6.867721346036436358e+00
-6.199602128556475300e+00
-6.349003374127240029e+00
-6.096684279938361151e+00
-6.197530740765721191e+00
-6.515097212924787939e+00
-5.674678011408089695e+00
-6.289056330529640526e+00
-5.575042669578893495e+00
-6.710922916932092974e+00
-5.995590279621756835e+00
-6.289125470925454486e+00
-7.206180864570859157e+00
-5.943054841358364371e+00
-6.249789678418524730e+00
-7.254370189323172902e+00
-7.141470283897705329e+00
-5.804940291989058920e+00
-6.221669887400275378e+00
-5.859559769004808238e+00
-6.146642577304882948e+00
-7.305173396194438951e+00
-5.704552426814039734e+00
-5.963234795604416938e+00
-7.137672431290007502e+00
-7.092461389075845446e+00
-5.678128498499162014e+00
-6.113805263756074915e+00
-7.009735050607427631e+00
-5.587643233103423590e+00
-6.126302742159246861e+00
-7.006452240588919800e+00
-5.584182348001268004e+00
-6.128669093372840493e+00
-6.171303598956555447e+00
-7.056849992791746295e+00
-5.667967116931659000e+00
-6.170489411782181577e+00
-5.719077761833632145e+00
-7.147152126702461139e+00
-5.650713515157382183e+00
-5.489652044348066973e+00
-6.783833638572929203e+00
-5.888564451366054442e+00
-5.820934492541185001e+00
-5.481443923223848991e+00
-6.839894699128998390e+00
-6.925810169691961171e+00
-6.906183217853017808e+00
-6.057809692736589646e+00
-6.864315619221348364e+00
-6.088868886511301426e+00
-6.141270332432525514e+00
-6.076171342100186834e+00
-5.867566330387697704e+00
-5.970303885986290915e+00
-5.618774284362316074e+00
-6.751614833544279826e+00
-6.428084525939064875e+00
-6.640497674894252356e+00
-6.951031963147300097e+00
-6.456288809575437604e+00
-6.797708974424746309e+00
-6.951613701142417057e+00
-6.989048626893575644e+00
-6.210271730215354502e+00
-6.573628896733398896e+00
-6.515728334302288260e+00
-6.956559082322953280e+00
-7.033337540582462744e+00
-6.874417928501536323e+00
-7.017706935116249767e+00
-7.304238995610125684e+00
-7.062878418734822361e+00
-6.277643155661571051e+00
-6.727418074686070781e+00
-7.076364421732069587e+00
-6.014179616583537502e+00
-6.551905810719737211e+00
-7.129766827467194368e+00
-6.158734229844101016e+00
-6.368642719446924616e+00
-6.478610809485083166e+00
-7.066491868413163679e+00
-6.016201015114620354e+00
-6.680615441296000157e+00
-6.236225827923576936e+00
-6.991558232173281873e+00
-6.086400279185183670e+00
-6.707635128280659664e+00
-6.144485560654007195e+00
-7.256464870755054974e+00
-7.114334725411593396e+00
-5.947149497656535111e+00
-6.256398468124760193e+00
-6.161313282461571283e+00
-7.227601369585086033e+00
-7.139863674850022157e+00
-7.145934052845626994e+00
-6.375825235994175166e+00
-7.216644952618545439e+00
-6.555756186331112012e+00
-6.970606627813270784e+00
-6.603891917696657288e+00
-6.495468894239140312e+00
-7.102521123832588934e+00
-6.460833455933006064e+00
-6.315105005355131418e+00
-5.970133714110148482e+00
-7.247524435925327246e+00
-5.967150658434396071e+00
-7.318684944832736683e+00
-5.966129732570704114e+00
-7.371405097333965095e+00
-7.224804641640623082e+00
-5.960492541226764196e+00
-6.391472768220372913e+00
-6.058570016943478187e+00
-7.262231817273684165e+00
-6.237494464638259295e+00
-7.154464133652093771e+00
-7.201197573115010186e+00
-6.098187081087563577e+00
-6.438452190113106433e+00
-6.922254047739321514e+00
-6.599461610215000107e+00
-6.520689301986695163e+00
-6.893951368239415345e+00
-6.583994836528413330e+00
-6.581199366391468075e+00
-6.498564161837752984e+00
-6.903679233674842486e+00
-6.552315061356927650e+00
-6.361993092048918719e+00
-5.977380216315304473e+00
-7.252519251807389544e+00
-6.436535701490816663e+00
-7.042615299496703507e+00
-6.899240899086607648e+00
-7.287515959574291990e+00
-6.964775196375851074e+00
-6.168339750510095421e+00
-6.822535798791577122e+00
-6.682742285898131129e+00
-6.911432334833439661e+00
-6.869260572124134434e+00
-7.055667207011699027e+00
-6.670246780919930174e+00
-7.070899716595750562e+00
-6.565639342220491947e+00
-6.879442218340972914e+00
-6.523031463414392661e+00
-6.621709354709020445e+00
-6.838129665008264801e+00
-6.282114625311032263e+00
-6.630650929550090389e+00
-6.467484759186501897e+00
-7.130992034575208471e+00
-6.638722253565044973e+00
-6.969884152824675105e+00
-6.560871263475419823e+00
-6.943687321148997782e+00
-6.906907404446545051e+00
-6.500124516556021526e+00
-6.783654192929282623e+00
-6.522525879560158835e+00
-6.937628522529979413e+00
-6.899360188542085659e+00
-6.496997807795506397e+00
-6.951668021954052534e+00
-6.938164639391747102e+00
-6.844903145276385104e+00
-6.287245928438161435e+00
-6.806599932460971836e+00
-6.878141026207798880e+00
-6.052668801897711504e+00
-6.592531439582448805e+00
-6.007432202613070871e+00
-6.279863000469327439e+00
-6.534992322613033977e+00
-6.090631342370591561e+00
-6.821955158374470862e+00
-6.398959188889785210e+00
-6.901320125644278214e+00
-5.786676133600021643e+00
-6.619233820898425158e+00
-5.878277228913005636e+00
-6.659028477520667622e+00
-6.849224799129221886e+00
-6.005884346345019331e+00
-6.504731156681677007e+00
-6.032009706787134995e+00
-6.511775252887978205e+00
-6.560592560875636359e+00
-6.728633639516595544e+00
-6.403148575492890515e+00
-6.847312877217420990e+00
-6.564771006492781780e+00
-7.049765968685507644e+00
-6.781307581345132007e+00
-6.561399877795755842e+00
-6.971528423883150971e+00
-6.250172608992623502e+00
-6.511627850957454555e+00
-5.993150380567296764e+00
-6.726175078997360224e+00
-6.233759702679210868e+00
-6.226446065275708541e+00
-6.582866756362562910e+00
-6.253016458166806402e+00
-6.574310995949390168e+00
-6.286526201530094227e+00
-6.318639112767999499e+00
-6.047986878528807786e+00
-6.265496223313848034e+00
-6.642773193834296208e+00
-6.200866934323387092e+00
-6.309573285786481911e+00
-6.849491161523282301e+00
-6.149490860895617139e+00
-6.567743600706880791e+00
-6.395730832212128902e+00
-6.801683408869686254e+00
-6.633820983482891620e+00
-6.124712607137685616e+00
-6.466913181151840107e+00
-6.223589084585497311e+00
-6.655600741522874841e+00
-6.679912234918770508e+00
-6.976022385210716159e+00
-6.552769039278642182e+00
-6.917567492439981258e+00
-7.088158737875685844e+00
-6.430954718968241224e+00
-6.756082628609385132e+00
-6.455988915350107327e+00
-6.910449812127243518e+00
-6.949746209983572065e+00
-6.843183697193238046e+00
-6.798124342957560629e+00
-6.804208707642851017e+00
-6.530560135759983176e+00
-6.375345118192885963e+00
-6.190065677355990559e+00
-6.452879280876527623e+00
-7.027003222921749170e+00
-6.186212363791799618e+00
-6.801071028947742292e+00
-6.277072102343315585e+00
-6.900896830874057031e+00
-5.594396050802044940e+00
-5.246561339283092984e+00
-5.476335314045021718e+00
-5.890755554402728578e+00
-6.700245014397412824e+00
-5.777719104466821243e+00
-5.879429072213211427e+00
-5.480052320448383085e+00
-6.042625311799310950e+00
-6.799610844026389600e+00
-5.606661605780234758e+00
-6.122591957863421364e+00
-6.909995195901931453e+00
-6.849304048178541215e+00
-5.546028791055949370e+00
-6.081155445306006158e+00
-6.755850618654276829e+00
-5.508447936957586499e+00
-6.076829865050161317e+00
-5.476785109336252511e+00
-5.996602759778216551e+00
-6.108083333814530391e+00
-5.648997748411170861e+00
-5.995515353208798359e+00
-5.542817204672412679e+00
-6.663837921688042343e+00
-6.012528472321082340e+00
-6.305378625766622669e+00
-7.185231857002633227e+00
-5.911107240096871607e+00
-6.228291522230716026e+00
-7.243300785471220138e+00
-7.134649173384020493e+00
-5.812794444517365378e+00
-6.228472516393161129e+00
-5.749884033006104289e+00
-6.019085974476748646e+00
-7.331543487364591272e+00
-5.526839127314048028e+00
-7.141601660018749520e+00
-7.056208798629566736e+00
-5.980667411281580748e+00
-6.997298394868696647e+00
-6.115069766739511081e+00
-7.007859796374964922e+00
-6.140107378159465057e+00
-6.177396152081903402e+00
-7.061977207100198939e+00
-5.679326099801021321e+00
-6.133629400799518017e+00
-5.657747655321743174e+00
-7.144324931722112915e+00
-5.957049363679170817e+00
-5.854127178661620690e+00
-5.883345785241481884e+00
-6.101235381170229566e+00
-7.027451908685677040e+00
-5.900710584464597730e+00
-6.137615986945507807e+00
-5.780629682763812838e+00
-6.273998874789869618e+00
-7.173629143209513614e+00
-5.870458181465373571e+00
-6.336584640115736633e+00
-7.297498259654567221e+00
-6.860774120550821031e+00
-5.556911385240475454e+00
-6.219052206099571656e+00
-6.319062650950359128e+00
-5.696111531574052478e+00
-6.099706386909818256e+00
-5.660495128065337056e+00
-6.232108892982012094e+00
-6.424516370487297401e+00
-5.553251118445600376e+00
-6.194098693892669871e+00
-5.619589641027117999e+00
-6.652652352632265398e+00
-5.568252237993855935e+00
-6.961209162193735089e+00
-5.382255373199923199e+00
-6.867507649578246109e+00
-6.965714697402032307e+00
-5.609193593093554142e+00
-6.142972805760390287e+00
-5.281665693998972344e+00
-6.837045913734010938e+00
-6.654302286477093098e+00
-6.730996205142682598e+00
-5.959303957722048573e+00
-7.064313606891241548e+00
-6.113372292440689471e+00
-7.280975894135768733e+00
-6.238539364528416620e+00
-6.171324229304393505e+00
-7.092504459901046054e+00
-5.719316503334041180e+00
-6.106725302695159563e+00
-5.447122068323298372e+00
-6.896272594442188542e+00
-6.502536478029121270e+00
-7.010668947444034238e+00
-6.926335212466501190e+00
-7.006457367013188886e+00
-7.288556786384160269e+00
-6.262199206346156899e+00
-6.789453876059876158e+00
-6.711951423070666500e+00
-6.839200442690618331e+00
-6.890134240829177692e+00
-6.582285883042633401e+00
-6.693450266266507853e+00
-6.888436750669991504e+00
-7.021635515214329715e+00
-6.615635388772192371e+00
-6.677818798467423989e+00
-7.074233642005529177e+00
-6.148451425071914223e+00
-6.490761065572897337e+00
-5.769469762766970433e+00
-6.415718184605031738e+00
-6.612252701818724709e+00
-6.072085216605095148e+00
-6.635886161054742161e+00
-6.485895726660808158e+00
-7.119588803163421353e+00
-5.975738398153328745e+00
-7.336014723932285264e+00
-5.920681592157418294e+00
-7.363698924107151100e+00
-7.233365112013938614e+00
-5.929559623769931065e+00
-6.412193376686831314e+00
-6.000229279510901570e+00
-7.311583763459536200e+00
-7.176482457172481233e+00
-7.174559950937317687e+00
-6.238457606076067030e+00
-6.961395995368897083e+00
-6.418800115516945404e+00
-6.893764031155892091e+00
-6.641641212018719820e+00
-6.604936334919184304e+00
-6.892527546510278214e+00
-6.553419400603147871e+00
-6.227177690476604965e+00
-6.235199106817810311e+00
-7.236520693244046676e+00
-6.057355633840979969e+00
-6.107804342566528710e+00
-7.256099622391164239e+00
-6.159758020593137040e+00
-6.078680843426164770e+00
-6.173877453985415542e+00
-7.251201267088619673e+00
-6.186317755185653411e+00
-7.128179790355375189e+00
-7.150435847191077166e+00
-6.022825888892793245e+00
-6.399700053351134343e+00
-7.243616050930072880e+00
-6.347492937971693117e+00
-6.623302821442443644e+00
-6.911534197465236673e+00
-6.624926859046106564e+00
-6.422797356006885394e+00
-6.433370624453996989e+00
-6.251848363594309177e+00
-5.911055426093374088e+00
-7.249823680971599238e+00
-6.427544669813644695e+00
-6.962706992287843732e+00
-6.481813386649843522e+00
-6.969654963561279004e+00
-7.008124578397329607e+00
-6.214989334642116781e+00
-6.621776609189396368e+00
-6.547988434446367023e+00
-7.046382385659192060e+00
-7.329534395171832806e+00
-7.064032499819192346e+00
-6.765302617578455191e+00
-7.080622805550592425e+00
-6.622026077378191822e+00
-7.115772437571670217e+00
-6.399020595745467332e+00
-6.519120154798186739e+00
-7.074570734471203437e+00
-6.018374825601487288e+00
-6.730514199381756768e+00
-6.270972314669493564e+00
-7.006388288816466137e+00
-5.660197774891505773e+00
-6.168735382739476414e+00
-5.625739383758840084e+00
-6.194705197138397956e+00
-7.034626057790680953e+00
-5.725504582380693819e+00
-6.174132508750203918e+00
-5.572507580258129423e+00
-6.229387260636780610e+00
-7.032442600024549684e+00
-5.552232353874160253e+00
-6.254570314024159750e+00
-7.018923657293666629e+00
-7.052850237074083317e+00
-5.619736137926852670e+00
-6.234950862843597008e+00
-7.122238672899615430e+00
-5.782651883399782200e+00
-6.218154578237573560e+00
-5.996827476752403463e+00
-6.236894443017578560e+00
-6.200023865983180116e+00
-5.840382625661789895e+00
-6.200257792051083072e+00
-5.679134206658599027e+00
-7.060455096536545128e+00
-5.849051594106156493e+00
-6.288833917308568999e+00
-7.192570278666744699e+00
-5.871704483567157240e+00
-6.289744522551464989e+00
-7.186057202420808920e+00
-7.098625200667214585e+00
-5.705132666917613449e+00
-6.291392884268178776e+00
-5.928230767746798691e+00
-6.277815175453172358e+00
-7.202268540133532682e+00
-6.287096258856514019e+00
-7.195475679430926697e+00
-7.120426903641572380e+00
-6.246512815618234349e+00
-7.034621723746615984e+00
-6.256507153635451068e+00
-7.012200327100871711e+00
-6.267367929975054430e+00
-6.278599300367157632e+00
-7.022745351178504514e+00
-5.589165248030189659e+00
-6.269495829619924798e+00
-5.728603863725408196e+00
-7.119422267454177167e+00
-5.932203189928026532e+00
-6.365965351863408728e+00
-5.909228044539350577e+00
-6.335506018354733371e+00
-7.223678669044979905e+00
-5.786252167681144698e+00
-6.282724073268299847e+00
-5.835982771729603336e+00
-6.303651207436522519e+00
-7.219629110614652845e+00
-5.819367255365393454e+00
-6.256769550038571381e+00
-7.200454383382140833e+00
-7.113622916488188785e+00
-5.688107692321060505e+00
-6.267678346539521606e+00
-7.012847325617395988e+00
-5.647771026819108364e+00
-6.242467271263071993e+00
-5.636312208392358691e+00
-6.193229275553948199e+00
-6.231614751803363994e+00
-5.674677370615271776e+00
-6.281404399474463496e+00
-5.756344325611494561e+00
-7.095536902032701931e+00
-5.545135760224015442e+00
-7.006223532243328833e+00
-5.560776880934038324e+00
-7.014124201087998500e+00
-7.018234005390911356e+00
-5.580559657979162758e+00
-6.248277121603427631e+00
-5.611734675386533588e+00
-7.024562653768708920e+00
-7.013632914048265832e+00
-7.040811411904408068e+00
-6.210997841127613661e+00
-7.110764202843737003e+00
-6.245818856771241379e+00
-7.205759939006942005e+00
-6.245569078784747319e+00
-6.241283860219080104e+00
-7.091527913231220559e+00
-5.674227419329398892e+00
-6.228862123402211459e+00
-5.591651092835662418e+00
-7.022109720143546951e+00
-6.545015249986003703e+00
-6.572747482439420530e+00
-6.542381595513241166e+00
-6.481332264131424381e+00
-6.903321735952042459e+00
-6.536070263976154315e+00
-6.577376467124187442e+00
-6.557378468794540893e+00
-6.380591576513940488e+00
-6.904655340168984523e+00
-6.538655464393362315e+00
-6.300913756660090570e+00
-6.951904196937718439e+00
-6.876094279327710446e+00
-6.453622322324092941e+00
-6.381425435376953281e+00
-7.173655273086406048e+00
-5.935725907179375760e+00
-6.472067180162599520e+00
-6.014342997035591054e+00
-6.465300074822806664e+00
-6.558017993182537531e+00
-5.971907860544625635e+00
-6.495984896807142306e+00
-6.492042772231103598e+00
-6.885404709541919743e+00
-5.959057197493689451e+00
-7.173357922130300324e+00
-5.976851398920273617e+00
-7.193957644358357051e+00
-7.048615583671565155e+00
-6.173980515428094229e+00
-6.292937283006062366e+00
-6.046913449451271738e+00
-7.227587861805609748e+00
-7.241387488924067917e+00
-7.085698188163921607e+00
-6.478722612294776084e+00
-6.952775490147924842e+00
-6.303982731340887824e+00
-6.975801081287487548e+00
-6.305208476197225131e+00
-6.284770974301332913e+00
-6.976265176834207438e+00
-6.394165184970534987e+00
-6.373190239364113552e+00
-6.186743171946033293e+00
-7.052158373731378660e+00
-6.127232127442114873e+00
-6.056048628085259899e+00
-7.158568524113911202e+00
-6.023494035191070850e+00
-6.326753598399988299e+00
-6.015449964992471976e+00
-7.185308749327570688e+00
-5.997675302435163225e+00
-7.192367518461807663e+00
-7.088412980211433734e+00
-6.130581198544387433e+00
-6.283187797225423310e+00
-7.018806532090941630e+00
-6.281687621739965088e+00
-6.338886886855983782e+00
-6.428568920998364078e+00
-6.500542690304278004e+00
-6.406924394107806009e+00
-6.221950024112675059e+00
-6.290225172053516722e+00
-6.076600810733631342e+00
-7.093215824277340431e+00
-6.526488353332203118e+00
-6.986813033872774525e+00
-6.517885604856826554e+00
-6.973673061406310048e+00
-7.000782828037167782e+00
-6.359361479349288970e+00
-6.288843191426010115e+00
-6.474886720977445442e+00
-6.962586594595617129e+00
-6.968071211171110946e+00
-7.012124042334693996e+00
-6.415743245185028698e+00
-7.070774391084179378e+00
-6.305196626589193443e+00
-7.191164347292084535e+00
-6.281072278084071314e+00
-6.281077812914747760e+00
-7.057048254505449592e+00
-6.149387244040203981e+00
-6.345040125425590816e+00
-6.340316574570276309e+00
-7.001348077710570550e+00
-5.542732188263210347e+00
-6.276954650025687421e+00
-5.534791612677113726e+00
-6.285730964040808111e+00
-7.005699727216580186e+00
-5.579241649916465207e+00
-6.286288997249625865e+00
-5.531082034765963940e+00
-6.285689671031215120e+00
-6.994886349092251265e+00
-5.538173405644369218e+00
-6.280138987093876857e+00
-7.004219920530419863e+00
-7.017439590630684343e+00
-5.569619125285718120e+00
-6.283921396033367301e+00
-7.081008450185608538e+00
-5.678517078772538085e+00
-6.282800231902731625e+00
-5.836930604907283993e+00
-6.285179007045252675e+00
-6.284719377614464086e+00
-5.681131427061503203e+00
-6.285177071174883778e+00
-5.580989223215468087e+00
-7.028267500872688700e+00
-5.824790780790565670e+00
-6.260298481015267313e+00
-7.207632256926550518e+00
-5.824646971376203908e+00
-6.263493259636628174e+00
-7.194577759264670469e+00
-7.096543925462318825e+00
-5.678205754561162166e+00
-6.256515177308027198e+00
-5.828242694090768339e+00
-6.267307502322890578e+00
-7.177609433976260611e+00
-6.280056322344868214e+00
-7.188992540838836653e+00
-7.097785166764302822e+00
-6.277146598971038216e+00
-7.027482781006514578e+00
-6.279529554082328602e+00
-7.006383499812257831e+00
-6.270988307980677412e+00
-6.262075098288601538e+00
-7.020924522271045021e+00
-5.579321074499378419e+00
-6.268914845939045577e+00
-5.672854325879442605e+00
-7.079282911679456447e+00
-5.824742219396145337e+00
-6.258885140615139342e+00
-5.821820766109325973e+00
-6.261815832146282901e+00
-7.190335651072703449e+00
-5.678072453568830724e+00
-6.255315083350768468e+00
-5.825676216429327425e+00
-6.265328036356847541e+00
-7.172286479043831875e+00
-5.832436452041504182e+00
-6.277125139666412501e+00
-7.183393489882145211e+00
-7.092950525691930963e+00
-5.677002082731133825e+00
-6.275095552843451330e+00
-7.024302305837631266e+00
-5.568568034662846777e+00
-6.278106815069086188e+00
-5.540474666389282099e+00
-6.267853241323695812e+00
-6.257973925278174754e+00
-5.579272582252277957e+00
-6.266687862405150078e+00
-5.672022103010008642e+00
-7.075702316998705221e+00
-5.540594251083443389e+00
-7.009353916514168503e+00
-5.534292470717639745e+00
-7.003643552086272983e+00
-7.015824568558453933e+00
-5.576554221567493030e+00
-6.288524289343159879e+00
-5.531674294112058021e+00
-6.994014784559477782e+00
-7.003307792393050235e+00
-7.013437133905050302e+00
-6.282054326900730956e+00
-7.075008364053136489e+00
-6.281028929752382695e+00
-7.185880539477130569e+00
-6.283339941567782638e+00
-6.286347930836004849e+00
-7.094584794415469631e+00
-5.677237550836839119e+00
-6.284075886399468125e+00
-5.579812867598520576e+00
-7.023593823105420242e+00
-6.538998337785545623e+00
-6.266945961598320736e+00
-6.547624853143797274e+00
-6.265336776454975443e+00
-6.981080377097545586e+00
-6.379644034923654949e+00
-6.278410503142644927e+00
-6.544891998926016363e+00
-6.263465208419235708e+00
-6.984410745988175684e+00
-6.530007963676932370e+00
-6.262320999112843900e+00
-6.988606314418183807e+00
-6.993451917333510792e+00
-6.366954472676712662e+00
-6.260676226880748096e+00
-7.050372041424286529e+00
-6.152042414075204135e+00
-6.271706528425530003e+00
-5.965659242055112443e+00
-6.273655109045985334e+00
-6.278700318685920045e+00
-6.165345251541754834e+00
-6.270077019075323221e+00
-6.377007549426542354e+00
-6.984924927381258364e+00
-5.983667240256863806e+00
-7.185946194049328994e+00
-5.978896063793412097e+00
-7.178997262471388474e+00
-7.056295224970543067e+00
-6.141776901894965057e+00
-6.265496665639489926e+00
-5.972847307466991218e+00
-7.194309302807145201e+00
-7.174125722224018453e+00
-7.050073329585917925e+00
-6.264811529579858984e+00
-6.996327505917417255e+00
-6.259529043374642221e+00
-6.987111944827854693e+00
-6.252656771506537758e+00
-6.257013028522955267e+00
-6.994348056677020864e+00
-6.358065091854709472e+00
-6.262020386387071369e+00
-6.143930349700290172e+00
-7.061001552043436824e+00
-5.988510711667216491e+00
-5.981661757164151716e+00
-7.183144014745914241e+00
-6.141282272685034016e+00
-6.268334316061654476e+00
-5.976800050594531122e+00
-7.199147688011613866e+00
-5.969872729959437407e+00
-7.178545547427208184e+00
-7.051927401126047101e+00
-6.149498021150031413e+00
-6.263368228728710463e+00
-7.001327400478288610e+00
-6.368615497093980338e+00
-6.259546412408869998e+00
-6.532024875776579087e+00
-6.257723428654045961e+00
-6.257842209521542465e+00
-6.358813099198536101e+00
-6.262858458770639736e+00
-6.142675937888320448e+00
-7.064297690289873977e+00
-6.538316445234867658e+00
-6.978754912250360931e+00
-6.547706271851465587e+00
-6.982576460074520597e+00
-6.980935843165901211e+00
-6.379457056305156470e+00
-6.274569631333846154e+00
-6.546067294784540636e+00
-6.986459916002485393e+00
-6.989507356093620949e+00
-6.998671687239091277e+00
-6.261317202765882328e+00
-7.057665079995564028e+00
-6.269107663662000007e+00
-7.181337457480098330e+00
-6.276163048736699501e+00
-6.275776196692041786e+00
-7.052401328702586625e+00
-6.162948670774321513e+00
-6.267764665150777681e+00
-6.378208475276336387e+00
-6.988112179240487443e+00
-5.544167152976653412e+00
-6.259255338324440032e+00
-5.553838195201233674e+00
-6.238849226864409125e+00
-7.017392782656925121e+00
-5.576604808596341556e+00
-6.253859155346175314e+00
-5.599442396358167429e+00
-6.201821358823119468e+00
-7.029111348954336869e+00
-5.612307277223495205e+00
-6.170142581456500075e+00
-7.018591085583837597e+00
-7.049487249062243777e+00
-5.639047242999462917e+00
-6.221209627120442676e+00
-7.103061814506385296e+00
-5.687019456089769776e+00
-6.249224542313957187e+00
-5.821534523114284987e+00
-6.254963590528482165e+00
-6.256436538510993906e+00
-5.677164428226721959e+00
-6.239971008802958963e+00
-5.584422119003003004e+00
-7.041305156587428726e+00
-5.921044532709300867e+00
-6.355420412902834215e+00
-5.907739313492317734e+00
-6.340644739479854408e+00
-7.216530568372234278e+00
-5.770660867944465977e+00
-6.283033918402604279e+00
-5.836307121011989452e+00
-6.312141525139685072e+00
-7.217120525347986870e+00
-6.264195899559750202e+00
-7.206182507105092228e+00
-7.119802726817950678e+00
-6.278169782103923069e+00
-7.022994604591872303e+00
-6.254646075618684797e+00
-6.196347917289632079e+00
-6.234945954330992635e+00
-5.653937069201035115e+00
-6.291541506232579017e+00
-5.751978338602518726e+00
-7.097446275814002448e+00
-5.858760202891041047e+00
-6.294481540551350562e+00
-5.867079803854682751e+00
-6.283757083608954908e+00
-7.202728285328332092e+00
-5.702943805356150087e+00
-6.291350439201020883e+00
-5.917067232124287202e+00
-6.275364499424367359e+00
-7.205225052928627250e+00
-5.973898458250772592e+00
-6.279931024794191963e+00
-7.205015046078542262e+00
-7.118774956591424008e+00
-5.770327449591411195e+00
-6.247911220458524539e+00
-7.041221306579768857e+00
-5.611422886609203964e+00
-6.255409743039024306e+00
-5.551967880652136422e+00
-6.270009636698721245e+00
-6.286439874753984469e+00
-5.598195194520510398e+00
-6.273942771219688908e+00
-5.712941239241302149e+00
-7.099997400261385927e+00
-5.633009480563001325e+00
-5.610351048273587438e+00
-7.032214739181313234e+00
-5.699387014934682583e+00
-6.172207394881588982e+00
-5.564314523183071515e+00
-7.030746104624943094e+00
-7.019973722572186325e+00
-7.051982823127473488e+00
-6.243839862110561967e+00
-7.129891612840578041e+00
-6.220865576500465011e+00
-6.230571456328144464e+00
-6.194281110037281657e+00
-5.817263789954589370e+00
-6.202602237147476494e+00
-5.663697090649235655e+00
-7.056528109473779509e+00
-6.526462300509624725e+00
-6.294280905486136390e+00
-6.520045004535831801e+00
-6.365433660037597363e+00
-6.973437663695094990e+00
-6.360912246473634291e+00
-6.284402674558990043e+00
-6.480911165036688182e+00
-6.454820386210935901e+00
-6.960848279895024859e+00
-6.435177116900012706e+00
-6.526286342278016406e+00
-6.961737091578606318e+00
-7.001189890826859497e+00
-6.286792749473524289e+00
-6.399102687546580626e+00
-7.061088538014821836e+00
-6.130471701333878087e+00
-6.300444500241288104e+00
-5.997537654646523997e+00
-6.281324513094339146e+00
-6.277493880516098912e+00
-6.148124510603436121e+00
-6.336025955645718355e+00
-6.343194980493087165e+00
-6.994613374301304809e+00
-6.107859799565244607e+00
-6.047816413620802578e+00
-7.159126298363196028e+00
-6.029565988031577284e+00
-6.314446856221750615e+00
-5.999742422082005255e+00
-7.178938935481109951e+00
-7.165350703548973854e+00
-7.075827668454691022e+00
-6.280671894663700350e+00
-7.003781068864578963e+00
-6.330497728343204678e+00
-6.469529544973414481e+00
-6.387301407110930640e+00
-6.226504351734683418e+00
-6.289366076286250440e+00
-6.081023282779861816e+00
-7.077407248541969231e+00
-5.963458665282036719e+00
-5.981561772103030528e+00
-7.193051773638421409e+00
-6.168068902304029599e+00
-6.295397068273050678e+00
-6.049365301035138032e+00
-7.220046223095399007e+00
-6.010119049313071393e+00
-7.227066959110516997e+00
-7.083725719122234921e+00
-5.942620038147760297e+00
-6.470729078401375567e+00
-6.958391289560861281e+00
-6.443736794467336715e+00
-6.297920433263885620e+00
-6.537499833525618698e+00
-6.297187256191088878e+00
-6.283215816440491430e+00
-6.390714668270264021e+00
-6.375846759457803437e+00
-6.174774499596446198e+00
-7.053804713661593340e+00
-6.541544896380564467e+00
-6.538693789114891075e+00
-6.910262170681148675e+00
-6.511910326793304726e+00
-6.518585919455845534e+00
-6.555585248306623036e+00
-6.912655919577132657e+00
-6.956343601436020485e+00
-6.883471096337580697e+00
-6.369238546091252395e+00
-7.165228270739710581e+00
-6.435103993331602545e+00
-6.433241159442680157e+00
-6.486507030071272162e+00
-5.979460171830816684e+00
-6.462013770393276069e+00
-6.468900128117005544e+00
-6.897044750576917238e+00
-5.666240824385272212e+00
-6.164358918572192536e+00
-7.036669442939038177e+00
-5.631837089898682258e+00
-6.196520203549499506e+00
-7.062425589982539442e+00
-7.090821840945650045e+00
-5.735112100162647941e+00
-6.171465503219206283e+00
-5.577664116541590111e+00
-6.236909242234202289e+00
-7.059295050289073892e+00
-5.556040913112305191e+00
-6.266696186997561924e+00
-7.045329584079669694e+00
-7.078582379251190382e+00
-5.628882485541833347e+00
-6.244099657168860951e+00
-7.147450547602502979e+00
-5.796194460060722697e+00
-6.223207151127995829e+00
-7.208823291751236262e+00
-6.015038712891032091e+00
-6.238948130421398730e+00
-6.199229131529383707e+00
-7.161963591882445357e+00
-5.854425629172601120e+00
-6.204013087656861991e+00
-5.688896398528688891e+00
-7.087904227269993029e+00
-5.871440503307829850e+00
-6.288965755182611694e+00
-7.205991815275778478e+00
-5.890915547592833867e+00
-6.290923120047976269e+00
-7.202177500074427918e+00
-7.117377839361469505e+00
-5.720558113463430239e+00
-6.299073619648532407e+00
-5.945633071416200011e+00
-6.279308524859347429e+00
-7.221093772506463004e+00
-6.288697706604470916e+00
-7.216911964055263695e+00
-7.143110770242429908e+00
-6.251767263948996067e+00
-7.059199453417563497e+00
-6.265963157320840970e+00
-7.038158015595867845e+00
-6.280554261857047571e+00
-6.290451247654977429e+00
-7.046241508366533068e+00
-5.598227948990120773e+00
-6.276410517182867466e+00
-5.742264900705557729e+00
-7.139968796694707187e+00
-5.928581698285693591e+00
-6.357423760441823113e+00
-7.308031454150311745e+00
-5.905679173360327106e+00
-6.326317349923421318e+00
-7.249799345646212423e+00
-7.121203683061267498e+00
-5.782502539808694664e+00
-6.273304736082547350e+00
-5.831019823706196092e+00
-6.294712285685950093e+00
-7.244587134442143750e+00
-5.810405298744862002e+00
-6.249843840651713833e+00
-7.225879570210189229e+00
-7.139580545573950943e+00
-5.681976097641411094e+00
-6.263671723713512662e+00
-7.040551568270438487e+00
-5.645416489881019295e+00
-6.239538838890245742e+00
-6.990388753010527090e+00
-5.638111581050132770e+00
-6.187500257861680453e+00
-6.224373964611121579e+00
-6.995337258862473817e+00
-5.672524982155248807e+00
-6.275194137606836975e+00
-5.752192147949703127e+00
-7.122498310836926194e+00
-5.543179799056537682e+00
-7.033182303219452258e+00
-5.561344659590140793e+00
-7.041142233047937182e+00
-7.045113006561804170e+00
-5.573749146360516882e+00
-6.257578192364379177e+00
-5.613630130738281210e+00
-7.051509104989102106e+00
-7.041362370764678857e+00
-7.067521211120382674e+00
-6.210669257788802078e+00
-7.136674297893033980e+00
-6.246828097280376468e+00
-7.230986939741206321e+00
-6.245047622305518686e+00
-6.246380343712421457e+00
-7.117514269261635995e+00
-5.664262607397133387e+00
-6.233449447587289249e+00
-5.587898963224159132e+00
-7.048970274341106901e+00
-6.557187043133030357e+00
-6.572507959416355128e+00
-6.912067372667046961e+00
-6.554552735740437619e+00
-6.474252808729284325e+00
-6.926344752449062447e+00
-6.909784384421754133e+00
-6.551265382281183491e+00
-6.578334468784292177e+00
-6.569840245007228852e+00
-6.368315878623160842e+00
-6.929593943626038310e+00
-6.551550601555423015e+00
-6.285224944070374242e+00
-6.978068774557848464e+00
-6.900199472249108901e+00
-6.467834197172962263e+00
-6.371182547680691144e+00
-7.201734480232222957e+00
-5.930000946233068504e+00
-6.470629802622377191e+00
-7.362635511945669009e+00
-6.009403267828320239e+00
-6.462944252985624694e+00
-6.559346153149941294e+00
-7.259259967443448147e+00
-5.964949069196138431e+00
-6.490148947358877152e+00
-6.509209988394506041e+00
-6.906305371485640165e+00
-5.955311656339609350e+00
-7.199731841730434567e+00
-5.975753184426912057e+00
-7.220197349744319482e+00
-7.072954287803736584e+00
-6.185058674895229203e+00
-6.282319727992288882e+00
-6.045209615943048398e+00
-7.253029920641946404e+00
-7.267879971146366636e+00
-7.113377910425377593e+00
-6.473700347114040632e+00
-6.977923054576857353e+00
-6.294953326184706377e+00
-7.002681929626939805e+00
-6.291555693188680465e+00
-6.273169250011357612e+00
-7.001642892540744789e+00
-6.407780657262589941e+00
-6.361875487938273288e+00
-6.197420886792634143e+00
-7.077374009825521561e+00
-6.146337468228577627e+00
-7.137022041644459414e+00
-6.077501742547303465e+00
-7.178015411278082070e+00
-7.105857141373360442e+00
-6.013662782898995474e+00
-6.320450160899032888e+00
-6.040387870563129979e+00
-7.201821034314730419e+00
-6.026712858691155361e+00
-7.205325896900101057e+00
-7.120194869309324659e+00
-6.116516337316473262e+00
-6.274374178578719707e+00
-7.049054517058189084e+00
-6.281817341248691733e+00
-6.328583880717833843e+00
-6.987599876824356571e+00
-6.433771199843230093e+00
-6.496073895737624504e+00
-6.399293113488504048e+00
-7.037511307156128382e+00
-6.220780030602790944e+00
-6.282045778533423608e+00
-6.064755539581909716e+00
-7.124928355081650899e+00
-6.535524504980429583e+00
-7.016044339112593953e+00
-6.526690286914426764e+00
-7.001999633059030614e+00
-7.032568955427059620e+00
-6.358280005504847843e+00
-6.272571661919188912e+00
-6.482365333278501396e+00
-6.990136491677758634e+00
-6.994895034919711208e+00
-7.042687343766939279e+00
-6.406273918325132932e+00
-7.102266487543356988e+00
-6.292489928726564763e+00
-7.200945013812015461e+00
-6.272137737559394743e+00
-6.266862211209672573e+00
-7.088619626309248467e+00
-6.132148494554725993e+00
-6.331424613692941961e+00
-6.340530495976435255e+00
-7.032364278388905099e+00
-5.545739945547399685e+00
-6.292483836280491794e+00
-5.538490666616441516e+00
-6.303561384430366843e+00
-7.031260837268831665e+00
-5.589635967090134550e+00
-6.301940109055474970e+00
-5.536162194391171631e+00
-6.304846891297668066e+00
-7.020155648536385407e+00
-5.546494144252704928e+00
-6.299011348273117150e+00
-7.029502557392605766e+00
-7.038838552526967440e+00
-5.586336240862038949e+00
-6.300981790620109102e+00
-7.098130510845799712e+00
-5.701299909309417657e+00
-6.295553296894667028e+00
-5.863656633094094239e+00
-6.292631267591838551e+00
-6.297690651774941806e+00
-5.699732694853566706e+00
-6.302022245286533320e+00
-5.594281412143160104e+00
-7.050677479611485943e+00
-5.864491876047586594e+00
-6.256584990077947772e+00
-7.215037842432406201e+00
-5.860432804573058263e+00
-6.260632279932453415e+00
-7.201989087226453812e+00
-7.110431957404568237e+00
-5.710459143640669311e+00
-6.258367869327114086e+00
-5.859821466235287879e+00
-6.264979679115502798e+00
-7.186597720829250413e+00
-6.278945035005043529e+00
-7.199954187019851126e+00
-7.113282815118421532e+00
-6.283368775705198139e+00
-7.048428059988861349e+00
-6.291798353441661718e+00
-7.031916958636450055e+00
-6.286448385598180977e+00
-6.271280547330316146e+00
-7.041679581509675323e+00
-5.600636132308471460e+00
-6.273367198012548940e+00
-5.700215192352374061e+00
-7.093590586449811219e+00
-5.811206994211113752e+00
-6.253971182501360637e+00
-5.803384934803038853e+00
-6.258700749062145796e+00
-7.216022124863586740e+00
-5.664093198078613334e+00
-6.258079646321979439e+00
-5.801536186225191294e+00
-6.263921551392266807e+00
-7.198925437971381847e+00
-5.802404260266533775e+00
-6.276736529107685314e+00
-7.211152219636979943e+00
-7.119674938515510476e+00
-5.653276988995058261e+00
-6.282188439053183693e+00
-7.051245358742493252e+00
-5.554311585294321674e+00
-6.289456593319619593e+00
-5.536028290192972712e+00
-6.280880222902688104e+00
-6.266698364565340462e+00
-5.568729145130688174e+00
-6.271799678223943353e+00
-5.653315733317247016e+00
-7.102101277849886429e+00
-5.533474426026685045e+00
-7.037505381649697966e+00
-5.526744272500525135e+00
-7.031092276783089901e+00
-7.044720673966421209e+00
-5.556056339918382214e+00
-6.307383349162126507e+00
-5.525467816539922694e+00
-7.021214854682129136e+00
-7.030194797278919161e+00
-7.040844843042203927e+00
-6.297851944531108082e+00
-7.102835496826553019e+00
-6.294813198852899028e+00
-7.214811640936368953e+00
-6.291450323137912193e+00
-6.300774136740303177e+00
-7.123163138939614392e+00
-5.648667607802930313e+00
-6.301862206196721772e+00
-5.562303386833802321e+00
-7.051598166140985668e+00
-6.552517030323907754e+00
-6.248998178181921048e+00
-6.561688731944503417e+00
-6.246144404776002190e+00
-7.008117140731138228e+00
-6.393926096561971306e+00
-6.262078589203004420e+00
-6.559148742423439593e+00
-6.244088404988822560e+00
-7.011483417356420667e+00
-6.543800938825999225e+00
-6.244005797743057862e+00
-7.015680560113715991e+00
-7.018126610126899756e+00
-6.384212786146937546e+00
-6.241790843238751663e+00
-7.073976857658627715e+00
-6.166230956293425436e+00
-6.256715023955861987e+00
-5.958737814085345974e+00
-6.262936290495843217e+00
-6.265099775349708189e+00
-6.177615949827067077e+00
-6.252010333016967181e+00
-6.392612936085802389e+00
-7.010015603790580307e+00
-5.960847952749396939e+00
-7.217412848640699430e+00
-5.962203185229848046e+00
-7.208708018279583740e+00
-7.077251257774878290e+00
-6.162565383444381872e+00
-6.254527718537250536e+00
-5.961612758463960660e+00
-7.222068155675802181e+00
-7.201046169711345257e+00
-7.073059491172730695e+00
-6.253938261185768788e+00
-7.020526510614808480e+00
-6.243571211945008415e+00
-7.014183726837792676e+00
-6.233663879980579026e+00
-6.240463631030754854e+00
-7.017721102328227545e+00
-6.376977307220285773e+00
-6.251180712244976512e+00
-6.161028391499091761e+00
-7.083104261983147687e+00
-6.021694972088548425e+00
-6.018795563296817974e+00
-7.190340474834019169e+00
-6.120022979514712524e+00
-6.259527927033701644e+00
-6.016822205010107005e+00
-7.204064822032235860e+00
-6.012388321333538066e+00
-7.181801231460587687e+00
-7.083705128285019192e+00
-6.121022019691665150e+00
-6.255812127854915694e+00
-7.033959196797270330e+00
-6.362212404580617431e+00
-6.245601949168428035e+00
-6.540524061108786036e+00
-6.240132278541551614e+00
-6.243250197654369948e+00
-6.355261556595361405e+00
-6.254486925888624427e+00
-6.117170936781667123e+00
-7.095828083281205956e+00
-6.542475920163220771e+00
-7.010353427130292303e+00
-6.553762945110772620e+00
-7.013620023141782234e+00
-7.015907334017678743e+00
-6.367520117380944811e+00
-6.259484303048950871e+00
-6.553608153763698319e+00
-7.016998525160975220e+00
-7.019436915061271876e+00
-7.032050687765509345e+00
-6.243398132591814864e+00
-7.089369309266548846e+00
-6.256738331512345930e+00
-7.184462701944940299e+00
-6.269855208396035273e+00
-6.265855524696741341e+00
-7.084667590613594079e+00
-6.132204181981916413e+00
-6.250611846510933489e+00
-6.368898547901714835e+00
-7.022214566730937690e+00
-5.555996301239156665e+00
-6.275855284905579090e+00
-5.569120373119983647e+00
-6.251521358242619897e+00
-7.043678171688901202e+00
-5.602443823582544447e+00
-6.265712004079956543e+00
-5.617979504246259914e+00
-6.205454979828663120e+00
-7.057593579994589916e+00
-5.633329448667591777e+00
-6.158416954654356346e+00
-7.046548328810173345e+00
-7.073303664913325406e+00
-5.669951257677925405e+00
-6.217963426476588396e+00
-7.117444032624066885e+00
-5.725661093777586252e+00
-6.249605038488324382e+00
-5.864233509143191192e+00
-6.254090222676925492e+00
-6.261933862479501123e+00
-5.713895569056352208e+00
-6.246565539203314366e+00
-5.613094380401498995e+00
-7.062529823598750589e+00
-5.970363832387243441e+00
-6.338252420554749911e+00
-7.278273426806288526e+00
-5.951929748718018942e+00
-6.329500778976619557e+00
-7.229834506295438779e+00
-7.106462277622788370e+00
-5.810649057940336704e+00
-6.263396951439724525e+00
-5.880743263762499673e+00
-6.305414671676714100e+00
-7.226742354533748802e+00
-6.259358113994459849e+00
-7.213892180413711053e+00
-7.136822767739650963e+00
-6.274392022937361979e+00
-7.047091249727860607e+00
-6.246431295618974033e+00
-6.991321413998207390e+00
-6.177552292015736413e+00
-6.213397937270678462e+00
-6.995957287575580885e+00
-5.685666892479013690e+00
-6.280852338113473543e+00
-5.791150967256420756e+00
-7.116245742747126179e+00
-5.823052429884966408e+00
-6.294394775750515869e+00
-5.825738301099432803e+00
-6.281726715626070323e+00
-7.233602333695142050e+00
-5.669849282242617861e+00
-6.299635379927571499e+00
-5.871324480308443228e+00
-6.272368110280488018e+00
-7.238846849051187249e+00
-5.923756727101538111e+00
-6.274951207327157832e+00
-7.243261041102183384e+00
-7.151720872849719690e+00
-5.731442903886982521e+00
-6.253492789379805572e+00
-7.071477662576779011e+00
-5.588769898250732560e+00
-6.268829364385664071e+00
-5.546248520465762333e+00
-6.287780603136949864e+00
-6.301579850028367957e+00
-5.575959673385160187e+00
-6.281213355442536006e+00
-5.676330090027708941e+00
-7.130239684612324602e+00
-5.636351359651247783e+00
-7.031216753417426801e+00
-5.609744054318896112e+00
-7.063331094448824565e+00
-7.085755393448270212e+00
-5.679794945488621849e+00
-6.169954743084458570e+00
-5.560638385107936621e+00
-7.062489397305764527e+00
-7.049280036468677402e+00
-7.084954053440350563e+00
-6.259210341343123929e+00
-7.165503140750029587e+00
-6.231406588029260618e+00
-7.248821562752542746e+00
-6.231636817641729387e+00
-6.197638395873226180e+00
-7.176098351769956807e+00
-5.776840274443297396e+00
-6.212322690790706758e+00
-5.641882797311845721e+00
-7.090298357496316761e+00
-6.539701394831627823e+00
-6.278401246831399440e+00
-6.533075185316667088e+00
-6.354301925934840334e+00
-7.000099498095964989e+00
-6.381444872766276255e+00
-6.266592492209959175e+00
-6.494577009197868733e+00
-6.451861471082589006e+00
-6.987551542017548911e+00
-6.450625406839818332e+00
-6.536360920610742475e+00
-6.989569553080895226e+00
-7.023644909995639729e+00
-6.309966277928213962e+00
-6.390889047717410953e+00
-7.080954761235717321e+00
-6.159264854258797328e+00
-6.286230262787909417e+00
-5.968622593456242242e+00
-6.270879661956186624e+00
-6.261349770215308475e+00
-6.172945209935138955e+00
-6.321530548944107153e+00
-6.365197726658047728e+00
-7.016912700541318770e+00
-6.066710668062672340e+00
-7.178864103828972887e+00
-6.008911686748955816e+00
-7.202282052864069861e+00
-7.091776068816862733e+00
-6.065257478296394389e+00
-6.308501807544886653e+00
-5.965720080791288460e+00
-7.216340949284482775e+00
-7.199837599041083003e+00
-7.095677021329633405e+00
-6.271241749167331569e+00
-7.028331844603996181e+00
-6.319704366864678846e+00
-6.983996621111842273e+00
-6.470597908500709927e+00
-6.381868765416575329e+00
-7.016956711579322103e+00
-6.250965156200122941e+00
-6.282257051764232436e+00
-6.114064162345703046e+00
-7.099450258179905937e+00
-6.007042642396076104e+00
-6.023425709055651112e+00
-7.196973621478703897e+00
-6.136843278462409401e+00
-6.290569755520022177e+00
-6.091124210131227734e+00
-7.226186566781450438e+00
-6.065656079921997623e+00
-7.238061181201850047e+00
-7.106839285899834380e+00
-5.977590072891127093e+00
-6.452403167636149739e+00
-6.994745136198312174e+00
-6.427708010511262948e+00
-6.297374729042457098e+00
-6.539935474564808615e+00
-6.285364992491746072e+00
-6.276916310096991580e+00
-6.376455552761393974e+00
-6.373867894772141440e+00
-6.144300183559058048e+00
-7.086350153602694490e+00
-6.556549305731026678e+00
-6.930673920854265369e+00
-6.544961939160979014e+00
-6.941550359394436320e+00
-6.969905070447831363e+00
-6.504774797155606691e+00
-6.516261974286839731e+00
-6.558024132944521689e+00
-6.944748640647630644e+00
-6.988124960559636278e+00
-6.925011530974135354e+00
-6.361747111492676687e+00
-7.183166634154126484e+00
-6.418854169780376040e+00
-7.329094114108100300e+00
-6.415355772990093186e+00
-6.464099560351970197e+00
-7.244178291762525923e+00
-6.027767974330523693e+00
-6.457799043459219845e+00
-6.454032857829982817e+00
-6.943549952940716530e+00
-5.565768245152658444e+00
-6.072849213562020232e+00
-5.399579182814532530e+00
-5.963812903139719346e+00
-6.889364119356066851e+00
-5.618515116203911752e+00
-6.089458958717975712e+00
-5.272350166341227329e+00
-5.837298368965624817e+00
-6.823707675236407866e+00
-5.658635515467649313e+00
-5.219139179442070287e+00
-6.607544603083295165e+00
-6.702641596324697915e+00
-5.658712532852852917e+00
-5.927674042034512425e+00
-7.071761506069934811e+00
-5.619234910124878191e+00
-6.050228931636778995e+00
-5.916766290181045385e+00
-6.190597551170307078e+00
-6.119034352561380175e+00
-5.742746751139001127e+00
-6.026090121836530145e+00
-5.477671756473458942e+00
-6.914767359141499092e+00
-6.164472434364691722e+00
-6.480182772452421247e+00
-5.987515587947241258e+00
-6.332872719349793122e+00
-6.971337630817596498e+00
-5.932618669490075547e+00
-6.463835595844759752e+00
-5.880699240483897583e+00
-6.268119594208703127e+00
-7.136697366470725612e+00
-6.289447866362462669e+00
-7.299425059616354794e+00
-6.821497665181435188e+00
-6.169817875951205011e+00
-6.275353413237219513e+00
-6.108303106263015536e+00
-6.238126309615735110e+00
-6.533080901910699900e+00
-5.577895171403792318e+00
-6.274572524363605019e+00
-5.656671298301148454e+00
-6.598413376102272743e+00
-5.936881220698498218e+00
-6.277285139203853781e+00
-5.858693146529317275e+00
-6.236430644571419712e+00
-7.291066831803148851e+00
-5.763477106808713835e+00
-6.216464546026472249e+00
-5.722396101217641196e+00
-6.187197614609241114e+00
-7.313772358719706546e+00
-5.591935980356640634e+00
-6.048990034367169422e+00
-7.077962775236494863e+00
-7.078288320003347067e+00
-5.605949081583194271e+00
-6.167451912938521019e+00
-7.022115364741169152e+00
-5.573625960152111425e+00
-6.114146374886364477e+00
-5.593704438848003058e+00
-6.107028067844941788e+00
-6.161842476228824417e+00
-5.653435171668454551e+00
-6.171802795079915249e+00
-5.670288413074400680e+00
-7.169126496515546343e+00
-5.614150872822737171e+00
-5.482880844939732157e+00
-6.659809672769921640e+00
-5.836355308079407500e+00
-5.873831734795313508e+00
-5.492611367263776856e+00
-6.803502402259596238e+00
-6.932300562868593197e+00
-6.878808809064391738e+00
-6.026553295365194352e+00
-6.775279014333142058e+00
-6.113000034380478453e+00
-6.215319307310619656e+00
-6.146038211267403462e+00
-5.799644639054882589e+00
-5.966898443580121558e+00
-5.585662149854438319e+00
-6.641566175578454967e+00
-6.453126061567478366e+00
-6.666476421843825051e+00
-6.530051169698314339e+00
-6.826991208082834106e+00
-7.004754696997977703e+00
-6.241654050406453713e+00
-6.583892286294169338e+00
-6.963275735987401127e+00
-7.126768692235422975e+00
-7.181011249967831134e+00
-6.694284494789457085e+00
-7.029674658114459795e+00
-6.837822394999223619e+00
-7.101492405700454924e+00
-6.508603534316759642e+00
-6.622031742210283234e+00
-7.099051033349435436e+00
-6.076800222274700403e+00
-6.548405424144617015e+00
-6.116254951425735165e+00
-6.363281866274258292e+00
-6.479616551937853686e+00
-6.054889789753843843e+00
-6.683388245489633839e+00
-6.304966485328713510e+00
-7.023022322223072322e+00
-5.886368244172878406e+00
-6.699309360135108804e+00
-5.983831471722298900e+00
-7.238179355231472378e+00
-7.015365199297137977e+00
-6.158756244119003576e+00
-6.270178641595404834e+00
-6.098253351716571125e+00
-7.267214624237129605e+00
-7.189102358136199022e+00
-7.145825660135231239e+00
-6.372233041233916317e+00
-7.013596589979650631e+00
-6.484289366941698773e+00
-6.841095469206567081e+00
-6.779293530799802348e+00
-6.482180776795367194e+00
-6.882295113103461759e+00
-6.621661763556611291e+00
-6.315337751014094003e+00
-6.148494635872628677e+00
-7.117465122953397838e+00
-6.049281798038908420e+00
-6.084684127772888473e+00
-7.367633107707132645e+00
-6.047419897537954725e+00
-6.367787971711189599e+00
-6.209146412740993881e+00
-7.206297256275942864e+00
-6.278449624335777912e+00
-7.019354006686006286e+00
-7.205383816612309644e+00
-5.926927747794128010e+00
-6.512364139245512717e+00
-7.069556125989505446e+00
-6.452550681906043195e+00
-6.510813283804176343e+00
-6.627232605891534511e+00
-6.569894092439775513e+00
-6.449436901351231377e+00
-6.545069444023666527e+00
-6.330647572101200105e+00
-6.131546472075376286e+00
-7.253035686369468493e+00
-6.360281737096662447e+00
-6.914692992707413666e+00
-6.429254345711417074e+00
-6.992798693350974482e+00
-6.855600359378303033e+00
-6.090475684990722449e+00
-6.885260659399419225e+00
-6.816521496475515640e+00
-7.295980514892070445e+00
-6.940385933597615242e+00
-7.191244882703757391e+00
-6.590555753238972692e+00
-6.926984229329691267e+00
-6.720156074390115641e+00
-6.775744210909499188e+00
-6.568861436596898251e+00
-6.664560590815145957e+00
-6.718680003693473068e+00
-6.303160677539762169e+00
-6.841300495476221322e+00
-6.217980112031501250e+00
-6.950820789476034101e+00
-6.563817101271081533e+00
-6.985255953799671680e+00
-6.524350240991263483e+00
-6.968105791973164820e+00
-6.838012228469294129e+00
-6.485320241209021397e+00
-6.861695456637392887e+00
-6.503151775135592061e+00
-6.966441643050045762e+00
-6.853719140866715520e+00
-6.490429609449406279e+00
-6.977889774604046913e+00
-6.900208373609141965e+00
-6.778710355792997078e+00
-6.287895486130025802e+00
-6.846872489537076056e+00
-6.833513650228940861e+00
-5.978909833759580295e+00
-6.680092858221652108e+00
-5.858046072659281123e+00
-6.377333160265184375e+00
-6.687656326824681585e+00
-5.956355767867034245e+00
-6.873241663679899638e+00
-6.391895384883709674e+00
-6.790925978944411412e+00
-5.775955502370009320e+00
-6.582747597063909772e+00
-5.860248879867457461e+00
-6.633507115981253754e+00
-6.804536070969562367e+00
-6.029014635652120369e+00
-6.520373959977220579e+00
-5.958067376688168437e+00
-6.503734650156798303e+00
-6.553063173577632128e+00
-6.699424673430603328e+00
-6.449978647336044091e+00
-6.796332060431667266e+00
-6.621032909426670443e+00
-7.015899006647955183e+00
-6.814476425151879901e+00
-6.591923616901752325e+00
-6.928456240938460020e+00
-6.257176912331372520e+00
-6.535007766955085451e+00
-5.955523335680312336e+00
-6.688425599481476524e+00
-6.245441226961161441e+00
-6.224419810939876285e+00
-6.511059007051466452e+00
-6.248204950654521639e+00
-6.617837669885995311e+00
-6.263758928112515001e+00
-6.281535790670387698e+00
-6.029755613633565048e+00
-6.236276472593978326e+00
-6.594362538890902847e+00
-6.200155430075145802e+00
-6.355927093732686828e+00
-6.781566124232769610e+00
-6.132762749350648690e+00
-6.614649544218857535e+00
-6.356219052604672903e+00
-6.837557610251657536e+00
-6.680000759260023457e+00
-6.094837670742790259e+00
-6.502726963762091472e+00
-6.216884885740261879e+00
-6.582306975745347621e+00
-6.664053782410555016e+00
-6.956082886525792652e+00
-6.533954279793166009e+00
-6.888113165286163131e+00
-7.069103900277680985e+00
-6.410180789341433538e+00
-6.785567460198514311e+00
-6.430289075722314784e+00
-6.868087666682145986e+00
-6.881158237581213477e+00
-6.800666730733612830e+00
-6.828929305357584134e+00
-6.762379929888478358e+00
-6.576164893127248057e+00
-6.325830348603225239e+00
-6.248713922072935745e+00
-6.487696082924971464e+00
-6.988495797814474386e+00
-6.207611810686626264e+00
-6.831773423149692270e+00
-6.261657092933679003e+00
-6.873828882953212371e+00
-5.641381363489407441e+00
-5.145738812839909748e+00
-5.481134477358702739e+00
-5.869022555335635438e+00
-6.759198711204311039e+00
-5.820651990217235117e+00
-5.823264971757396324e+00
-5.485117484086159401e+00
-6.025383380366297281e+00
-6.833855435410280066e+00
-5.612132919892957261e+00
-6.111429831113031064e+00
-6.939998711461154990e+00
-6.883447640012578361e+00
-5.552878892776714537e+00
-6.065133540798748335e+00
-6.785769060730390656e+00
-5.519776366331513806e+00
-6.050627873625195718e+00
-5.393913731807367995e+00
-5.984239401010710502e+00
-6.034013492643962806e+00
-5.714757697184364105e+00
-5.974684274751396629e+00
-5.549644893383040234e+00
-6.712416808531576073e+00
-6.034573074919997282e+00
-6.307246386246916359e+00
-5.941574980782401205e+00
-6.228539363230023440e+00
-7.267631530123647821e+00
-5.827898502331472663e+00
-6.223753739153471187e+00
-5.792420698089893349e+00
-6.010105866921565010e+00
-7.354985629483268283e+00
-5.563748564588503420e+00
-7.166585188767226278e+00
-7.087569845948392455e+00
-5.945709302595091117e+00
-7.027259134804705099e+00
-6.095398838004431497e+00
-6.130191231606252344e+00
-6.168150754334556396e+00
-5.688235708457889395e+00
-6.116228801090375811e+00
-5.673783197589984617e+00
-7.172419836020639039e+00
-5.900455193451883851e+00
-5.871256302489519463e+00
-5.848795402464244120e+00
-6.111754944879720597e+00
-7.047577986959657537e+00
-5.820704713121879870e+00
-6.158148870260200525e+00
-5.764244643289500480e+00
-6.270378078999250704e+00
-7.201445163027705654e+00
-5.862952950990910850e+00
-6.329522041593508952e+00
-7.325385216913804953e+00
-6.892397766109866097e+00
-5.548483940426417682e+00
-6.204918729572000302e+00
-6.346736458034419215e+00
-5.711960200218807238e+00
-6.080770351203105051e+00
-5.724714166235013835e+00
-6.184091647496224198e+00
-6.405273490211338405e+00
-5.633157234120458767e+00
-6.184743148581879346e+00
-5.593447891558018803e+00
-6.695134966661482778e+00
-5.568737686782930574e+00
-5.379454804529775203e+00
-6.898772423544327737e+00
-5.605727280801326096e+00
-6.131388103565648784e+00
-5.266733924568907099e+00
-6.872336835695968205e+00
-6.702937907362409575e+00
-6.759836775449658219e+00
-5.937751486709498927e+00
-7.094575959407593224e+00
-6.097983101204093259e+00
-6.226617252229032395e+00
-6.159134234148595510e+00
-5.713961794360170821e+00
-6.091076880551647754e+00
-5.442123874819869478e+00
-6.928057053619474992e+00
-6.507684302320651426e+00
-7.025686714062493010e+00
-6.933135155825080886e+00
-7.046753846860124071e+00
-7.260507729968915136e+00
-6.278932382813922075e+00
-6.813490690459173216e+00
-6.721728313898691631e+00
-6.861802837228763607e+00
-6.886816129038638934e+00
-6.593023106140314837e+00
-6.702992854111005094e+00
-6.898695323511941702e+00
-7.020490955392973298e+00
-6.628625584068855048e+00
-6.690740528700501955e+00
-7.050891140840747973e+00
-6.177067723558047341e+00
-6.505445068588736390e+00
-5.807281301139227914e+00
-6.416042580124333483e+00
-6.634651462501022223e+00
-6.097878030397269278e+00
-6.655746911239954322e+00
-6.499998015428971598e+00
-7.090630767354883623e+00
-5.964315228002954328e+00
-5.901199550702244778e+00
-7.390389114866748876e+00
-5.920243665398018607e+00
-6.417307653768357767e+00
-5.970554772428958934e+00
-7.334393452296014360e+00
-7.171018506641868129e+00
-7.176708056224369692e+00
-6.256823492099154116e+00
-6.971690175606052975e+00
-6.421725416653250917e+00
-6.648892705153759408e+00
-6.610898842055665803e+00
-6.567902853017336007e+00
-6.231364321443188636e+00
-6.259354515589326873e+00
-7.253121323767083517e+00
-6.111254836633428056e+00
-6.152789252303199063e+00
-7.245541529165099526e+00
-6.193830536620864358e+00
-6.091283471321542464e+00
-6.201136539517367652e+00
-7.267852018347481291e+00
-6.206355745836580340e+00
-7.149649568846032643e+00
-7.177576074670074746e+00
-6.008519467501415079e+00
-6.402375868432784500e+00
-7.246747727580494569e+00
-6.328448083057070406e+00
-6.639869365629390785e+00
-6.891140661398130973e+00
-6.653886024587048809e+00
-6.434640694723316123e+00
-6.411304640852289793e+00
-6.262691647579767817e+00
-5.882302256154139819e+00
-7.244740723882014066e+00
-6.428334165864662886e+00
-6.474456289930442310e+00
-6.991219935046978584e+00
-6.210676538342458919e+00
-6.623471932104464166e+00
-6.529949465355564087e+00
-7.061149052419866123e+00
-7.330704434712546735e+00
-7.086058172593271642e+00
-6.784931098475871281e+00
-7.111706188951174568e+00
-6.624824712240889646e+00
-6.396259332732160630e+00
-6.515051514841774249e+00
-6.009120042668120831e+00
-6.740515086682774104e+00
-6.259675136730041167e+00
-7.034670026175997570e+00
0.000000000000000000e+00
0.000000000000000000e+00
0.000000000000000000e+00
0.000000000000000000e+00
