19
18
25
39
41
39
43
39
41
55
59
55
61
65
76
97
96
109
121
149
156
159
163
169
176
191
200
159
160
163
221
222
231
247
249
257
263
285
291
292
301
316
333
330
358
377
386
390
391
390
402
415
454
463
464
465
466
465
473
475
478
481
478
483
494
499
500
437
499
504
505
504
518
525
530
525
552
558
568
578
589
606
610
637
633
659
663
672
694
698
713
718
735
763
772
787
793
832
836
832
854
852
861
874
888
909
857
921
924
941
922
967
980
989
1031
1038
1049
1082
1097
1103
1107
784
1112
1136
1038
1139
1151
1192
1221
1245
1272
1282
1288
1295
1302
1311
1317
1320
1327
1361
1372
1374
1385
1387
1395
1405
1415
1420
1422
1449
1473
1356
1476
1480
1492
1527
1532
1534
1543
1557
1579
1585
1611
1633
1647
1683
1701
1702
1724
1739
1743
1762
1769
1794
1682
1769
1803
1817
1857
1883
1886
1894
1902
1910
1932
1957
1956
2027
2042
2056
2055
2064
2106
2113
2161
2170
2246
784
1107
1143
750
1701
1910
1907
2246
2254
2286
2294
2318
2320
1910
1907
1701
2254
2318
2328
2348
2354
2373
2409
2418
2535
2564
2589
2615
2640
2651
2663
2669
2675
2696
2742
2745
2769
2770
2769
2792
2834
2873
2878
2942
2975
