-6.311752090272507054e+00
-6.676563967759510554e+00
-6.841634561646134927e+00
-5.315618799938308214e+00
-4.939540649659030613e+00
-6.226613359028050354e+00
-6.023432581287117671e+00
-6.283733060609330678e+00
-5.883835473186240783e+00
-6.303857241604935879e+00
-7.555969410737366942e+00
-5.159286170307351149e+00
-5.984026936316057643e+00
-5.797846923218209270e+00
-4.875095919527514532e+00
-6.160250521227456311e+00
-6.163051800930525737e+00
-5.176420411779858455e+00
-7.228117329221475984e+00
-7.624692428289295165e+00
-7.948976633058911112e+00
-4.906779091468690623e+00
-4.661941645044023197e+00
-5.059129769891860917e+00
-6.698316875387842373e+00
-6.930166688475983605e+00
-6.376639132015602840e+00
-4.848884359863478544e+00
-8.480395624148762579e+00
-6.420533705371660460e+00
-3.840355936840689210e+00
-4.300138511466475855e+00
-6.728662725644979581e+00
-5.530590544861889946e+00
-6.762797793562456583e+00
-8.367066897126500535e+00
-7.761827916823951234e+00
-4.825998538378800440e+00
-5.642549363183400501e+00
-4.960646845240396452e+00
-7.574841748814087339e+00
-6.226186522943313761e+00
-6.285036985634191886e+00
-6.755409971882111009e+00
-6.489890126179679974e+00
-6.759691378006561280e+00
-6.304936382395339933e+00
-5.522276157821377041e+00
-6.118510468834371885e+00
-4.271707648597998563e+00
-5.628159939048444471e+00
-4.467606692805849100e+00
-6.889832648309407226e+00
-7.909346573235072064e+00
-5.662083428019797360e+00
-7.472457699175704349e+00
-6.108573767418316258e+00
-7.049364980190484076e+00
-6.972309347155345449e+00
-6.303171609822130428e+00
-6.881796255115367522e+00
-5.527444880244297920e+00
-7.151347731628541204e+00
-6.168331617210150775e+00
-7.210438213933776375e+00
-5.487895526826790160e+00
-4.318259189573623757e+00
-4.053270855427361319e+00
-5.845372832885090020e+00
-5.111100097312705870e+00
-6.775058885750412152e+00
-6.251244578672507046e+00
-8.378137558926409767e+00
-7.201463408810679034e+00
-6.058109126698036029e+00
-6.078067803572858807e+00
-4.732265241864992866e+00
-6.135151089752432618e+00
-6.049547210381093443e+00
-4.739054174926221386e+00
-5.501994337694211090e+00
-6.844443408903977399e+00
-4.926757414210172215e+00
-4.716954797430078727e+00
-7.076612643862232765e+00
-8.983931809448499450e+00
-8.046882338463689166e+00
-6.731579238019391731e+00
-7.849426286928076202e+00
-5.310955080879532275e+00
-3.213846872921005904e+00
-3.550692230510676506e+00
-6.742562897533694866e+00
-3.015772933450537430e+00
-6.507901497386797018e+00
-5.303466817573511349e+00
-5.961583182440014284e+00
-5.425031604213798708e+00
-6.691948689496323155e+00
-5.037017696455333926e+00
-6.012618144594063629e+00
-6.771672766344164707e+00
-4.945839538931379842e+00
-6.429175410331830598e+00
-6.435826408084731831e+00
-5.276724538527440167e+00
-6.523278444430091305e+00
-7.280538451306452608e+00
-6.710327226892552233e+00
-3.418751586189308078e+00
-3.902856692823116536e+00
-6.351394220728423079e+00
-3.863031651262172961e+00
-3.036247725634663386e+00
-6.839293784363619899e+00
-5.023876262775823776e+00
-7.207262162406670392e+00
-7.398424248425219396e+00
-6.623677532325356054e+00
-5.850702285869703090e+00
-6.092153886961002129e+00
-4.980845696518998444e+00
-6.225425504349117567e+00
-6.339882384061171550e+00
-5.226964177709637838e+00
-5.524593967749221513e+00
-4.505272659710792382e+00
-6.204920278284455470e+00
-5.934968296128019460e+00
-7.394434391329696155e+00
-4.530467820552964042e+00
-3.074642554361637359e+00
-4.212630446957157382e+00
-6.232000823545922330e+00
-6.897371671873034238e+00
-7.999056221141681355e+00
-6.732552806806950230e+00
-5.106479621476729847e+00
-6.275928512785537983e+00
-8.973365555072117417e+00
-5.219075380791474039e+00
-3.974420918328019692e+00
-4.592164095653786582e+00
-6.146988774687452306e+00
-5.472693599778038376e+00
-9.132882481257087903e+00
-7.905416053138310417e+00
-6.281790707936094620e+00
-7.289307339510418871e+00
-6.767185661545251918e+00
-3.451554551947525695e+00
-5.537862295207340857e+00
-5.004971130552053893e+00
-5.722503620194518525e+00
-7.225375471670655969e+00
-2.419215079847696792e+00
-7.812793553564341131e+00
-9.769858650559045898e+00
-6.087963144700868412e+00
-6.044558142571964332e+00
-5.028387049218801863e+00
-6.472982004576704362e+00
-8.123326257770349557e+00
-5.847506349265885639e+00
-6.287740651629285082e+00
-6.204440833139951650e+00
-6.377539218830792223e+00
-5.506065181353797300e+00
-6.027944377489065531e+00
-5.018944925644918342e+00
-6.128139589624908901e+00
-6.273667686615561401e+00
-5.406518863269502262e+00
-4.977158657081978355e+00
-4.952257611096225531e+00
-4.943721795414810494e+00
-5.766071953302999376e+00
-7.440748567593189478e+00
-5.006900094635221343e+00
-7.682797060723606464e+00
-6.273184607915925248e+00
-6.209009511303396955e+00
-4.203272921123815564e+00
-4.843909112654687377e+00
-6.264782966337867798e+00
-6.120350991526302131e+00
-8.037837004907785854e+00
-5.307839104598130575e+00
-7.057023610210461761e+00
-7.082798291856008177e+00
-6.818993086568749362e+00
-6.680530709047982185e+00
-5.977068710171487886e+00
-4.867073796510346995e+00
-5.676683072365607430e+00
-5.670685614455059032e+00
-5.027675053158966456e+00
-8.120627653404836721e+00
-6.952941458286689524e+00
-5.618273721588131764e+00
-6.080074083748463920e+00
-5.033823024242393807e+00
-4.884977183201840489e+00
-5.786939738183268567e+00
-4.955233703619958519e+00
-5.457735236520122157e+00
-3.355300743274278741e+00
-7.209684211968685474e+00
-6.841005403579843325e+00
-4.577551970807831161e+00
-6.185364150308155118e+00
-6.067384997189181561e+00
-4.584938309446196847e+00
-5.088691132166739628e+00
-7.084720768310582173e+00
-5.816787591130076152e+00
-7.436607676840598202e+00
-8.167051141448519402e+00
-8.176456278515436438e+00
-5.406692448540730389e+00
-7.705845590799847322e+00
-6.272934130199727676e+00
-6.645839711826837970e+00
-8.912132529368959055e+00
-6.150045112893759658e+00
-5.952069944978593874e+00
-7.985142820491343940e+00
-5.259273219384264841e+00
-6.951499811904468196e+00
-6.428078809010948191e+00
-7.326161219305825867e+00
-6.150474935859853609e+00
-7.077721857986426279e+00
-8.261917827464968056e+00
-4.836473920846537489e+00
-6.372009107742666600e+00
-6.736433742378125089e+00
-5.567022770276943255e+00
-6.858879040318909937e+00
-6.027332721874484101e+00
-6.723040669229000343e+00
-5.404028478483017039e+00
-7.052224619159466634e+00
-4.556945582262629912e+00
-4.884642927961559522e+00
-6.421191685629138668e+00
-4.283437074868456484e+00
-5.760287170718263461e+00
-4.951838064309852072e+00
-4.203861101173984594e+00
-3.875421844388532655e+00
-3.545831921182180047e+00
-3.576367513521129471e+00
-6.423001406225155030e+00
-2.438715611374299375e+00
-5.091472434266350433e+00
-5.276059162060977137e+00
-4.234386427896768446e+00
-7.292273609105024867e+00
-6.932295180945091673e+00
-6.768112470783838042e+00
-6.886675523838690083e+00
-7.381444305061093836e+00
-5.576587278376020862e+00
-7.453886588969469429e+00
-4.047321425480862267e+00
-7.115076980142633012e+00
-7.354514127659650846e+00
-4.765596252825220702e+00
-3.048832557881929084e+00
-1.025582875960777507e+01
-6.516422710522677519e+00
-9.489574091436033143e+00
-1.217014645622705338e+01
-7.885443038582235609e+00
-8.623017794844162864e+00
-5.052057793798470975e+00
-5.298070182820982410e+00
-6.694778929110231758e+00
-6.128700318202763953e+00
-5.934688097349333447e+00
-6.806303217706207498e+00
-4.117510337533287768e+00
-6.183692376428214565e+00
-5.956925132023174640e+00
-4.587164762342466062e+00
-5.661617005449841145e+00
-7.400114347648658608e+00
-4.717546889925684717e+00
-5.321246620043297071e+00
-7.872130155096931148e+00
-5.928216591900311805e+00
-5.870489786812036925e+00
-7.146750713352279405e+00
-8.247107798395976630e+00
-6.783676075954540252e+00
-5.847233381070956248e+00
-6.246633145174056878e+00
-4.676841171456041835e+00
-4.389395320043985471e+00
-7.815566148863267948e+00
-7.479915377790973707e+00
-3.589366007376514567e+00
-6.078357956754029345e+00
-6.977700285818102088e+00
-4.430477641449154902e+00
-7.154000723620874247e+00
-5.675902586176078124e+00
-5.836313444882919477e+00
-2.415601816072609154e+00
-6.914977642392047485e+00
-7.784650187488156625e+00
-6.971257080735759892e+00
-7.844231237866574169e+00
-7.791337925465182224e+00
-5.484170956112290440e+00
-5.746551599805306054e+00
-7.489193877920410358e+00
-5.531787180189288833e+00
-5.737518520413133594e+00
-5.446524004774251360e+00
-5.410108736664872353e+00
-7.338213643585207002e+00
-6.786298166216277572e+00
-5.807320565045093197e+00
-7.896058265354365169e+00
-6.859006694649862901e+00
-6.295289523693449851e+00
-6.235125162056655235e+00
-7.689425184561273774e+00
-7.953474527589400545e+00
-5.881503726260222997e+00
-5.531339624183729597e+00
-5.493879264956100350e+00
-8.141364788975719691e+00
-7.615595803316233869e+00
-4.865216671307508456e+00
-6.106649248626461635e+00
-4.088326672448983068e+00
-3.311720065610916475e+00
-7.036755618993653094e+00
-8.813621388642138399e+00
-9.261002135205639973e+00
-5.467405503049203475e+00
-5.704527942052212808e+00
-6.945381507606108507e+00
-5.087289195828413213e+00
-5.871312462603024862e+00
-4.962787337957950129e+00
-4.325689431376745553e+00
-3.286051879343427906e+00
-6.584438909142973806e+00
-6.328374906302122405e+00
-5.490257781184474162e+00
-7.573388517829024558e+00
-6.068131869907782416e+00
-5.875873467351738988e+00
-6.163611819259722679e+00
-8.016359642389771167e+00
-3.292691302467902315e+00
-4.738762650791750630e+00
-5.232388263857258082e+00
-8.850924810022537059e+00
-6.830029375102198763e+00
-7.927647873170661441e+00
-6.907586433110486368e+00
-4.578888856821009767e+00
-5.452773355699648938e+00
-7.312260615140951714e+00
-8.293736305675837528e+00
-5.189239557667639779e+00
-5.634783300185649324e+00
-3.676575165833532832e+00
-4.347893530764552317e+00
-6.305467999698996628e+00
-5.127611099260201755e+00
-5.929085993850859104e+00
-5.930898589865692294e+00
-6.913759452018062746e+00
-5.792546658985808783e+00
-6.409130844896385071e+00
-7.207477743492072264e+00
-5.924420560456217011e+00
-4.680579041184315336e+00
-4.655932607466032991e+00
-5.438830752823352377e+00
-7.319726220533320671e+00
-8.976172385479086913e+00
-6.109172136170384348e+00
-2.056513182366728199e+00
-6.869361360425904728e+00
-5.232979318303082827e+00
-5.543034533760637927e+00
-7.587036997233553848e+00
-5.587517877290854251e+00
-5.683058232383455532e+00
-5.267696048395984931e+00
-7.671326390722972732e+00
-4.120867615890468905e+00
-4.577522670993310783e+00
-4.871307185130370421e+00
-5.522631302535257802e+00
-5.845163996282995988e+00
-2.077688371701694070e+00
-4.516449063372940387e+00
-3.902869838077429154e+00
-1.194275108355817405e+00
-3.441888010043181456e+00
-4.131591969370884243e+00
-5.944137647566109628e+00
-7.178110074339124402e+00
-6.183400181863365930e+00
-5.447024754236494459e+00
-7.009637347423693932e+00
-5.269583085395046496e+00
-7.320493185593237584e+00
-5.146922758618643456e+00
-6.324895498665632054e+00
-6.675046477036138626e+00
-6.188978002954433677e+00
-6.634848625081112061e+00
-4.347888431364181017e+00
-5.200203652805073240e+00
-4.353789958907129609e+00
-6.772341939409848521e+00
-3.949618463650638844e+00
-5.801165910832738248e+00
-5.684779566413165952e+00
-4.949531778987480202e+00
-5.513038139292882889e+00
-6.379730618290570199e+00
-5.828743478375847609e+00
-6.761733440196030287e+00
-6.370147886423398020e+00
-5.661491813950111585e+00
-3.412568987239489982e+00
-6.888523868521597926e+00
-6.163644685324896955e+00
-5.767181504117308677e+00
-5.793490611905281362e+00
-4.438173135195518704e+00
-3.691277578555662409e+00
-4.024816912189416840e+00
-6.233602208404816380e+00
-5.802494010724132067e+00
-6.376757341161428450e+00
-4.531575123534691940e+00
-4.129282641580617863e+00
-3.121504936668527908e+00
-2.401029843604659764e+00
-4.352979150452759960e+00
-3.518324592622756430e+00
-7.392518865125641270e+00
-5.790717389965984729e+00
-4.935773275547830075e+00
-4.983404566263139657e+00
-3.022659116772995702e+00
-5.363759441476809720e+00
-6.257072800227557074e+00
-6.432395389118042317e+00
-5.484294850805174981e+00
-5.872891592497784252e+00
-4.824426976867087546e+00
-6.235191358154044572e+00
-4.948655038061805733e+00
-5.787627312392610968e+00
-5.087395499295492840e+00
-4.943638637531083901e+00
-4.403230951597710607e+00
-5.942513002812912504e+00
-4.703961098322926304e+00
-5.330016340396008800e+00
-5.450018008826521765e+00
-5.361169246512403674e+00
-3.993011255802762616e+00
-6.359823044134754966e+00
-4.834234901367315373e+00
-5.865841804719556407e+00
-7.019115901739657382e+00
-5.483631578662468975e+00
-6.385664785386648390e+00
-5.258040118281297914e+00
-5.469942930852999652e+00
-6.338894638843258100e+00
-5.864843532202317355e+00
-4.779337615424852359e+00
-6.370919485286277606e+00
-5.859412948234042240e+00
-6.272236289226057693e+00
-6.397574330693799993e+00
-5.674620770789609026e+00
-7.007504917857743543e+00
-5.012664355921600645e+00
-7.047066925291368022e+00
-4.502656368053072455e+00
-5.638465934471495800e+00
-6.893964481612924189e+00
-5.363803375502284254e+00
-6.278891980851227572e+00
-5.729361294538843907e+00
-6.200019905977344870e+00
-5.634042907879109663e+00
-4.543627843194025573e+00
-3.933795856953472558e+00
-4.566070125816950487e+00
-6.315422991947184705e+00
-5.135355235851107203e+00
-5.534869613360871021e+00
-6.431642479276994173e+00
-6.362471372412951354e+00
-5.487762654658964401e+00
-5.315385368339777372e+00
-5.397812631985448029e+00
-5.581562213744932777e+00
-7.037464095865736624e+00
-4.972531455398683242e+00
-5.583163285959768629e+00
-6.620892504111106192e+00
-7.220836488005211606e+00
-6.385120959511101368e+00
-3.737605252576596371e+00
-4.840487540507368180e+00
-3.613891171532544355e+00
-5.584085807176436766e+00
-5.820491074110894836e+00
-4.397820229889661370e+00
-1.526325940145263127e+00
-4.084997243377148202e+00
-6.814086830032567654e+00
-6.197090806479873315e+00
-4.489500247477992367e+00
-5.460037196325941089e+00
-5.505976777548534429e+00
-5.406759081437812142e+00
-4.573233550443660533e+00
-5.136658301219458878e+00
-6.481047622705273348e+00
-3.901575813045998320e+00
-5.293875564654028310e+00
-4.973222606749201802e+00
-6.255189946991904115e+00
-5.775956252507139510e+00
-4.621006730860941047e+00
-4.851263806980689708e+00
-6.998422344234939807e+00
-6.325702602818119580e+00
-7.121058373660695828e+00
-5.404057053568402047e+00
-6.462513501826201434e+00
-4.476760029083577841e+00
-5.845744622899000653e+00
-5.156354025309031641e+00
-6.355261947522743426e+00
-5.063948772907116869e+00
-5.637143979002572358e+00
-3.899574417350260891e+00
-3.677586668747587773e+00
-5.307967064818549296e+00
-6.275250313782440692e+00
-5.702793771027474534e+00
-5.666963207763516586e+00
-5.909146605319993029e+00
-5.959644131474190587e+00
-5.881300208863384782e+00
-6.076471950742456940e+00
-4.891333711840006870e+00
-4.756595564977388335e+00
-5.470224152293109654e+00
-5.028936853767315363e+00
-5.221033798288988059e+00
-4.964840071520246312e+00
-5.592436594314454723e+00
-4.884871384904073466e+00
-4.668365709563865096e+00
-1.193927862197796230e+00
-4.351456832332854852e+00
-6.787602213436402465e+00
-4.788131975355864434e+00
-4.991111052971135109e+00
-3.448839905830747288e+00
-5.167071426277232149e+00
-3.809635308887801664e+00
-5.130601436026021922e+00
-5.344751221265424235e+00
-7.607839495669274754e+00
-4.907090436473367845e+00
-4.982872395686614553e+00
-5.722965227620898432e+00
-5.469714213608227737e+00
-3.506130687680048652e+00
-6.187727254700503110e+00
-4.048706068958310311e+00
-6.244624760285844900e+00
-2.209680239635023025e+00
-4.718313072569613631e+00
-4.661580462082005383e+00
-4.328661048749711249e+00
-6.541480491048360157e+00
-4.058162707101614863e+00
-5.549742224324720752e+00
-5.723717773922338381e+00
-6.033489871345881994e+00
-5.957133184225614997e+00
-6.133450215449252951e+00
-5.882124295086788024e+00
-5.662183830702461229e+00
-6.328986486993491312e+00
-6.067933391803922660e+00
-6.337956035016566680e+00
-5.419825791133202841e+00
-4.615812386045088367e+00
-5.349130544514841823e+00
-5.699978084261394073e+00
-5.244883340558313733e+00
-3.394564941539023106e+00
-6.028468367500138925e+00
-5.294327262945213164e+00
-5.823656330615680332e+00
-4.794168307552640229e+00
-4.975394872985945405e+00
-4.718581942829399800e+00
-5.596029552097043336e+00
-7.254583480112482441e+00
-6.100574924153410628e+00
-4.690214926679702856e+00
-4.346536276711011837e+00
-5.050577083353435803e+00
-5.503985867523999431e+00
-4.881168732939896060e+00
-5.249215754032933390e+00
-6.040254345273623038e+00
-4.962939709352506945e+00
-5.681560170421036560e+00
-5.305030689676115685e+00
-5.791189599205968541e+00
-6.648237026262624916e+00
-6.124205612923881326e+00
-6.056790933331587468e+00
-6.419226430962605257e+00
-6.904296070743861868e+00
-6.184283125165539019e+00
-5.778036147859244132e+00
-5.668593823328817116e+00
-6.700230046307726006e+00
-6.383334328545369196e+00
-5.466843250238592411e+00
-5.349532843896642298e+00
-4.833601772848615141e+00
-5.539411188291315291e+00
-4.893567530196503590e+00
-4.719437606420667564e+00
-5.816055923814233530e+00
-5.077678947677587651e+00
-5.216204428796723747e+00
-5.969477585950106580e+00
-5.627512463853946656e+00
-5.912822602467493027e+00
-6.541270867563685698e+00
-4.142146279356315297e+00
-5.769789866009079837e+00
-5.112950499096679202e+00
-3.384281130876759747e+00
-6.017859504301011242e+00
-5.517146702434148509e+00
-5.056308881610989125e+00
-4.021136162706893558e+00
-4.258875716655565746e+00
-6.729145483140700712e+00
-5.287928272134038821e+00
-4.954443452636120959e+00
-5.967144759345870852e+00
-5.914830512851240840e+00
-5.584657962717059831e+00
-5.865983053257514790e+00
-5.110565123391270781e+00
-3.724345321750981874e+00
-5.267056178858541493e+00
-4.629640260276058683e+00
-5.905823891591350794e+00
-5.301003838828310499e+00
-5.479834193155672217e+00
-4.900934559133077073e+00
-4.636215739874505637e+00
-6.173593366041575159e+00
-5.508614253162717134e+00
-5.293094994570921585e+00
-4.803618221982593361e+00
-6.172830863977008420e+00
-5.851113630974701607e+00
-5.219591838057249689e+00
-4.514908049679705826e+00
-4.631500227814204784e+00
-5.844344468521693869e+00
-5.956414809246885156e+00
-5.608178127444962691e+00
-6.684716525066286330e+00
-5.207706616691917922e+00
-6.876948655610719996e+00
-6.211801397645269063e+00
-5.704987074135302372e+00
-6.012104323019512364e+00
-6.502288000871159213e+00
-5.070979141629817555e+00
-6.337655305852868182e+00
-5.479336875626287906e+00
-4.777094985707718067e+00
-5.443729038877672899e+00
-5.607678465856126948e+00
-4.861456386151905562e+00
-4.429699005553865199e+00
-6.150709253858801517e+00
-5.928915158647732220e+00
-4.967015603877570129e+00
-4.258173034877394514e+00
-5.351536477491214860e+00
-5.319248405846368932e+00
-6.292027715989345182e+00
-4.698953287391202771e+00
-5.914757209112742053e+00
-5.376648427273781117e+00
-4.467648617150805634e+00
-5.079776473973829809e+00
-4.635941813458742011e+00
-5.358061754950711908e+00
-5.297094211417959109e+00
-5.293437016105960957e+00
-5.499295938523945715e+00
-6.194277288883252020e+00
-5.448982324768200769e+00
-6.401710974537640375e+00
-5.566593869277183693e+00
-5.456059524605061384e+00
-5.240178018226732348e+00
-5.215287126285541142e+00
-6.603205935541981653e+00
-4.513313165717652176e+00
-5.151614575977935040e+00
-4.269102142880051964e+00
-5.082012892545739291e+00
-4.646193404421213202e+00
-6.294739652837386679e+00
-5.007004286425845940e+00
-6.296858884038148751e+00
-5.504219014235026464e+00
-5.657733705507877353e+00
-3.972966034933735457e+00
-5.307172881131312359e+00
-4.062239460951687420e+00
-5.201887127269976929e+00
-4.691163341104657825e+00
-4.858596412722869573e+00
-5.648632302955056694e+00
-5.140694650764719320e+00
-4.604457762426948264e+00
-6.600096916133219693e+00
-5.883266649618029476e+00
-5.958688962017218316e+00
-4.499842456829406423e+00
-5.582468902008963063e+00
-5.884188236446080467e+00
-4.824257372675281097e+00
-5.409624240813631246e+00
-5.195814757468688150e+00
-5.428827813001453784e+00
-3.592903102314386032e+00
-5.230427199284479300e+00
-4.837961624962103357e+00
-5.597852018622488934e+00
-5.471544239522621922e+00
-5.649063478914182035e+00
-4.949023956489400078e+00
-4.968699081088947089e+00
-6.534894475087138943e+00
-5.103384236136661478e+00
-5.373122325120531784e+00
-6.916889005014140501e+00
-5.043914032946652526e+00
-5.504171272659293734e+00
-4.901880219164095998e+00
-5.355934428771099043e+00
-5.308174525601176974e+00
-4.795266862677266317e+00
-4.828783179703973971e+00
-5.678078837657099420e+00
-4.951756757994052016e+00
-5.827769927441919684e+00
-6.423814210792762935e+00
-7.095010516112178145e+00
-4.921233868423875002e+00
-5.339238568629863124e+00
-5.062619604290673259e+00
-4.887568256497972108e+00
-4.411477117363054035e+00
-5.218229610822564979e+00
-5.992497689429649554e+00
-4.488707602346662995e+00
-3.987542152556424746e+00
-4.428082525238056455e+00
-5.363348195777670746e+00
-5.374607265777701315e+00
-5.688476524139064239e+00
-5.264465724883661046e+00
-6.504013298252092845e+00
-5.367734367831300091e+00
-5.304999168777872143e+00
-6.091839446616988063e+00
-4.392302882067220970e+00
-5.315321326339178754e+00
-5.747139756770927477e+00
-5.534049743673498334e+00
-6.396228512275713207e+00
-5.047642481605427278e+00
-5.317638725408478706e+00
-4.237773740361583386e+00
-5.212083673644232640e+00
-3.980758091962158129e+00
-5.872511320020328718e+00
-5.011480165322073965e+00
-4.967522182043233592e+00
-5.550865104412746831e+00
-5.936891212999296563e+00
-7.771543296611106655e+00
-6.030110714379232739e+00
-6.057175696670151765e+00
-6.361665783597758583e+00
-6.057032048126281154e+00
-6.189231446371519674e+00
-5.210544328245694246e+00
-5.303598926690395565e+00
-6.522481408296592065e+00
-5.483482814475860501e+00
-4.274077263658194070e+00
-5.788021609091231312e+00
-3.153137010965396669e+00
-6.380614588434210255e+00
-6.792456270887084813e+00
-5.774372292856345013e+00
-4.509457206258915107e+00
-6.049092461558155165e+00
-5.517665627375654580e+00
-6.055699239028119685e+00
-4.906320776437621767e+00
-4.061988072292179730e+00
-6.445632184853514524e+00
-5.753383543152411406e+00
-5.984888395676041029e+00
-5.860379979128308214e+00
-5.974693172160618460e+00
-6.068520116286271637e+00
-5.881998598626439367e+00
-6.234140459760097563e+00
-6.221426159393812938e+00
-5.153559765690663319e+00
-4.976011631876596120e+00
-4.479800430972907144e+00
-5.191830065788074045e+00
-6.797877323303717745e+00
-5.895926107598877586e+00
-5.744257911094024394e+00
-4.296183380228386639e+00
-5.059018319103615546e+00
-5.189934041428120537e+00
-5.442127936467594296e+00
-5.210977034801781649e+00
-6.269983542248938946e+00
-5.720200269530991477e+00
-3.651540996900362046e+00
-5.923448961798539969e+00
-4.474659333324271238e+00
-1.126602895818321626e+00
-1.142879041515672878e+00
-5.554601466089288841e+00
-5.189913708658146163e+00
-6.071250729172316341e+00
-4.847068148492072126e+00
-5.871094324346325166e+00
-5.506769862588630104e+00
-3.800863155390193260e+00
-5.482044527747238938e+00
-4.459762723228527292e+00
-5.685465305625668542e+00
-4.891063518114452613e+00
-5.548129521490997362e+00
-5.146039151076258200e+00
-4.395626976208928838e+00
-5.942625336808009529e+00
-5.215219554183429196e+00
-4.029235982261800686e+00
-5.524136786597488857e+00
-4.848653166085568955e+00
-3.330618962410972550e+00
-5.900067335656895118e+00
-3.569247933214932278e+00
-4.898498991673616132e+00
-6.364204396122646656e+00
-6.129670683378914298e+00
-5.003111194767630998e+00
-5.374858944685208861e+00
-6.617713162177263797e+00
-6.056060722901944970e+00
-5.497573216193656798e+00
-3.567211139930626551e+00
-5.497242348806413936e+00
-3.040287043983900706e+00
-4.485551782973784540e+00
-4.143982884489992635e+00
-5.827387762465680687e+00
-4.663264667015636356e+00
-4.824883532277336684e+00
-5.787993460748131369e+00
-5.837370343030797493e+00
-5.778490622508432040e+00
-6.095627757707823058e+00
-5.687770016302411413e+00
-6.124665345239050929e+00
-6.390442909339426159e+00
-4.729658070183676344e+00
-4.320993667346766820e+00
-5.298688086234368377e+00
-5.710623096873839621e+00
-4.171549388733351904e+00
-4.661828893170138599e+00
-4.424961309099380458e+00
-4.119759943122674350e+00
-4.892447206379839209e+00
-4.920810084939208906e+00
-4.661891952190383215e+00
-4.517208238964491862e+00
-5.364580412280601784e+00
-4.900394855309540887e+00
-5.813839168212805220e+00
-5.817427429597642252e+00
-4.837891145090375211e+00
-5.579687378508769058e+00
-5.269845059937628307e+00
-4.963888693840886823e+00
-3.313145987596776809e+00
-4.491499609044693031e+00
-4.294533422787708332e+00
-5.851726650824972786e+00
-3.745782750759969915e+00
-5.109956078309885186e+00
-5.994127002118643688e+00
-5.290900444174913453e+00
-4.997939487003059789e+00
-5.934728605284011138e+00
-5.247229947415276818e+00
-5.682523980640051597e+00
-4.449761357001042583e+00
-6.228023959737519100e+00
-6.485976138560809900e+00
-3.431044027900409521e+00
-5.738495455141913837e+00
-5.341522093277818684e+00
-4.287239632293862179e+00
-3.500747090260808214e+00
-3.040868533560823650e+00
-5.380704939179322466e+00
-5.406951397205392418e+00
-2.097724632367099940e+00
-2.979753443964448856e+00
-3.756267207839812716e+00
-6.042565531517174904e+00
-4.202207044032592265e+00
-4.615528715697225337e+00
-4.970564553703697541e+00
-5.439836749711925101e+00
-4.420462617468293942e+00
-5.291207406581849959e+00
-3.705986032769660987e+00
-3.915749912000999089e+00
-3.995952271520745835e+00
-1.271848079417669641e+00
-1.947793329571474663e+00
-6.299801575441684953e+00
-5.076135016770109587e+00
-5.318266474969541413e+00
-6.064500068750590778e+00
-5.098104079530415333e+00
-3.680677295244028091e+00
-5.627523116935408964e+00
-5.746631998418333609e+00
-6.192067675491237821e+00
-4.986195113016461455e+00
-4.489825459960754550e+00
-4.192134321550081033e+00
-5.806822290911915374e+00
-4.046836494776451687e+00
-5.258014658844461842e+00
-4.191623500005300151e+00
-4.268185096922412214e+00
-5.363329778934271097e+00
-3.178104699703748981e+00
-5.382813406938811163e+00
-5.265871941326770944e+00
-5.793021270311215609e+00
-5.300121544691211994e+00
-5.613429493265964965e+00
-5.943888727684314865e+00
-5.121583060386697639e+00
-1.836094418912954884e+00
-5.070383713381938939e+00
-6.071525862447910704e+00
-4.564485889157176679e+00
-4.062727874584198595e+00
-3.886480706354301873e+00
-5.178780750387079301e+00
-4.589951535770011581e+00
-5.846447353500397348e+00
-4.962676588625817509e+00
-5.472980434934190619e+00
-4.737830004513173598e+00
-6.297489370063001246e+00
-6.390050818547633682e+00
-5.206373482020701715e+00
-5.806338077085374749e+00
-6.054914220059957941e+00
-4.829090543074831210e+00
-4.992614539698648990e+00
-4.858814751004581822e+00
-6.326455544700269940e+00
-4.849109347379536139e+00
-5.246213440381406912e+00
-5.797088393118792204e+00
-6.216171753046396908e+00
-4.912551930999923044e+00
-5.574419264018742659e+00
-6.796144689747435130e+00
-5.844277357336429723e+00
-5.561731158818820298e+00
-4.525944089129017911e+00
-6.288903336970435909e+00
-5.218965564923326639e+00
-3.212695201376774889e+00
-5.663573345329182551e+00
-4.271418704324177362e+00
-5.501290844711595796e+00
-5.679963741770812646e+00
-6.062736090690910018e+00
-4.336788463573143737e+00
-5.490649492032249057e+00
-3.636434545553780762e+00
-4.672358877634523289e+00
-5.199725583660593564e+00
-5.630186852103886253e+00
-6.361024164664559777e+00
-5.130333766197527900e+00
-5.660170898212376400e+00
-3.881372425542406468e+00
-5.620402506899951689e+00
-4.697777847936809970e+00
-5.448010597199969496e+00
-5.666920310510267456e+00
-4.893461709799185044e+00
-5.720191237658944772e+00
-6.358617704058738163e+00
-6.146308332603441116e+00
-5.578366969631276540e+00
-6.139814193657629815e+00
-4.083413182541192121e+00
-6.437677675447947223e+00
-5.163902274924460301e+00
-3.598281630569685419e+00
-4.801856367367459022e+00
-6.050571608588554362e+00
-5.013199121299745542e+00
-4.813542027115562227e+00
-5.747328156693192192e+00
-4.426212265343584917e+00
-5.183895594441249699e+00
-6.219896618435027946e+00
-5.563182631047271620e+00
-5.057249347023355490e+00
-5.678867337209518418e+00
-4.956226062462198101e+00
-5.119099600997639499e+00
-5.500474407332670346e+00
-6.445199307899206254e+00
-5.290083087098945924e+00
-5.551812016711388686e+00
-5.427155040563985899e+00
-7.647589392272943876e+00
-6.339493687651450493e+00
-5.637979932211020895e+00
-5.512374155240243212e+00
-5.343955855234307606e+00
-5.374904833599281950e+00
-5.116385487369563556e+00
-5.302858834141402689e+00
-5.741384976274914287e+00
-5.492529274001951123e+00
-4.933839124736762116e+00
-5.236628868533687253e+00
-5.917926202374416356e+00
-5.960459641638004236e+00
-5.040183196762269446e+00
-5.649835447332277383e+00
-5.218815070957705693e+00
-5.910995527429177443e+00
-4.617193096893801751e+00
-4.632659396531842333e+00
-3.927688788546372933e+00
-4.643990374560203804e+00
-4.458793679587873093e+00
-5.217937018678059147e+00
-3.630565327687137689e+00
-5.124893841609536871e+00
-5.188373372897567393e+00
-6.505486966592119558e+00
-5.899937681894689590e+00
-5.708022187875346098e+00
-5.401574708951670800e+00
-5.339320694754071006e+00
-5.530121294854700942e+00
-5.092017911385285700e+00
-4.191324237736846925e+00
-5.370989029936388270e+00
-4.674923967517860213e+00
-4.950494714648071337e+00
-5.107807477804077401e+00
-5.853091318998068004e+00
-5.090585373462820584e+00
-5.754954116719706469e+00
-5.355424189028486381e+00
-6.167345152658719520e+00
-5.085168983639222873e+00
-5.724729713257433517e+00
-5.587120738007890886e+00
-4.262613168487167314e+00
-6.857067986400584125e+00
-5.713972231308221517e+00
-5.958433709250435584e+00
-5.028629495903532032e+00
-4.877938942761296026e+00
-4.650207167293858745e+00
-5.289127310576426488e+00
-4.360674611500792608e+00
-5.116908634180578730e+00
-5.259904674561511229e+00
-6.528041354744712699e+00
-2.970411026324799142e+00
-2.154652738585123295e+00
-5.903437524860185803e+00
-6.374903601946074971e+00
-4.821119362172376910e+00
-2.240204831326893409e+00
-5.247378473128344822e+00
-6.035509315680164022e+00
-5.575289145460734730e+00
-5.116296374398153546e+00
-5.788915841240640070e+00
-5.006484694240406874e+00
-4.739255808378428192e+00
-6.343760818628012110e+00
-5.737040864586595568e+00
-5.182150843096164472e+00
-5.370912615028888837e+00
-4.647657878857497593e+00
-6.171981028729828900e+00
-5.041753407395624720e+00
-5.134758269366578531e+00
-3.960392813871025375e+00
-4.249198684208654875e+00
-5.500321206332292157e+00
-3.975211294175464705e+00
-4.793703020794637837e+00
-5.759727261214371730e+00
-5.298182003211931779e+00
-4.871232286782902321e+00
-5.398852523761701327e+00
-6.054372745312193160e+00
-5.896782724263465170e+00
-4.711686882111656871e+00
-5.830557613413247964e+00
-6.076149856940215699e+00
-1.921899052302036726e+00
-2.154245882355609876e+00
-3.320839332254141407e+00
-4.415117453238159406e+00
-5.685201657641832718e+00
-6.219639575230417883e+00
-3.838746295104822792e+00
-5.891824187489642206e+00
-6.324402680783183683e+00
-5.246002209411795292e+00
-6.388265089422692000e+00
-5.587855495168490449e+00
-4.621452231812591016e+00
-4.883585923284517349e+00
-5.934234815024144183e+00
-5.716562325749295681e+00
-6.073691009180349987e+00
-4.765527300455893567e+00
-5.506413132498857443e+00
-4.338778849051785791e+00
-5.628743194728896171e+00
-4.773557352586937697e+00
-4.858081842608865664e+00
-5.766543293789439417e+00
-6.145436757370742242e+00
-5.671154277757363360e+00
-5.360194410133908072e+00
-5.424904938887817885e+00
-4.892607041926993361e+00
-5.777453280218951548e+00
-5.868428668201335796e+00
-6.363118806694342489e+00
-4.801759943181082235e+00
-7.359656105483842303e+00
-5.796775668587757835e+00
-6.015329526847597030e+00
-5.652171931223677781e+00
-5.568082000577594393e+00
-5.244458795205199308e+00
-5.326985325010143768e+00
-4.388025415577553545e+00
-5.760057315433341429e+00
-5.567395082632603298e+00
-5.248684055136325632e+00
-5.468763488175079068e+00
-5.741302281250123762e+00
-4.456123206102232892e+00
-4.960630209728515538e+00
-5.083174788727908400e+00
-6.480371410716737834e+00
-6.131842025857770828e+00
-5.067261655894399475e+00
-5.229900199142353046e+00
-6.126895209678091092e+00
-6.468841090516677994e+00
-4.917044009484469846e+00
-5.276995710218222335e+00
-4.151655423040263138e+00
-5.465568782832087358e+00
-5.050368573070874945e+00
-4.994378232895723357e+00
-5.612549165031931686e+00
-5.704773532913774758e+00
-5.803620843470921109e+00
-5.079220211645893990e+00
-4.612940039206361753e+00
-6.125197416127648786e+00
-6.223755096336964776e+00
-5.446711354469649713e+00
-5.694149456055506597e+00
-5.866038198150651972e+00
-5.257265372059921837e+00
-4.854556589253188115e+00
-5.116086709960969259e+00
-4.889297525133055267e+00
-6.137925158941780701e+00
-5.827004797684190329e+00
-6.253716037020227603e+00
-6.331213872116565611e+00
-5.046782271521534469e+00
-5.705323130656429598e+00
-5.980319229959320637e+00
-6.712896946451019531e+00
-4.885789868560097560e+00
-6.042632169730778102e+00
-5.706014501654325777e+00
-5.838054357105890269e+00
-5.852494244926242928e+00
-5.029258944956726651e+00
-5.592366676291457672e+00
-3.575285226070200384e+00
-5.634787973974823672e+00
-5.970447923827156167e+00
-4.852744431242681067e+00
-6.069278525163299243e+00
-6.610365864379855516e+00
-5.683556805985023885e+00
-6.132136822451664138e+00
-4.726650113856492474e+00
-5.720520177481037472e+00
-6.315261930915312405e+00
-5.978152617024165671e+00
-5.451934654368110422e+00
-4.544296439555214562e+00
-4.612643042539160021e+00
-5.005620830248541431e+00
-5.316841439215551191e+00
-4.756661699731112414e+00
-5.713078138359446889e+00
-5.723394634742423825e+00
-5.825478192435267211e+00
-6.147889290971228604e+00
-5.549121133758701419e+00
-5.872514719911283265e+00
-5.597740810429119307e+00
-8.310799023092968696e+00
-6.378192916164958426e+00
-4.569727776153007071e+00
-5.277358365067756907e+00
-5.689618669177349375e+00
-5.752666783637089942e+00
-4.889727357822023279e+00
-5.346076383194018788e+00
-4.570862407468209376e+00
-5.417504604408063251e+00
-6.504770376510850660e+00
-5.973381195111924669e+00
-5.364879247583473898e+00
-5.467814759940046621e+00
-5.709797309860475956e+00
-6.101066423399207572e+00
-4.717554970878062193e+00
-6.178036469308471723e+00
-6.884843593550293406e+00
-3.970428936505216555e+00
-6.011656396458640472e+00
-6.381252020362602195e+00
-5.664606769320869262e+00
-6.230187416667992473e+00
-5.250011662596365980e+00
-4.864083522747737476e+00
-6.583862049453480303e+00
-5.558469362540226832e+00
-6.177842745464596774e+00
-5.460168882344055952e+00
-5.604995812749099748e+00
-4.411002332351663391e+00
-5.335427012626079879e+00
-5.723277953577781574e+00
-5.390092277637902995e+00
-5.929287364612422451e+00
-5.467620993251433248e+00
-5.877716046869778665e+00
-5.361301939639539604e+00
-6.962857368141576409e+00
-4.037469562363573239e+00
-5.612811450574846539e+00
-5.371988974219851443e+00
-5.679483426130357948e+00
-5.081372364762169802e+00
-5.679417083448464965e+00
-5.637925598890280554e+00
-5.812169893652065156e+00
-6.254538239650315745e+00
-4.980203801500308280e+00
-5.403192723478005277e+00
-5.320390439730809717e+00
-5.585949039276207451e+00
-5.122076490913605618e+00
-5.395802920269854752e+00
-5.903682570627170278e+00
-5.286254502459915905e+00
-4.309856192767684391e+00
-5.672643719044356381e+00
-5.497463412295108043e+00
-5.565572909178381877e+00
-5.428955008036695951e+00
-5.678995665569884999e+00
-6.588135260898889456e+00
-6.312327327217147399e+00
-6.283973811315028968e+00
-5.608154108640269087e+00
-5.583973828893510571e+00
-5.991432677192025658e+00
-5.950597758973027673e+00
-5.671049547815926850e+00
-5.355379678859078396e+00
-5.872761817962000030e+00
-5.426736716295565977e+00
-5.594066282554674530e+00
-6.069391170189230245e+00
-4.881183665984658582e+00
-5.147357973556593969e+00
-5.865476164791894043e+00
-4.707859100879249858e+00
-5.910858652578697914e+00
-5.547759538684301717e+00
-6.836694630934418981e+00
-6.242629625231558954e+00
-4.418686414052894307e+00
-5.597719315675198537e+00
-7.052989517316245127e+00
-5.136660278994146012e+00
-5.775313832813669279e+00
-3.536980135104962564e+00
-6.652629884022585038e+00
-4.532662606245669856e+00
-6.394588349248330417e+00
-6.057802629329068544e+00
-5.139310259666205027e+00
-4.748411141655000556e+00
-5.017104912955508311e+00
-5.054926606352087681e+00
-5.997037745054573321e+00
-6.684588943661627702e+00
-5.580715872664973709e+00
-5.466756264946134536e+00
-5.520694859548548550e+00
-5.540915028442220169e+00
-4.578425177893287845e+00
-4.897089294262766401e+00
-4.329996129889900125e+00
-5.529876348765514926e+00
-5.682350213469617550e+00
-5.683364836466260783e+00
-6.573680823549950425e+00
-5.837295536132353746e+00
-6.217224558280539881e+00
-5.507236157924961795e+00
-4.661484416524124264e+00
-6.155788227076831376e+00
-4.907935394940571072e+00
-4.347831435023974400e+00
-5.508434132928568872e+00
-6.330587599393995291e+00
-6.021937208717102585e+00
-6.379142790795010676e+00
-5.330738542561938687e+00
-5.387864561205376823e+00
-6.417021867379927080e+00
-6.185885790024184594e+00
-5.153900726953279943e+00
-5.240656894914187625e+00
-6.282644834865521943e+00
-5.675354674183648918e+00
-5.119355881366708161e+00
-5.982448260827220921e+00
-5.221531061336113666e+00
-6.003079828845696575e+00
-5.150439096571222564e+00
-6.635585878229115053e+00
-4.329514836544092304e+00
-4.968195253442781123e+00
-6.177245130371379567e+00
-5.790602304948331280e+00
-6.064801496468833264e+00
-5.524537594834508347e+00
-4.948887350651035355e+00
-5.809998734324025804e+00
-5.495605662872332431e+00
-5.550376824124500175e+00
-5.943333254291393253e+00
-6.064486705156747703e+00
-6.301407549190542134e+00
-4.755398331699336900e+00
-6.144862693184987457e+00
-5.832550630090961974e+00
-6.414735064345809867e+00
-5.654599858655452671e+00
-5.974515791344721549e+00
-5.501720172996152236e+00
-5.289123638488557155e+00
-5.613255274884156876e+00
-5.277856094492385353e+00
-6.278066200228009208e+00
-6.223826963696622805e+00
-5.149394088563940208e+00
-5.573990935087797638e+00
-5.699265292285167206e+00
-5.457269604411537856e+00
-6.028630133269373914e+00
-5.228302479074522502e+00
-5.543754755019698166e+00
-6.462726885153798229e+00
-6.354333010709485308e+00
-5.232868428452575493e+00
-5.082908513810705742e+00
-6.351587201910395386e+00
-5.822810469121578514e+00
-5.147703391355631375e+00
-5.118458273227667554e+00
-5.684941227612409165e+00
-5.706839370680644841e+00
-5.443072074405900018e+00
-5.406456268704953771e+00
-5.972913833286314755e+00
-4.539863995585363021e+00
-6.115878222488214888e+00
-5.677578963476927143e+00
-5.844684036855955611e+00
-5.786030830656478940e+00
-5.295573437175359111e+00
-5.833395574474512735e+00
-4.881460376732825956e+00
-6.923848569033641098e+00
-6.280670327232546590e+00
-5.965582123799517689e+00
-5.634768408621757985e+00
-4.929024810437161008e+00
-5.767673423651685560e+00
-6.286575933124146864e+00
-5.683719907879986266e+00
-5.968163258403157201e+00
-5.488989337137982538e+00
-4.742896863033213783e+00
-5.108698135228551429e+00
-4.717173668974965040e+00
-6.097751149131590331e+00
-6.074902895376167677e+00
-5.896463092811037754e+00
-5.578441111969090649e+00
-5.667105392829395072e+00
-5.411407386460123980e+00
-5.018264295981403222e+00
-5.629178104295892382e+00
0.000000000000000000e+00
0.000000000000000000e+00
0.000000000000000000e+00
0.000000000000000000e+00
0.000000000000000000e+00
0.000000000000000000e+00
