0
1
2
3
4
5
6
7
9
10
11
12
15
22
23
27
27
28
29
29
30
31
32
35
36
37
38
39
40
41
42
43
44
45
45
46
47
48
49
49
50
50
51
51
56
57
59
60
61
62
62
65
67
68
69
71
72
73
74
76
78
79
80
81
85
88
89
90
93
96
96
97
97
98
99
99
100
101
102
103
104
108
109
113
114
115
116
119
120
122
123
124
126
127
129
134
134
135
136
137
138
139
140
142
146
147
148
149
150
153
160
160
161
162
162
169
170
171
172
173
174
175
176
178
180
181
182
184
185
188
189
191
191
195
196
197
198
199
200
203
204
205
206
207
208
209
210
214
217
220
221
222
224
225
226
228
233
234
235
236
236
237
237
238
242
243
244
247
249
251
252
253
255
256
258
260
262
264
264
265
266
267
268
269
270
270
271
272
273
274
275
276
278
280
281
282
283
284
284
285
286
287
288
289
290
293
294
295
295
297
298
299
300
301
302
303
304
305
306
310
311
311
312
315
316
317
319
320
321
322
323
324
325
328
331
331
332
333
334
335
336
337
338
340
341
342
343
344
345
348
349
350
351
352
353
354
355
356
357
358
359
361
362
363
364
365
366
367
368
370
371
372
373
376
377
379
380
381
382
383
384
385
386
387
388
389
390
391
392
393
394
395
396
397
398
399
400
401
402
404
405
406
407
408
409
410
411
412
413
414
415
416
417
418
419
420
421
422
423
424
425
426
427
428
429
430
431
432
433
435
436
437
437
438
439
440
441
442
443
444
445
446
447
448
449
450
451
454
455
456
458
460
461
462
463
464
465
465
466
467
468
469
470
472
473
474
475
476
477
478
479
480
481
482
483
484
485
486
487
488
489
491
492
493
494
495
497
498
499
500
501
503
504
505
506
507
508
509
510
511
512
513
514
515
516
517
518
519
520
521
522
523
524
525
526
527
529
530
531
532
533
534
535
536
537
538
540
541
542
544
545
546
547
548
550
551
552
553
554
555
557
558
559
560
561
562
563
564
565
568
569
570
571
572
573
574
575
576
577
578
580
583
584
585
586
587
590
591
592
593
594
595
596
597
598
599
601
602
603
604
605
606
607
608
609
610
611
612
613
614
615
616
617
618
621
622
623
625
626
628
629
631
632
633
637
638
640
642
643
644
645
646
647
648
649
650
651
653
654
655
656
657
658
659
660
661
662
663
664
666
667
668
669
670
671
672
673
674
676
677
678
679
679
681
682
683
684
685
686
687
690
691
692
693
694
695
697
699
700
701
706
707
708
709
710
711
712
713
714
715
716
717
718
719
722
725
726
727
728
729
730
731
732
733
734
735
736
737
738
739
740
741
742
743
744
745
746
747
749
750
752
753
754
755
756
757
758
759
760
761
763
765
766
767
769
770
775
777
778
779
780
781
782
783
785
786
787
788
789
790
793
794
795
797
798
799
800
801
802
803
804
804
805
808
809
810
811
812
813
814
815
816
817
818
819
820
822
823
824
825
826
827
828
829
830
831
832
833
834
835
836
837
838
840
841
842
843
844
845
847
848
849
850
851
852
853
856
857
858
859
860
861
861
862
865
866
867
868
869
870
872
873
874
875
876
877
878
879
881
883
884
885
886
887
888
889
890
891
892
893
895
896
897
898
899
900
901
902
903
904
905
906
907
908
909
910
911
912
913
915
916
917
918
919
920
921
922
922
925
927
928
929
931
932
933
934
935
936
937
938
938
940
941
942
945
946
947
948
949
950
951
952
953
954
956
957
958
959
960
961
962
963
964
965
966
967
968
969
970
971
972
973
974
975
976
977
978
979
981
982
984
985
986
987
988
989
990
993
994
995
996
997
998
999
7
6
12
6
6
7
17
8
13
13
24
13
14
16
14
14
16
16
19
19
18
18
33
33
33
19
19
34
21
20
26
26
25
25
18
19
33
32
32
48
37
37
36
62
40
50
50
49
49
70
52
57
56
75
58
63
66
92
55
54
53
92
66
66
104
73
58
75
75
74
77
86
82
84
84
83
114
114
85
91
87
121
95
98
97
99
97
98
101
100
107
105
112
111
110
122
119
143
125
183
128
131
130
137
137
134
139
139
152
151
156
154
177
179
157
159
159
158
158
190
167
167
166
166
194
194
193
193
168
169
168
168
173
172
175
198
176
176
215
184
161
192
197
196
227
202
204
203
213
212
211
232
232
219
219
222
221
225
224
248
248
231
231
247
232
232
219
219
253
253
237
241
239
246
245
263
254
254
263
257
270
262
265
264
279
279
277
277
279
278
278
279
285
284
288
287
314
296
318
303
284
285
318
309
308
307
347
313
347
313
307
308
323
322
327
326
330
329
379
379
343
367
349
349
375
360
366
365
384
384
367
367
349
405
370
346
378
403
401
379
379
343
343
420
383
399
397
423
423
407
432
415
447
424
479
427
430
429
451
431
459
434
465
437
440
439
439
476
440
440
439
443
442
490
453
496
457
460
458
499
461
464
462
467
465
465
437
469
469
468
502
471
439
440
440
476
476
473
505
474
515
483
492
491
452
495
492
492
491
494
493
498
498
497
510
510
509
534
510
509
512
511
531
514
520
519
519
535
526
526
539
528
564
537
545
544
566
549
563
561
641
641
567
567
575
574
600
579
582
582
597
587
630
630
589
589
598
630
589
560
612
601
606
605
620
619
665
627
629
628
632
631
631
639
634
645
644
751
751
652
652
679
679
696
680
675
698
685
686
689
688
703
702
705
704
721
720
724
723
567
567
748
748
772
772
369
369
261
381
381
567
567
748
748
772
772
369
369
261
261
250
381
381
567
567
748
748
772
772
369
762
771
764
635
635
636
636
641
641
567
567
748
748
772
772
773
773
774
774
751
751
652
773
773
774
793
782
796
784
776
792
791
804
803
807
806
861
845
855
854
864
863
882
871
894
880
901
883
906
887
907
889
908
891
899
898
926
914
916
915
939
924
923
939
924
923
943
930
955
944
958
957
974
959
983
980
991
2
1
18
16
14
33
19
19
18
18
16
16
14
14
13
24
13
14
14
16
16
18
18
19
19
33
48
48
32
32
33
33
19
19
18
18
17
20
5
41
41
25
25
26
45
27
43
28
30
29
30
29
29
26
25
41
25
25
26
26
29
30
50
49
49
33
19
58
75
75
74
74
37
36
44
41
25
26
46
45
45
27
43
28
28
27
45
46
51
47
68
68
48
48
32
32
33
33
19
19
18
68
48
48
32
32
33
33
19
19
18
18
17
47
51
49
49
50
54
55
75
74
76
76
59
40
62
61
63
42
64
92
66
15
53
54
54
55
88
88
88
88
67
96
71
99
71
71
96
108
108
76
78
77
82
82
86
86
80
89
89
81
110
110
111
111
112
112
82
82
86
110
111
111
112
112
82
82
86
86
80
113
84
87
87
83
81
89
89
88
67
136
136
88
89
81
91
90
91
90
90
44
44
41
41
25
25
26
71
96
93
93
96
96
71
71
50
49
51
51
47
96
71
71
99
99
97
97
76
108
108
105
64
110
110
111
111
112
112
82
82
86
112
112
82
82
86
64
110
111
115
112
82
86
141
117
120
120
117
117
141
118
144
124
124
120
120
117
117
141
126
124
120
117
117
141
155
201
157
127
106
130
129
216
132
135
134
134
137
137
135
134
137
114
85
85
114
114
138
138
218
192
139
138
114
114
85
189
191
140
193
168
168
169
169
145
145
193
193
168
168
169
169
145
145
167
167
149
148
177
153
106
127
127
157
157
201
127
157
157
201
179
155
159
160
185
206
158
159
159
160
160
185
188
162
162
188
188
137
134
165
163
163
165
163
163
165
163
163
87
87
83
83
84
113
165
163
87
193
193
168
168
169
169
145
145
144
118
94
117
141
141
166
166
194
171
170
175
176
176
181
180
183
180
180
181
158
159
159
160
160
185
185
187
186
187
185
160
159
158
133
229
229
189
191
217
190
190
162
188
163
163
165
165
164
164
190
217
217
138
138
139
139
192
231
231
248
248
193
193
168
168
169
247
232
219
194
194
166
166
167
167
236
167
166
194
219
219
232
232
247
247
232
232
219
219
194
194
166
166
167
167
236
195
235
200
235
200
200
176
175
209
207
209
207
207
205
210
210
208
211
212
132
216
216
214
214
210
208
259
259
214
214
216
216
132
169
168
168
193
193
248
248
231
231
217
217
190
190
164
164
94
118
118
144
144
145
145
169
169
168
168
193
193
164
164
190
190
217
217
231
231
248
248
193
193
168
168
169
145
169
168
193
164
164
190
190
217
217
231
231
248
248
193
193
168
168
169
169
168
168
193
193
248
248
231
231
217
217
190
190
164
164
193
193
168
168
169
169
145
145
144
144
118
118
94
94
69
69
169
168
168
193
193
248
248
231
231
217
217
190
190
164
164
193
193
168
168
169
169
145
145
144
144
118
118
94
94
69
50
50
49
49
33
33
19
14
16
16
18
18
19
19
33
33
49
50
69
69
94
94
118
118
144
144
145
145
169
169
168
168
193
193
164
164
190
190
217
217
231
231
248
248
193
193
168
168
169
169
168
168
193
193
248
248
231
231
217
217
190
190
164
164
193
193
168
168
169
169
145
145
144
144
118
118
94
94
69
69
68
48
32
33
33
19
19
18
169
168
168
193
193
248
248
231
231
217
217
190
190
164
164
193
193
168
168
169
169
145
145
144
144
169
168
168
193
193
248
248
231
231
217
217
190
190
164
164
169
168
168
193
193
248
248
231
231
217
217
190
190
164
164
165
165
163
169
168
168
193
193
248
248
231
231
217
217
190
190
133
158
158
159
159
160
160
185
185
187
187
163
163
165
165
164
164
190
190
217
217
231
231
248
248
193
193
168
168
169
160
160
185
185
187
187
163
163
165
165
164
164
190
190
217
217
231
231
248
248
193
193
168
168
169
117
141
166
167
145
145
169
169
168
168
193
193
164
164
190
190
217
217
231
231
248
248
193
193
168
168
169
169
168
168
193
193
248
231
217
190
164
193
193
168
168
169
169
145
145
167
167
166
166
194
166
166
167
167
145
145
169
169
168
168
193
193
164
164
190
190
217
217
231
231
248
248
193
193
168
168
169
158
159
159
160
160
185
185
187
187
163
165
164
190
190
217
217
231
231
248
248
193
193
168
168
169
251
219
232
247
247
232
232
240
223
256
223
240
256
223
223
275
229
189
189
191
229
275
230
167
166
166
194
194
219
219
232
232
247
247
230
231
248
193
168
168
169
169
145
230
230
247
247
232
232
219
219
194
194
166
166
167
167
167
166
166
194
194
219
219
232
232
247
247
230
230
231
231
248
248
193
168
168
169
169
168
168
193
193
248
248
231
231
230
230
247
247
232
232
219
219
194
194
166
166
167
167
145
145
169
169
168
168
193
262
270
234
252
237
253
272
238
239
178
243
242
267
246
268
268
249
261
261
369
772
748
567
381
92
92
66
271
253
237
279
278
278
257
264
265
265
258
260
259
214
214
216
216
132
259
260
216
214
259
259
260
132
216
216
214
214
259
259
260
260
244
298
298
261
261
369
369
772
772
748
748
567
567
381
302
262
262
270
280
264
265
273
273
266
269
269
268
295
295
274
293
277
277
279
279
278
367
349
349
281
281
367
349
281
275
275
229
319
319
286
290
290
289
335
290
289
339
339
291
291
292
292
311
274
295
311
260
260
259
259
260
260
311
311
295
295
274
274
273
266
311
295
299
298
298
303
303
284
284
285
285
354
354
305
304
320
319
286
338
321
331
328
328
331
317
384
367
367
349
349
332
401
379
343
338
338
321
369
772
772
748
748
567
567
381
381
339
291
292
291
291
339
339
381
381
567
567
748
748
772
772
369
374
339
381
567
344
341
385
350
353
352
423
407
407
423
407
407
354
285
285
284
284
303
354
354
407
407
423
358
358
357
394
394
358
357
377
363
380
364
425
425
371
373
372
373
372
372
336
299
298
298
299
298
261
440
439
384
367
367
349
414
392
484
484
394
430
429
429
395
400
398
392
414
414
413
476
440
440
439
439
423
407
535
526
424
424
447
479
427
427
425
371
449
426
487
433
349
367
367
384
384
439
439
440
440
437
465
467
520
519
463
470
469
468
555
475
538
479
479
427
427
425
425
371
482
481
548
493
493
494
550
498
497
517
516
569
524
569
524
524
508
530
529
582
581
543
577
559
603
565
605
606
606
566
641
774
774
773
773
772
772
748
748
573
572
599
577
577
559
581
581
543
590
582
582
581
581
543
581
582
590
598
630
589
589
588
588
589
630
630
630
589
614
591
615
592
617
593
651
607
632
631
610
613
612
612
601
633
621
633
621
621
600
751
652
652
679
679
627
665
751
751
652
652
679
679
627
627
646
634
708
635
636
641
641
567
567
748
748
772
772
773
773
774
774
751
751
652
652
624
635
636
636
641
641
567
567
748
748
772
772
773
774
751
652
556
567
567
748
748
772
772
369
624
635
636
635
636
636
641
641
567
567
748
748
772
772
773
773
774
774
751
751
652
652
556
772
748
748
567
567
567
567
641
641
636
636
635
746
641
567
748
748
772
772
773
773
774
657
644
644
645
658
648
641
567
567
748
748
772
772
773
773
774
774
751
751
652
652
679
679
627
627
665
672
653
695
655
673
656
669
660
671
664
674
673
673
656
680
696
731
679
679
652
652
751
694
692
732
694
694
692
716
703
730
717
733
719
750
729
749
738
754
740
763
763
745
748
772
772
374
339
339
381
381
567
567
641
641
636
636
635
635
624
381
381
339
339
291
291
292
292
306
636
636
641
641
567
567
381
381
339
339
374
306
292
292
291
291
339
339
381
381
306
292
291
339
339
381
381
567
567
641
641
636
636
635
339
381
381
567
567
641
641
636
636
635
635
752
751
652
679
731
665
627
627
679
679
652
652
751
751
774
774
773
773
772
772
748
748
567
567
641
641
746
795
752
752
751
751
652
652
679
679
731
778
756
768
762
760
769
763
745
764
726
846
748
772
773
627
679
652
652
751
751
774
774
773
773
772
772
748
748
567
567
641
641
636
636
635
635
708
846
846
748
748
772
772
773
773
877
877
784
796
803
804
780
805
805
781
786
785
801
787
818
794
800
799
813
802
826
803
803
804
833
805
781
822
809
835
817
839
839
821
873
831
877
773
773
772
772
748
748
846
846
832
773
772
772
748
748
846
832
865
834
834
865
834
827
821
839
838
838
839
866
866
850
881
851
845
861
860
867
866
850
905
886
890
889
889
907
907
889
889
890
890
907
889
889
890
890
877
877
773
773
772
772
748
748
846
846
832
917
902
904
903
919
906
906
887
936
908
908
891
922
910
925
911
927
913
937
937
921
938
922
922
910
923
923
939
943
930
929
930
930
929
946
931
910
922
938
937
921
952
939
939
923
923
924
954
940
945
944
955
945
944
944
960
948
967
953
966
965
971
968
970
969
990
976
992
991
989
997
996
