-1 -1
-1 -1
-1 -1
-1 -1
-1 -1
-1 -1
-1 -1
-1 -1
-1 -1
-1 -1
-1 -1
-1 -1
-1 -1
-1 -1
-1 -1
-1 -1
-1 -1
-1 -1
-1 -1
-1 -1
-1 -1
-1 -1
-1 -1
-1 -1
-1 -1
-1 -1
-1 -1
-1 -1
-1 -1
-1 -1
-1 -1
-1 -1
-1 -1
-1 -1
-1 -1
-1 -1
-1 -1
-1 -1
-1 -1
-1 -1
-1 -1
-1 -1
-1 -1
-1 -1
-1 -1
-1 -1
-1 -1
-1 -1
-1 -1
-1 -1
-1 -1
-1 -1
-1 -1
-1 -1
-1 -1
-1 -1
-1 -1
-1 -1
-1 -1
-1 -1
-1 -1
-1 -1
-1 -1
-1 -1
-1 -1
-1 -1
-1 -1
-1 -1
-1 -1
-1 -1
-1 -1
-1 -1
-1 -1
-1 -1
-1 -1
-1 -1
-1 -1
-1 -1
-1 -1
-1 -1
-1 -1
-1 -1
-1 -1
-1 -1
-1 -1
-1 -1
-1 -1
-1 -1
-1 -1
-1 -1
-1 -1
-1 -1
-1 -1
-1 -1
-1 -1
-1 -1
-1 -1
-1 -1
-1 -1
-1 -1
-1 -1
-1 -1
-1 -1
-1 -1
-1 -1
-1 -1
-1 -1
-1 -1
-1 -1
-1 -1
-1 -1
-1 -1
-1 -1
-1 -1
-1 -1
-1 -1
-1 -1
-1 -1
-1 -1
-1 -1
-1 -1
-1 -1
-1 -1
-1 -1
-1 -1
-1 -1
-1 -1
-1 -1
-1 -1
-1 -1
-1 -1
-1 -1
-1 -1
-1 -1
-1 -1
-1 -1
-1 -1
-1 -1
-1 -1
-1 -1
-1 -1
-1 -1
-1 -1
-1 -1
-1 -1
-1 -1
-1 -1
-1 -1
-1 -1
-1 -1
-1 -1
-1 -1
-1 -1
-1 -1
-1 -1
-1 -1
-1 -1
-1 -1
-1 -1
-1 -1
-1 -1
-1 -1
-1 -1
-1 -1
-1 -1
-1 -1
-1 -1
-1 -1
-1 -1
-1 -1
-1 -1
-1 -1
-1 -1
-1 -1
-1 -1
-1 -1
-1 -1
-1 -1
-1 -1
-1 -1
-1 -1
-1 -1
-1 -1
-1 -1
-1 -1
-1 -1
-1 -1
-1 -1
-1 -1
-1 -1
-1 -1
-1 -1
-1 -1
-1 -1
-1 -1
-1 -1
-1 -1
-1 -1
-1 -1
-1 -1
-1 -1
-1 -1
-1 -1
-1 -1
-1 -1
-1 -1
-1 -1
-1 -1
-1 -1
-1 -1
-1 -1
-1 -1
-1 -1
-1 -1
-1 -1
-1 -1
-1 -1
-1 -1
-1 -1
-1 -1
-1 -1
-1 -1
-1 -1
-1 -1
-1 -1
-1 -1
-1 -1
-1 -1
-1 -1
-1 -1
-1 -1
-1 -1
-1 -1
-1 -1
-1 -1
-1 -1
-1 -1
-1 -1
-1 -1
-1 -1
-1 -1
-1 -1
-1 -1
-1 -1
-1 -1
-1 -1
-1 -1
-1 -1
-1 -1
-1 -1
-1 -1
-1 -1
-1 -1
-1 -1
-1 -1
-1 -1
-1 -1
-1 -1
-1 -1
-1 -1
-1 -1
-1 -1
-1 -1
-1 -1
-1 -1
-1 -1
-1 -1
-1 -1
-1 -1
-1 -1
-1 -1
-1 -1
-1 -1
-1 -1
-1 -1
-1 -1
-1 -1
-1 -1
-1 -1
-1 -1
-1 -1
-1 -1
-1 -1
-1 -1
-1 -1
-1 -1
-1 -1
-1 -1
-1 -1
-1 -1
-1 -1
-1 -1
-1 -1
-1 -1
-1 -1
-1 -1
-1 -1
-1 -1
-1 -1
-1 -1
-1 -1
-1 -1
-1 -1
-1 -1
-1 -1
-1 -1
-1 -1
-1 -1
-1 -1
-1 -1
-1 -1
-1 -1
-1 -1
-1 -1
-1 -1
-1 -1
-1 -1
-1 -1
-1 -1
-1 -1
-1 -1
-1 -1
-1 -1
-1 -1
-1 -1
-1 -1
-1 -1
-1 -1
-1 -1
-1 -1
-1 -1
-1 -1
-1 -1
-1 -1
-1 -1
-1 -1
-1 -1
-1 -1
-1 -1
-1 -1
-1 -1
-1 -1
-1 -1
-1 -1
-1 -1
-1 -1
-1 -1
-1 -1
-1 -1
-1 -1
-1 -1
-1 -1
-1 -1
-1 -1
-1 -1
-1 -1
-1 -1
-1 -1
-1 -1
-1 -1
-1 -1
-1 -1
-1 -1
-1 -1
-1 -1
-1 -1
-1 -1
-1 -1
-1 -1
-1 -1
-1 -1
-1 -1
-1 -1
-1 -1
-1 -1
-1 -1
-1 -1
-1 -1
-1 -1
-1 -1
-1 -1
-1 -1
-1 -1
-1 -1
-1 -1
-1 -1
-1 -1
-1 -1
-1 -1
-1 -1
-1 -1
-1 -1
-1 -1
-1 -1
-1 -1
-1 -1
-1 -1
-1 -1
-1 -1
-1 -1
-1 -1
-1 -1
-1 -1
-1 -1
-1 -1
-1 -1
-1 -1
-1 -1
-1 -1
-1 -1
-1 -1
-1 -1
-1 -1
-1 -1
-1 -1
-1 -1
-1 -1
-1 -1
-1 -1
-1 -1
-1 -1
-1 -1
-1 -1
-1 -1
-1 -1
-1 -1
-1 -1
-1 -1
-1 -1
-1 -1
-1 -1
-1 -1
-1 -1
-1 -1
-1 -1
-1 -1
-1 -1
-1 -1
-1 -1
-1 -1
-1 -1
-1 -1
-1 -1
-1 -1
-1 -1
-1 -1
-1 -1
-1 -1
-1 -1
-1 -1
-1 -1
-1 -1
-1 -1
-1 -1
-1 -1
-1 -1
-1 -1
-1 -1
-1 -1
-1 -1
-1 -1
-1 -1
-1 -1
-1 -1
-1 -1
-1 -1
-1 -1
-1 -1
-1 -1
-1 -1
-1 -1
-1 -1
-1 -1
-1 -1
-1 -1
-1 -1
-1 -1
-1 -1
-1 -1
-1 -1
-1 -1
-1 -1
-1 -1
-1 -1
-1 -1
-1 -1
-1 -1
-1 -1
-1 -1
-1 -1
-1 -1
-1 -1
-1 -1
-1 -1
-1 -1
-1 -1
2 3
1 7
7 26
8 12
8 12
15 8
5 6
12 19
20 17
18 20
12 21
12 19
12 21
25 22
1 32
38 27
24 11
18 28
27 11
20 44
20 17
20 44
22 30
20 25
25 22
31 22
25 31
25 31
25 42
22 30
31 22
36 5
38 27
40 38
44 14
13 4
28 25
25 42
41 25
42 46
42 31
26 32
26 47
48 37
38 49
40 77
37 58
59 27
81 21
76 21
76 21
39 76
27 28
27 41
41 42
42 46
52 42
53 30
31 53
53 30
46 31
31 53
54 23
55 10
48 65
65 64
65 50
40 77
60 58
66 50
60 52
44 67
66 52
68 52
49 75
58 96
79 58
81 76
71 58
58 96
60 71
60 85
87 51
74 48
94 77
94 59
94 77
91 71
59 61
97 72
86 99
100 72
73 101
92 35
88 53
32 93
107 74
74 102
79 95
94 59
59 91
91 71
71 96
80 101
85 91
83 80
80 101
82 85
97 98
97 72
99 109
101 104
88 110
110 53
106 90
78 90
108 107
108 94
102 115
75 115
75 123
85 97
99 109
54 114
55 119
124 123
113 97
126 109
110 104
104 86
86 99
127 110
106 89
131 111
126 109
109 125
97 98
99 116
114 127
127 110
105 118
133 115
133 115
115 128
54 139
140 131
140 131
131 130
112 132
125 124
125 138
120 54
54 139
129 110
134 142
132 141
128 143
128 141
124 123
130 136
130 145
130 145
141 140
124 133
213 116
213 116
136 153
118 150
140 146
128 184
128 143
174 120
152 120
139 117
129 213
157 135
137 154
133 128
128 184
149 127
166 127
176 169
156 170
156 170
171 156
142 150
151 145
183 69
151 175
179 168
185 147
147 133
181 170
213 144
150 199
187 155
185 133
157 192
157 207
195 167
184 175
161 196
183 34
183 69
69 34
185 172
180 189
192 199
193 194
201 200
211 175
163 190
213 185
206 165
165 222
215 197
213 212
198 149
227 149
193 214
193 235
182 223
230 224
225 212
212 172
225 172
172 230
217 197
205 272
222 225
228 199
224 244
236 246
230 253
230 224
230 253
247 248
255 248
225 230
230 249
227 166
191 264
192 219
214 229
251 223
194 237
251 259
196 266
253 251
249 257
233 260
263 218
235 243
219 282
216 252
231 252
241 232
272 198
207 285
234 308
262 260
274 198
227 206
228 287
237 250
252 266
232 256
262 277
277 242
183 34
241 268
264 295
299 237
275 273
285 301
298 258
285 301
304 274
258 314
275 306
296 270
310 266
266 300
308 307
308 319
309 296
299 288
303 271
297 330
292 325
334 293
258 314
314 294
326 294
297 322
327 362
316 337
347 316
317 302
342 292
337 319
301 335
310 343
321 341
333 321
330 351
330 352
342 325
342 292
292 325
315 385
350 334
355 314
324 327
341 360
353 397
342 325
350 355
352 378
327 362
373 358
346 369
374 342
375 350
361 387
357 382
368 363
385 382
380 384
405 380
397 402
374 375
419 393
387 394
372 420
388 372
372 420
373 388
382 407
398 400
417 371
420 406
408 388
412 408
400 409
421 392
421 392
407 428
422 362
407 428
436 407
423 408
432 424
440 424
439 411
390 431
421 410
390 447
449 390
417 460
475 448
454 427
443 455
436 444
444 449
452 437
457 450
441 460
448 471
436 461
457 462
457 450
462 440
459 463
434 479
452 451
461 457
473 457
457 462
453 464
472 475
463 467
469 474
454 481
466 482
485 468
470 478
486 479
487 474
482 472
483 492
488 484
495 490
7 1
11 3
11 3
11 7
3 11
3 12
3 12
3 12
12 15
12 15
22 15
22 15
15 22
15 12
22 15
22 15
19 11
19 11
15 12
15 22
15 25
20 25
32 1
31 25
31 25
31 25
26 56
69 4
4 69
4 23
4 35
4 69
56 26
47 26
47 26
37 50
59 40
58 60
58 60
65 66
65 43
96 58
85 60
134 64
77 90
77 90
99 62
99 62
99 82
99 82
98 72
98 72
72 100
72 98
72 100
72 100
53 88
53 88
122 103
109 116
109 116
97 125
97 125
109 126
109 126
109 116
109 116
110 127
135 89
139 54
131 140
140 145
145 140
145 130
130 145
213 127
213 129
213 116
168 158
163 162
175 184
133 185
133 185
172 185
172 185
133 185
133 185
175 211
175 184
212 213
212 213
272 205
166 227
235 193
224 230
172 225
172 225
230 225
225 230
172 225
225 172
248 247
223 251
237 194
266 196
260 233
252 231
198 274
362 183
362 183
362 34
362 34
286 285
286 285
258 305
258 305
307 308
266 310
304 325
294 326
337 316
342 239
342 239
292 342
292 342
342 292
342 239
322 364
362 34
362 34
390 34
390 34
239 34
239 34
174 34
183 34
183 34
362 34
362 34
390 34
390 34
239 34
239 34
174 34
174 34
183 34
183 34
362 34
362 34
390 34
390 34
239 34
239 34
327 265
327 265
327 183
327 183
362 183
362 183
362 34
362 34
390 34
390 34
390 239
390 239
431 239
431 239
374 239
374 239
342 239
342 239
431 239
399 403
420 372
444 436
449 444
437 452
452 463
463 429
463 429
463 452
463 452
479 433
471 464
22 15
12 15
12 15
12 8
12 8
12 3
12 3
25 20
25 15
22 15
12 15
8 15
11 24
11 24
11 19
11 19
17 20
28 18
21 12
31 25
22 25
22 15
11 27
11 24
11 19
30 22
25 28
25 28
25 20
25 20
25 15
25 15
22 15
22 15
12 15
12 15
23 4
33 43
21 81
46 42
31 53
31 46
42 46
65 48
65 48
50 37
58 37
76 39
76 39
43 65
43 65
66 65
66 65
50 65
50 65
50 37
50 37
27 59
76 81
41 27
42 46
42 52
43 33
43 65
50 65
50 37
50 65
50 37
60 62
62 60
52 60
62 60
61 62
52 66
52 60
62 60
48 89
48 74
48 70
75 80
58 79
58 96
60 58
60 71
85 82
85 60
98 72
98 72
100 72
100 72
86 72
86 72
86 62
86 62
62 99
82 99
98 72
98 72
100 72
100 72
86 72
86 72
86 62
86 62
99 62
99 62
74 48
89 48
94 77
94 59
71 91
61 91
61 91
61 91
61 91
61 59
61 59
98 72
98 72
100 72
100 72
86 72
86 72
62 72
62 61
62 41
62 60
62 82
99 82
74 107
90 77
94 77
94 59
103 59
59 103
59 94
77 94
77 90
77 78
123 101
80 101
97 85
91 61
91 61
91 72
91 72
91 97
91 97
85 97
125 97
125 97
98 97
98 97
98 72
98 72
100 72
100 72
109 126
109 126
109 116
109 116
109 99
109 99
82 99
82 99
62 99
62 99
104 110
94 108
115 102
80 75
123 75
115 123
115 123
75 123
75 123
75 80
72 100
72 100
100 72
72 98
72 98
98 72
97 98
97 98
98 97
97 125
97 125
125 97
97 113
97 113
113 97
97 85
97 85
85 97
97 91
97 91
91 97
41 62
61 62
72 62
72 62
72 86
72 86
72 100
72 100
72 98
72 98
72 97
72 97
91 97
91 97
85 97
85 97
113 97
113 97
125 97
125 97
98 97
98 97
98 72
98 72
100 72
100 72
72 62
72 86
72 100
72 98
72 97
91 97
85 97
113 97
125 97
98 97
98 72
100 72
72 100
72 100
100 72
72 98
72 98
98 72
97 98
97 98
98 97
97 125
97 125
125 97
97 113
97 113
113 97
97 85
97 85
85 97
97 91
97 91
91 97
97 72
97 72
72 97
98 72
98 72
72 98
100 72
100 72
72 100
86 72
86 72
72 86
62 72
62 72
72 62
62 61
62 61
61 62
62 41
62 41
41 62
42 41
42 41
41 42
72 100
72 100
72 98
72 98
97 98
97 98
97 125
97 125
97 113
97 113
97 85
97 85
97 91
97 91
97 72
97 72
72 100
72 98
97 98
97 125
97 113
97 85
72 100
72 98
97 98
97 125
97 113
97 85
90 77
94 77
94 59
94 59
103 59
103 59
91 59
91 59
91 61
91 61
91 72
91 72
91 97
91 97
85 97
85 97
113 97
113 97
125 97
125 97
98 97
98 97
98 72
98 72
100 72
100 72
62 99
62 86
72 86
72 100
72 98
72 97
91 97
85 97
113 97
125 97
98 97
98 72
100 72
126 109
93 118
118 105
124 123
99 62
99 82
99 109
116 109
126 109
125 109
125 113
125 97
98 72
100 72
86 72
86 62
125 113
125 113
109 125
109 125
109 126
109 126
109 116
109 116
109 99
109 99
82 99
82 99
62 99
62 99
115 133
115 123
75 123
75 80
133 115
133 115
120 174
141 132
138 125
133 185
133 147
127 149
150 118
69 154
69 154
119 154
119 154
184 128
128 143
128 184
128 133
115 133
120 152
120 174
213 129
213 116
213 144
145 151
34 239
34 390
34 362
34 183
69 183
69 154
183 154
183 69
183 34
212 213
185 213
212 213
185 213
199 150
149 198
207 157
120 152
120 174
172 225
172 212
172 185
133 185
165 206
219 192
166 227
149 227
149 198
268 241
286 285
286 269
273 275
183 362
183 327
239 431
239 431
239 390
239 390
390 239
34 390
34 390
390 34
286 269
258 305
258 305
298 305
322 297
342 239
342 292
325 292
325 304
342 239
342 239
342 292
325 292
327 324
327 265
327 183
362 183
362 183
362 34
362 34
390 34
390 34
390 239
390 239
431 239
431 239
374 239
374 239
342 239
324 265
327 265
327 265
327 183
327 183
362 183
362 183
362 34
362 34
390 34
390 34
390 239
431 239
374 239
342 239
292 239
362 34
390 34
324 265
327 265
183 362
183 327
265 327
362 183
362 34
390 34
390 239
431 239
374 239
374 239
342 239
342 292
325 292
325 304
351 330
334 350
382 357
390 34
390 239
183 327
183 362
183 34
183 69
154 183
183 69
183 34
183 362
183 327
265 327
34 183
69 183
69 154
119 154
137 154
154 137
154 119
154 69
183 69
183 34
183 69
183 34
183 362
183 327
265 327
342 374
342 239
342 292
342 325
390 362
390 34
390 239
362 390
390 34
390 239
390 431
388 373
404 392
431 390
239 390
239 390
34 390
34 390
362 390
362 390
362 422
362 422
408 423
424 432
390 449
444 449
449 444
449 390
447 390
450 457
457 461
479 434
464 453
