3
9
12
18
33
36
48
54
69
72
78
93
99
105
108
114
129
132
144
150
174
189
195
210
225
228
243
249
252
258
273
276
288
294
318
333
339
345
348
354
369
372
384
390
414
429
441
444
450
456
462
477
486
510
531
537
540
546
579
582
609
612
624
630
636
648
654
669
672
678
702
705
723
729
732
738
753
756
768
774
798
804
813
816
822
837
840
846
861
867
873
876
882
897
900
915
921
924
960
966
990
1005
1011
1017
1020
1026
1062
1086
1107
1113
1116
1122
1152
1158
1182
1197
1209
1212
1218
1224
1230
1245
1248
1254
1278
1293
1299
1305
1308
1314
1329
1332
1347
1350
1374
1380
1398
1413
1416
1422
1443
1449
1452
1458
1488
1494
1518
1539
1554
1569
1572
1581
1584
1590
1605
1608
1614
1629
1635
1641
1644
1650
1665
1668
1683
1686
1689
1731
1746
1758
1776
1782
1797
1800
1806
1821
1827
1833
1836
1842
1857
1860
1872
1878
1902
1917
1923
1938
1953
1956
1977
1980
1992
1998
2013
2022
2046
2067
2073
2076
2082
2115
2118
2163
2169
2172
2178
2193
2196
2214
2238
2259
2265
2268
2274
2304
2310
2334
2349
2358
2373
2376
2382
2403
2409
2412
2418
2451
2457
2514
2526
2541
2544
2550
2565
2568
2574
2589
2595
2601
2604
2610
2625
2628
2640
2646
2670
2685
2691
2706
2721
2724
2736
2742
2757
2760
2766
2781
2787
2793
2796
2802
2817
2820
2832
2838
2862
2877
2883
2898
2913
2916
2931
2937
2940
2946
2961
2964
2982
3006
3027
3033
3036
3042
3078
3102
3123
3129
3132
3144
3150
3165
3174
3198
3219
3225
3228
3234
3267
3312
3318
3333
3336
3342
3357
3363
3369
3372
3378
3393
3396
3411
3417
3420
3444
3456
3462
3486
3501
3504
3510
3525
3528
3534
3549
3555
3561
3564
3570
3585
3588
3603
3609
3630
3648
3678
3693
3699
3705
3708
3714
3729
3732
3750
3774
3795
3801
3804
3810
3840
3846
3870
3885
3891
3897
3900
3906
3921
3924
3942
3966
3987
3993
3996
4002
4032
4038
4062
4077
4080
4086
4101
4104
4110
4125
4131
4137
4140
4146
4161
4164
4176
4182
4206
4221
4227
4242
4257
4260
4272
4278
4293
4296
4302
4317
4323
4329
4332
4338
4353
4356
4368
4374
4398
4413
4419
4434
4449
4452
4473
4476
4482
4488
4494
4518
4542
4563
4569
4572
4578
4611
4614
4659
4665
4668
4674
4689
4692
4710
4734
4755
4761
4764
4770
4800
4806
4830
4845
4848
4854
4869
4872
4878
4893
4899
4905
4908
4914
4929
4932
4950
4974
4995
5010
5040
5046
5061
5064
5070
5085
5091
5097
5100
5106
5121
5124
5136
5142
5166
5181
5187
5202
5217
5220
5235
5241
5244
5250
5265
5268
5286
5310
5331
5337
5340
5346
5376
5382
5406
5421
5427
5433
5436
5442
5457
5460
5478
5502
5523
5529
5532
5538
5568
5574
5598
5613
5616
5622
5637
5640
5646
5661
5667
5673
5676
5682
5697
5700
5712
5718
5742
5757
5763
5778
5793
5796
5811
5817
5820
5826
5841
5844
5856
5862
5886
5901
5907
5913
5916
5922
5937
5940
5952
5958
5982
5997
6003
6009
6012
6018
6054
6078
6099
6105
6108
6114
6150
6174
6192
6198
6213
6216
6222
6237
6243
6249
6252
6258
6273
6276
6288
6294
6318
6333
6339
6354
6369
6372
6384
6390
6405
6408
6414
6429
6435
6441
6444
6450
6465
6468
6483
6489
6510
6516
6528
6558
6573
6585
6588
6597
6600
6606
6621
6630
6654
6675
6681
6684
6690
6723
6738
6771
6777
6780
6786
6801
6804
6822
6846
6867
6873
6876
6882
6912
6918
6942
6957
6966
6981
6984
6990
7011
7017
7020
7026
7059
7062
7065
7104
7122
7134
7149
7152
7158
7173
7176
7182
7197
7203
7209
7212
7218
7233
7236
7248
7254
7278
7293
7299
7314
7329
7332
7344
7350
7365
7368
7374
7389
7395
7401
7404
7410
7425
7428
7440
7446
7470
7485
7491
7506
7521
7524
7539
7545
7548
7560
7566
7590
7614
7635
7641
7644
7650
7683
7731
7737
7740
7746
7761
7764
7782
7806
7827
7833
7836
7842
7872
7878
7902
7917
7923
7929
7932
7938
7953
7956
7968
7974
7998
8013
8019
8025
8028
8034
8049
8052
8064
8070
8094
8109
8112
8118
8133
8136
8142
8157
8163
8169
8172
8178
8193
8196
8208
8214
8238
8253
8259
8274
8289
8292
8304
8310
8325
8328
8334
8349
8355
8361
8364
8370
8385
8388
8400
8406
8430
8445
8451
8466
8481
8484
8499
8505
8508
8514
8529
8532
8550
8574
8595
8601
8604
8610
8640
8646
8670
8685
8691
8697
8700
8706
8721
8724
8742
8766
8787
8793
8796
8802
8832
8838
8862
8877
8880
8886
8901
8904
8910
8925
8928
8931
8940
8946
8961
8979
8985
8994
9009
9012
9027
9042
9069
9078
9093
9096
9102
9123
9129
9132
9138
9168
9174
9198
9213
9219
9234
9249
9252
9267
9273
9276
9282
9297
9318
9342
9363
9369
9372
9378
9408
9414
9438
9444
9453
9459
9465
9468
9474
9489
9492
9504
9510
9534
9549
9555
9561
9564
9570
9585
9588
9600
9606
9630
9645
9654
9669
9672
9678
9699
9705
9708
9714
9750
9774
9795
9810
9825
9828
9840
9846
9861
9864
9870
9885
9891
9897
9900
9906
9921
9924
9936
9942
9966
9981
9987
10002
10017
10020
10032
10038
10053
10056
10062
10077
10083
10089
10092
10098
10113
10116
10134
10158
10179
10194
10233
10236
10245
10248
10254
10269
10278
10302
10323
10329
10332
10338
10371
10386
10419
10425
10428
10434
10470
10494
10515
10521
10524
10530
10566
10590
10614
10629
10632
10638
10659
10665
10668
10674
10707
10710
10713
10752
10770
10782
10797
10800
10806
10821
10824
10830
10845
10851
10857
10860
10866
10881
10884
10902
10926
10947
10962
10995
11001
11004
11010
11025
11028
11040
11046
11070
11085
11091
11097
11100
11106
11121
11124
11136
11142
11166
11181
11187
11193
11196
11202
11238
11262
11283
11289
11292
11298
11334
11358
11376
11382
11397
11400
11406
11421
11427
11433
11436
11442
11457
11460
11472
11478
11502
11517
11523
11538
11553
11556
11577
11580
11592
11598
11613
11616
11622
11646
11661
11667
11676
11682
11697
11700
11715
11730
11763
11769
11772
11778
11814
11838
11859
11865
11868
11874
11910
11934
11952
11958
11973
11982
11985
11997
12003
12009
12012
12018
12033
12036
12051
12057
12096
12102
12126
12141
12150
12165
12168
12174
12195
12201
12204
12210
12246
12270
12291
12306
12339
12345
12348
12354
12390
12414
12435
12441
12444
12450
12486
12510
12513
12516
12528
12534
12549
12552
12558
12573
12579
12585
12588
12594
12609
12630
12654
12675
12690
12705
12708
12726
12741
12744
12750
12771
12777
12780
12786
12822
12846
12867
12882
12912
12918
12933
12936
12942
12957
12963
12972
12978
12993
13011
13017
13026
13059
13074
13104
13110
13125
13128
13134
13149
13155
13161
13164
13170
13185
13188
13206
13230
13251
13266
13299
13305
13308
13314
13329
13350
13374
13395
13401
13404
13410
13440
13446
13470
13485
13491
13497
13500
13506
13542
13566
13587
13593
13596
13602
13638
13662
13683
13689
13692
13698
13713
13716
13728
13734
13758
13773
13779
13785
13788
13794
13809
13812
13824
13830
13854
13869
13872
13878
13893
13896
13902
13917
13923
13929
13932
13938
13953
13956
13974
13998
14019
14034
14064
14070
14085
14088
14094
14109
14115
14121
14124
14130
14145
14148
14160
14166
14190
14205
14211
14226
14241
14244
14259
14265
14268
14274
14310
14334
14355
14361
14364
14370
14406
14430
14451
14457
14460
14466
14502
14526
14547
14553
14556
14562
14598
14622
14640
14646
14661
14664
14670
14685
14691
14697
14700
14706
14721
14742
14766
14787
14802
14817
14820
14838
14853
14856
14862
14883
14889
14892
14898
14934
14958
14979
14994
15024
15030
15045
15048
15054
15069
15075
15084
15090
15105
15123
15129
15138
15171
15186
15201
15204
15213
15216
15222
15237
15246
15249
15261
15267
15273
15276
15282
15297
15300
15315
15321
15348
15360
15366
15390
15405
15411
15417
15420
15426
15441
15462
15486
15507
15513
15516
15522
15552
15558
15582
15588
15597
15603
15609
15612
15618
15633
15636
15654
15678
15699
15705
15708
15714
15744
15750
15774
15777
15780
15789
15792
15798
15813
15816
15822
15837
15843
15849
15852
15858
15873
15876
15894
15918
15939
15954
15984
15990
16005
16008
16014
16029
16035
16041
16044
16050
16065
16068
16080
16086
16110
16125
16131
16146
16161
16164
16179
16185
16188
16194
16230
16254
16275
16281
16284
16290
16326
16350
16377
16380
16392
16398
16422
16446
16467
16476
16482
16515
16530
16560
16566
16581
16584
16590
16605
16611
16617
16620
16626
16641
16644
16656
16662
16686
16701
16707
16722
16737
16740
16752
16758
16773
16776
16782
16797
16803
16809
16812
16818
16833
16836
16851
16854
16857
16884
16899
16914
16926
16941
16947
16953
16956
16962
16998
17022
17043
17049
17052
17058
17094
17118
17139
17145
17148
17154
17169
17172
17193
17196
17208
17214
17229
17232
17238
17262
17277
17286
17310
17331
17337
17340
17346
17361
17364
17379
17385
17388
17394
17424
17430
17454
17469
17475
17478
17508
17523
17529
17532
17538
17568
17574
17589
17592
17598
17613
17616
17622
17646
17661
17667
17673
17676
17682
17697
17700
17715
17721
17724
17730
17745
17748
17763
17769
17796
17814
17838
17874
17886
17904
17910
17925
17928
17934
17949
17952
17958
17973
17976
17982
17997
18003
18009
18012
18018
18033
18036
18051
18057
18060
18066
18081
18084
18102
18126
18147
18153
18195
18210
18258
18270
18297
18300
18306
18312
18318
18333
18345
18348
18354
18360
18366
18381
18390
18414
18438
18462
18483
18489
18492
18498
18531
18537
18540
18546
18579
18582
18609
18612
18627
18630
18654
18678
18693
18696
18702
18729
18732
18738
18744
18750
18771
18777
18780
18786
18822
18846
18867
18873
18876
18915
18921
18924
18930
18960
18966
18990
19005
19011
19014
19038
19059
19065
19068
19074
19089
19092
19104
19110
19125
19128
19134
19149
19152
19158
19182
19197
19203
19209
19212
19218
19233
19236
19251
19257
19260
19266
19281
19284
19299
19302
19305
19344
19350
19374
19389
19395
19410
19422
19437
19440
19446
19461
19464
19470
19485
19491
19497
19500
19506
19539
19545
19548
19554
19569
19572
19584
19590
19614
19629
19632
19638
19662
19677
19683
19689
19692
19698
19713
19716
19731
19746
19761
19764
19782
19806
19827
19833
19836
19842
19857
19860
19881
19884
19896
19902
19926
19950
19974
19998
20019
20025
20028
20034
20067
20073
20076
20082
20112
20118
20142
20157
20163
20166
20196
20214
20229
20232
20238
20256
20262
20277
20280
20286
20301
20307
20313
20316
20322
20355
20361
20364
20370
20385
20388
20400
20406
20430
20445
20454
20478
20499
20514
20529
20532
20547
20562
20595
20601
20604
20610
20625
20628
20640
20646
20661
20664
20670
20685
20688
20694
20718
20733
20739
20745
20748
20754
20769
20772
20787
20793
20796
20802
20817
20820
20838
20862
20880
20886
20910
20925
20931
20946
20976
20982
20997
21000
21006
21021
21027
21033
21036
21042
21075
21081
21084
21090
21105
21108
21126
21150
21168
21174
21198
21213
21219
21225
21228
21234
21267
21282
21297
21300
21318
21342
21363
21369
21372
21384
21390
21405
21411
21417
21420
21426
21441
21444
21462
21486
21510
21534
21555
21561
21564
21570
21603
21609
21612
21618
21651
21696
21702
21726
21741
21750
21765
21768
21774
21798
21813
21816
21822
21843
21849
21852
21858
21891
21897
21900
21906
21939
21945
21966
21990
22014
22032
22062
22077
22083
22098
22131
22137
22140
22146
22176
22182
22197
22200
22206
22221
22224
22230
22254
22269
22275
22281
22284
22290
22305
22308
22323
22329
22332
22338
22353
22356
22368
22374
22398
22413
22422
22446
22467
22482
22497
22500
22512
22518
22533
22536
22542
22557
22560
22566
22572
22584
22590
22605
22611
22617
22620
22626
22641
22644
22656
22662
22686
22689
22710
22734
22755
22761
22764
22770
22785
22788
22803
22818
22848
22854
22878
22884
22893
22899
22905
22908
22914
22929
22932
22947
22953
22956
22962
22998
23022
23046
23070
23091
23097
23100
23106
23139
23145
23148
23154
23184
23190
23214
23229
23238
23262
23286
23301
23304
23310
23331
23337
23340
23346
23379
23385
23388
23394
23430
23454
23472
23478
23502
23517
23523
23529
23532
23538
23571
23586
23601
23604
23622
23646
23667
23673
23676
23688
23694
23709
23712
23718
23733
23736
23742
23757
23760
23766
23790
23805
23811
23817
23820
23826
23841
23859
23865
23868
23874
23889
23892
23910
23934
23955
23985
23988
24003
24018
24048
24054
24069
24072
24078
24093
24102
24117
24120
24126
24147
24153
24156
24162
24177
24180
24195
24201
24204
24210
24243
24249
24270
24294
24318
24336
24366
24381
24387
24402
24429
24435
24441
24444
24450
24465
24468
24480
24486
24492
24504
24510
24525
24534
24558
24582
24606
24609
24627
24633
24636
24642
24675
24681
24684
24690
24720
24726
24750
24765
24774
24798
24822
24837
24840
24846
24867
24873
24876
24882
24915
24921
24924
24930
24960
24966
24990
25005
25014
25038
25059
25065
25068
25074
25089
25092
25107
25122
25158
25182
25185
25188
25200
25206
25221
25224
25230
25245
25251
25257
25260
25266
25299
25305
25308
25314
25329
25332
25350
25374
25398
25422
25443
25449
25452
25458
25491
25506
25542
25566
25587
25593
25596
25602
25617
25620
25632
25638
25653
25656
25662
25677
25686
25710
25731
25737
25740
25746
25761
25764
25779
25785
25788
25794
25830
25854
25872
25878
25902
25917
25923
25938
25968
25974
25989
25992
25998
26013
26016
26022
26037
26040
26046
26061
26067
26073
26076
26082
26097
26100
26115
26121
26124
26130
26145
26148
26160
26166
26190
26205
26208
26214
26238
26253
26259
26274
26289
26292
26307
26322
26337
26340
26355
26361
26364
26370
26409
26412
26424
26430
26445
26454
26478
26502
26526
26547
26553
26556
26562
26595
26604
26610
26646
26670
26691
26706
26736
26742
26757
26760
26766
26781
26787
26793
26796
26802
26817
26820
26835
26841
26844
26850
26865
26868
26886
26910
26931
26934
26937
26964
26979
26985
26988
26994
27024
27042
27054
27069
27072
27078
27102
27117
27123
27129
27132
27138
27174
27189
27198
27201
27222
27246
27267
27273
27276
27282
27315
27321
27324
27330
27363
27369
27414
27438
27456
27462
27486
27501
27504
27510
27525
27528
27534
27549
27552
27558
27573
27576
27582
27597
27603
27609
27612
27618
27633
27636
27651
27657
27660
27666
27681
27684
27702
27726
27744
27750
27774
27789
27795
27810
27843
27858
27873
27876
27897
27900
27909
27912
27918
27936
27942
27957
27960
27966
27981
27990
28014
28035
28041
28044
28050
28065
28068
28083
28089
28092
28098
28131
28137
28140
28164
28179
28194
28230
28254
28272
28278
28293
28296
28302
28317
28323
28329
28332
28338
28353
28356
28371
28377
28380
28386
28401
28404
28422
28446
28470
28494
28515
28521
28524
28530
28563
28578
28608
28614
28638
28653
28659
28665
28668
28674
28707
28713
28716
28722
28758
28782
28806
28830
28851
28857
28860
28866
28899
28905
28908
28914
28950
28974
28998
29022
29040
29046
29061
29064
29070
29085
29088
29094
29109
29112
29118
29133
29139
29145
29148
29154
29169
29172
29187
29193
29196
29202
29217
29220
29238
29262
29283
29286
29289
29316
29331
29346
29394
29406
29427
29433
29436
29442
29472
29478
29493
29496
29502
29517
29526
29550
29571
29577
29580
29586
29601
29604
29619
29625
29628
29634
29670
29694
29718
29742
29763
29778
29811
29817
29820
29826
29841
29859
29865
29868
29874
29904
29910
29934
29958
29982
30003
30009
30012
30018
30033
30036
30051
30057
30060
30066
30096
30102
30126
30132
30141
30150
30174
30192
30198
30213
30216
30222
30237
30249
30252
30258
30264
30270
30291
30297
30300
30306
30321
30342
30366
30390
30414
30435
30441
30444
30450
30483
30498
30513
30516
30531
30534
30582
30597
30600
30606
30624
30630
30645
30648
30654
30669
30675
30684
30690
30723
30729
30732
30738
30753
30756
30771
30777
30786
30822
30846
30867
30882
30909
30915
30930
30960
30966
30981
30984
30990
31005
31011
31017
31020
31026
31059
31065
31068
31074
31089
31092
31104
31110
31134
31158
31182
31203
31209
31212
31218
31233
31236
31251
31266
31302
31326
31347
31353
31356
31362
31377
31380
31401
31404
31413
31416
31422
31446
31470
31494
31518
31539
31545
31548
31554
31587
31593
31596
31602
31632
31638
31662
31677
31683
31698
31728
31734
31749
31752
31758
31773
31776
31782
31797
31800
31806
31821
31827
31833
31836
31842
31857
31860
31875
31881
31884
31890
31905
31926
31950
31974
31998
32019
32034
32067
32082
32115
32121
32124
32130
32160
32166
32181
32190
32196
32202
32217
32229
32232
32238
32250
32283
32289
32298
32304
32310
32343
32349
32364
32370
32376
32382
32397
32409
32412
32424
32430
32439
32445
32457
32460
32466
32475
32481
32496
32502
32529
32538
32544
32571
32577
32586
32634
32640
32682
32694
32718
32727
32754
32769
32784
32808
32814
32820
32826
32841
32853
32856
32862
32874
32901
32910
32922
32937
32940
32955
32964
32970
32976
32982
33009
33015
33021
33024
33036
33042
33051
33069
33078
33084
33114
33153
33162
33168
33174
33192
33198
33207
33213
33225
33246
33294
33303
33309
33324
33330
33339
33345
33360
33366
33402
33435
33438
33450
33486
33498
33528
33534
33546
33561
33576
33582
33591
33597
33609
33612
33618
33627
33633
33648
33654
33681
33687
33693
33696
33708
33714
33726
33774
33786
33819
33834
33846
33882
33912
33918
33930
33945
33960
33966
33975
33981
33993
33996
34002
34011
34017
34032
34038
34065
34071
34077
34080
34092
34098
34107
34110
34113
34170
34203
34218
34230
34254
34266
34299
34305
34314
34320
34326
34365
34380
34398
34404
34410
34446
34458
34485
34491
34497
34500
34506
34512
34518
34554
34590
34602
34638
34647
34653
34668
34674
34683
34689
34704
34710
34743
34749
34764
34770
34782
34830
34842
34875
34881
34890
34896
34902
34935
34938
34974
35022
35031
35058
35070
35118
35130
35163
35169
35178
35184
35190
35223
35250
35262
35310
