16
29
38
44
55
66
67
70
67
85
122
118
128
132
146
148
136
158
167
178
189
196
202
212
215
219
227
235
238
235
248
285
311
319
307
311
329
339
124
346
375
376
375
397
400
396
403
397
411
451
465
473
491
487
512
542
548
572
576
616
641
644
668
572
673
686
697
704
697
701
715
731
781
789
794
836
838
836
848
857
870
880
892
904
919
942
952
16
970
1003
1012
1014
1028
1032
1097
1098
1117
1116
1121
1185
1194
1206
1208
1219
1293
1318
1314
1327
1365
1372
1381
1384
1387
25
1395
1408
1424
1432
1438
1442
1463
1470
1481
1513
1526
1544
1553
1555
1565
1573
1589
1604
1637
1640
1658
1679
1685
1697
1704
1721
1760
1799
1829
1844
1888
1911
1916
1945
1951
1942
1954
2084
2091
2113
2147
2143
2165
2189
2219
2267
2279
2293
2301
2339
2377
2384
2390
2393
2408
2429
2465
2503
2558
2572
2584
2596
2599
2613
2617
2621
2648
2650
2662
2661
2669
2681
2690
2671
2695
2707
2711
2717
2765
2780
2791
2824
2831
2818
2837
2863
2886
2900
2943
2958
2963
2972
2997
3018
3025
3030
3036
3042
3070
3025
3075
3077
3075
3093
3106
3108
3131
3136
3145
3157
3154
3166
3181
3232
3251
3253
3262
3277
3289
3343
3391
3415
3418
3415
3444
3450
3463
3499
3529
3577
3580
3604
3617
3626
3641
3666
3669
3701
3697
3788
3798
3801
3815
3839
3794
3860
3865
3875
3884
3976
3982
4022
4028
4034
4054
4073
4075
4082
4151
4160
4168
4175
4166
4169
4187
4232
4244
4239
4246
4255
4276
4312
4327
4336
4384
4403
4412
4430
4432
4433
4447
4477
4486
4526
4559
2635
4570
4591
4606
4618
4621
4630
4637
4657
4673
4687
4706
4726
4727
4723
4743
4754
4772
4706
4799
4809
4816
4831
4848
4876
4918
4921
4937
4945
4952
4957
4963
4969
4993
5007
5010
5045
5078
5097
5103
5107
5129
5152
5200
5203
5243
5251
5257
5270
5279
5285
5303
5327
5379
5395
5398
5413
5461
5469
5445
5482
5498
5504
5524
5540
5543
5554
5563
5572
5605
5646
5725
5743
5750
5756
5765
5777
5797
5833
5864
5860
5868
5848
5880
5896
5731
5906
5915
5929
5981
5985
6006
6011
6026
6061
6063
6073
6074
6076
6075
6089
6100
6118
6147
6152
6167
6179
6193
6242
6249
6270
6283
6298
6305
6307
6333
6304
6347
6352
6371
6413
6493
6547
6550
6581
6588
6619
6643
6646
6649
6650
6667
6675
6681
6685
6663
6681
6663
6720
6737
6741
6749
6764
6773
6785
6791
6793
6795
6800
6805
6812
6818
6822
6839
6842
6869
6899
6912
6920
6928
6939
6959
6976
7015
7022
7036
7045
7052
7049
7063
7101
7121
7130
7138
7128
7163
7169
7162
7177
7184
7177
7153
7189
7204
7202
7217
7214
7225
7223
7228
7234
7235
7223
7234
7265
7261
7274
7270
7273
7278
7292
7297
7302
7309
7319
7316
7317
7327
7336
7364
7372
7385
7390
7394
7392
7400
7410
7430
7434
7460
7480
7491
7502
7516
7515
7533
7565
7568
7575
7352
7586
7593
7600
7620
7648
7655
7703
7735
7756
7760
7771
7773
7771
7783
7787
7814
7822
7831
7859
7883
7885
7921
7919
7933
7955
7967
7987
8014
8059
8074
8105
8117
8138
8146
8170
8176
8197
8201
8222
8233
8258
8267
8300
8304
8308
8320
8319
8338
8337
8354
8381
8380
8387
8398
8407
8434
8456
8486
8501
8537
8535
8590
8607
8617
8623
8638
8680
8684
8682
8689
8695
8719
8779
8804
8815
8834
8840
8846
8955
8978
9002
9023
9035
9104
9140
9181
9203
9230
9233
9230
9245
9251
9257
9274
9276
9284
9274
9342
9349
9389
9394
9404
9413
9422
9425
9434
9451
9461
9473
9482
9491
9494
9530
9539
9548
9542
9562
9575
9577
9591
9599
9611
9614
9641
9651
9672
9686
9688
9715
9716
9721
9733
9739
9773
9779
9775
9781
9784
9802
9806
9812
9814
9822
9828
9835
9887
9893
9901
9914
9912
9878
9923
9935
9946
9952
9962
9968
9992
10037
10064
10062
10069
10090
10097
10147
10168
10112
10187
10208
10217
10280
10282
10321
10333
10367
10384
10403
10410
10420
10437
10444
10447
10479
10465
10480
10492
10501
10492
10541
10549
10562
10591
10594
10616
10618
10612
10627
10649
10651
10674
10685
10694
10699
10708
10717
10720
10729
10739
10746
10702
10722
10786
10792
10882
10903
10909
10969
10980
11036
11058
11065
11067
11080
11086
11089
11104
11098
11113
11140
11148
11158
11164
11195
11203
11225
11233
11278
11311
11316
11362
11368
11364
11380
11402
11476
11519
11534
11554
11605
11631
11632
11694
11740
11743
11782
11792
11807
11829
11351
11846
11879
11908
11929
11953
11971
12011
12037
12120
12132
12143
12172
12179
12181
12187
12203
12221
12236
12257
12389
12415
12422
12479
12484
12492
12545
12572
12585
12625
12641
12643
12663
12677
12689
12697
12717
12737
12766
12820
12838
12938
12949
12955
13007
13058
13054
13061
13062
13070
13097
13106
13133
13136
13151
13165
13267
13283
13294
13303
13312
13319
13357
13379
13442
13472
13553
13601
13610
13714
13762
13763
13782
13783
13805
13811
13821
13824
13832
13864
13867
13889
13880
13915
13918
13919
13924
13928
13957
13966
13970
13976
13987
13885
14037
14055
14071
14077
14167
14182
14207
14237
14249
14272
14329
14347
14350
14362
14380
14459
14500
14506
14524
14568
14584
14588
14594
14605
14606
14611
14626
14645
14650
14654
14669
14686
14694
14715
14731
14775
14791
14794
14804
14802
14813
14842
14875
14878
14879
14897
14894
14903
14942
14945
14959
15026
15019
15021
15044
15047
15052
15061
15064
15080
15095
15098
15103
15154
15163
15191
15211
15253
15295
15310
15318
15326
15343
15371
15427
15462
15491
15500
15502
15500
15527
15530
15587
15625
15631
15635
15656
15687
15694
15704
15746
15788
15821
15823
15832
15848
15859
15865
15866
15880
15890
15991
16003
16010
16016
16036
16046
16052
16061
16094
16123
16130
16134
16147
16176
16198
16208
16222
16229
16270
16271
16279
16288
16299
16303
16316
16349
16366
16375
16378
16427
16432
16445
16448
16467
16480
16483
16480
16487
16507
16508
16507
16525
16531
16537
16558
16595
16596
16597
16596
16603
16606
16633
16656
16664
16700
16741
16745
16748
16763
16775
16786
16787
16806
16810
16844
16847
16858
16872
16892
16907
16909
16999
17017
17021
17023
17032
17039
17045
17041
17047
17063
17074
17083
17160
17179
17200
17206
17251
17264
17272
17275
17287
17359
17395
17404
17411
17435
17458
17473
17483
17497
17508
17539
17554
17555
17491
17603
17636
17635
17642
17644
17646
17678
17680
17694
17712
17723
17729
17733
17742
17748
17749
17780
17789
17792
17831
17852
17861
17877
17931
17960
17972
17971
17978
17997
18082
18124
18139
18154
18184
18200
18205
18213
18214
18213
18262
18327
18336
18361
18365
18380
18409
18418
18483
18492
18518
18532
18544
18542
18551
18548
18556
18575
18591
18598
18608
18626
18629
18636
18643
18653
18682
18697
18692
18716
18730
18746
18758
18786
18787
18802
18830
18856
18862
18866
18870
18878
18880
18916
18923
18960
18954
18967
18974
18971
18988
18965
18998
19006
19009
19052
19058
19059
19058
19060
19081
19091
19090
19097
19130
19144
19213
19228
19105
19268
19270
19271
19279
19312
19343
19346
19349
19346
19364
19365
19369
19370
19398
19403
19427
19436
19417
19445
19465
19472
19483
18327
19498
19509
19531
19544
19562
19583
19589
19604
19605
19609
19622
19624
19627
19633
19636
19648
19653
19667
19680
19682
19705
19726
19764
19771
19775
19790
19796
19804
19823
19848
19853
19856
19864
19868
19871
19880
19895
19907
19912
19920
19923
19943
19967
19974
19969
19979
20012
20041
20066
20080
20126
20141
20149
20165
20185
20208
20218
20171
20233
20263
20288
20290
20300
20326
20332
20344
20348
20353
20357
20353
20376
20402
20411
20423
20450
20456
20465
20479
20497
20501
20506
20533
20563
20589
20636
20638
20642
20656
20661
20676
20689
20696
20758
20794
20800
20807
20818
20832
20851
20848
20856
20860
20891
20924
20958
20972
20968
20993
20999
21062
21092
21115
21172
21178
21181
21194
21227
21226
21235
21268
21270
21274
21268
21299
21430
21452
21463
21485
21611
21682
21694
21708
21739
21740
21803
21811
21824
21848
21881
21910
21950
21961
21964
21992
22019
22037
22045
22072
22077
22080
22087
22151
22156
22170
22182
22213
22234
22248
22266
22269
22291
22308
22327
22343
22359
22364
22373
22371
22382
22418
22431
22430
22445
22474
22477
22484
22490
22561
22582
22609
22622
22633
22712
22793
22807
22882
22901
22928
22936
8394
22955
22963
22972
22978
22987
22996
23003
23078
23093
23092
23110
23122
23129
23155
23161
23168
23170
23179
23200
23212
23209
23224
23230
23261
23287
23314
23317
23323
23349
23373
23370
23390
23396
23458
23477
23488
23493
23495
23493
23498
23495
23512
23590
23599
23491
23604
23610
23614
23633
23637
23644
23669
23687
23726
23758
23794
23800
23816
23833
23842
23858
23865
23899
23911
23917
23920
23929
23938
23936
23942
23959
23978
23998
24003
24021
24038
24048
24083
24097
24103
24125
24136
24160
24176
24199
24211
24229
24237
24238
24244
24286
24289
24296
24298
24309
24316
24315
24229
24334
24372
24340
24386
24389
24347
24394
24382
24414
24432
24485
24492
24501
24505
24515
24519
24526
24559
24569
24592
24604
24619
24623
24604
24629
24640
24677
24683
24688
24689
24695
24701
24710
24718
24736
24758
24763
24774
24800
24807
24805
24848
24872
24877
24882
24909
24926
24945
24958
25002
25007
24928
25012
25024
25028
25049
25061
25130
25148
25165
25174
25190
25297
25294
25333
25375
25376
25384
25403
25408
25435
25441
25462
25468
25484
24128
25493
25495
25498
25510
25568
25586
25609
25643
25678
25684
25693
25712
25718
25725
25706
25735
25751
25756
25774
25789
25786
25797
25830
25835
25865
25867
25885
25909
25917
25865
25975
25982
25996
26006
26000
25996
26008
26018
26027
26039
26054
26065
26075
25688
26090
26116
26120
26173
26225
26263
26282
26293
26308
26318
26354
26356
26359
26368
26372
26381
26392
26422
26426
26440
26456
26459
26460
26441
26459
26479
26486
26493
26497
26503
26520
26530
26543
26548
26580
26620
26680
26693
26697
26699
26697
26711
26728
26733
26744
26761
26782
26811
26813
26811
26819
26854
26858
26894
26907
26911
26933
26941
26933
26947
26902
26954
26761
26959
26978
27022
27076
27079
27076
27094
27100
27102
27106
27121
27146
27152
27076
27166
27169
27196
27211
27221
12048
27226
27229
27289
27298
27202
27303
27310
27340
27361
27370
27391
27412
27421
27432
27455
27524
27536
27567
27614
27644
27649
27674
27706
27721
27761
27790
27803
27804
27820
27831
27847
27851
27877
27893
27771
27943
27968
27976
27979
27998
28021
28061
28063
28069
28078
28088
28091
28137
28147
28139
28227
28232
28237
28276
28286
28318
28324
28336
28349
28357
28355
28382
28399
28411
28420
28424
28446
28466
28481
28507
28543
28589
28594
28607
28633
28640
28627
28644
28646
28654
28683
28707
28712
28710
28721
28727
28752
28790
28831
28857
28874
28901
28909
28935
28948
28952
28964
28978
29006
29015
29018
29021
29018
29044
29048
29066
29071
29076
29084
29111
29113
29153
29150
29162
29170
29177
29182
29185
29254
29269
29272
29301
29305
29317
29320
29348
29345
29360
29365
29387
29392
29408
29411
29420
29453
29494
29498
29494
29504
29515
29530
29546
29548
29552
29582
29614
29617
29645
29648
29656
29669
29675
29680
29689
29693
29695
29708
29710
29715
29739
29780
29797
29795
29835
29867
29871
29869
29886
29943
29951
29956
29993
29997
30040
30070
30065
30115
30116
30132
30146
30152
30194
30202
30215
30247
30259
30258
30286
30296
30308
30314
30323
30339
30347
30352
30362
30364
30376
30407
30418
30436
30432
30456
30463
30473
30476
30505
30530
30601
30620
30614
30647
30658
30698
30704
30693
30709
30742
30761
30767
30771
30776
30812
30815
30826
30838
30848
30849
30853
30911
30971
31027
31040
31046
31058
31067
31073
31076
31090
31105
31118
31122
31123
31131
31171
31178
31217
31223
31237
31250
31253
31250
31307
31313
31325
31328
31329
31339
31352
31349
31355
31371
31372
31379
31385
31387
31394
31405
31414
31420
31439
31441
31451
31456
31472
31477
31466
31481
31484
31498
31503
31507
31517
31526
31536
31560
31558
31591
31598
31621
31630
31639
31667
31670
31669
31675
31669
31688
31697
31711
31726
31765
31781
31792
31820
31870
31927
31929
31939
31954
31964
31985
31988
32001
32026
32056
32062
32065
32068
32089
32102
32109
32129
32134
32138
32142
32153
32161
32173
32180
32198
32206
32213
32235
32267
32361
32363
32367
32382
32386
32398
32400
32420
32423
32447
32458
32467
32471
32467
32485
32489
32539
32554
32579
32620
32664
32675
32684
32705
32723
32726
32734
32737
32734
32744
32753
32789
32807
32839
32858
32894
32917
32954
32884
32883
32981
32982
32991
33005
33061
33086
33137
33155
33296
33303
33328
33341
33347
33361
33427
33434
33460
33476
33481
33497
33501
33503
33524
33575
33586
33592
33605
33688
33694
33707
33719
33775
33814
33827
33822
33837
31985
33845
33851
33855
33873
33900
33911
33929
33959
34010
34057
34093
34116
34238
34275
34360
34370
34372
34387
34390
34400
34406
34412
34429
34441
34460
34482
34515
34535
34586
34655
34679
34690
34694
34698
34723
34745
34780
34787
34827
34844
34845
34844
34860
34857
34906
34936
34940
34956
34975
34982
34990
35014
35017
35050
35056
35068
35089
35104
35138
35148
35149
35152
35203
35206
35214
35218
35241
35244
35257
35282
35336
35341
35369
35420
35433
35455
35014
35498
35516
35534
35585
35614
35615
35687
35693
35695
35702
35710
35713
35719
35724
35728
35745
35748
35778
35798
35812
35813
35824
35866
35873
35900
35906
35932
35933
35946
35943
35957
35958
35964
35977
36002
36052
36060
36063
36097
36099
36117
36124
36149
36157
36158
36111
36157
36166
36173
36190
36189
36214
36212
36247
36269
36283
36304
36321
36326
36353
36372
36391
36402
36423
36444
36442
36429
36447
36448
36542
36556
36611
36616
36641
36643
36716
36718
36755
36776
36794
36800
36825
36850
36853
36875
36885
36905
36922
36950
36961
36988
37021
37088
37155
37167
37170
37184
37181
37190
37191
37194
37203
37210
37217
37235
37247
37276
37280
37277
37299
37302
37299
37309
37326
37333
37338
37376
37386
37397
37408
37435
37451
37458
37465
37492
37495
37516
37567
37566
37570
37582
37580
37602
37617
37596
37675
37711
37716
37728
37745
37756
37778
37787
37774
37792
37798
37808
37819
37834
37841
37843
37856
37861
37868
37886
37902
37934
37933
37941
37951
37981
37993
37995
38053
38063
37736
38077
38089
38099
38121
38129
38137
38173
38209
38222
38258
38269
38293
38298
38316
38321
38389
38417
38423
38467
38488
38500
38571
38566
38589
38596
38617
38659
38692
38722
38746
38765
38777
38801
38813
38843
38861
38923
38958
39010
39023
39070
39073
39085
39142
39154
39163
39179
39196
39194
39215
39236
39271
39286
39298
39300
39301
39300
39314
39328
39327
39331
39328
39401
39407
39461
39493
39492
39511
39527
39539
39540
39547
39548
39614
39666
39681
39781
39790
39802
39804
39802
39835
39840
39868
39887
39907
39937
39942
39983
40012
40037
39887
40042
40075
40094
40138
40152
40162
40163
40169
40193
40220
39229
40195
40224
40225
40236
40262
40288
40322
40328
40370
40383
40416
40418
40451
40455
40467
40496
40518
40529
40585
40599
40622
40640
40637
40675
40688
40731
40790
40797
40798
40797
40814
40824
40841
40870
40895
40944
40954
40982
40436
41002
41054
41088
41159
41163
41220
41246
41291
41298
41309
41328
41332
41350
41363
41366
41378
41388
41389
41446
41453
41464
41515
41563
41585
41591
41590
41599
41669
37698
41688
41692
41710
41711
41722
41729
41722
41777
41809
41822
41823
41840
41845
41854
41878
41879
41886
41895
41903
41899
41895
41914
41921
41927
41926
41943
41940
41954
41965
41972
41987
42047
42078
42155
42173
42193
42196
42268
42302
42314
42349
42382
42394
42421
42446
42457
42466
42472
42478
42485
42512
42523
42542
42561
42576
42577
42583
42576
42602
42594
42622
42638
42665
42674
42676
42685
42695
42706
42712
42688
42695
42720
42739
42754
42751
42772
42774
42781
42796
42797
42817
42824
42829
42844
42856
42854
42859
42867
42889
42923
42937
42950
42976
42978
42997
43007
43015
43079
43096
43105
43127
43174
43186
43213
43235
43250
43337
43342
43360
43372
43376
43378
43384
43394
43402
43408
43412
43408
43422
43427
43429
43445
43447
43463
43475
43471
43486
43484
43490
43508
43513
43514
43519
42589
43527
43534
43539
43540
43547
43544
43570
43573
43624
43644
43698
43702
43714
43720
43763
43774
43808
43817
43864
43886
43898
43931
43943
43948
43952
43988
44022
44032
44047
44045
44054
44057
44098
44102
44108
44130
44125
44141
44158
44183
44198
44209
44218
44221
44260
44281
44308
44323
44377
44390
44422
44426
44429
44426
44464
44482
44492
44511
44512
44532
44675
44762
44770
44812
44821
44830
44850
44864
44914
44935
44982
44989
44991
45004
45008
45025
45041
45056
45079
45089
45101
44972
45110
45116
45119
45116
45128
45126
45133
45137
45128
45154
45163
45164
45205
45201
45218
45271
45299
45320
45333
45349
45370
45393
45400
45406
45415
45426
45433
45445
45446
45463
45469
45508
45514
45530
45543
45547
45575
45578
45584
45580
45611
45613
45620
45647
45653
45662
45660
45663
45701
45730
45742
45760
45769
45803
45806
45808
45820
45823
45834
45859
45905
45924
45935
45942
46010
46012
46047
46105
46133
46135
46159
46165
46177
46183
46181
46225
46222
46246
46258
46269
46270
46269
46307
46345
46348
46307
46423
46426
46435
46448
46449
46455
46469
46140
46479
46487
46489
46483
46499
46505
46476
46502
46530
46554
46588
46597
46600
46630
46639
46672
46689
46709
46717
46513
46725
46726
46725
46748
46750
46748
46754
46777
46783
46746
46820
46850
46847
46867
46875
46889
46906
46931
46947
46955
46957
46961
46963
46973
46994
47005
47011
47014
47017
47027
47049
47009
47047
47062
47071
47080
47099
47107
47125
47134
47141
47144
47146
47141
47150
47155
47158
47155
47162
47200
47198
47245
47265
47268
47263
47290
47299
47302
47335
47350
47357
47361
47364
47361
47371
47378
47417
47431
47434
47472
47476
47484
47522
47545
47557
47576
47590
47417
47607
47429
47626
47710
47722
47765
47776
47816
47863
47876
47879
47883
47888
47906
47903
47907
47910
47924
47957
47959
47962
47959
47971
47977
48033
48094
48130
48134
48140
48210
48217
48219
48247
48268
48274
48286
48296
48338
48349
48367
48383
48391
48405
48407
48405
48413
48417
48442
48454
48479
48481
48496
48411
48493
48512
48541
48581
48590
48648
48670
48815
48857
48861
48866
48872
48896
48907
48928
48939
48952
48956
49025
49027
49030
49036
49046
49051
49054
49051
49072
49087
49092
49093
49105
49140
49141
49140
49162
49175
49214
49228
49239
49241
49262
49273
49298
49331
49367
49381
49399
49437
49438
49467
49501
49514
49520
49525
49531
49538
49542
49555
49557
49565
49510
49570
49567
49579
49585
49591
49601
49623
49627
49632
49634
49673
49681
49693
49694
49705
49721
49734
49739
49760
49778
49783
49804
49810
49859
49916
49966
49991
50013
50026
50073
50106
50125
50142
50155
50171
50179
50180
50232
50309
50312
50309
50353
50408
50412
50419
50423
50447
50464
50537
50538
50554
50560
50561
50582
50590
50593
50600
50622
50639
50640
50639
50649
50657
50660
50695
50702
50717
50746
50753
50756
50779
50816
50817
50816
50821
50824
50855
50863
50914
50941
50952
50977
51053
51092
51097
51173
51200
51201
51208
51216
51242
51249
51253
51271
51287
51292
51299
51306
51314
51316
51341
51348
51349
51348
51355
51399
51401
51422
51442
51443
51442
51451
51520
51531
51549
51556
51569
51539
51593
51594
51625
51621
51637
51631
51641
51658
51685
51700
51707
51719
51721
51748
51800
51409
51841
51883
51901
51915
51967
52054
52072
52102
52099
52151
52184
52188
52193
52195
52213
52265
52280
52300
52301
52337
52360
52378
52381
52408
52418
52429
52430
52438
52465
52497
52506
52535
52534
52588
45567
52594
52595
52596
52606
52630
52636
52635
52642
52661
52682
52730
52763
52771
52777
52780
52786
52788
52841
52843
52849
52873
52879
52886
52891
52922
52936
52933
52945
52968
52971
52968
52975
52990
53003
53049
53074
53109
53137
53146
53155
53158
53191
53194
53206
53214
53221
53227
53231
53248
53257
53259
53311
53335
53353
53363
53408
53414
53440
53445
53461
53479
53492
53496
53512
53518
53524
53531
53577
53584
53597
53587
53617
53647
53651
53678
53713
53716
53722
53751
53752
53784
53803
53830
53835
53844
53857
53881
53890
53908
53919
53941
53949
54002
54005
54038
54047
54059
54068
54069
54079
54122
54132
54152
54167
54169
54185
54203
54214
54220
54269
54164
54272
54293
54300
54304
54313
54320
54326
54332
54350
54375
54382
54424
54428
54437
54442
54454
54457
54463
54469
54506
54509
54521
54432
54526
54532
54551
54583
54604
54625
54640
54645
54652
54698
54700
54730
54769
54768
54775
54817
54834
54848
54871
54890
54895
54899
54901
54907
54892
54913
54917
54934
54959
54981
54990
55001
55007
55010
54994
55012
55018
55024
55060
55082
55083
55092
55101
55118
55155
55183
55193
55186
55211
55236
55261
55262
55261
55278
55282
55294
55307
55316
55311
55328
55337
55340
55291
55358
55360
55397
55402
55405
55417
55432
55447
55483
55490
55526
55591
55609
55622
55618
55639
55646
55651
55690
55735
55763
55768
55789
55810
55828
55837
55844
55860
55879
55890
55906
55902
55924
55939
55951
55941
55964
55982
55995
56026
56036
56081
56089
56107
56111
56116
56127
56137
56167
56173
56182
56196
56218
56237
56243
56260
56259
56266
56276
56297
56312
56330
56381
56389
56410
56413
56429
56428
56438
56450
56459
56465
56481
56507
56506
56517
56520
56528
56516
56536
56542
56612
56624
56636
56662
56520
56674
56681
56692
56667
56785
56822
56830
56870
56879
56907
56914
56942
56957
56960
56996
57008
57012
57011
57033
57041
57058
57099
57112
57230
57248
57257
57346
57374
57379
57389
57414
57476
57492
57493
57492
57511
57538
57583
57593
57595
57577
57603
57610
57643
57680
57713
57731
57745
57816
57817
57844
57850
57855
57886
57890
57894
57901
57898
57897
57895
57922
57888
57925
57952
57958
57972
57973
57976
57979
57972
57985
57994
57991
58015
58041
58016
58044
58051
58074
58082
58094
58106
58114
58124
58157
58199
58240
58315
58331
58335
58331
58348
58349
58348
58356
58363
58372
58388
58400
58411
58433
58472
58508
58545
58552
58561
58575
58627
58666
58672
58687
58735
58778
58790
58831
58844
58870
58872
58870
58882
58892
58904
58919
58956
58990
58991
59036
59044
59053
59056
59064
59065
59078
59058
59081
59093
59097
59108
59115
59126
59149
59180
59197
59203
59219
59228
59236
59228
59251
59248
59281
59324
59332
59341
59345
59357
59364
58814
59437
59465
59471
59486
59488
59507
59519
59522
59562
59620
59677
59678
59677
59687
59697
59694
59704
59711
59713
59723
59738
59746
59749
59758
59765
59758
59776
59796
59797
59796
59816
59822
59864
59907
59916
59956
59969
59999
60029
60032
60029
60027
60044
60047
60058
60064
60069
60078
60083
60104
60119
60122
60133
60178
60215
60218
60231
60293
60308
60305
60316
60346
60361
60382
60391
60389
60387
60398
60391
60404
60411
60430
60432
60450
60457
60464
60466
60481
60499
60497
60517
60519
60538
60539
60538
60560
60559
60566
60565
60583
60587
60583
60592
60608
60620
60664
60692
60695
60703
60706
60704
60730
60752
60757
60769
60823
60832
60863
60868
60872
60918
60938
60964
60967
60979
60975
61010
61015
61049
61113
61133
61162
61168
61176
61182
61216
61274
61279
61310
61315
61325
61337
61333
61349
61372
61384
61391
61394
61417
61422
61430
61474
61483
61489
61492
61501
61541
61538
61555
61556
61560
61561
61565
61573
61577
61580
61589
61598
61604
61625
61640
61652
61700
61712
61717
61727
61756
61762
61828
61855
61901
61919
61944
61949
61951
61961
61969
61979
61991
62005
62015
62062
62078
62093
61807
62102
62152
62161
62144
62175
62235
62240
62311
62338
62365
62363
62396
62398
62414
62440
62467
62488
62497
62499
62519
62533
62537
62554
62587
62617
62628
62630
62638
62792
62828
62849
62858
62869
62872
62892
62911
62927
62909
62939
62942
62946
62951
62960
62966
62981
62982
62985
62994
63002
63029
63046
63071
63082
63093
63118
63175
63178
63187
62890
63192
63199
63235
63244
63268
63301
63305
63314
63339
63390
63403
63407
63469
63502
63538
63554
63565
63580
63617
63577
63635
63633
63658
63661
63692
63698
63704
63708
63709
63727
63746
63758
63774
63779
63782
63832
63843
63863
63882
63924
63970
64010
64018
64031
64043
64046
64049
64058
64069
64138
64142
64199
64205
64229
64244
64249
64257
64264
64269
64302
64321
64323
64319
64333
64283
64341
64352
64341
64358
64385
64382
64391
64397
64364
64403
64400
64406
64424
64438
64444
64445
64444
64451
64463
64474
64520
64538
64361
64559
64571
64617
64649
64669
64675
64684
64717
64732
64750
64792
64801
64800
64803
64841
64850
64881
64886
64960
64975
65018
65024
65044
65057
65068
65088
65090
65099
65120
65161
65167
65168
65167
65174
65179
65234
65239
65258
65275
65297
65309
65319
65327
65329
65336
65342
65360
65372
65378
65399
65408
65433
65434
65433
65447
65453
65470
65474
65479
65527
65531
65630
65654
65752
65768
65826
65842
65846
65852
65876
65885
65876
65905
65942
65960
65959
65962
65956
65969
66002
66014
66036
66038
66057
66068
66116
66125
66135
66136
66162
66173
66219
66241
66256
66268
66277
66284
66296
66315
66327
66334
66336
66351
66352
66351
66365
66382
66394
66396
66398
66418
66417
66441
66337
66469
66473
66469
66482
66489
66535
66545
66548
66563
66566
66587
66600
66604
66605
66621
66632
66630
66640
66646
66640
66655
66661
66664
66670
66677
66686
66684
66695
66712
66714
66754
66460
66764
66766
66764
66769
66803
66814
66841
66851
66863
66875
66881
66896
66927
66931
66936
66965
66998
67011
67019
67038
67046
67070
67087
67094
67098
67121
67124
67130
67119
67124
67135
67164
67173
67226
67240
67253
67276
67293
67320
67344
67367
67370
67378
67394
67397
67408
67412
67419
67423
67453
67320
67469
67471
67469
67477
67496
67504
67517
67523
67528
67579
67583
67588
67625
67635
67663
67661
67706
67708
67712
67718
67733
67740
67751
67757
67775
67817
67832
67835
67841
67849
67855
67864
67870
67873
67888
67908
67929
67962
67981
67983
67999
68028
68045
68044
68056
68067
68068
68096
68110
68121
68146
68158
68196
68198
68231
68237
68250
68255
68260
68276
68291
68335
68425
68449
68455
68469
68500
68505
68515
68542
68547
68593
68596
68617
68635
68662
68671
68689
68704
68732
68735
68743
68765
68780
68784
68794
68800
68803
68835
68891
68896
68915
68924
68929
68947
68978
68941
69005
69031
69048
69058
69109
69118
69130
69140
69145
69176
69178
69193
69232
69249
69260
69269
69284
69350
69331
69355
69404
69409
69416
69425
69436
69455
69461
69473
69476
69485
69514
69518
69533
69543
69556
69600
69604
69624
69628
69641
69666
69668
69666
69682
69679
69687
69694
69702
69746
69763
69793
69801
69813
69822
69859
69929
69955
69967
69988
70015
70025
70057
70061
70073
70017
70105
70128
70133
70141
70144
70148
70189
70196
69373
70255
70263
70267
70283
70301
70376
70379
70376
70384
70405
70412
70426
70428
70447
70457
70481
70484
70496
70503
70516
70548
70551
70594
70598
70622
70632
70648
70646
70657
70685
70690
70697
70717
70725
70730
70775
70780
70793
70805
70810
70816
70861
70885
70900
70909
70900
70916
70933
70964
70966
70984
70990
71000
70990
71019
71028
71029
71043
71044
71054
71101
71110
71135
71136
71147
71144
71167
71171
71178
71198
71230
71249
71293
71332
71333
71332
71368
71375
71397
71420
71442
71474
71473
71480
71486
71500
71518
71538
71539
71548
71538
71564
71563
71573
71578
71585
71616
71617
71616
71621
71616
71638
71711
71746
71756
71753
71758
71756
71895
71911
71936
71953
71966
71977
71983
71993
72008
72013
72088
72103
72110
72113
72140
72145
72180
72188
72220
72244
72242
72248
72244
72250
72272
72286
72287
72286
72295
72335
72374
72377
72382
72401
72404
72412
72419
72412
72434
72436
72457
72508
72509
72527
72538
72541
72567
72570
72607
72606
72610
72609
72631
72635
72634
72656
72679
72476
72722
72734
66299
72737
72742
72740
72757
72762
72766
72769
72772
72769
72782
72793
72790
72818
72830
72827
72832
72852
72869
72871
72886
72895
72934
72940
72928
72947
72952
72956
72968
72970
72966
72991
72999
73004
73007
73016
73019
73026
73029
73035
73041
73009
73062
73081
73106
73112
73099
73119
73128
73129
73134
73145
73154
73160
73178
73196
73226
73273
73306
73303
73321
73333
73335
73361
73382
73405
73418
73429
73445
73489
73513
73522
73568
73639
73642
73717
73733
73778
73789
73810
73816
73841
73887
73940
73993
74023
74152
74160
74198
74224
74251
74264
74297
74314
74362
74380
74389
74399
74407
74410
74428
74493
74494
74493
74498
74500
74476
74521
74543
74576
74593
74627
74633
74662
74678
74698
74707
74709
74720
74760
74762
74777
74801
74794
74793
74803
74812
74828
74834
74837
74846
74855
74858
74870
74872
74878
74872
74882
74890
74863
74905
74912
74914
74935
74942
74948
74957
74983
75013
75038
75044
75060
75078
75081
75092
75095
75137
75166
75184
75163
75202
75277
75306
75331
75344
75362
75358
75364
75405
75485
75546
75548
75554
65354
75576
75601
75610
75604
75631
75673
75701
75713
75767
75782
75805
75827
75938
75958
75983
76013
76027
76043
76053
76064
76076
76079
76089
76115
76110
76136
76147
76156
76163
76053
76175
76174
76184
76189
76198
76225
76229
76261
76274
76327
76339
76346
76351
76376
76396
76423
76433
76456
76486
76508
76521
76528
76543
76548
76565
76606
76627
76640
76645
76660
76688
76721
76748
76753
76820
76841
76848
76861
76886
76925
76949
76979
76994
77001
77017
77023
77060
77075
77086
77095
77141
77195
77219
77227
77231
77243
77239
77258
77292
77303
77345
77418
77427
77452
77455
77453
77464
77489
77502
77503
77502
77541
77558
77591
77624
77625
77620
77633
77645
77653
77667
77678
77694
77696
77694
77711
77729
77752
77755
77756
77782
77696
77694
77790
77791
77790
77809
77838
77842
77770
77853
77863
77881
77895
77930
77936
77935
77949
77955
77995
78004
78023
78025
78049
78050
78049
78064
78083
78094
78112
78093
78094
78111
78140
78145
78163
78145
78175
78185
78188
78197
78208
78232
78241
78159
78250
78253
78265
78284
78292
78310
78323
78380
78409
78412
78436
78461
78464
78572
78608
78628
78634
78639
78645
78643
78651
78662
78661
78698
78685
78712
78733
78737
78745
78751
78758
78763
78782
78785
78793
78869
78902
78913
78923
78942
78952
78965
79001
79010
79015
79020
79033
79058
79069
79080
79220
79216
79264
79279
79292
79337
79336
79378
79385
79448
79499
79519
79520
79532
79586
79613
79626
79635
79675
79685
79711
79741
79738
79753
79805
79827
79838
79846
79871
79880
79912
79961
79964
79975
79978
79975
80005
80003
80105
80119
80137
80227
80277
80293
80359
80368
80383
80387
80408
80415
80421
80433
80476
80488
80493
80528
80592
80593
80592
80608
80627
80641
80648
80666
80671
80684
80704
80720
80723
80732
80728
80741
80764
80823
80845
80876
80892
80893
80900
80938
80957
80963
80981
81013
81016
81032
81049
81126
81136
81139
81182
81187
81198
81211
81235
81255
81263
81272
81304
81332
81347
81355
81358
81368
81395
81405
81473
81479
81488
81491
81511
81517
81601
81588
81613
81627
81649
81707
81701
81792
81832
81847
81969
81983
82024
82055
82069
82082
82089
82111
82120
82170
82190
82203
82218
82271
82296
82321
82328
82334
82350
82358
82388
82399
82406
82418
82414
82441
82459
82473
82472
82493
82498
82529
82591
82619
82625
82631
82657
82655
82660
82690
82691
82690
82706
82721
82726
82759
82781
82784
82801
82862
82877
82888
82896
82916
82931
83006
83011
83028
83067
83081
83082
83101
83119
83140
83176
83188
83194
83202
83213
83224
83239
83257
83260
83257
83266
83282
83295
83370
83368
83372
83382
83388
83453
83501
83516
83540
83543
83548
83569
83581
83617
83630
83653
83718
83726
83762
83767
83794
83785
83830
83833
83865
83881
83925
83924
83935
83951
83953
83998
84002
84007
84028
84026
84043
84079
84088
84091
84097
84100
84115
84130
84144
84166
84165
84171
84203
84223
84220
84242
84249
84279
84296
84361
84373
84410
84460
84466
84463
84511
84581
84642
84645
84649
84683
84698
84697
84705
84736
84744
84760
84744
84766
84826
84823
84839
84847
84850
84851
84862
84481
84869
84895
84904
84934
84945
84971
84988
84998
85076
85074
85115
85127
85138
85145
85159
85163
85169
85193
85196
85204
85216
85269
85276
85279
85282
85279
85297
85312
85315
85324
85375
85387
85393
85394
85403
85425
85453
85484
85508
85534
85553
85582
85606
85642
85647
85656
85675
85676
85677
85684
85691
85718
85731
85890
85903
85913
85923
85938
85960
85975
85976
86057
86062
86066
86101
86103
86113
86117
86119
86129
86140
86146
86149
86156
86166
86180
86285
86316
86337
86392
86390
86402
86427
86452
86489
86491
86494
86614
86623
86647
86669
86676
86684
86690
86698
86708
86715
86736
86744
86750
86753
86758
86804
86822
86825
86852
86858
86865
86875
86878
86884
86917
86945
86960
86975
86998
87025
77418
87050
87077
87085
87086
87111
87137
87154
87161
87181
87190
87205
87317
87335
87368
87393
87394
87422
87425
87441
87442
87470
87474
87541
87545
87541
87557
87575
87577
87586
87595
87611
87624
87630
87688
87706
87716
87734
87829
87845
87884
87923
87929
88001
88022
88031
88040
88022
88050
88078
88099
88069
88106
88120
88155
88171
88238
88240
88251
88268
88285
88303
88316
88319
88321
88328
88337
88360
88363
88391
88351
88350
88408
88411
88426
88441
88450
88484
88501
88511
88519
88526
88540
88555
88559
88567
88576
88622
88640
88645
88675
88685
88699
88717
88726
88735
88741
88771
88814
88828
88844
88853
88871
88879
88889
88888
88909
88903
88921
88548
88930
88933
88939
88942
88949
88952
88963
88986
88989
89011
89010
89023
89026
89010
89038
89050
89053
89049
89077
89101
89113
89120
89138
89143
89155
89164
89183
89191
89199
89224
89236
89242
89267
89274
89263
89291
89299
89305
89309
89315
89327
89336
89332
89350
89362
89404
89427
89434
89457
86542
89512
89524
89537
89563
89566
89563
89585
89573
89602
89634
89656
89659
89656
89671
89665
89692
89693
89702
89731
89777
89785
89788
89789
89820
89854
89865
89873
89888
89886
89900
89909
89911
89918
89923
89935
89954
89966
89968
89974
89957
89954
89988
89992
90011
90022
90026
90030
90031
90030
90041
90053
90087
90091
90121
90137
90139
90145
90146
90145
90157
90159
90169
90181
90183
90203
90210
90257
90259
90265
90295
90337
90349
90379
90385
90400
90425
90433
90446
90514
90548
90561
90567
90658
90655
90674
90701
90716
90718
90727
90728
90747
90760
90772
90776
90787
90809
90827
90832
90838
90846
90876
90882
90905
90917
90935
90961
90974
90976
90979
90998
91008
91012
91027
91040
91045
91059
91061
91067
91106
91120
91126
91176
91192
91216
91244
91257
91265
91292
91327
91349
91353
91423
91424
91468
91490
91498
91519
91538
91558
91588
91590
91588
91609
91620
91615
91628
91661
91678
91698
91706
91716
91727
91744
91754
91764
91754
91789
91803
91815
91817
91815
91821
91826
91828
91836
91877
91892
91897
91900
91897
91914
91972
91992
91993
92008
92019
92041
92063
92084
92086
92095
92081
92086
92107
92126
92131
92126
92141
92137
92146
92156
92166
92167
92166
92183
92194
92211
92216
92240
92254
92263
92292
92293
91721
92358
92357
92365
92368
92388
92393
92401
92406
92420
92431
92438
92447
92469
92487
92502
92527
92538
92555
92576
92620
92696
92709
92766
92813
92852
92867
92901
92924
92953
92956
92967
92986
93007
93029
93034
93049
93052
93080
93091
93121
93145
93149
93196
93202
93235
93264
93307
93437
93467
93477
93508
93511
93518
93557
93571
93575
93579
93586
93571
93616
93632
93584
93634
93660
93661
93668
93675
93712
93722
93734
93760
93780
93781
93794
93799
88165
88166
93862
93872
93892
93900
93925
93930
93934
93938
93937
93943
93947
93960
93982
94024
94027
94031
94033
94048
94051
94048
94057
94064
94061
94070
94075
94082
94077
94085
94088
94092
94097
94099
94097
94126
94130
94131
94148
94158
94252
94256
94270
94273
94279
94298
94310
94325
94326
94339
94368
94373
94360
94388
94393
94409
94434
94445
94450
94477
94481
94493
94452
94505
94527
94571
94576
94581
94591
94625
94626
94627
94634
94658
94679
94693
94700
94707
94745
94781
94793
94799
94820
94859
94907
94900
94913
94919
94922
94927
94949
94957
94973
94985
94978
95043
95109
95122
95148
94625
95164
95168
95164
95185
95195
95200
95222
24505
95234
95236
95240
95261
95267
95276
24386
95294
95303
95309
95336
95356
95383
95398
95402
95408
95416
95448
95424
95426
95484
95527
95524
95554
95558
95554
95563
95567
95569
95578
95601
95611
95624
95621
95630
95641
95645
95662
95680
95698
95713
95731
95741
95743
95759
95756
95768
95770
95768
95805
95825
95846
95863
95873
95876
95915
95929
95935
95938
95956
95966
95977
95975
95980
95983
95995
96015
96038
96055
96067
96094
96104
96116
96119
96145
96157
96172
96184
96196
96205
95765
96217
96199
96221
96230
96269
96301
96325
96326
96350
96368
96383
96422
96415
96460
96472
96490
96536
96571
96563
96577
96585
96619
96643
96651
96662
96666
96672
96677
96681
96686
96706
96713
96722
96725
96734
96742
96749
96755
96763
96787
96811
96823
96857
96860
96875
96883
96892
96901
96943
96946
96953
96862
96956
96965
96972
96979
96986
97004
97033
97048
97052
97057
97083
97086
97091
97104
97148
97150
97148
97153
97156
97153
97172
97178
97189
97214
97219
97225
97250
97276
97283
97315
97328
97330
97340
97369
97390
97406
97426
97425
97445
97453
97459
97508
97521
97597
97612
97616
97617
97624
97629
97631
97629
97634
97640
97649
97695
97742
97753
97783
97803
97819
97804
97847
97868
97874
97879
97889
97891
97889
97906
97907
97906
97936
97981
97993
98003
98029
98059
98116
98137
98194
98205
98209
98230
98237
98266
98276
98278
98287
98296
98303
98304
98323
98332
98344
98374
98381
98384
98381
98422
98440
98492
98500
98504
98486
98542
98581
98614
98630
98636
98644
98648
98651
98654
98662
98680
98711
98717
98737
98756
98759
98765
98644
98771
98780
98797
98803
98882
98957
99007
99032
99055
99095
99106
99118
99134
99149
99155
99188
99193
99202
99242
99254
99257
99260
99263
99268
99254
99291
99305
99357
99422
99451
99503
99516
99545
99577
99590
99592
99608
99635
99656
99665
99689
99694
99716
99752
99755
99758
99764
99773
99776
99778
99776
99793
99814
99817
99834
99793
99859
99891
99898
99922
99958
99970
99956
100006
100004
100025
100052
100090
100096
100120
100127
100134
100215
100222
100238
100257
100266
100286
100306
100316
100319
100321
100367
100380
100412
100450
100474
100471
100491
100513
31073
100540
100547
100550
100555
100564
100583
100586
100630
100645
100700
100729
100746
100751
100769
100778
100795
100831
100841
100854
100867
100872
100915
100920
100924
100951
100985
101006
101010
101013
101010
101023
101047
101056
101066
101068
101093
101202
101210
101230
101234
101261
101278
101335
101376
101402
101405
101407
101431
101434
101431
101473
101482
101491
101509
101568
101626
101636
101651
101664
101663
101677
101681
101691
101734
101767
101796
101869
101908
101944
102010
102026
102035
102050
102055
102064
102083
102118
102128
102139
102148
102154
102184
102247
102278
102285
102292
102316
102371
102385
102391
102421
102425
102440
102465
102463
102608
102644
102697
102821
102835
102854
102912
102925
102944
102965
102980
102983
102997
102998
103009
103032
103052
103070
103067
103106
103108
103130
103153
103164
103223
103244
103240
103250
103260
103261
103271
103355
103363
103370
103355
103376
103373
103372
103396
103408
103411
34448
103417
103377
103424
103279
103429
103472
103510
103408
103595
103617
103627
103631
103640
103649
103655
103658
103661
103658
103655
103660
103658
103655
103716
103729
103756
103762
103786
103831
103859
103871
103875
103898
103903
103952
103953
104025
104035
104051
104057
104110
104143
104198
104249
104297
104384
104476
104495
104522
104540
104567
104613
104625
104645
104671
104717
104729
104738
104740
104771
104825
104834
104873
104864
104894
104915
104919
104933
104972
105043
105045
105053
105071
105098
105113
105119
105116
105149
105166
105190
105206
105209
105252
105255
105323
105334
105353
105357
105393
105409
105524
105529
105551
105556
105562
105577
105597
105625
105658
105674
105683
105701
105734
105737
105746
105809
105825
105837
105847
105898
105901
105902
105917
105956
105962
105977
105989
105991
106013
106022
106060
106082
106141
106146
106175
106180
106184
106180
106187
106184
106205
106211
106228
106235
106258
106291
106309
106325
106340
106498
106493
106497
106522
106529
106535
106537
106549
106591
106622
106660
106696
106784
106804
106841
106845
106868
106871
106897
106918
106957
106967
107008
107035
107033
107039
107050
107068
107064
107077
107081
107109
107064
107145
107165
107196
107210
107252
107259
107277
107279
107302
107193
107300
107184
107193
107311
107328
107340
107337
107356
107360
107374
107371
107380
107378
107389
107392
107407
107406
107443
107472
107483
107492
107506
107515
107521
107531
107536
107537
107558
107554
107560
107573
107582
107589
107593
107620
107629
107635
107641
107642
107644
107677
107682
107692
107695
107710
107726
107735
107728
107762
107780
107785
107797
107807
107825
107834
107839
107846
107851
107903
107904
107908
107924
107936
107944
107953
107990
108002
108013
108025
108064
108080
108112
108117
108130
108147
108151
108147
108236
108268
108265
108279
108293
108291
108311
108310
108316
108344
108358
108380
108383
108388
108403
108485
108492
108544
108565
108573
108620
108641
108668
108694
108701
108734
108788
108805
108836
108887
108907
108939
108970
108994
109021
109026
109039
109042
109055
109056
109078
109072
109090
109108
109120
109124
109123
109127
109132
109136
109141
109158
109168
109173
109177
109180
109173
109187
109191
109192
109197
109205
109216
109231
109238
109258
109296
109304
109153
109312
109334
109340
109339
109352
109354
109352
109361
109372
109388
109408
109410
109417
109421
109417
109427
109431
109470
109484
109496
109526
109532
109538
109540
109551
109396
109546
109396
109564
109566
109583
109595
109612
109624
109645
109659
109663
109778
109827
109851
109862
109872
109906
109921
109945
109966
109971
109976
109638
109994
109993
110007
110015
110046
110048
110053
110056
110068
110086
110106
110136
110174
110209
110242
110246
110259
110294
110335
110347
110372
110389
110410
110437
110467
110502
110566
110571
110581
110599
110623
110648
110666
110671
110686
110696
110723
110745
110764
110767
110789
110803
110808
110820
110839
110887
110893
110887
110909
110911
110924
110938
110997
111074
111073
111083
111113
111115
111146
111166
111170
111176
111175
111196
49938
111241
111262
111268
111303
111328
111337
111371
111381
111472
111499
111595
111604
111655
111663
111766
111778
111826
111832
111872
111896
111996
112033
112038
112270
112291
112304
112342
112445
112448
112445
112460
112462
112483
112541
112559
112586
112600
112618
112658
112712
112738
112823
112822
112852
112867
112915
112948
112973
113009
113041
113063
113078
113080
113147
113153
113164
113167
113204
113221
113234
113236
113251
113255
113256
113264
113266
113293
113296
113318
113326
113329
113344
113362
113392
113389
113396
113414
113423
113438
113443
113438
113459
113471
113500
113508
113530
113563
113578
113606
113645
113674
113717
113729
113744
113758
113768
113819
113836
113846
113882
113887
113891
113914
113935
113933
113977
113983
113985
114001
114014
114022
114044
114059
114064
114073
114117
114127
114128
114142
114169
114172
114174
114187
114190
114207
114211
114229
114235
114232
114240
114250
114268
114285
114292
114306
114280
114314
114319
114325
114334
114346
114365
114379
114395
113405
114400
114403
114437
114439
114437
114453
114446
114481
114511
114524
114510
114529
114544
114560
114574
114581
114598
114601
114598
114608
114613
114629
114638
114652
114676
114685
114696
114674
114697
114699
114721
114737
114748
114766
114776
114800
114812
114815
114824
114853
114857
114871
114910
114916
114925
114944
114953
114962
114968
114985
114988
114995
115005
115016
115004
115021
115023
115024
115029
115047
115064
115069
115091
115123
115133
115139
115146
115163
115173
115180
115189
115198
115205
115231
115236
115256
115333
115369
115399
115408
115423
115442
115448
115498
115507
115513
115529
115570
115573
115580
115585
115593
115661
115694
115712
115715
115728
115725
115733
115771
115787
115784
115817
115813
115827
115832
115842
115874
115880
115907
115912
115958
115971
115985
115986
115991
116003
116032
116028
116035
116042
116068
116067
116101
116156
116158
116156
116173
116187
116182
116214
116228
116260
116266
116288
116300
116341
116366
116428
116429
116428
116450
116471
116505
116504
116510
116516
116531
116533
116548
116635
116681
116722
116732
116761
116773
116775
116837
116840
116843
116852
116879
116906
116926
116968
116982
117053
117066
117103
117145
117162
117203
117229
117251
117276
117283
117315
117336
117355
117453
117465
117470
117506
117542
117563
117610
117611
117623
117652
117656
117665
117671
117674
117677
117686
117737
117736
117751
117758
117767
117782
117792
117797
117792
117815
117848
117865
117881
117897
117905
117915
117916
117930
117931
117930
117980
117986
118013
118016
118018
118022
118021
118025
118034
118048
118055
118064
118069
118090
118091
118093
118100
118112
118148
118157
118154
118169
118202
118211
118240
118250
118252
118259
118265
118266
118273
118280
118296
118305
118306
118321
118342
118097
118093
118351
118353
118360
118380
118385
118378
118390
118397
118392
118418
118414
118420
118446
118454
118451
118468
118478
118489
118502
118507
118509
118525
118528
118549
118589
118593
118597
118624
118676
118692
118708
118735
118745
118748
118758
118777
118789
118819
118822
118838
118845
118886
118891
118900
118904
118928
118934
118945
118972
118993
118995
119040
119051
119057
119066
119090
119087
119108
119111
119119
119149
119158
119179
119209
119230
119238
119243
119263
119261
119279
119309
119314
119345
119366
119381
119389
119396
119437
119447
119480
119513
119520
119528
119552
119594
119609
119612
119647
119659
119666
119659
119675
119702
119723
119786
119789
119799
119867
119948
119963
119974
119981
120014
120049
120073
120109
120103
120121
120130
120139
120152
120158
120202
120226
120228
120244
120249
120259
120283
120289
120307
120320
120331
120338
120371
120378
120387
120398
120455
120460
120481
120493
120506
120515
120536
120557
120554
120580
120586
120588
120599
120614
120619
120634
120656
120658
120668
120671
120677
120697
120698
120707
120747
120778
120780
120790
120818
120840
120934
120951
120988
121010
121018
120979
121027
121030
121093
121112
121136
121174
121186
121196
121202
121234
121238
121235
121252
121294
121346
121376
121405
121419
121450
121466
121499
121532
121537
121553
121550
121559
121573
121579
121587
121597
121601
121600
121607
121586
121610
121637
121640
121643
121645
121661
121672
121682
121698
121678
121709
121706
121714
121725
121729
121736
121743
121752
121725
121780
121831
121840
121845
121077
121846
121873
121889
120545
121901
120563
121904
121919
121925
121931
121939
121932
121961
120599
121969
121975
122005
122018
122034
122036
122034
122072
122110
122182
122210
122239
122272
122305
122314
122324
122337
122386
122419
122440
122442
122449
122456
122471
122467
122479
122507
122522
122419
122534
122542
122560
122624
122634
122644
122699
122707
122723
122727
122747
122753
122765
122771
122773
122805
122803
122817
122835
122843
122858
122869
122876
122896
122909
122902
122923
122938
122946
122947
122959
122965
122981
123005
123016
123027
123033
123041
123050
123061
123092
123101
123150
123160
123174
123178
123174
123218
123210
123239
123271
123287
123304
123313
123319
123322
123326
123344
123352
123361
123363
123380
123408
123423
123432
123437
123432
123443
123449
123476
123487
123482
123491
123497
123503
123524
123527
123605
123632
123640
123682
123693
123706
123710
123732
123733
123737
123742
123733
123745
123749
123757
123774
123783
123800
123805
123846
123865
123909
123924
123968
123969
123973
123994
124027
124055
124096
124117
124183
124193
124262
124307
124337
124375
124390
124421
124440
124481
124504
124508
124535
124553
124557
124603
124664
124691
124711
124749
124777
124784
124802
124816
124830
124850
124879
124894
124899
124915
124931
124936
124932
124944
124979
124991
125002
125030
125037
125045
125054
125052
125061
125076
125083
125089
125110
125113
125135
124774
124777
125090
125186
125191
125202
125216
123395
125237
125243
125258
125327
125332
125337
125350
125369
125365
125389
125393
125433
125441
125443
125460
125489
125523
125624
125666
125678
125699
125703
125710
125751
125765
125804
125818
125845
125920
125926
125954
125957
126032
126041
126046
126074
126156
126165
126173
126185
126223
126290
126305
126351
126361
126397
126412
126379
126434
126424
126462
126481
126522
126544
126548
126590
126591
126608
126621
126631
126637
126634
126648
126673
126686
126691
126690
126727
126746
126784
126815
126821
126847
126884
126904
126960
126977
126969
126983
126994
126998
127042
127086
127097
127112
127123
127132
127133
127205
127241
127262
127294
127304
127319
127322
127321
127341
127349
127370
127376
127388
127414
127442
127447
127438
127448
127464
127475
127552
127555
127578
127586
127662
127675
127688
127713
127730
127736
127731
127742
127745
127757
127764
127770
127786
127825
127840
127844
127853
127861
127877
127882
127883
127907
127915
127940
127969
127982
127992
128006
128022
128030
128099
128110
128149
128158
128179
128191
128233
128230
128243
128246
128252
128255
128264
128282
128286
128276
128303
128306
128317
128315
128339
128351
128368
128384
128389
128416
128417
128425
128423
128426
128440
128464
128473
128476
128473
128482
128488
128493
128506
128516
128528
128199
128539
128545
128549
128566
128573
128606
128615
128617
128620
128633
128636
128656
128677
128680
128684
128685
128684
128717
128714
128718
128724
128764
128766
128761
128779
128805
128827
128840
128864
128894
128893
128896
128927
128933
128934
128908
128943
128953
128968
129020
129034
129038
129077
129094
129152
129195
129196
129239
129313
129367
129368
129406
129416
129441
129445
129457
129478
129491
129578
129602
129608
129617
129638
129646
129643
129665
129668
129701
129716
129728
129788
129791
129797
129815
129836
129893
129892
129904
129959
129978
129989
130033
130060
130085
130105
130106
130117
130127
130159
130167
130196
130187
130198
130187
130196
130204
130222
130219
130209
130229
130232
130264
130268
130276
130283
130293
130347
130367
130376
130371
130408
130424
130426
130437
130440
130448
130453
130462
130470
130483
130487
130518
130516
130523
130527
130544
130547
130544
130548
130552
130565
130532
130568
130586
130594
130600
130624
130645
130682
130715
130728
130737
130745
130775
130772
130813
130815
130835
130837
130840
130861
130898
130909
130934
130942
130973
130993
131005
131037
131044
131058
131063
131081
131173
131212
131223
131221
131222
131234
131235
131246
131254
131228
131234
131272
131270
131278
131279
131278
131285
131291
131305
131317
131343
131380
131398
131396
131403
131401
131410
131421
131438
131446
131192
131448
131455
131462
131469
131494
131495
131494
131498
131499
131494
131507
131511
131524
131542
131551
131558
131616
131638
131651
131663
131674
131684
131689
131692
131707
131718
131733
131746
131764
131794
131807
131849
131880
131896
131942
131989
132003
132024
132058
132059
132074
132122
132148
132149
132153
132174
132260
132322
132320
132334
132332
132347
132373
132392
132402
132424
132426
132424
132446
132460
132467
132484
132496
132506
132557
132578
132649
132679
132713
132731
132769
132781
132803
132827
132830
132896
132902
132903
132917
132929
132931
132991
133074
133112
132209
133120
133139
133154
133158
133169
133193
133197
133214
133241
133273
133280
133288
133295
133328
133388
133432
133460
133463
133469
133479
133488
133507
133517
133605
133642
133681
133739
133759
133780
133784
133780
133792
133812
133823
133826
133839
133846
133855
133820
133861
133865
133873
133874
133888
133893
133896
133910
133972
133979
134023
134086
134077
134096
134122
134131
134168
134264
134293
134298
134350
134457
134482
134561
134612
134615
134625
134632
134637
134644
134525
134753
134794
134821
134828
134875
134954
134637
134978
134984
134983
134996
135019
135026
135029
135049
135056
135091
135093
135106
135114
135117
135118
135129
135147
135155
135167
135172
135191
135194
135222
135228
135229
135228
135234
135250
135249
135262
135264
135271
135325
135326
135362
135373
135385
135391
135406
135436
135470
135484
135502
135506
135533
135541
135548
135555
135557
135555
135578
135580
135602
135608
135617
135646
135653
135626
135688
135715
135735
135746
135751
135761
135775
135810
135808
135816
135824
135823
135835
135844
135860
135872
135887
135905
135919
135820
135928
136009
136060
136090
136108
136117
136115
136121
136130
136159
136181
136198
136220
136219
136228
136229
136231
136245
136246
136283
136311
136339
136345
136348
136363
136369
136394
136417
136429
136447
136444
136458
136462
136527
136543
136555
136562
136568
136616
136624
136622
136642
136666
136690
136698
136726
136720
136786
136784
136792
136813
136815
136826
136835
136849
136838
136884
136903
136918
136922
136947
136965
136986
136995
136997
137029
137035
137034
137045
137047
137075
137078
137084
137090
137095
137101
137120
137122
137135
137132
137151
137158
137156
137171
137205
137209
137215
137230
137232
137236
137242
137264
137272
137269
137278
137289
137302
137356
137383
137397
137416
137442
137454
137486
137491
137497
137540
137548
137560
137572
137585
137596
137605
137601
137644
137656
137672
137671
137688
137713
137744
137750
137758
137779
137803
137831
137843
137856
137866
137888
137891
137907
137942
137954
137982
137987
137982
137998
138005
138041
138054
138053
137941
137947
138070
138074
138081
138090
138109
138112
138133
138136
136157
138143
138146
138144
138150
138178
138200
138201
138211
138214
138230
138236
138244
138258
138265
138270
138292
138304
138317
138353
137035
137034
138356
138362
138375
138383
138356
138385
138419
138448
138487
138499
138560
138579
138665
138689
138695
138706
138715
138722
138734
138743
138755
138760
138773
138770
138790
138806
138730
138728
138801
138818
138834
138869
138877
138879
138922
138934
138938
138949
138958
138998
139012
139028
139088
139100
139121
139130
139166
139219
139237
139264
139283
139289
139328
139329
139337
139352
139361
139391
139405
139431
139457
139478
139479
139480
139507
139573
139588
139605
139611
139631
139666
86984
139667
139670
139682
139700
139798
139796
139808
139819
139829
139858
139852
139880
139872
139906
139902
139901
139933
139945
139976
140017
140037
140056
140097
140129
140158
140180
140188
140198
140285
140327
140323
140351
140370
140380
140416
140432
140435
140465
140482
140509
87436
140512
140521
140533
140560
140578
140586
140590
140602
140614
140618
140623
140629
140630
140645
140675
140717
140749
140756
140760
140770
140837
140839
140846
140849
140855
140861
140879
140888
140914
140924
140965
140972
140998
141042
141054
141067
141083
141091
141102
141101
141112
141121
141136
141166
141187
141222
141294
141314
141320
141338
141344
141349
141356
141389
141397
141389
141442
141470
141482
141500
141502
141519
141536
141577
141566
141602
141418
141625
141633
141637
141686
141701
141712
141725
141730
141733
141732
141749
141764
141775
141781
141784
141787
141783
141813
141803
141814
141850
141868
141907
141916
141940
141946
141995
142018
142025
113977
142023
142066
142072
142084
142088
142207
142289
142326
142377
142390
142396
142405
142417
142432
142429
142445
142516
142560
142572
142612
142633
142702
142724
142752
142787
142798
142859
142847
142865
142910
142948
142995
143005
143026
143055
143064
143056
143055
143072
143074
143081
93551
143087
143151
143173
143189
143210
143227
143270
143297
143306
143323
143345
142942
143378
143381
143405
143413
143447
143448
143447
143497
143503
143519
143527
143535
143572
143627
143678
143687
143692
143728
143744
143788
143789
143788
143798
143825
143849
143846
143851
143857
143860
143863
143878
143879
143885
143905
143906
143911
143917
143924
143934
143944
143959
143967
143982
144001
144006
144008
144006
144020
144021
144044
144073
144079
144091
144119
144203
144217
144226
144236
144273
144307
144370
144389
144394
144385
144411
144406
144451
144460
144472
144473
144494
144506
144515
144524
144526
144524
144544
144556
144560
144572
144574
144598
144619
144633
144653
144661
144664
144673
144686
144692
144696
144701
144697
144715
144719
144715
144750
144760
144759
144770
144773
144412
144787
144803
144805
144803
144806
144803
144818
144821
144823
144830
144834
144851
144861
144859
144869
144872
144879
144883
144879
144894
144900
144912
144923
144953
144971
145004
145003
145015
145017
145031
145032
145061
145066
145071
145076
145082
145071
145091
145093
145134
145136
145139
145141
145162
145160
145169
145184
145196
145217
145228
145259
145276
145303
145339
145343
145358
145365
145379
145388
145391
145402
145418
145428
145387
145439
145434
145449
145457
145460
145463
145469
145471
145505
145504
145535
145544
145550
145566
145597
145605
145640
145645
145661
145668
145757
145780
145798
145795
145803
145805
145807
145816
145823
145834
145835
145841
145828
145829
145850
145840
145849
145859
145861
145858
145860
145871
145872
145849
145883
145868
145879
145903
145927
145938
145958
145957
145970
145974
145984
146018
146053
146054
146092
146149
146177
146192
146246
146261
146275
146288
146292
146304
146318
146338
146342
146351
146382
146426
146432
146450
146464
146462
146470
146478
146486
146498
146521
146530
146538
146546
146557
146569
146567
146586
146595
146601
146616
146620
146614
146627
146629
146677
146716
146715
146726
146728
146746
146755
146773
146890
146941
146950
146959
146971
147013
147032
147037
147050
147078
147109
147191
147206
147223
147238
147250
147272
147286
147309
147319
147326
147338
147383
147377
147397
147463
147478
147499
147502
147517
147526
147551
147584
147606
147618
147647
147689
147712
147728
147734
147721
147742
147755
147781
147794
147805
147806
147857
147862
147874
147891
147898
147914
147943
147037
147977
147995
148000
148028
148054
148072
148117
148123
148126
148135
148186
148234
148240
134906
148259
148280
148286
148291
148186
148322
148423
148496
148532
148547
148559
148589
148603
148610
148609
148613
148634
148639
148640
148642
148634
148682
148688
148736
148743
148802
148800
148870
148917
148922
148923
148933
148934
148959
148962
148977
149011
149009
149015
149044
149048
149044
149051
149064
149081
149090
149108
149111
149108
149150
149156
149159
149183
149194
149212
149277
149300
149305
149310
149325
149227
149338
149342
149374
149432
149310
149431
149310
149483
149486
149501
149516
149536
149563
149591
149581
149599
149642
149667
149684
149690
149696
149699
149717
149752
149764
149770
149859
149885
149915
149939
149948
149966
149977
149980
149992
