77
104
128
181
185
230
236
311
329
359
383
416
467
491
542
695
769
823
860
1031
1135
1154
1204
1202
1214
1253
1265
1322
1394
1494
1518
1547
1565
1574
1603
1655
1739
1744
1772
1785
1790
1823
1847
1859
1975
2042
2081
2150
2156
2194
2201
2225
2270
2330
2423
2444
2454
2471
2480
2498
2513
2588
2593
2657
2669
2675
2705
2711
2713
2717
2722
2752
2783
2980
2982
2999
3035
3053
3074
3110
3128
3150
3248
3313
3353
3494
3556
3578
3587
3617
3641
3633
3659
3689
3752
3794
3855
3866
3890
3941
3950
3998
4020
4031
4049
4025
4061
4139
4164
4186
4205
4217
4225
4256
4304
4313
4322
4328
4334
4346
4354
4402
4458
4620
4672
4676
4697
4751
4769
4808
4868
4878
4943
4948
4977
5065
5138
5155
5159
5174
5175
5174
5197
5207
5213
5362
5382
5474
5472
5534
5564
5579
5609
5615
5639
5714
5720
5701
5762
5789
5816
5872
5903
5909
5944
6014
6020
6022
6020
6051
6062
6122
6140
6151
6173
6195
6284
6312
6335
6350
6356
6391
6404
6425
6464
6476
6509
6518
6557
6647
6659
6689
6725
6758
6788
6794
6837
6872
6893
6923
6929
7019
7033
7057
7115
7147
7155
7166
7205
7219
7233
7235
7246
7293
7322
7352
7361
7376
7424
7457
7463
7474
7481
7514
7526
7533
7538
7612
7619
7674
7690
7701
7727
7730
7805
7887
7974
8007
8042
8051
8121
8156
8165
8269
8306
8321
8327
8329
8447
8460
8471
8480
8516
8525
8542
8552
8562
8576
8350
8587
8621
8644
8657
8666
8672
8704
8738
8882
8906
8978
8999
9009
9048
9053
9110
9149
9147
9194
9248
9275
9377
9437
9473
9489
9578
9601
9632
9656
9662
9656
9684
9733
9772
9809
9830
9836
9881
9887
9894
9930
9932
9938
9945
9974
10010
10064
10084
10064
10103
10132
10157
10164
10163
10172
10184
10198
10232
10301
10310
10278
10355
10358
10373
10377
10395
10400
10424
10430
10463
10526
10542
10562
10580
10589
10610
10652
10694
10706
10717
10751
10764
10767
10778
10828
10865
10871
10901
10913
10928
10973
11156
11207
11272
11286
11295
11303
11295
11328
11339
11399
11510
11537
11552
11567
11575
11603
11637
11660
11693
11813
11879
11927
11945
11972
11990
12095
12152
12195
12215
12221
12260
12302
12347
12359
12365
12374
12383
12395
12434
12458
12460
12462
12566
12605
12611
12627
12674
12687
12689
12701
12713
12731
12761
12800
12807
12860
12881
12890
12905
12954
12989
13035
13043
13067
13117
13124
13138
13139
13134
13181
13199
13089
13208
13220
13234
13235
13234
13253
13259
13277
13292
13293
13329
13331
13337
13343
13355
13364
13386
13427
13460
13463
13467
13484
13490
13508
13544
13579
13588
13614
13634
13649
13685
13697
13718
13745
13760
13814
13832
13847
10164
10163
13856
13865
13889
13895
13925
13927
13939
13966
13991
14018
14030
14042
14048
14054
14063
14078
14111
14138
14162
14174
14171
14183
14234
14240
14282
14278
14303
14360
14382
14387
14391
14469
14476
14494
14514
14559
14574
14621
14684
14695
14815
14888
14927
14933
14969
14978
15011
15062
15081
15116
15173
15188
15264
15278
15282
15294
15299
15305
15314
15335
15432
15494
15498
15509
15515
15542
15551
15581
15596
15665
15666
15686
15692
15696
15701
15719
15746
15745
15886
15893
15897
15923
15953
15962
15968
15986
16089
16097
16104
16109
16127
16170
16208
16227
16238
16250
16273
16286
16310
16421
16463
16464
16467
16493
16501
16512
16533
16577
16621
16642
16784
16804
16865
16916
16931
16949
16970
16982
17015
17025
17072
17126
17139
17170
17192
17195
17192
17207
17213
17333
17385
17390
17389
17392
17483
17501
17564
17579
17606
17635
17690
17686
17762
17774
17799
17816
17831
17849
17858
17869
17921
17924
17939
17954
17955
18011
18029
18045
18076
18089
18104
18116
18176
18193
18224
18248
18260
18269
18283
18290
18344
18418
18422
18423
18428
18431
18428
18438
18453
18469
18479
18486
18493
18514
18523
18548
18560
18590
18625
18713
18734
18821
18878
18897
18904
18953
18951
19009
19013
19009
19025
19033
19055
19088
19127
19167
19286
19298
19304
19332
19343
19397
19398
19415
19433
19448
19481
19517
19568
19625
19629
19634
19646
19661
19696
19727
19765
19784
19820
19837
19861
19867
19922
19891
19934
19938
19947
19963
19998
20062
20135
20183
20237
20267
20276
20285
20312
20336
20390
20447
20456
20474
20503
20524
20525
20552
20572
20591
20603
20606
20618
20625
20630
20628
20645
20654
20672
20711
20732
20828
20858
20868
20888
21007
21047
21116
21209
21272
21299
21362
21380
21395
21401
21470
21506
21530
21533
21536
21635
21655
21689
21713
21788
21800
21812
21824
21829
21836
21857
21863
21917
21951
22242
22261
22271
22295
22325
22340
22358
22376
22455
22481
22488
22493
22505
22515
22534
22551
22629
22652
22662
22664
22676
22673
22682
22686
22715
22721
22760
22782
22787
22809
22832
22898
22978
23009
23015
23114
23122
23240
23279
23285
23306
23321
23375
23411
23417
23495
23501
23507
23597
23624
23634
23677
23690
23693
23705
23735
23829
23859
23867
23879
23900
23912
23945
23964
23969
23990
24017
24044
24071
24094
24104
24152
24150
24161
24185
24191
24206
24221
24236
24283
24291
24347
24365
24404
24422
24440
24456
24476
24485
24528
24563
24572
24579
24630
24692
24728
24743
24788
24797
24833
24842
24869
24877
24884
24911
24935
24969
24986
25064
25070
25082
25114
25121
25139
25190
25223
25265
25320
25326
25331
25328
25370
25412
25452
25469
25475
25505
25533
25541
25641
25643
25658
25676
25727
25760
25847
25853
25861
25902
25938
25954
25979
25993
25999
26015
26069
26099
26103
26116
26117
26144
26159
26165
26171
26205
26216
26223
26252
26268
26339
26343
26345
26360
26453
26467
26507
26488
26585
26610
26652
26654
26657
26675
26681
26763
26771
26792
26795
26819
26840
26852
26861
26870
26909
26930
26931
26957
27033
27062
27077
27104
27119
27125
27270
27302
27326
27347
27365
27377
27395
27420
27438
27437
27467
27473
27539
27584
27590
27617
27635
27653
27710
27716
27731
27737
27731
27743
27803
27809
27821
27848
27854
27881
27879
27905
27908
27944
27948
27953
27998
28013
28019
28052
28067
28094
28116
28038
28118
28129
28130
28142
28218
28224
28275
28365
28400
28407
28433
28475
28481
28538
28571
28610
28616
28639
28658
28670
28731
28739
28754
28766
28770
28829
28868
28900
28934
28967
29006
29029
29060
29074
29093
29108
29129
29141
29174
29182
29192
29243
29294
29300
29306
29321
29330
29363
29403
29417
29432
29468
29474
29591
29603
29642
29657
29729
29735
29490
29566
29490
29752
29783
29853
29884
29891
29897
29912
29946
29969
29946
29998
30007
30037
30062
30110
30155
30236
30272
30380
30407
30488
30545
30547
30548
30563
30545
30590
30605
30608
30614
30643
30662
30716
30726
30758
30764
30769
30603
30773
30785
30838
30839
30847
30869
30875
30891
30965
30973
30980
30987
31003
31130
31142
31160
31187
31195
31202
31232
31268
31298
31310
31315
31329
31346
31372
31379
31400
31396
31441
31451
31480
31493
31501
31527
31540
31577
31663
31702
31704
31709
31811
31829
31838
31846
31880
31925
31967
32021
32093
32114
32129
32159
32240
32300
32316
32338
32366
32444
32464
32487
32486
32517
32520
32531
32562
32612
32630
32726
32744
32765
32772
32786
32839
32841
32843
32849
32878
32885
32924
32934
32948
32951
32960
32990
33007
33092
33100
33101
33133
33161
33175
33245
33251
33257
33290
33321
33338
33379
33398
33476
33497
33512
33533
33560
33575
33599
33606
33619
33629
33671
33672
33671
33709
33715
33739
33749
33770
33814
33872
33887
33956
34055
34110
34151
34182
34193
34211
34239
34328
34337
34343
34349
34370
34398
34433
34469
34470
34477
34490
34547
34553
34571
34628
34640
34658
34665
34725
34741
34783
34793
34811
34820
34835
34871
34928
34985
35144
35154
35168
35201
35220
35222
35228
35230
35263
35291
35346
35352
35357
35401
35417
35486
35494
35501
35528
35570
35582
35597
35613
35640
35654
35660
35717
35723
35783
35789
35813
35840
35850
35861
35876
35888
35915
35948
35957
35965
35983
36011
36021
36038
36055
36071
36089
36102
36119
36111
36137
36209
36332
36422
36467
36471
36485
36509
36521
36545
36563
36606
36650
36788
36800
36857
36878
36884
36892
36891
36926
36959
36965
36994
37109
37151
37187
37208
37215
37226
37301
37341
37373
37380
37388
37472
37478
37497
37574
37586
37601
37628
37676
37721
37814
37829
37838
37865
37880
37928
37940
38017
38024
38039
38061
38071
38159
38189
38201
38249
38289
38315
38342
38360
38397
38612
38645
38660
38699
38717
38733
38795
38685
38813
38822
38844
38906
38929
38914
38945
38970
39083
39089
39106
39108
39147
39156
39173
39106
39194
39243
39272
39298
39318
39350
39238
39400
39425
39500
39461
39510
39576
39646
39665
39674
39749
39788
39794
39890
39904
39926
39928
39926
39931
39973
39988
40043
40109
40183
40265
5392
40263
5392
40357
40373
40398
40422
40484
40499
40523
40529
40553
40574
40580
40613
40682
40694
40700
40783
40823
40845
40883
40937
40958
40985
40997
41027
41175
41183
41193
41216
41264
41313
41419
41558
41582
41600
41613
41618
41623
41657
41672
41678
41801
41912
41924
41939
42035
42114
42137
42161
42235
42246
42249
42289
42292
42311
42380
42386
42392
42410
42425
42524
42569
42647
42759
42815
42836
42854
42911
43026
43037
43043
43081
43106
43163
43175
43181
43196
43235
43259
43331
43338
43401
43404
43436
43441
43472
43559
43580
43640
43649
43635
43661
43724
43823
43859
43877
43958
43971
43994
44115
44180
44199
44214
44219
41187
44300
44306
44318
44393
44507
44516
44539
44567
44611
44639
44731
44759
44777
44843
44888
44910
44912
44910
44924
44927
44924
44962
44990
45041
45092
45170
45230
45194
45296
45302
45311
45326
45335
45353
45502
45519
45606
45761
45767
45791
45840
45848
45894
45911
45923
45950
45956
45985
46082
46074
46136
46181
46259
46397
46445
46466
46484
46533
46574
46586
46637
46653
46664
46836
46850
46895
47108
47210
47228
47321
47351
47360
47366
47436
47456
47503
47508
47516
47533
47558
47557
47576
47616
47640
47663
47662
47669
47753
47796
47813
47897
47915
47924
47930
48005
48017
48020
48065
48092
48097
48152
48173
48175
48186
48188
48200
48215
48237
48248
48305
48349
48377
48383
48408
48413
48417
48428
48462
48480
48497
48518
48671
48722
48764
48779
48794
48799
48824
48860
48908
48923
48941
48980
48986
48985
48998
49007
49013
49025
49076
49082
49283
49295
49311
49362
49403
49449
49452
49463
49574
49592
49598
49604
49613
49625
49640
49685
49706
49708
49745
49760
49731
49823
49838
49859
49877
49912
49925
49967
49988
49989
50033
50042
50063
49943
50075
50086
50115
50138
50198
50222
50259
50264
50259
50317
50436
50465
50504
50522
50594
50621
50630
50645
50651
50680
50756
50774
50780
50786
50780
50792
50882
50885
50891
51026
51050
51104
51206
51248
51254
51310
51337
51377
51373
51387
51389
51394
51407
51464
51497
51512
51524
51539
51551
51569
51584
51599
51674
51777
51810
51816
51828
51860
51881
51919
51946
52070
52328
52367
52364
52376
52388
52421
52499
52526
52538
52553
52580
52697
52721
52742
52748
52754
52829
52886
52922
53015
53066
53105
53129
53153
53238
53375
53394
53420
53428
53434
53519
53531
53585
53624
53639
53663
53681
53870
53885
53891
53902
53951
53975
53981
54027
54029
54027
54158
54161
54179
54240
54243
54260
54342
54377
54383
54392
54467
54536
54548
54623
54635
54686
54703
54725
54833
54854
54860
54876
54878
54896
54899
54950
54959
54965
54986
55088
55091
55223
55271
55301
55311
55319
55311
55328
55333
55340
55358
55366
55373
55403
55421
55452
55457
55452
55470
55499
55508
55544
55556
55562
55556
55568
55643
55634
55667
55719
55742
55754
55760
55787
55799
55811
55805
55817
55823
55826
55835
55845
55857
55863
55868
55904
55940
55947
55953
55959
55964
55979
55988
56009
56021
56024
56021
56027
56048
56079
56081
56087
56079
56094
56106
56117
56129
56150
56158
56175
56176
56175
56204
56210
56237
56174
56264
56290
56411
56450
56462
56498
56491
56528
56537
56562
56617
56630
56657
56678
56676
56705
56711
56747
56822
56840
56903
56948
57085
57101
57113
57110
57131
57134
57131
57341
57347
57353
57359
57479
57485
57499
57522
57556
57575
57641
57665
57719
57759
57764
57773
57776
57785
57807
57817
57836
57851
57867
57877
57891
57896
57926
57940
57942
57944
57965
58004
58023
58052
58071
58079
58094
58102
58103
58116
58122
58150
58163
58179
58180
58202
58244
58253
58277
58286
58448
58456
58515
58518
58523
58547
58551
58556
58583
58589
58601
58607
58611
58640
58673
58660
58671
58689
58697
58712
58895
58951
59024
59033
59093
59117
59138
59147
59157
59177
59196
59246
59396
59447
59492
59498
59543
59601
59627
59633
59641
59657
59708
59756
59762
59810
59849
59858
59874
59956
59955
59975
59993
60028
60038
60044
60122
60137
60158
60182
60189
60199
60206
60266
60277
60290
60323
60356
60362
60410
60500
60512
60199
60557
60578
60596
60616
60647
60665
60701
60712
60797
60804
60819
60851
60941
60958
60992
61046
61055
61064
61157
61172
61226
61253
61270
61337
61349
61364
61432
61436
61442
61477
61487
61511
61523
61529
61538
61583
61604
61634
61637
61754
61766
61772
61766
61809
61818
61904
61916
62002
62003
62016
62033
62039
62065
62123
62141
62151
62207
62246
62261
62267
62279
62300
62372
62402
62429
62446
62468
62498
62566
62603
62708
62717
62733
62909
62954
63086
63107
63116
63161
63257
63293
63374
63416
63425
63476
63524
63627
63632
63674
63677
63683
63731
63737
63770
63803
63807
63899
63911
63973
64007
64009
64036
64039
64115
64121
64133
64187
64196
64272
64284
64307
64313
64358
64391
64390
64403
64430
64475
64458
64481
64492
64528
64533
64541
64563
64604
64628
64635
64661
64671
64698
64709
64713
64720
64741
64754
64787
64803
64829
64844
64853
64865
64870
64895
64904
64922
64952
64976
65006
65085
65147
65153
65214
65249
65264
65279
65326
65335
65357
65374
65389
65403
65411
65414
65450
65468
65489
65495
65576
65617
65618
65617
65630
65637
65648
65666
65671
65683
65687
65676
65697
65699
65704
65726
65760
65823
65835
65858
65894
65903
65915
65966
64652
65994
65996
66005
66017
66032
66035
66056
66077
66107
66113
66143
66173
66220
66250
66282
66307
66338
66402
66425
66450
66470
66479
66458
66497
66483
66501
66513
66527
66513
66540
66561
66583
66588
66591
66593
66597
66608
66620
66635
66650
66663
66689
66716
66725
66746
66758
66777
66797
66854
66878
66908
66914
66938
66944
66954
66962
66968
66974
66989
67001
67039
67040
67039
67074
67095
67104
67134
67163
67169
67172
67190
67187
67271
67290
67301
67304
67301
67305
67317
67323
67344
67361
67352
67376
67385
67371
67403
67406
67415
67412
67419
67420
67428
67440
67467
67479
67517
67554
67569
67581
67583
67607
67616
67611
67623
67638
67659
67671
67674
67687
67706
67716
67736
67806
67847
67886
67905
67917
67964
67976
67991
68000
68018
68023
68068
68093
68079
68117
68130
68165
68177
68183
68196
68261
68279
68280
68309
68313
68304
68326
68341
68347
68384
68376
68411
68417
68445
68447
68483
68555
68591
68601
68670
68696
68691
68711
68801
68874
68894
68924
68933
68951
68971
68999
69005
69015
69049
69092
69197
69245
69258
69253
69344
69352
69356
69374
69381
69395
69413
69440
69446
69485
69516
69554
69567
69581
69591
69597
69647
69675
69701
69705
69712
69715
69720
69687
69705
69707
69755
69777
69785
69786
69797
69567
69827
69845
69875
69868
69890
69920
69928
70034
70046
70086
70106
70208
70217
70247
70276
70280
70312
70322
70352
70358
70367
70436
70475
70622
70664
70678
70682
70678
70727
71030
71063
71177
71183
71192
71240
71276
71444
71453
71519
71525
71642
71675
71720
71726
71738
71769
71813
71879
71895
71957
71993
72082
72116
72158
72194
72208
72227
72232
72233
72308
72312
72327
72356
72360
72398
72419
72440
72458
72477
72557
72601
72671
72683
72689
72714
72728
72773
72866
72895
72902
72956
73010
73031
73064
73232
73269
73274
73292
73337
73358
73424
73430
73524
73559
73564
73568
73589
73595
73600
73652
73667
73696
73735
73832
73870
73883
73900
73952
73958
74017
74113
74141
74171
74189
74193
74222
74226
74232
74234
74232
74306
74321
74333
74342
74354
74360
74378
74462
74465
74492
74522
74558
74564
74576
74597
74603
74609
74621
74630
74648
74672
74760
74772
74774
74772
74801
74798
74822
74834
74882
74887
74912
74913
74954
74960
74966
74984
74998
75080
75113
75191
75206
75230
75239
75258
75276
75284
75314
75344
75386
75397
75406
75450
75477
75494
75549
75562
75596
75602
75617
75638
75713
75719
75733
75749
75764
75782
75797
75397
75804
75848
75887
75953
76010
76016
76131
76169
76193
76273
76283
76358
76379
76490
76553
76667
76677
76711
76736
76778
76952
77003
77021
77075
77189
77195
77222
77235
77324
77331
77391
77411
77438
77453
77468
77480
77540
77558
77564
77576
77581
77633
77639
77650
77669
77699
77703
77801
77816
77817
77870
77912
78011
78029
78036
78151
78224
78242
78259
78374
78422
78479
78493
78518
78539
78552
78557
78665
78830
78836
78887
78956
78989
79022
79061
79081
79172
79208
79265
79319
79340
79349
79355
79397
79469
79493
79492
79502
79562
79566
79578
79583
79622
79631
79637
79664
79697
79703
79709
79745
79751
79763
79820
79871
79895
79925
79931
79941
79985
80123
80138
80156
80165
80189
80207
80270
80309
80357
80366
80429
80437
80456
80468
80470
80492
80498
80528
80546
80567
80605
80606
80618
80639
80646
80669
80774
80807
80834
81005
81032
81095
81101
81137
81146
81179
81187
81221
81239
81293
81302
81329
81383
81473
81488
81504
81533
81546
81557
81510
81590
81608
81659
81669
81683
81854
81893
81949
82088
82104
82146
82181
82217
82256
82262
82268
82283
82296
82319
82339
82388
82401
82430
82441
82532
82542
82568
82658
82663
82691
82754
82760
82787
82801
82817
82913
82946
82983
83021
83036
83082
83090
83165
83181
83465
83651
83672
83684
83699
83756
83783
83876
83912
83924
83930
83636
83972
83981
83938
83936
84004
84087
84098
84125
84197
84223
84276
84281
84287
84313
84335
84442
84527
84596
84603
84699
84716
84719
84788
84805
84890
84905
84950
84968
85151
85169
85220
85241
85362
85369
85379
85414
85448
85589
85755
85793
85802
85859
85916
85908
85973
86027
86023
86174
86196
86210
86222
86228
86347
86369
86384
86444
86463
86490
86510
86537
86542
86561
86582
86591
86621
86666
86678
86717
86753
86768
86753
86777
86829
86860
86861
86866
86900
86939
86948
86957
86978
87032
87131
87147
87212
87254
87278
87284
87289
87317
87350
87355
87374
87404
87416
87440
87488
87495
87503
87554
87558
87592
87602
87636
87659
87674
87716
87735
87763
87774
87822
87851
87887
87923
87941
87959
88005
88007
88005
88019
88029
88035
88052
88070
88079
88084
88097
88121
88127
88151
88158
88161
88205
88232
88265
88280
88301
88331
88361
88379
88424
88432
88484
88529
88558
88575
88584
88589
88612
88646
88672
88712
88743
88789
88811
88836
88880
88886
88913
88919
88943
88983
89002
89024
89026
89040
89066
89090
89094
89098
89144
89194
89249
89252
89264
89283
89309
89318
89301
89387
89396
89417
89435
89456
89472
89487
89489
89516
89594
89630
89663
89667
89678
89693
89690
89695
89701
89738
89743
89741
89796
89832
89843
89832
89861
89867
89922
89965
89984
90005
90010
90080
90084
90089
90116
90155
90170
90201
90227
90231
90248
90274
90283
90339
90350
90399
90407
90429
90455
90460
90458
90479
90506
90518
90524
90530
90540
90570
90564
90571
90570
90578
90584
90571
90570
90564
90674
90677
90686
90704
90773
90793
90665
90664
90846
90858
90937
90959
90995
91014
91017
91040
91085
91112
91121
91147
91151
91147
91175
91181
91196
91217
91229
91253
91259
91278
91310
91352
91370
91349
91423
91475
91437
91535
91557
91577
91614
91684
91769
91796
91895
91913
91919
91964
91970
91988
92009
92117
92147
92153
92165
92168
92183
92195
92208
92212
92208
92238
92285
92283
92297
92362
92366
92384
92417
92468
92489
92420
92511
92561
92648
92663
92747
92819
92831
92858
92885
92912
92907
92968
92994
92999
93074
93097
93140
93160
93170
93185
93206
93212
93224
93230
93248
93254
93266
93304
93311
93316
93323
93341
93347
93356
93366
93371
93401
93419
93428
93431
93444
93461
93485
93506
93533
93539
93593
93591
93595
93650
93673
93677
93713
93767
93839
93943
93974
93982
93991
94006
94078
94098
94104
94130
94175
94184
94205
94265
94292
94298
94328
94395
94429
94430
94429
94433
94439
94457
94514
94553
94633
94678
94724
94764
94766
94764
94933
94937
94982
95027
95066
95155
95171
95175
95198
95200
95198
95225
95231
95237
95267
95291
95317
95366
95372
95378
95429
95435
95441
95447
95466
95487
95525
95543
95545
95554
95564
95576
95651
95705
95753
95763
95771
95795
95822
95878
95946
95978
96014
96020
96032
96042
96056
96068
96154
96164
96151
96166
96188
96227
96233
96248
96260
96272
96278
96299
96320
96360
96373
96398
96409
96436
96443
96459
96467
96476
96472
96521
96553
96584
96596
96602
96650
96659
96677
96683
96685
96694
96698
96722
96741
96754
96758
96760
96758
96736
96765
96794
96806
96941
97004
97061
97108
97133
97151
97161
97199
97217
97244
97255
97262
97289
97321
97555
97699
97739
97780
97789
97808
97820
97830
97854
97866
97949
97961
97997
98019
98039
98040
98057
98048
98063
98067
98069
98067
98087
98093
98145
98157
98165
98185
98183
98259
98293
98330
98336
98339
98350
98469
98489
98515
98519
98551
98567
98576
98588
98592
98636
98657
98693
98716
98732
98792
98809
98831
98853
98914
98986
99011
99119
99170
99192
99200
99224
99229
99308
99350
99416
99425
99443
99488
99494
99572
99590
99605
99674
99725
99740
99794
99843
99878
99926
99959
99967
99995
100013
100034
100082
100091
100131
100142
100172
100247
100253
100283
100295
100319
100327
100346
100353
100355
100382
100418
100436
100442
100476
100492
100520
100583
100607
100622
100629
100637
100700
100709
100698
100763
100758
100791
100800
100819
100827
100841
100889
100901
100989
101057
101105
101138
101198
101213
101261
101339
101381
101430
101444
101467
101468
101477
101493
101492
101534
101552
101564
101577
101636
101657
101690
101692
101750
101795
101843
101870
101915
101936
101941
101978
101982
102020
102096
102115
102146
102164
102182
102197
102221
102224
102238
102245
102251
102270
102278
102279
102296
102309
102323
102347
102345
102359
102386
102404
102473
102560
102570
102638
102647
102680
102728
102781
102839
102852
102860
102902
102935
102992
103013
103071
103079
103124
103136
103179
103232
103319
103377
103394
103412
103418
103463
103506
103535
103589
103624
103718
103734
103767
103769
103784
103790
103866
103892
103952
103964
103983
103994
103992
104020
104040
104047
104048
104060
104047
104072
104091
104135
104188
104197
104224
104249
104256
104258
104262
104274
104276
104285
104303
104336
104350
104378
104396
104417
104432
104493
104496
104506
104507
104506
104516
104531
104549
104579
104595
104670
104677
104701
104704
104745
104758
104754
104768
104787
104811
104850
104857
104864
104901
104927
104947
104945
104986
104989
105051
105107
105131
105136
105188
105206
105227
105261
105285
105293
105314
105359
105371
105374
105371
105382
105389
105378
105429
105446
105455
105477
105491
105512
105534
105546
105560
105599
105624
105626
105624
105632
105631
105658
105711
105714
105721
105722
105726
105721
105835
105845
105866
105890
105960
105962
106034
106053
106130
106127
106186
106200
106205
106308
106310
106350
106362
106373
106385
106406
106427
106433
106445
106487
106502
103158
106508
106511
106559
106562
106571
106607
106694
106709
106805
106813
106853
106862
106911
107004
107013
107030
107042
107024
107045
107054
107060
107093
107108
107124
107135
107156
107183
107219
107291
107300
107306
107355
107386
107388
107405
107433
107438
107471
107480
107498
107504
107559
107576
107597
107760
107763
107769
107801
107798
107815
107822
107831
107867
107978
107985
107989
107993
108050
108053
108050
108084
108128
108094
108137
108155
108202
108214
108223
108247
108254
108262
108280
108305
108311
108329
108347
108371
108387
108482
108475
108497
108499
108530
108540
108548
108612
108659
108676
108717
108728
108737
108771
108836
108860
108905
108938
108953
108992
109052
109061
109059
109082
109094
109106
109123
109148
109181
109202
109217
109261
109262
109271
109307
109312
109328
109332
109341
109352
109363
109379
109385
109392
109415
109421
109485
109505
109514
109553
109560
109607
109637
109661
109727
109730
109793
109853
109925
109967
110099
110114
110109
110127
110130
110135
110127
110163
110195
110201
110207
110222
110238
110258
110262
110265
110277
110286
110288
110299
110315
110330
110322
110336
110351
110378
110385
110416
110423
110433
110436
110459
110469
110484
110495
110528
110534
110565
110588
110606
110684
110771
110773
110792
110842
110867
110942
110960
111065
111071
111080
111103
111207
111224
111242
111253
111260
111308
111335
111370
111405
111452
111463
111469
111513
111531
111571
111665
111650
111677
111683
111710
111749
111797
111807
111827
111902
111923
111983
112001
112019
112037
112067
112073
112100
112106
112118
112127
112138
112196
112211
112234
112259
112271
112277
112293
112298
112303
112346
112376
112397
112409
112421
112428
112445
112507
112532
112565
112580
112586
112613
112629
112655
112667
112739
112796
112805
112814
112829
112847
112853
112855
112863
112937
112973
113000
113006
113033
113045
113129
113147
113276
113375
113387
113397
113411
113437
113537
113570
113584
113636
113706
113744
113778
113873
113951
113945
113963
113969
113993
114008
114006
114014
114059
114092
114110
114197
114199
114212
114227
114254
114279
114380
114386
114397
114464
114512
114590
114623
114614
114625
114614
114641
114770
114779
114806
114827
114848
114849
114869
114880
114902
114983
115022
115055
115172
115250
115280
115289
115413
111460
115454
115458
115478
115514
115525
115556
115607
115689
115700
115708
115710
115757
115825
115862
115875
115925
115931
115949
115948
115976
115982
116030
116136
116138
116136
116177
116186
116232
116243
116325
116323
116396
116426
116450
116483
116439
116528
116543
116549
116579
116618
116627
116726
116762
116834
116855
116881
116903
116951
117038
117176
117251
117263
117267
117281
117299
117311
117386
117401
117506
117545
117701
117734
117745
117800
117834
117877
117890
117956
118058
118064
118073
118112
118148
118199
118211
118307
118331
118361
118367
118373
118395
118397
118447
118454
118525
113805
118553
118559
118571
118616
118660
118667
118689
118694
118706
118734
118765
118796
118797
118796
118870
118899
118919
118949
118994
119075
119171
119174
119186
119312
119318
119330
119171
119322
119351
119444
119567
119609
119639
119680
119682
119757
119780
119789
119960
119979
120065
120094
120128
120155
120167
120179
120197
120212
120227
120232
120239
120254
120335
120356
120371
120383
120407
120413
120434
120469
120467
120539
120575
120594
120629
120744
120770
120800
120896
120977
120998
121019
121053
121058
121172
121175
121194
121292
121326
121397
121424
121453
121454
121611
121707
121878
121946
121962
122003
122033
122053
122057
122141
122237
122315
122330
122387
122396
122410
122383
122455
122507
122561
122570
122579
122639
122668
122672
122682
122795
122812
122823
122912
122922
122969
123042
123062
123152
123194
123206
123218
123233
123239
123312
123284
123401
123425
123448
123452
123467
123494
123488
123518
123542
123555
123587
123579
123596
123629
123659
123734
123755
123779
123794
123805
123836
123863
123909
123917
123924
123951
124034
124088
124169
124226
124313
124312
124445
124451
124463
124483
124489
124490
124483
124497
124526
124544
124630
124709
124718
124730
124779
124796
124808
124832
124791
124838
124868
124889
124910
124919
124937
124952
125075
125095
125117
125125
125159
125195
125207
125222
125245
125264
125291
125381
125437
125456
125465
125552
125561
125567
125595
125705
125817
125855
125852
125900
125932
126044
126101
126119
126155
126185
126184
126219
126255
126266
126278
126339
126386
126398
126404
126425
126437
126538
126583
126587
126611
126632
126701
126707
126753
126582
126764
126807
126816
126863
126880
126893
126983
127028
127081
127109
127124
127132
127169
127274
127287
127361
127412
127418
127443
127500
127524
127562
127572
127708
127712
127784
127811
127824
127829
127838
127886
127952
128081
128156
128162
128173
128279
128291
128306
128313
128318
128343
128379
128456
128468
128471
128492
128543
128555
128567
128591
128597
128603
128639
128651
128693
128741
128783
128800
128885
128906
128936
128967
128996
128988
129089
129183
129212
129227
129245
129251
129276
129309
129318
129330
129401
129434
129473
129515
129527
129553
129647
129671
129672
129677
129692
129696
129776
129839
129854
129875
129929
129965
130055
130069
130111
130115
130178
130184
130190
130196
130253
130292
130304
130324
130370
130382
130387
130400
130523
130564
130589
130591
130597
130658
130693
130721
130727
130778
130889
130976
131009
131024
131114
131153
131157
131228
131255
131306
131325
131345
131373
131393
131433
131476
131532
131559
131603
131616
131639
131651
131708
131738
131795
131810
131846
131900
131931
131951
131957
131968
132194
132203
132272
132295
132340
132345
132374
132422
132437
132511
132515
132593
132668
132677
132746
132764
132780
132956
133007
133025
133062
133088
133244
133268
133284
133566
133574
133595
133676
133685
133710
133748
133762
133817
133931
133994
134087
134144
134162
134171
134217
134246
134217
134291
134342
134399
134404
134424
134447
134468
134474
134483
134531
134582
134648
134660
134666
134804
134813
134819
134845
134858
134864
134879
134901
134912
134901
134927
134949
135077
135164
135170
135179
135257
135317
135323
135353
135367
135405
135524
135602
135632
135648
135670
135672
135710
135761
135827
135884
135917
135925
135955
135957
135807
136054
136144
136166
136215
136382
136381
136409
136445
136454
136473
136514
136526
136745
136751
136772
136871
136922
136982
136991
137009
137030
137054
137078
137114
137132
137162
137222
137246
137258
137264
137270
137297
137419
137461
137494
137501
137555
137571
137573
137597
137603
137663
137681
137699
137858
137894
137890
137900
137924
137987
138049
138062
138111
138127
138134
138175
138177
138229
138246
138266
138308
138330
138368
138387
138389
138387
138470
138518
138539
138590
138605
138632
138653
138662
138668
138734
138827
138881
138920
138949
138986
138992
139070
139211
139297
139328
139330
139355
139403
139418
139463
139475
139550
139553
139601
139634
139664
139679
139668
139685
139784
139841
139855
139868
139870
139895
139928
139946
139964
140021
140042
140054
140123
140129
140144
140266
140291
140387
140430
140516
140530
140546
140618
140639
140678
140759
140771
140777
140786
140795
140801
140813
140843
140849
140882
140927
140999
141012
141084
141192
141293
141349
141389
141413
141455
141473
141482
141509
141539
141559
141563
141575
141599
141623
141630
141677
141694
141713
141774
141791
141803
141821
141857
141924
141934
141980
141995
142007
142029
142058
142061
142058
142079
142103
142142
142169
142199
142211
142220
142256
142271
142277
142298
142307
142358
142370
142382
142395
142436
142442
142502
142508
142526
142532
142548
142559
142577
142548
142589
142592
142619
142638
142685
142688
142668
142697
142709
142716
142719
142722
142739
142782
142799
142823
142978
142998
143094
143186
143218
143294
143302
143374
143386
143447
143507
143573
143606
143614
143625
143650
143666
143728
143760
143795
143816
143849
143857
143873
143903
143904
143918
143933
143948
143949
143966
144008
144005
144027
144050
144069
144078
144131
144140
144143
144158
144208
144264
144273
144287
144299
144314
144320
144332
144330
144338
144343
144354
144362
144371
144393
144390
144398
144434
144443
144445
144496
144503
144509
144545
144557
144581
144605
144609
144611
144609
144641
144639
144654
144684
144693
144698
144681
144707
144693
144723
144743
144761
144771
144794
144806
144845
144861
144864
144875
144893
144902
144908
144934
144931
144983
145034
145064
145076
145115
145180
145256
145343
145352
145391
145409
145430
145472
144134
145529
145535
145584
145716
145766
145808
145841
145874
145880
146002
146015
146019
146021
146165
146186
146198
146241
146248
146250
146303
146337
146339
146420
146446
146457
146471
146491
146504
146536
146555
146567
146511
146592
146630
146651
146744
146755
146801
146816
146822
146894
146900
146939
146993
147005
147092
147140
147161
147182
147206
147236
147270
147269
147371
147404
147446
147452
147479
147524
147555
147578
147584
147586
146457
147599
147613
147629
147650
147640
147671
147684
147697
147749
147767
147785
147845
147854
147886
147954
147971
147965
148018
148094
148100
148109
148157
148175
148190
148219
148225
148259
148264
148304
148331
148358
148398
148460
148528
148544
148568
148601
148640
148669
148673
148715
148721
148763
148817
148822
148823
148822
148845
148940
148973
149024
149036
149060
149078
149111
149153
149233
149240
149242
149273
149322
149411
149487
149489
149487
149567
149585
149618
149633
149654
149750
149771
149786
149849
149873
149900
149930
149978
150029
150119
150272
150299
150305
150311
150317
150359
150395
150437
150449
150491
150528
150599
150638
150666
150677
150686
150776
150833
150852
150876
150920
150944
150982
151003
151013
151025
151045
151064
151109
151120
151118
151136
151172
151175
151186
151328
151334
151505
151574
151613
151625
151637
151654
151742
151760
151766
151933
152048
152126
152136
152189
152234
152269
152315
152321
152348
152378
152432
152438
152483
152489
152530
152534
152543
152564
152579
152606
152621
152627
152642
152654
152681
152693
152744
152783
152816
152912
152919
153121
153122
153170
153218
153242
153248
153290
153389
153410
153416
153425
153424
153452
153479
153497
153623
153662
153770
153794
153827
153839
153868
153941
153968
154004
154006
154016
154040
154050
154064
154081
154085
154091
154103
154109
154189
154301
154307
154313
154356
154426
154433
154496
154508
154538
154559
154548
154566
154592
154595
154602
154613
154637
154633
154646
154655
154719
154734
154760
154776
154791
154811
154814
154817
154811
154832
154844
154865
154901
154902
154904
154919
154901
154934
154937
154970
155027
155075
155084
155090
154775
155096
155102
155114
155118
155119
155129
155141
155144
155165
155163
155188
155186
155226
155229
155271
155310
155342
155375
155393
155421
155435
155468
155497
155498
155505
155513
155534
155549
155567
155582
67403
155621
155637
155648
155660
155687
155688
155699
155688
155705
155726
155753
155766
155774
155777
155802
155825
155849
155864
155873
155891
155909
155937
155942
155849
156003
156081
156083
156096
156098
156096
156143
156135
156153
156176
156182
156188
156194
156219
156239
156317
156340
156350
156352
156369
156416
156425
156447
156475
156534
156567
156587
156593
156611
156638
156695
156722
156742
156753
156761
156794
156803
156818
156824
156841
156839
156853
156866
156873
156893
156918
156935
156948
156950
156957
156971
157010
157020
157022
157058
156948
157087
157112
157124
157145
157151
157169
157177
157190
157202
157214
157238
157265
157283
157289
157292
157304
157361
157376
157379
157411
157430
157396
157436
157481
157505
157547
157554
157556
157554
157567
157670
157694
157700
157697
157709
157736
157742
157760
157779
157790
157808
157820
157871
157877
157892
157964
157988
158019
158039
158042
158039
158075
158087
158096
158103
158177
158186
158240
158252
158267
158273
158408
104989
158429
158456
158480
158498
158600
158602
158634
158669
158717
158727
158741
158759
158861
158865
158875
158885
159003
159047
159140
159155
159167
159182
159203
159224
159265
159299
159332
159347
159371
159401
159404
159401
159405
159431
159446
159476
159482
159493
159504
159521
159581
159593
159599
159608
159620
159599
159668
159698
159731
159782
159791
159866
159947
159964
159968
159971
159977
160007
160026
160089
160098
160112
160118
160160
160169
160172
160184
160176
160188
160199
160253
160295
160296
160304
160355
160370
160388
160410
160450
160455
160489
160522
160550
160552
160556
160573
160577
160584
160597
160614
160640
160646
160721
160727
160726
160731
160733
160836
160844
160868
160871
160906
160915
161003
161060
161092
161135
161144
161168
161183
161252
161255
161262
161282
161286
161307
161318
161330
161319
161328
161336
161351
161354
161368
161387
161403
161405
161434
161441
161447
161468
161471
161487
161489
161495
161506
161523
161526
161534
161543
161567
161582
161633
161639
161675
161705
161756
161783
161814
161838
161900
161906
161975
161977
161990
161996
162102
162124
162144
162150
162168
162173
162257
162284
162296
162344
162440
162449
162461
162470
162492
162502
162524
162534
162545
162590
162609
162629
162662
162671
162692
162725
162749
162758
162772
162805
162809
162833
162855
162878
162880
162875
162892
162890
162897
162943
162977
162982
162994
163020
163067
163104
163202
163248
163283
163299
163346
163358
163366
163379
163400
163415
163451
163460
163469
163481
163477
163504
163508
163520
163516
163538
163604
163668
163703
163718
163721
163740
163757
163769
163773
163826
163838
163846
163844
163851
163877
163883
163895
163906
163946
163962
163979
163989
164055
164060
164069
164105
164121
164135
164262
164320
164334
164346
164363
164375
164390
164459
164468
164469
164468
164481
164492
164468
164496
164501
164504
164522
164534
164555
164558
164552
164571
164583
164594
164595
164594
164612
164630
164646
164651
164646
164667
164672
164693
164696
164726
164732
164780
164810
164819
164837
164853
164862
164879
164906
164900
165006
165012
165038
165053
165037
165038
165078
165122
165149
165167
165245
165251
165281
165302
165305
165317
165314
165345
165368
165443
165446
165557
165566
165588
165587
165680
165695
165715
165720
165740
165761
165764
165770
165815
165839
165845
165857
165878
165905
165917
165977
165988
165990
165997
166010
166040
166055
166069
166085
166109
166155
166158
166163
166169
166187
166202
166205
166229
166271
166313
166331
166335
166352
166371
166397
166406
166412
166433
166479
166488
166535
166559
166572
166641
166661
166727
166748
166758
166769
166805
166742
166844
166852
166869
166910
166878
166916
166922
166932
166949
166932
166983
167021
167030
167052
167084
167114
167159
167177
167183
167196
167213
167219
167252
167273
167319
167345
167360
