5
39
45
53
66
71
83
85
87
95
99
107
119
120
135
143
167
201
223
224
223
232
234
263
265
267
278
281
283
285
286
295
279
300
304
316
318
335
337
339
418
436
439
444
457
464
468
476
466
471
476
490
496
499
504
510
514
520
522
530
522
531
533
531
545
547
542
549
556
564
581
602
613
633
634
641
646
680
697
710
731
743
753
761
765
772
774
801
812
830
846
854
872
879
882
883
905
940
978
988
1021
1040
1037
1043
1049
1066
1075
1037
1101
1108
1101
1119
1127
1129
1150
1161
1196
1227
1241
1268
1277
1296
1355
1392
1407
1411
1409
1492
1580
1597
1604
1612
1119
1121
1619
1629
1633
1639
1652
1669
1686
1695
1711
1718
1735
1742
1754
1763
1767
1789
1792
1789
1795
1797
1804
1924
1930
1936
1985
1995
2029
2107
2114
1640
1639
2121
2134
2149
2157
2212
2252
2256
2308
2320
2330
2342
2346
2354
2375
2389
2405
2446
2497
2503
2512
2533
2629
2700
2724
2726
2724
2728
2734
2738
2746
2753
2756
2773
2808
2815
2814
2824
2825
2824
2873
2878
2916
2924
2932
2943
2974
2980
3180
3211
3225
3108
3232
3245
3250
3252
3265
3273
3281
3293
3304
3316
3324
3327
3341
3351
3357
3371
3385
3391
3400
3472
3478
3505
3669
3681
3675
3677
3687
3694
3701
3705
3721
3756
3770
3831
3835
3842
3847
3859
3862
3877
3910
3929
3927
3946
4011
4015
4027
4026
4042
4048
4077
4090
4095
4105
4147
4144
4158
4166
4183
4194
4213
4220
4224
4244
4211
4297
4323
4339
4363
4385
4383
4384
4399
4402
4418
4383
4435
3296
3293
4447
4507
4519
4528
4553
4600
4621
4831
4843
4851
4849
4859
4936
4945
4946
4945
5136
5166
5168
5169
5171
5174
5176
5208
5222
5227
5235
5267
5308
5317
5324
5333
5356
5363
5380
5387
5366
5395
5402
5404
5406
5407
5417
5441
5450
5452
5454
5461
5463
5468
5405
5473
5476
5485
5493
5502
5509
5528
5530
5542
5532
5545
5560
5611
5622
5625
5642
5672
5675
5680
5699
5721
5722
5721
5731
5787
5798
5816
5913
5906
5916
5939
5940
5944
5968
5980
6050
6085
6078
6120
6150
6183
6188
6190
6266
6268
6277
6289
6286
6299
6370
6376
6383
6390
6394
6437
6471
6480
6485
6496
6511
6520
6540
6575
6862
6868
6984
6999
7066
7160
7180
7176
7186
7177
7183
7184
7186
7204
7224
7232
7236
5142
7249
7262
7267
7273
7286
7288
7267
7298
7303
7304
7309
7326
7332
7342
7344
7335
7351
7355
7417
7457
7506
7501
7518
7544
7546
7556
7600
7613
7615
7607
7632
7646
7617
7669
7693
7735
7742
7777
7785
7800
7807
7819
7829
7843
7853
7867
7873
7888
7898
7909
7950
8006
8035
8073
8071
8079
8084
8086
8095
8108
8106
8212
8223
8242
8256
8282
8299
8314
8320
8599
8652
8694
8701
8703
8701
8716
8717
8716
8724
8728
8750
8773
8775
8786
8822
8826
8845
8854
8856
8862
8869
8873
8892
8900
8898
8908
8914
8917
8914
8942
8945
8948
8953
8966
8971
8978
8979
8980
8979
9003
8998
9011
8984
9013
9016
9013
9030
7307
9034
9041
9046
9050
9058
9041
9065
9084
9087
9091
9092
9101
9114
9116
9119
9126
9142
9146
9147
9152
9153
9187
9199
9202
9210
9211
9215
9247
9248
9247
9312
9320
9322
9309
9310
9325
9292
9412
9320
9420
9436
9449
9451
9535
9538
9535
9547
9559
9566
9575
9590
9622
9656
9660
9672
9660
9693
9698
9710
9800
9810
9830
9842
9845
9858
9875
9914
9928
9944
9950
9963
9970
9977
9996
10016
10023
10011
10046
10082
10088
10101
10105
10116
10129
10132
10145
10149
10140
10160
10232
10236
10259
10265
10267
10285
10330
10336
10333
10330
10358
10364
10732
10762
10840
10851
10852
10854
10856
10870
10877
10881
10869
10890
10894
10907
10923
10951
10952
10951
10968
10969
8826
10975
10979
10981
10983
10989
10999
11003
11002
11017
11026
11034
11037
11039
11041
11044
11035
11034
11040
11034
11050
11053
11054
11053
11055
11065
11062
11080
11090
11092
11089
11090
11091
11098
11099
11112
11089
11090
11115
11133
11134
11136
11146
11157
11166
11170
11166
11200
11225
11228
11235
11242
11260
11268
11275
11306
11317
11323
11350
11406
11410
11412
11417
11500
11501
11509
11525
11524
11526
11529
11545
11574
11579
11622
11627
11629
11632
11638
11648
11654
11710
11786
11848
11845
11849
11935
12017
12088
12034
12106
12110
12291
12292
12308
9443
9441
12313
12323
12387
12392
12403
12415
12431
12442
12543
12604
12607
12614
12643
12657
12736
12772
12780
12810
12817
12830
12832
12845
12847
12883
12890
12901
12937
12950
12953
12954
12996
13000
13023
13028
13030
13036
13042
13059
13063
13075
13100
13227
13231
13257
13258
13274
13280
13295
13300
13337
13384
13449
13460
13451
13469
13506
13513
13525
13526
13525
13568
13581
13594
13588
13614
13645
13948
13996
14011
14020
14019
14023
14062
14121
14125
14123
14129
14139
14143
14146
14149
14146
14147
14150
14157
14162
14161
14164
14191
14186
14188
14194
14223
14221
14222
14232
10997
10996
14233
14237
14254
14253
14262
14257
14274
14253
14281
14278
14289
14294
14290
14296
14299
14314
14283
14285
14311
14321
14322
14323
14325
14327
14332
14333
14334
11064
14339
14338
14347
14334
14353
14338
14339
14360
14282
14367
14368
14367
14365
14372
14339
14353
14355
14377
14386
14391
14394
11078
11053
14329
14403
14410
14405
14413
14403
14405
14419
14308
14425
14321
14319
14424
14434
14442
14444
14445
14449
14444
14457
11135
14462
14463
14458
14471
14462
14475
14485
11193
14487
14488
14495
14487
14509
14439
14441
14520
14510
14505
14518
14533
14536
14558
14561
14558
14585
14589
14604
14611
14630
14653
14660
14689
14717
14729
14742
14753
14755
14764
14783
14789
14791
14866
15064
15066
15186
12269
12098
15187
15190
15187
15189
15216
15227
15343
15344
15343
15340
15421
15429
15456
15472
15485
15535
15542
15540
15546
15553
15557
15559
15553
15568
15570
15592
12653
15593
15589
15570
15572
15583
15602
15605
15653
15468
15676
15710
15754
15763
15789
15831
15832
15831
15880
15882
15887
15910
15922
15933
15938
15955
15938
15963
16144
16176
16194
16248
16249
16314
16338
16375
16418
16455
16513
16783
16822
16830
16925
16924
16930
16932
16936
16830
16933
16946
16953
16954
16961
16944
16972
16969
16981
16984
16979
16987
16997
16999
14175
17004
17006
17004
17013
17017
14223
17004
17017
17023
10972
10979
17027
17032
17033
10996
10997
17032
14230
17033
10996
17041
17048
17063
17064
17066
17070
17071
17078
17061
17089
17086
17071
17098
17101
17096
17104
17112
17117
17119
17127
17132
17125
17127
17143
17138
14378
17131
17139
17114
17119
17149
17130
17142
17158
17154
14405
17163
17164
17163
17166
17167
17172
14441
17177
17163
17164
17188
17185
14436
17115
17194
17196
17197
17210
17209
17219
17224
17220
17231
17236
17244
17248
17255
17263
17270
17274
17284
17281
17290
17292
17279
17228
17293
17290
17301
17332
17331
17344
17347
17324
17349
17397
17425
17511
17523
17555
17620
17656
17658
17661
17666
17667
17666
17681
17688
17690
17691
17686
17718
17690
17688
17734
17766
17790
17800
17806
17814
17858
17884
17891
17913
17915
17922
17930
17916
17946
17983
17998
18030
18031
18030
18044
18118
15066
18027
18029
18124
18117
18269
18422
18426
18456
18461
18487
18498
18503
18514
18694
18705
18736
18779
18782
18780
18790
18795
18783
18811
18819
18824
18826
18836
18837
18838
18837
18846
18851
18892
18910
18936
18941
18950
18952
18997
19002
19082
19088
19102
19194
19211
19232
19241
19240
19251
19263
19278
19281
19294
19295
19368
19369
19385
16314
19391
19411
19434
19448
19452
19434
19467
19483
19525
19564
19576
19582
16523
19591
19605
19608
19618
19624
19666
19918
19933
20004
20008
20011
20008
20012
20008
20006
20020
20074
20110
20134
20120
16936
20136
20144
20145
20130
20161
20167
17023
10975
20171
20173
20174
20217
20230
20210
20227
20236
20239
20242
20236
20252
20239
20257
20260
20257
20266
20275
20278
17069
20274
20287
20289
20287
20293
20294
20302
20304
20311
20312
20315
20325
20329
20332
20329
20338
20325
20345
20352
20356
20360
20390
20392
20398
20402
20407
20410
20417
20422
20418
20430
20434
20435
20446
20459
20479
20488
20524
20534
20542
20551
20530
20560
20566
20560
20617
20625
20660
20663
20660
20693
20694
20696
20694
20701
20742
20774
20776
20788
20834
20842
20870
20900
20924
20920
20925
20927
20961
20962
20966
20974
20981
20987
21026
21047
21079
21078
21088
21098
21100
21102
21129
21145
21186
21221
21236
21269
21275
21288
21332
21353
21357
21366
21370
21378
21391
21394
21401
21400
21405
21410
21412
21419
21473
21524
21558
21579
21615
21632
21657
21662
21673
21759
21769
21989
22048
22115
22117
22124
22127
22110
22132
22147
22211
22219
22228
22230
22238
22243
22240
22226
22249
22264
22265
10960
14222
22264
17018
22268
22323
22346
22348
22360
22381
22385
22393
22394
22393
22401
22436
22456
22466
22507
22552
22562
22605
22610
22617
22626
22630
22682
22684
22686
22700
22702
22775
22773
22809
22819
22825
22830
22852
22863
22877
22883
22885
22906
22911
22921
22930
23018
23020
23030
23032
23041
23056
23066
23073
23071
23107
23183
23200
23234
23298
23331
23340
23386
23395
23587
23593
23654
23657
23656
23663
23665
23667
23711
23712
23744
23750
23761
23779
23780
23779
23789
22260
23803
23836
23838
23849
23865
23897
23899
23918
23927
23945
23946
22482
23950
23969
23972
23979
23986
23995
24002
23979
24043
24051
24055
24111
24119
24107
24130
24166
24167
24174
24175
24174
24182
24202
24196
24209
24211
24180
24213
24214
24223
24236
24239
24255
24259
24260
24271
24310
24309
24316
24320
24342
24350
24377
24383
24385
24416
24414
24426
24429
24430
24441
24451
24463
24417
24470
24473
24475
24497
24512
24530
24551
24560
24576
24611
24612
24637
24648
24679
24682
24690
24737
24779
24783
24793
24802
24816
24783
24866
24884
24946
24970
24985
25009
25045
25046
25078
25084
25093
25102
25103
25149
25154
25165
25255
25270
25584
25599
25597
25742
25746
25748
25759
25772
25782
25784
25810
25904
25912
25918
25979
23969
26021
26035
26051
26053
26051
26055
26061
26065
26066
26073
26077
26114
26139
26185
26196
26203
26218
26257
26339
26341
26349
26359
26367
26371
26386
26388
26393
26399
26405
26406
26429
26448
26456
26432
26478
26494
26521
26527
26548
26554
26560
26569
26611
26620
26630
26638
26643
26651
26680
26695
26704
26719
26723
26726
26727
26916
26917
26916
26919
26917
26916
25473
26932
26947
27016
25587
27120
27189
27334
27348
27355
27362
27444
27469
27486
27521
27525
27532
27588
27644
27679
27715
27719
27737
27745
27751
27760
27771
27782
27784
27787
27798
27800
27806
27809
27811
27813
27817
27800
27830
27832
27850
27868
27877
27898
27927
27964
27973
28082
28084
28081
28100
28107
28108
28114
28113
28121
28107
28108
28105
28157
28158
28162
28201
28216
28219
28230
28233
28235
28243
28327
28340
28345
28352
28363
28372
28382
28393
28399
28408
28417
28440
28453
28483
28489
28495
28591
28605
28613
28623
28645
28684
28699
28750
28770
28838
28840
28850
28865
28873
28879
28888
28901
28906
28921
28959
28966
28990
29038
29046
29053
29055
29062
29111
29115
29134
29142
29152
29180
29222
29225
29240
29256
29266
29278
29288
29335
29360
29388
29390
29392
29390
29408
29414
29420
29422
29430
29433
29370
29437
29439
29452
29461
29468
29470
29466
29480
29512
29524
29561
29580
29581
29580
29587
29596
29654
29670
29675
29690
29714
29746
29800
29813
29830
29839
29852
29858
29902
29911
29913
29914
29929
29937
29935
29941
29940
29946
29949
29968
29965
29974
29981
29987
29912
30033
30046
30054
30059
30101
30109
30110
30157
30150
30170
30200
30215
30221
30227
30288
30310
30308
30320
30325
30344
30362
30370
30379
30378
30382
30378
30389
30371
30390
30378
30394
30395
30402
30395
30408
30412
30404
30427
30439
30457
30474
30490
30501
30521
30523
30521
30533
30538
30536
30540
30548
30551
30553
30548
30567
30572
30562
30564
30577
30579
30592
30595
30607
30615
30618
30616
30622
30623
30635
30632
30640
30653
30664
30673
30693
30449
30702
30720
30737
30743
30748
30760
30769
30790
30792
30801
30816
30821
30838
30847
30858
30881
30887
30893
30895
30928
30946
30989
30994
30993
31000
31003
30989
31016
31027
31048
31074
31094
31106
31122
30720
31150
31157
30953
31159
30948
31162
31161
31180
31194
31199
31195
