16
33
130
239
240
370
386
451
448
504
512
524
543
577
589
692
715
809
829
894
901
903
906
903
920
940
943
940
957
967
1000
1003
1034
1063
1067
1072
1085
1088
1096
1088
1117
1123
1135
1136
1162
1153
1178
1181
1192
1210
1240
1249
1255
1287
1423
1562
1603
1845
1876
1877
1927
2027
2065
2077
2099
2102
2099
2110
2134
2140
2239
2265
2270
932
2279
2285
2385
2391
2413
2412
2441
2439
2457
2464
2493
2497
2507
2508
2515
2516
2515
2535
2544
2562
2566
2576
2572
2588
2596
2601
2606
2615
2614
2704
2716
2728
2683
2749
2764
2791
2878
2917
2968
3016
3036
3055
3077
3091
3163
3172
3182
3256
3302
3314
3332
3338
3356
3357
3402
3416
3421
3496
3534
3573
3586
3625
3642
3661
3673
3728
3729
3899
4098
4180
4189
4197
4203
4208
4209
4213
4216
4239
4261
4303
4312
4363
4493
4525
4527
4556
4580
4589
4597
4602
4606
4623
4636
4655
4657
4665
4673
4692
4695
4730
4735
4741
4750
4759
4765
4790
4795
4883
4885
4891
4899
4924
4938
4948
5021
5200
5259
5272
5288
5362
5368
5369
5373
5380
5384
5386
5398
5394
5404
5491
5494
5498
5566
5587
5622
5616
5627
5616
5621
5632
5638
5652
5694
5698
5744
5754
5758
5812
5826
5829
5858
5860
5866
5867
5869
5887
5936
5992
6002
6008
6010
6014
2433
6025
6035
6033
6102
6127
6137
6155
6161
6170
6262
6273
6279
6310
6340
6355
6364
6371
6375
6382
6378
6385
6388
6397
6410
6413
6418
6427
6442
6433
6444
6447
6452
6375
6477
6523
6569
6584
6587
6589
6704
6699
6747
6755
6760
6768
6770
6803
6825
6850
6859
6881
7138
7254
7285
7303
7309
7317
7421
7423
7426
7473
7484
7522
7525
7571
7588
7593
7646
7714
7713
7719
7734
7737
662
7739
7749
7750
7752
7828
7840
7874
7876
7888
7887
7894
7902
7912
7906
7916
7921
7924
7921
7948
7960
7970
8005
8023
8026
8035
8041
8054
8062
8066
8065
8072
8069
8077
8081
8082
8088
8095
8098
8099
8098
8113
8112
8117
8129
8137
8140
8147
4207
8176
8268
8317
8316
8321
8337
4189
8349
8468
8472
8482
8540
8564
8665
8706
8725
8731
8828
8830
8870
8905
8904
8910
8926
8935
8936
8941
8944
9024
9026
9040
9039
9043
9058
9094
9220
9273
9274
9284
9287
8911
9298
9307
9346
9385
9457
9475
9484
9491
9495
9484
9505
9523
9525
9528
7471
9538
9553
9552
9557
9578
4591
4756
9583
9585
9589
4782
9598
9597
9621
9671
9676
9682
9706
9712
9721
9784
9799
9805
9817
9853
9893
9901
10045
10081
10183
10212
10226
10279
10468
10580
10588
10604
10618
10621
10625
10627
10630
10641
10645
10651
10654
10670
10704
10711
10724
10756
10777
10819
10820
10834
10885
10897
10911
11029
11163
11289
11323
11339
11363
11374
11420
11421
11420
11462
11507
11513
11510
11530
11533
11549
11576
11589
11245
11592
11617
11624
11648
11656
11666
11669
11677
11693
11696
11730
11763
11791
11793
11800
11806
11828
11831
6031
11857
11882
11885
11893
11892
11905
11976
11984
12010
12016
12028
12043
12066
12124
12146
12160
12200
12213
12263
12321
12328
12356
12364
12366
12372
12376
12385
12412
12427
6468
12469
12535
12570
12670
12673
12679
12685
12693
12732
12747
12788
12817
12828
12873
12892
12904
12929
12943
12985
13024
13038
13065
13082
13086
13117
13120
13138
13177
13182
13242
13249
13284
12160
13330
13333
13336
13337
13360
13381
13378
13387
13417
13444
3034
13450
13447
13474
13487
13490
13529
13675
13680
13761
13774
13806
13847
13882
13902
13901
13903
13917
13997
14044
14056
14068
14074
7719
14081
14095
14098
14113
14138
14139
14169
7927
14189
14195
14197
14198
14254
14302
14314
14322
14353
14400
4729
4730
14422
14429
14430
14434
14449
14483
14501
14527
14542
14555
4744
8046
14621
14636
14688
14734
14774
14794
14834
14824
14836
14848
14857
8842
14899
14905
14977
14982
15057
15064
15060
15070
15099
15101
15121
15136
15154
15178
15190
15196
15208
15211
15217
15220
15254
15258
15274
15290
15349
15468
15478
15493
15650
15652
15676
15686
15691
15693
15712
15721
15736
15742
15751
15766
10678
15781
15808
15829
15889
15895
15904
15916
15937
15952
15956
15959
16030
16039
16077
16080
16081
16090
16096
16108
16132
16114
16187
16267
16301
16308
16357
16375
16413
16423
16474
16484
16502
16507
16633
16654
16666
16683
11653
16686
16705
16720
16722
16719
16726
16781
16776
16788
16795
16818
16836
16874
16879
16893
17008
17023
17026
2704
17046
17054
17064
17067
17079
17083
17119
17155
17159
17164
17173
17197
17225
17239
17242
17290
17315
17321
17330
17335
17351
17358
17364
17433
17500
17527
17542
17546
17548
17551
17546
17571
17602
17641
17669
17761
17757
17764
17801
17800
17835
17953
17973
18007
18013
18034
18164
18175
18272
18304
18334
18326
18341
18352
18361
18364
18382
18391
18412
18421
18423
18455
18457
18463
18467
18473
18482
18490
18495
18497
18490
18495
18504
18538
18541
18553
18546
18547
18571
18632
18655
18671
18741
18747
18780
18788
18789
18828
18850
18853
18878
18911
18962
18990
19015
19027
19072
19113
19118
1498
19119
19135
19139
19160
19194
19229
19253
19252
19264
19262
19277
19351
19426
19442
19472
19474
19486
19493
19524
19556
19560
19570
19609
19624
19633
19677
19770
8804
11427
19777
19795
19810
19816
19859
11527
17377
12376
19955
19957
19961
19967
20019
20023
20039
20075
20225
20247
20281
20332
20359
20363
20366
20419
20445
20460
20499
20528
20548
20620
20638
20635
20647
20707
11503
20714
20741
20752
20758
20776
20789
20818
20830
20833
20839
20841
20848
20841
20860
20879
20896
20917
20932
20950
20999
21062
21075
21091
21095
21099
21112
21133
17920
21152
21178
21205
21211
21220
21226
11739
21260
21265
21267
21328
21340
21359
21363
21450
21451
21459
21496
21498
21504
21515
21532
21538
21546
21558
21571
21587
21586
21795
21798
21811
21820
21824
21820
21829
21841
21867
21886
21962
21969
21986
21997
22043
22127
22129
22127
22264
22281
22288
22325
22357
18853
22372
22375
22383
22391
22404
22412
22411
22446
22476
22482
22486
12697
22485
22516
22562
22577
22584
22603
22697
22740
22741
22746
22762
22773
22775
22785
22831
22835
22850
22868
19139
22909
22923
22972
22979
22762
22993
22996
23008
23010
23035
18779
23038
23065
23069
23077
23073
23080
23086
23087
23090
23108
23113
23126
23241
23257
23262
23278
23287
23290
23300
23309
23313
23338
23347
23386
23422
23426
23446
23455
23443
23460
23467
23540
23542
23540
23545
23589
23591
23600
23632
23663
23680
23682
23701
23704
23708
23752
23760
23764
23863
23869
23893
23900
23905
23914
23921
23943
23986
24044
24046
24054
24062
24088
24133
24134
24174
24207
24213
24214
24220
24227
24229
24238
24253
24262
24274
20638
20635
24277
24319
24325
24385
24382
24388
24382
24393
24409
24415
24433
24475
24478
24490
24498
16876
24502
24505
24544
24540
24569
24577
24580
24577
24607
24610
24607
24612
24610
24622
24636
24639
24644
24721
24727
24757
24784
13075
24844
24846
24859
24879
24895
24958
24962
24965
24972
25014
25030
25108
25117
25129
25117
25151
25154
25148
25149
25158
25171
25176
25187
25198
25214
25217
25220
25304
25310
25318
25363
25445
25585
25591
25594
25595
25606
25609
25621
25633
25662
25669
25726
25727
25726
25747
25763
24727
25777
25840
25856
25878
25879
25878
25899
25935
25943
25979
25984
25993
26000
25999
26011
26013
26021
26028
26026
3440
26027
26053
26056
26087
26106
26116
26125
26124
26134
26133
26145
26151
26155
26181
26225
26257
26261
26269
26272
26289
26293
26289
26305
26318
26338
26341
26349
26375
26386
26398
26446
26462
26467
26524
26530
26560
26565
26568
26575
26572
26638
26671
26696
26709
26737
26744
26762
26767
26766
26791
26794
26800
26806
26821
26837
26869
26875
26883
26878
26888
26917
26952
26956
26960
26950
26956
27025
20721
27037
27047
27074
27097
27102
27127
22619
27132
27183
27210
27276
27339
27403
27395
27411
27520
27549
27628
27650
27641
27628
27689
27692
27707
27721
27790
27806
27814
27817
27828
27840
27869
27908
27926
27947
27986
27988
28020
28046
28069
28067
28072
28104
28111
28114
28165
28171
28183
28189
28204
28212
28237
28262
28284
23943
28320
28363
28389
28404
28443
28452
28453
28452
28456
28468
28493
28524
28531
28577
28596
28608
28611
28636
28662
20290
24319
28667
28674
28685
28731
24962
28747
28769
28775
28828
28855
1136
28858
28864
28903
28858
28945
28959
28981
28996
29002
29020
29092
29164
29176
29189
29223
29245
29262
29317
29332
29342
29353
29375
29380
29431
29443
29440
29450
29475
29496
29512
29521
29525
29521
29560
29579
29587
29596
29611
29614
26785
24895
29627
29659
29721
29722
29731
29741
29783
29787
29790
28320
29822
29855
29857
29858
29875
29888
29895
29916
29934
29946
29955
29968
29990
29992
29991
30033
30042
30103
30155
30158
30163
30000
30167
30190
30198
30216
30224
26133
26134
30239
30245
30247
30280
29855
30290
30294
30320
30326
30341
30344
30368
30380
30391
30403
30438
30450
30463
30466
30469
30477
30489
30496
30514
30513
30521
30533
30538
30540
30438
30546
30560
30563
30572
28646
30573
30622
30634
30649
30674
30679
30680
30692
30563
30710
30724
30761
30762
30765
30791
30793
30797
30795
30799
30804
28674
30809
29764
30816
30820
30825
30829
30833
30837
30845
30852
30855
30760
30867
30874
30876
30912
30937
30944
30986
30998
31051
31115
31117
