24
41
37
42
54
58
108
113
124
130
134
135
150
190
208
214
216
214
220
233
244
253
278
327
331
357
363
403
366
406
426
429
441
444
366
466
475
478
481
526
532
570
526
579
582
579
592
628
633
636
648
691
714
716
722
727
733
777
800
750
811
827
854
817
866
869
892
909
926
936
954
957
963
976
776
1003
1013
1015
1034
1056
1063
1082
1113
1027
1121
1125
1146
1148
1056
1169
1176
1196
1202
1226
1231
1246
1274
1319
1320
1371
1401
1406
1421
1437
1379
1447
1489
1504
1526
1527
1537
1543
1545
1585
1597
1656
1663
1707
1716
1739
1744
1754
1702
1759
1761
1782
1792
1811
1840
1846
1852
1858
1901
1908
1914
1926
1931
1937
1961
1858
1983
1988
1989
1994
2015
2029
2042
2049
2052
2086
2111
2112
2019
2132
2136
2143
2150
2193
2198
2209
2210
2217
2266
2270
2266
2297
2311
2313
2315
2321
2322
2334
2360
2362
2365
2386
2391
2400
2405
2406
2418
2326
2426
2425
2435
2445
2450
2483
2490
2503
2512
2536
2561
2600
2618
2627
2633
2646
2655
2697
2713
2723
2734
2750
2814
2815
2867
2901
2908
2812
2923
2932
2933
2945
2947
2979
2993
2995
3007
3021
3029
3038
3062
3067
2932
3076
3085
3113
3117
3127
2995
3151
3157
3171
3177
3185
3231
3004
3248
3253
3171
3269
3271
3288
3299
3303
3345
3352
3368
3382
3464
3476
3477
3515
3520
3530
3535
3558
3576
3585
3587
3585
3595
3605
3604
3606
3611
3622
3621
3634
3466
3630
3638
3648
3670
3699
3702
3320
3731
3781
3802
3827
3838
3840
3856
3878
3920
3929
3941
3951
3970
3990
3776
3993
4006
4014
4035
4049
4054
4063
4078
4085
4093
4095
4098
4106
4105
4110
4120
4142
4192
4195
4208
4235
4238
4258
4280
4296
4303
4343
4346
4349
4403
4429
4436
4450
4472
4490
4557
4568
4585
4589
4339
4595
4599
4610
4616
4631
4630
4634
4656
4674
4679
4682
4683
4696
4703
4736
4745
4751
4752
4768
4834
4839
4842
4847
4849
4853
4860
4876
4879
4886
4889
4902
4940
4949
4954
4958
4975
5030
5033
5034
4585
5049
5065
5075
5089
5104
5106
5110
5117
4682
5136
5142
5156
5169
5179
5233
5267
5280
5308
5193
5315
5317
5336
5344
5361
5377
5385
5428
5436
5447
5448
5465
5486
5505
5513
5515
5573
5580
5592
5604
5612
5638
5648
5660
5712
5719
5752
5774
5759
5789
5777
5801
5814
5854
5857
5863
5859
5864
5884
5907
5916
5948
6012
6019
6040
6045
6051
6047
6062
6105
6118
5672
6160
6179
6213
6210
6222
6225
6234
6240
6249
6289
6329
6352
6359
6033
6377
6393
6402
6421
6423
6437
6458
6459
6465
6471
6487
6495
6504
6391
6539
6554
6572
6588
6591
6617
6629
6636
6646
6682
6697
6699
6706
6715
6728
6724
6732
6741
6744
6754
6765
6810
6812
6820
6822
6858
6911
6932
6942
6970
6968
7001
6903
7017
7023
7064
7084
7099
7104
7099
7120
7192
7185
7215
7230
7259
7306
7351
7368
7380
7387
7400
6942
7397
6942
7414
7424
7427
7441
7499
7529
7544
7567
7564
7579
7603
7615
7622
7623
7627
7228
7672
7707
7738
7806
7817
7822
7826
7822
7834
7893
7907
7927
7930
7967
7968
7972
7982
7985
7992
8008
8049
8058
7949
8093
8095
8120
8121
8136
8138
8150
8154
8172
8180
8178
8188
8195
8205
8217
8234
8239
8256
8274
8303
8313
8330
8355
8389
8398
8402
8442
8443
8442
8462
8468
8473
8487
8490
8497
8531
8231
8408
8541
8589
8595
8608
8616
8352
8627
8490
8355
8637
8657
8667
8671
8682
8695
8694
8710
8713
8749
8776
8786
8800
8525
8857
8726
8860
8906
8924
8934
8935
8939
8942
8949
8958
8972
8987
9019
9015
9039
9047
8908
9091
9095
9098
9106
9113
9127
9139
8871
9170
9172
8906
9179
9227
9244
9247
9273
9286
9306
9339
9354
9368
9376
9393
9396
9401
9404
9405
9419
9430
9448
9447
9459
9475
9501
9519
9521
9519
9530
9532
9385
9539
9561
9559
9565
9574
9600
9619
9658
9661
9663
9673
9691
9710
9711
9722
9732
9754
9760
9465
9790
9829
9833
9869
9873
9393
9876
9925
9732
9971
9979
9992
9995
10026
10043
10044
10056
10095
10096
10114
10137
10139
10155
10196
10207
10215
10231
10285
10291
10294
10297
10302
10315
10334
10155
10337
10349
10392
10393
10398
10393
10420
10423
10456
10467
10476
10491
10502
10514
10522
10533
10553
10610
10615
10619
10631
10642
10641
10646
10650
10680
10701
10709
10716
10723
10724
10729
10735
10740
10800
10823
10826
10865
10887
10891
10898
10923
10981
10990
10997
11002
11017
11021
11039
11049
11057
11085
11108
11147
11146
11171
11173
11185
11195
10997
11207
11218
11241
11257
11270
11294
11320
11337
11350
11352
11171
11355
11364
11387
11396
11400
11413
11441
11458
11464
11478
11488
11494
11506
11516
11545
11568
11602
11615
11618
11629
11648
11658
11667
11682
11694
11715
11721
11739
11738
11759
11763
11769
11788
11792
11799
11812
11811
11821
11268
11836
11857
11860
11701
11862
11864
11304
11884
11916
11915
11933
11946
11953
11981
11999
12001
12003
12032
12101
12102
11915
12113
12125
12144
12161
12169
12171
12197
12215
12223
12252
12287
12289
11891
12301
12345
12117
12386
12392
12433
12460
12482
12489
12492
12533
12552
12558
12580
12593
12594
12612
12618
12625
12634
12653
12670
12682
12465
12703
12489
12724
12735
12740
12750
12768
12793
12800
12809
12817
12836
12855
12882
12885
12904
12924
12925
12930
12943
12961
12966
12976
12527
12997
13011
13018
12833
13030
13102
13109
13114
13121
13123
13148
13156
13152
13169
13202
13206
13211
13206
13271
13292
13291
13295
13301
13371
13375
13436
13234
13441
13462
13464
13490
13494
13557
13606
13603
13593
13621
13641
13647
13652
13647
13653
13702
13704
13710
13721
13042
13735
13739
13747
13744
13776
13779
13784
13818
13827
13833
13855
13858
13857
13884
13900
13912
13921
13929
13969
14002
14013
14017
14044
14050
14048
14052
14090
14095
14104
14117
14137
14148
14156
14182
14184
14224
14247
14260
14306
14310
14315
14316
14320
14332
14341
14352
14364
14372
14417
14416
14426
14457
14462
14469
14481
14497
14509
14148
14117
14515
14520
14524
14558
14571
14578
14595
14613
14644
14657
14677
14680
14671
14683
14690
14696
14714
14721
14731
14774
14797
14801
14809
14817
14829
14859
14862
14870
14849
14874
14890
14487
14923
14935
14941
14945
14966
15001
15012
15034
15041
15043
15045
15099
13692
15102
15138
15144
15149
15144
15154
15158
15160
15173
15197
15203
15212
15233
15241
15267
15274
14966
15286
15292
15297
15298
15319
15330
15325
15337
15330
15343
15029
15347
15363
15364
15363
15375
15424
15427
15436
15441
15445
15484
15501
15559
15557
15561
15557
15568
15571
15616
15637
15647
15656
15014
15660
15676
15685
15706
15710
15729
15734
15738
15741
15743
15746
15741
15775
15809
15811
15814
15821
15521
15827
15842
15875
15877
15883
15953
15974
15973
15978
15991
15993
16015
16021
16047
16056
16060
16085
16098
16116
16120
16152
16159
16152
16172
16183
15827
16201
15857
16210
16233
16236
16244
16249
16260
16267
16290
16302
16330
16331
16330
16346
16355
16391
16405
16467
16483
16485
16483
16494
16497
16191
15842
16504
16509
16510
16544
16545
16590
16249
16615
16628
16630
16642
16643
16650
16655
16668
16674
16321
16690
16718
16743
16750
16767
16770
16786
16788
16804
16807
16817
16845
16509
16510
16874
16876
16880
16892
16909
16912
16939
16959
16975
16988
16992
16995
16997
16995
17010
17013
17043
17059
17062
17089
17092
17135
17149
17152
17158
17179
17182
17188
17199
17202
17232
17237
17248
17251
17257
17269
17271
17289
17304
17311
17312
17317
17322
17347
17390
17408
17409
17422
17465
17468
17475
17481
17497
17501
17506
17515
17529
17614
17623
17628
17634
17645
17282
17647
16958
17652
17661
17667
17674
17730
17747
17749
17792
17796
17864
17883
17887
17892
17895
17937
17962
17980
17994
18006
18016
18022
18036
18053
18055
18065
18070
18084
18098
18097
18099
18101
18107
18130
18140
18136
18137
18166
18178
18190
18198
18245
18257
18249
18275
18282
18290
18297
18298
18297
18308
18314
17652
18325
18343
18342
18349
18370
18389
18398
18409
18417
18466
18473
18502
18522
18163
18636
18644
18648
18342
18677
18736
18753
18773
18778
18825
18833
18851
18868
17853
18888
18895
18917
18926
18942
18948
18952
18966
18987
19013
19010
19014
19020
19040
19060
19064
18409
19091
19093
19140
19143
19147
19179
19215
19231
19232
19236
19249
19262
19268
19278
18334
19287
19020
19297
19306
19318
19370
19405
19413
19417
19424
19441
19445
19444
19499
19517
19528
19550
19554
19559
19570
19585
19597
19277
19626
19630
19648
19670
19697
19694
19700
19712
19729
19736
19745
19802
19815
19828
19841
19861
19874
19895
19902
19944
19981
19985
19987
19986
20014
20030
20032
20042
20041
20043
20058
19375
20108
20114
20134
19837
20154
20166
20174
20226
20254
20261
20266
20287
20345
20041
20042
20356
20371
20373
20383
20387
20392
20406
20411
20422
20432
20438
20440
20446
20471
20480
20493
20526
20585
20588
20595
20609
20638
20635
20654
20686
20693
20692
20700
20721
20744
20749
20767
20796
20809
20808
20878
20924
20973
20974
20973
20982
20974
21037
21038
21037
21059
21084
21087
21090
21122
21141
21163
21168
21216
21247
20541
21281
21286
21296
21314
21352
21358
21404
21406
21413
21437
21469
21478
21537
21542
21549
21573
20907
20533
21602
21605
21617
21630
21634
21637
21643
21685
21721
21724
21752
21789
21793
21802
21817
21819
21827
21898
21902
21906
20948
21923
21926
21947
21963
21964
21967
21986
22008
22012
22019
22060
22091
20729
22109
22140
21190
22167
22177
22188
22210
22234
22240
22255
22254
22275
22291
22319
22336
22358
22362
22371
22374
21715
22389
22398
22420
22423
22430
22443
22492
22495
22506
22554
22564
22565
22607
22608
22640
22638
22662
22681
22691
22719
22725
22739
22745
22818
22850
22852
22906
22905
22912
22914
22919
22933
22928
22943
22966
22971
22979
22758
22992
22997
23010
23014
23018
23026
23032
23044
23049
23079
22787
23094
23106
23147
23148
22850
23150
22850
23152
23154
23158
22853
23160
23172
23180
23195
23202
23229
23235
23286
23294
23312
23010
23355
23364
22805
23370
23374
23376
23445
23446
23449
23461
23482
23485
23502
23506
23502
23548
23557
23566
23574
23577
23580
23628
23636
23659
23738
23759
23772
23792
23803
23805
23204
23806
23816
23514
23833
23848
22924
23858
23862
22936
23881
23932
23952
23956
23961
24041
24074
24098
24121
24123
24162
24166
24194
24191
24268
24280
24282
24307
24313
24323
24335
24354
24361
24364
24386
24399
24405
24412
24441
24444
24455
24471
24481
23906
24497
24513
24520
24524
24526
24535
24551
24557
24614
24628
24645
24650
24652
24665
24725
24723
24750
24756
24772
24788
24802
24846
24886
24890
24931
24946
24955
24979
25026
25040
25049
25068
25081
25133
25158
25200
25205
25208
25231
25245
25251
25284
25303
25311
25312
25318
25364
25404
25480
25489
25496
25513
25527
25569
25590
25607
25608
25613
25608
25641
25663
25694
25709
25708
25712
25732
25748
25760
25774
25779
25795
25804
25807
25838
25888
25943
25948
25961
25999
26005
26016
26051
26053
26071
26074
26085
26100
26125
26130
26161
26163
26168
26173
26190
26209
26221
26298
26309
26318
26322
26334
26340
26339
26350
26380
26471
26472
26480
26507
26522
26529
26532
26533
26558
26563
26564
26594
26622
26626
26635
26639
26643
26649
26684
26702
26710
25587
26732
26754
26760
26787
26791
26861
26859
26866
26894
26896
26626
26906
26907
26909
26907
26636
26910
26916
26938
26957
27012
27025
27056
27140
27149
27170
27171
27200
27211
27250
26937
27308
27337
27352
27383
27426
27439
27442
27455
27490
27524
27525
27529
27541
27565
27580
27624
27636
27645
27655
27726
27758
27755
27768
27774
27805
27832
27846
27856
27879
27890
27893
27902
27924
27927
27940
27957
27961
28000
28031
28041
28116
27014
28120
28125
28136
28162
28231
28267
28278
28295
28298
28304
28309
28311
28314
28327
28378
28386
28402
28422
28430
28439
28459
28202
28477
28501
28523
28536
28552
28031
28564
28592
28626
28075
28647
28675
28689
28744
28769
28773
28779
28798
28837
28844
28297
28897
28907
28912
28916
28919
28954
28967
29001
29007
29012
29017
28396
29033
29046
29070
29083
29127
29135
29174
29238
29246
29247
29265
29272
29279
29287
29280
29340
29362
29387
29404
29415
29461
29468
29484
29503
29510
29540
29544
29547
29560
29595
29258
29601
29620
29633
29639
29651
29664
29683
29690
29696
29703
29713
29735
29742
29432
29751
29784
29817
29860
29865
29863
29887
29903
29904
29925
29932
29935
30029
30032
30065
30097
29751
30109
30146
30157
30180
30204
30205
30207
30217
30233
29890
30240
30241
30240
29261
30248
30275
30272
30292
30302
30327
30377
30403
30420
30441
30442
30452
30455
30479
30484
30500
30522
30524
30530
30539
30547
30566
30565
30576
30594
30597
30608
30618
30631
30650
30645
30635
30664
30686
30690
30717
30722
30725
30749
30773
30792
30829
30860
30871
30876
30891
30894
30911
30925
30222
30948
30238
30954
30961
30983
30995
31031
31034
31031
31037
31080
31130
31137
31155
31156
31176
31200
31209
31261
30437
31288
31306
31313
31318
31324
31336
31340
31337
31365
31372
31381
31435
31477
31481
31494
31515
31518
31515
31594
31604
31605
31604
31611
31620
31633
31642
31660
31666
31695
31716
31730
31735
31758
31761
31767
31793
31821
31831
31031
31844
31851
31909
31912
31911
31966
31978
31984
32047
32056
32078
32086
32094
31363
32105
32106
32120
32126
31772
32131
32133
32144
32156
32158
32177
32192
32193
32205
32210
32219
32257
32267
32280
32290
32304
32360
32376
32400
32416
32419
32457
32482
32490
32495
32503
32510
32534
32550
32559
32587
32591
32595
32591
32611
32613
32628
32634
32658
32271
32690
32751
32752
32767
32799
32807
32818
32830
32845
32849
32884
32928
32976
32997
33080
33101
33102
33109
33166
33189
33198
33213
32458
33224
33227
33235
32480
33263
33305
33372
33421
33449
33448
33472
33478
33508
33579
33582
33605
33610
33247
32496
33635
33654
33657
33666
33676
33681
33710
33711
33715
33747
33760
33768
33778
33796
33830
33848
33860
33855
33866
33870
33892
33899
33962
33974
31688
33977
33989
34030
34035
34043
33654
34056
34071
34086
34095
34121
34146
34197
34219
34237
34282
34279
34312
34316
34347
34350
34355
33243
34379
34386
34402
34404
34425
34429
34446
34491
34519
34529
34562
34577
34581
33830
34589
34611
34638
34651
34654
34664
34701
34722
34733
34744
34764
34788
34792
34801
34464
34803
34814
34824
34897
34932
34966
34994
35010
35013
35033
35056
35072
35069
35094
35095
35105
35108
35115
35155
35175
35184
35237
35283
35293
35294
35299
35324
35332
35339
35378
35010
35382
35444
35450
35454
35463
35484
35506
35509
35574
35592
35608
35618
35623
35645
35672
35692
35735
35783
35805
35847
35856
35857
35886
35896
35902
35920
35928
35942
35957
35961
36004
35994
36025
36059
36093
36113
36124
36201
36214
36241
36256
36263
35867
36274
34731
36276
36283
36298
36352
35981
36357
36365
36367
36369
36367
36406
36425
36445
36473
36495
36508
36129
36511
36513
36524
36557
35777
36570
36582
36584
36605
36614
36629
36637
36640
36642
36654
36665
36697
36735
36737
36735
36740
36753
36782
36786
36800
36821
36829
36862
36868
36894
36924
36953
36962
37002
37071
37075
37116
37119
35961
37138
37153
37180
37181
37231
37253
37257
37265
37282
37286
37295
37297
36924
37302
37305
37314
37399
37408
37490
37503
37506
37522
37526
37527
37525
37549
37566
37568
37566
37578
37589
36440
37634
37636
37647
37659
37682
37735
37738
37763
37766
37781
37784
37807
37811
37816
37844
37862
37905
37910
37950
37979
38038
38047
38074
38081
38102
37682
38104
38110
38111
38110
38116
38110
38155
38183
38220
38252
38322
38370
38383
38405
38416
38432
38433
37606
38460
38474
38476
38487
38519
38527
38114
38539
38574
38581
38597
38635
38636
38635
38645
38651
38663
37452
38667
38669
38670
38671
38719
38729
38730
38735
38771
38772
38774
38772
38789
38808
38811
38816
38817
37253
38838
38863
38877
38890
38904
38911
38912
38917
38930
38951
38965
38971
38986
38997
39044
39054
38694
39078
39090
39106
39129
39167
39175
39188
39199
39216
39237
39243
39278
39291
39294
39303
39316
39336
39346
39357
39359
39361
39357
39380
39407
39409
39411
39443
39447
39450
39470
39477
39478
39480
39488
39076
39513
39542
39546
39557
39560
39568
39588
39593
39595
39602
39616
39237
39627
39636
39642
39733
39727
39752
39762
39768
39772
39787
39822
39861
39871
39079
39876
39877
39883
39884
39883
39910
39513
39909
39928
39929
39940
39979
39985
39994
40003
40006
40023
40029
40054
40064
39671
40092
40096
40121
40124
40125
40133
40148
40150
40165
40175
40180
40202
40214
40242
40250
40260
40267
40277
38730
40278
40286
40294
39876
40315
40331
40334
40337
40370
40375
40411
40461
40476
40511
40125
40540
40545
40548
40564
40580
40585
40608
40609
40608
40616
40620
40623
39849
40632
40640
40649
40688
40701
40746
40751
39161
40781
40780
40793
40803
40839
40850
40860
40899
40903
40909
40923
40942
40951
40952
40980
40575
40989
41025
41060
41066
41069
41073
41076
41079
41083
41088
41094
41147
41186
41184
41195
41235
41275
41292
41300
41315
40874
41343
41349
41417
41420
41479
41503
41525
41536
41544
41546
41555
41566
41559
41575
41593
41626
39985
41634
41647
40803
41718
41734
41739
41765
41774
41784
41793
41790
41799
41802
41805
41811
41819
41824
41850
41857
41893
41968
41982
41995
42000
42004
42029
42036
42049
42055
42062
42068
42070
42093
42095
42093
42119
42153
42166
42248
42253
42264
41811
42271
42306
42317
42341
42352
42358
42359
42358
42382
42387
42392
42390
42415
42422
41546
42471
42475
42482
42522
42535
42553
42573
42583
42608
42166
42617
42626
42645
42652
42649
42706
42709
42722
40952
42733
42746
41811
42779
42792
42794
42797
42803
42818
42824
42837
42861
42894
42899
42901
42921
42949
43006
43015
42543
43021
43039
43052
43056
43075
43090
43108
43128
43161
43171
43176
43184
43205
43209
42334
43288
43311
43334
43375
43451
42672
43457
42677
43465
43475
43549
43556
43593
43597
43619
43621
43720
43733
43739
43752
43756
43775
43797
43812
43823
43828
43867
43874
43889
43892
42730
43899
43909
43913
43914
43919
43934
43936
43941
43971
43972
44013
44048
44061
44070
44105
44114
44125
44127
44140
44155
44162
44159
44157
44192
44201
44242
43126
44252
44257
44256
44265
44270
44269
44275
44296
44298
44301
44305
43512
44314
44318
44319
44342
43962
44358
44389
44436
44443
44474
43676
44536
44543
44572
44587
44602
44646
44653
44655
44687
44695
44817
44843
44845
44486
44913
44155
44916
44948
44950
44953
44952
44969
44984
45000
45012
45016
45026
45048
45053
45065
45082
45103
45108
45117
45124
45152
44383
45164
45166
45177
44778
45230
45229
45231
45234
45236
45271
45281
45290
45326
45349
45397
45398
45397
45402
45413
45416
45431
44688
45474
45482
45491
45534
45555
45558
45576
45580
45595
45640
45665
45680
45695
45704
45722
45734
45773
45774
45784
45786
45808
44678
45823
45825
45840
45848
45859
45925
45928
45965
45971
45980
45984
45999
46004
46026
46036
46038
46040
46103
46109
46115
44656
46129
46139
46153
46158
46163
46174
46176
46182
46193
45472
46214
46265
46272
46299
45220
46312
46320
46327
46334
46420
46427
46469
46486
45388
46499
46509
46525
46527
45811
46537
46536
46551
46591
46592
46614
46633
46634
46661
46665
46671
46678
46681
46691
46705
46730
46735
46770
46773
46828
46833
46845
46855
46877
46874
46890
46906
46927
46931
46932
46961
46983
46995
47000
47008
47028
47087
47101
47139
47146
47184
47210
47234
47238
47268
47271
47283
47288
46169
47300
47302
47320
47360
47362
47383
47050
47399
47425
47427
47087
47437
46702
46327
47449
47456
47459
47468
47479
47484
47486
47563
47573
47580
47587
47596
47612
47617
47629
47644
46890
47657
47667
47694
47717
47362
47748
47774
47799
47804
47816
47857
47883
47906
47486
47918
47955
47960
47972
47970
47995
48011
48037
48036
48046
48047
48062
48077
48104
48106
48158
48164
48169
48192
48193
48202
48214
48233
48280
47940
48297
48312
48320
48324
48332
48344
48388
48401
48400
48420
48436
48484
48495
47806
48522
48547
48555
48560
48604
48619
48625
48634
48637
48645
48676
48688
48689
48701
48713
48722
48733
48736
48735
48741
48757
48780
48779
48785
48414
48780
48779
48803
48830
48090
48829
48833
48100
48849
48860
48885
48910
48929
48203
47826
48938
48946
48947
48966
48988
49014
49029
49047
49062
49067
49082
49094
49106
49115
49123
49136
49138
48770
49149
49150
49149
49183
49185
49214
49211
49217
49229
49236
49256
49268
49271
49285
49318
49364
49374
49014
49382
49389
49408
49417
49026
49456
48365
47999
49457
49468
49486
49493
49497
49498
49503
49493
49507
49515
49531
49536
49568
49592
49610
49635
49643
49647
49656
49678
49685
49710
49707
49727
49769
49775
49779
49423
49786
49795
49801
49823
49834
49836
49853
49868
49906
49913
49924
49573
49942
49946
49958
49968
49981
50007
50019
50041
50052
50105
50145
50147
50145
50166
50170
50185
50187
50185
50201
50200
50228
49157
50232
50240
50266
50301
50320
49256
50322
50342
50372
50409
50423
50451
50459
50469
50479
49428
50503
50515
50545
50558
50564
50583
50623
50633
50637
50650
50286
50654
49598
50670
50693
50707
50734
50791
50801
50814
50818
50834
50835
50847
50494
50858
48698
50893
50922
50926
50934
50960
50983
51032
51034
51044
51062
51070
51066
51092
51113
51120
50788
51175
51178
51180
49804
51191
50494
51205
51206
51215
50859
51213
51226
51243
50533
51256
51264
51274
51285
51341
51363
51369
51378
51387
51395
51408
51411
51416
51425
51458
51462
51488
51493
51498
51509
51520
51521
51529
51553
51559
51596
51606
51610
51614
51618
50168
51218
51633
51232
51642
51649
51654
51667
51669
51673
51737
51749
51771
51796
51800
51831
51836
51852
51858
51062
51910
51933
51940
51951
51962
51979
52021
52025
52027
52035
52038
52049
52072
52076
52078
52094
52101
52115
50633
52128
52131
52157
52162
52174
52182
52194
52201
52207
52225
52230
52248
52263
52277
52285
52299
51175
52343
52361
52372
52378
52382
52421
52474
52501
52517
52520
52526
52532
52583
52599
52602
51104
52640
52659
52694
52713
52718
52734
52731
52746
52747
52793
52796
52813
52817
52842
52871
52443
52890
52902
52911
52926
52940
52966
52978
52985
52997
53004
53024
53046
53100
52713
53114
53135
52723
53141
52338
53158
52756
53166
53171
53175
53187
53213
53235
53246
53390
53427
53435
53450
53460
53483
53492
52302
53523
53538
53549
53579
53591
53203
52837
53593
53598
53632
53662
53666
53275
53695
53698
53723
53724
53743
53779
53813
53815
53840
53845
53901
53911
53944
53960
53966
53980
53984
53995
54013
54015
54041
54075
54078
54087
54103
54106
54117
54131
54134
54144
54149
54162
54228
54229
54258
54262
54263
54272
54277
54301
54307
54349
54353
54376
54389
54426
54449
54455
54497
54503
54533
54537
54545
54555
54560
54568
54577
54587
54591
53779
54609
54614
54616
54647
54649
54681
54695
54713
54746
54758
54771
54775
54782
54776
54788
54789
54825
54832
54852
54426
54892
54917
54935
54533
55019
55072
55078
55079
55095
55097
55095
55138
55149
55181
55199
55235
55241
55247
55265
55268
55275
55278
55284
55296
55300
55305
55316
55378
55396
55405
55414
55439
55444
55450
55499
55515
55525
55530
55566
55574
55599
55605
55610
55631
55632
55644
55650
55657
55665
55673
55677
55692
55698
55714
55726
55746
55772
55775
55789
55824
55835
55839
55843
55847
55858
55865
55873
55897
55533
55901
55917
55927
55938
55966
55998
56007
56009
56018
56014
56024
56047
56057
56064
56087
56089
54983
54184
56102
56103
56117
56149
56194
56209
56222
56255
56265
56271
56297
56301
56315
56335
55213
56361
56370
56372
56379
56410
56438
56481
56515
56517
56522
56576
56585
56600
56616
56619
56624
56619
56631
56635
56637
56674
55865
56694
56711
56719
56717
56722
56740
56772
56798
56805
56812
56814
56028
56817
56822
56824
56827
56838
56872
56894
56906
56915
56948
56954
56999
57008
57026
57025
57042
57046
57056
57089
57090
57114
57123
57178
57208
57236
57240
57255
56944
57282
57302
57309
57314
57342
57355
57376
57385
57396
57437
57450
57464
57475
57490
57562
57563
57576
57573
57608
57611
57635
57633
57638
57640
57649
57669
57676
57680
57690
57707
57715
57719
57724
57721
57760
57769
57008
57786
57809
57819
57823
57833
57876
57888
57914
57926
57925
57934
57968
57976
57984
58011
58027
58034
58035
58052
58072
58101
58111
57715
58125
58144
58167
58175
58218
58225
58239
58251
58274
58280
58289
58308
58319
58316
58335
58340
58346
58368
58371
58397
58418
58423
58434
58465
58474
58500
58508
58512
58560
58598
58618
58626
58634
58641
58652
58698
58708
58716
58723
58742
58778
58798
58799
58814
58820
58834
58844
58854
58857
58862
58874
58880
58885
58886
58890
58897
58896
58906
58912
58136
58922
58952
58964
58984
58594
58983
58999
59009
59066
59106
59132
59139
59144
59226
59246
59279
59282
59285
59306
59317
59319
59324
59334
58500
59344
57703
59352
59366
59372
59384
59410
59419
59432
59433
59454
59465
59475
59484
59512
59524
58647
57437
59523
59574
59582
59590
59604
59632
59642
59652
59666
59686
59700
59708
59747
59750
59753
59785
59791
59796
59807
59810
59815
59819
59835
59845
59324
59853
59872
58101
59879
59886
59895
59901
59908
59913
59398
59931
59936
59944
59946
59951
59410
59987
59999
60005
60011
60029
60085
60099
60116
60130
60134
60143
60148
60171
59159
60191
60196
60221
59690
60260
60263
60282
60284
60286
60294
60309
60345
60348
59863
60355
60361
60366
60378
60386
60413
60424
60435
60438
60450
60458
60457
60462
60469
60492
60512
60575
60574
60625
60066
60635
60655
60659
58652
60683
60699
60719
60731
60732
60741
60754
60785
60791
60804
60810
60814
60819
60824
60831
60857
59768
60860
60869
60898
60907
60947
60944
60957
60968
60976
61007
61022
61034
61037
61040
61067
61077
60490
61093
61100
61109
61119
61146
61172
61177
61187
61197
61249
61254
61296
61342
61367
61390
61425
61432
61458
61486
61502
61534
61547
61567
61577
61576
61615
61610
61660
61233
61676
61694
61697
61754
61752
61783
61796
61805
60257
61811
61846
61850
61881
61884
61900
61899
61908
61911
61921
61930
61942
61945
61972
61976
61990
61995
62012
62030
62055
62081
62095
62108
62109
62120
62127
62160
62164
62178
62185
62214
62217
62234
62246
62252
62262
62271
62287
62299
61358
62306
62343
62380
62391
62394
62407
62415
62431
62448
61972
62461
62474
62492
62494
62495
62543
62545
62585
62607
62619
62636
62639
62664
62676
62724
62737
62751
62765
62770
62780
62783
62793
61389
62833
62860
62865
62870
62881
62889
62454
62893
62903
62009
62905
62911
62931
62967
62977
62979
62986
62998
63024
63026
63031
63047
63060
63063
63068
63084
63095
63096
63104
63113
63121
63136
63138
63141
63138
63164
63180
63186
63191
63197
63196
63212
63223
63239
63249
63262
63265
62407
62832
63276
63285
63286
63302
63331
63350
63351
63370
63374
63383
63384
63387
62921
63428
63451
63456
63470
63478
63483
63494
63509
63516
63532
61246
63545
63589
63599
63603
63605
63618
63625
63633
63659
63191
63683
63196
63701
63718
63720
63732
63748
63760
63795
63805
63823
63383
63829
63384
63831
63838
63842
63847
63856
63858
63867
63874
63412
63891
63441
63910
63964
62988
63976
63982
63988
63991
64019
62628
64063
64090
64114
64141
64147
64148
64175
64195
64197
64230
64247
64255
64258
64266
64288
64350
64355
64364
64372
64401
64425
64429
64435
64440
64466
64474
63534
64482
64495
63545
64514
64553
64557
64570
64579
64602
64606
64613
64618
64632
64666
64699
64704
64240
64728
64263
64732
64743
64759
64768
64777
64783
64323
64324
64799
64802
64815
64829
64846
64871
64872
64885
64905
64921
64925
64928
64955
64964
64037
64981
65007
65032
65078
65084
65102
65109
65125
65133
65151
65158
65172
65176
65180
65191
65196
65209
65227
65244
64768
65247
65263
65279
65335
65347
65352
65358
65381
65387
65394
65413
65426
65435
65461
65465
65467
65494
65032
65509
65514
65546
65543
65548
65567
65087
65581
65591
65592
65594
65592
65602
65604
65605
65615
65635
64717
65641
65638
65654
65660
65659
65665
65678
65224
65681
65692
65706
65712
65714
65720
65247
65726
65737
65739
64815
65745
65749
65752
65777
65780
65791
65808
65830
65835
65845
65863
65872
65885
65886
65899
65901
65907
65914
65935
66004
66008
66021
66039
66045
66052
66059
64228
66061
66064
66069
65179
65180
66079
66078
66084
66090
66093
66100
65654
65649
66115
66117
66120
66139
66131
66175
66199
66250
66252
66331
66336
66339
66343
66349
66362
65413
66377
66398
66417
66423
66426
66434
66435
66494
66497
66531
66538
66528
66530
66563
66573
66580
66582
66601
66610
66609
66616
66624
66633
66637
66643
66656
66654
66669
66139
66131
66709
66729
66746
66747
66754
66766
66783
66798
66818
65381
66845
66863
66876
66886
66899
66905
66906
66918
66940
66958
66961
67026
67040
67067
67071
67081
67074
67084
67096
65628
67117
67125
67152
67159
67169
67171
67174
67183
67226
67243
67246
67294
67293
67308
67319
67330
67347
67357
65453
67367
67384
67390
67408
67435
67456
67459
67511
67546
67568
67570
67589
67604
67600
67609
67617
67624
67637
67660
67661
67678
67692
67707
66798
67726
67300
67730
67726
67738
67741
67763
67771
67783
67809
67874
67897
67906
67925
67946
67948
67952
67972
67977
67985
67996
68032
68036
68041
68044
68048
68061
68069
68078
68102
68105
68108
68144
68155
67660
68173
68182
68187
68203
67686
68204
68240
68250
68264
68337
68343
68356
68376
68377
68395
68471
68474
68494
68538
68548
68566
68569
68573
68592
68057
68593
68609
68617
68632
68655
68665
68669
68670
68676
68693
68696
67669
68711
68727
68729
68737
68749
68754
68788
68805
68809
68815
68819
68820
68827
68832
68838
68843
68852
68337
68868
68877
68361
68913
68942
68943
69002
69021
69042
69048
66090
66616
69069
69077
69082
68581
69089
69106
69128
69138
69149
69160
69165
69196
69218
69222
69253
69279
68800
69302
69324
69328
69332
69338
69358
69357
69376
69381
69387
69399
69412
69417
69419
69444
69474
69473
69521
69523
69560
69578
69593
69619
69624
69629
69638
69117
69646
69657
69676
69693
69705
68187
69731
69738
69756
69781
69785
69791
69829
69833
69840
69856
69887
69895
69411
69911
69919
69983
68494
70015
70023
70049
70050
70066
70070
70116
68678
70123
70133
70145
70168
70176
70180
70216
68226
70226
70252
69275
70272
70270
70275
70280
70285
70311
70347
70350
70352
70371
70374
70381
70380
70416
70467
70484
70487
70488
70526
70527
70547
70559
70574
70609
70610
70641
70645
70679
70680
70691
70699
70719
70727
69756
70743
70782
70802
70813
70839
70415
70857
70871
70888
70898
70934
70953
70977
70978
70984
71006
71026
71034
71047
71060
70672
71059
71109
71116
71123
71135
71159
71180
71191
71222
71221
71241
71242
71257
71283
70901
71364
71385
69655
71410
71433
71440
71449
71460
71482
71516
71521
71526
71530
71572
71580
71640
71290
71650
71668
71675
71699
71719
71715
71731
71732
71738
71758
70602
71767
71768
71774
71791
71794
71818
71447
71829
71839
71853
71862
71888
71893
71896
71899
71908
71911
71915
71950
71954
71956
71977
71979
71984
71989
71999
72033
72051
72063
72070
72077
72082
72090
72120
72122
72124
72132
72164
72174
72173
72187
72211
72301
72308
72323
72330
72327
72341
72349
72367
72372
72390
72396
72411
72424
72440
72449
72458
72462
72468
72474
72479
72498
72499
72561
72567
72575
72579
72592
72606
72610
72606
72665
72675
72678
72704
72732
72761
72800
72853
72859
72878
72883
72943
72955
72971
72982
73006
73009
73064
73063
73077
73109
73132
72333
72340
72333
73150
73153
73175
73179
73190
73198
73202
73205
73236
73243
73245
73273
73285
73331
73360
73383
73388
73390
73394
73395
73406
73407
73408
73407
73412
73414
73425
73430
73441
73518
73525
72803
73533
73585
73621
73636
73734
73759
73764
73759
73768
73767
73825
73843
73862
73893
73903
73931
73934
73932
73945
73952
73957
73962
73988
73999
72943
74010
74066
74085
74100
74136
74150
74174
74194
74221
74228
74241
74251
74268
74269
74284
74288
74327
74343
74354
74366
74411
74418
74425
74429
74437
73044
74438
74484
74553
74581
74592
74596
74610
74613
74622
74631
74643
74645
74651
74649
74684
74697
74764
74814
74831
74826
74843
74850
74860
74865
74868
74880
74897
74228
74915
74921
74951
74954
74964
74967
74643
75022
75047
75059
75068
75086
75075
75084
75100
75106
75109
75122
74500
75123
75127
75130
75147
75170
75203
75207
75223
75235
75242
75244
75252
75259
75277
75287
75286
75293
75308
75309
75312
75322
75327
75345
75348
75366
75383
75391
75405
75415
75417
75459
75511
75522
75568
75570
75582
75602
75617
75665
75670
75727
75752
75158
75763
75767
75820
74587
75819
75822
75862
75865
75870
75878
75906
75908
75925
75933
75942
75962
76022
75672
75670
76034
76029
76045
76047
76052
75415
76056
76060
76056
76075
76083
76085
76089
76098
76126
76183
76211
76226
76268
76277
76283
76328
76327
76334
76336
76358
76369
76365
76379
76398
76412
76436
76443
76451
76455
76462
76483
76485
76493
76499
76501
76518
76557
76586
76615
76637
76646
76650
76671
76692
76706
76714
76728
76763
76768
76769
76768
76794
76797
76806
76838
76840
76838
76902
76908
76951
76953
76957
76969
76999
77008
77027
77041
77051
77071
77080
77100
77119
77127
77130
77136
77177
77201
77202
76639
77217
77226
77230
77248
77261
77266
77267
77304
77308
77317
77320
77347
77354
77369
77370
77377
77393
77401
77418
77426
77428
77434
77460
77468
77494
77508
77514
77523
77522
77554
77562
77576
77583
77590
77603
77619
77629
77024
77631
77642
77645
77669
77679
77681
77700
77088
77720
77750
77789
77809
77814
77820
77821
77838
77847
77865
77898
77904
77906
77929
77931
77945
77948
77018
77959
78022
78034
78042
78052
78083
78129
78133
78137
78158
78176
78188
78192
78224
78226
78233
78245
78269
78315
78319
78395
78408
78427
77814
78452
78456
78466
78483
78498
78512
78517
78576
78596
78597
78610
78616
78645
78655
78678
78684
78719
78735
78736
78746
78748
78751
78759
78768
78792
78797
78812
78826
78833
78831
78857
78909
78919
78968
78978
78996
79010
79024
79026
79038
79044
79077
79080
79100
79142
79161
79183
79186
79189
79200
79214
79223
79229
79250
79251
79255
79302
79324
79332
79354
79369
79368
79386
79420
79430
79476
79507
79523
79530
79536
79541
79560
79565
79560
79570
79603
79612
79633
79118
79124
79637
79654
79133
79667
79672
79691
79696
79710
79775
79791
79794
79797
79523
79803
79814
79820
79821
79824
79831
79863
79884
79892
79895
79901
79912
79934
79936
79942
79947
79946
79958
79968
79976
79981
79987
80000
80012
80027
80089
80132
80134
80167
80181
80210
80208
80228
80230
80233
80280
80295
80301
80322
80360
80416
80424
80434
80439
80450
80460
80494
80505
80513
80523
80535
79308
80548
80566
80611
80614
80613
80640
80686
80700
80707
80722
80726
80460
80729
80736
80741
80757
80761
80770
80795
80799
80808
80811
80817
80826
80846
80852
80854
80852
80868
80872
80883
80947
80681
80963
80958
80973
80694
80992
81010
81012
81020
81029
81042
81060
81067
81078
81082
81099
81103
81118
81143
81159
81160
81159
81172
80616
81177
81200
81223
81236
81235
81243
81246
81249
81253
81261
81258
81272
81281
81287
81285
81295
81320
81336
81352
81357
81377
81376
81418
81437
81442
81441
81451
81467
81519
81532
81542
81567
81603
81648
81651
81667
81690
81699
81709
81723
81728
81742
81753
81765
81795
81810
81812
81823
81853
81862
81861
81889
81896
81902
81925
81969
81645
81989
81995
82010
82031
82037
82052
82056
82071
82086
82089
82098
82099
82167
82179
82193
82223
82234
82245
82266
82276
82289
82288
82294
82339
82346
82349
82373
82401
82409
82410
82412
82416
82440
82448
82454
82456
82461
82475
81925
82481
82498
82504
82522
82535
82537
82571
82587
82597
82626
82639
82645
82651
82684
82704
82707
82720
82754
82774
82781
82785
82804
82817
82831
82839
82863
82864
82880
82936
82957
82993
83009
83039
81861
83046
83050
83071
83072
83084
83122
82498
83135
83151
83164
83175
83230
83232
83239
83248
83318
83343
83357
82140
83382
83387
82168
83392
83398
82781
83404
83407
83411
83404
83425
83429
82817
83442
83445
83448
83452
83456
83457
83471
83473
83498
83524
83564
83586
83621
83625
83626
83639
83665
83667
83674
83680
83715
83723
83135
83726
83735
83744
83749
83752
83754
83162
83767
83787
83790
83794
83799
83803
83896
83933
83955
83981
83978
83991
83993
83997
84016
83667
84049
84065
84079
84102
84117
84121
84138
84149
83770
84157
84165
84179
84186
84195
83182
82575
84199
84198
83799
84221
84235
84242
84252
84271
83878
84281
84339
84376
84397
83962
84400
84397
84420
84434
84439
83364
84448
84466
84493
84499
84522
84546
84113
83445
84554
84582
84597
84606
84644
84645
84657
84667
84694
84728
84747
84756
84757
84784
84790
84794
84839
84848
84875
84880
84885
84911
84935
84933
84958
84965
84982
84985
84994
85014
83886
85069
85078
85079
85092
85100
85133
85140
85145
85207
85246
85266
84607
85283
84946
85295
85314
85330
85336
85402
85432
85069
85452
85464
85492
85507
85591
85599
85619
85622
84225
85626
85639
85647
85665
84270
85667
85722
85413
85730
85732
85738
85736
85771
85809
85850
85860
85877
85882
85921
85923
85926
85945
85979
86020
86027
86023
86046
86051
86061
86094
86099
86105
86116
86124
86126
86124
86127
86129
86149
86150
86175
86187
86193
86284
86296
86378
86393
86401
86450
86474
86133
86497
86537
86551
86558
85865
86571
86583
85591
86632
86634
84995
86676
86692
86718
86724
86020
86746
86755
85713
86757
86771
86777
86778
86790
86803
86809
86824
86834
86859
86864
86863
86869
86875
86890
86895
86905
86907
86913
86932
86940
86955
86960
86962
86983
86985
86996
87029
87114
87125
87153
87169
87181
87186
87188
87203
87216
87242
87272
87279
87273
87303
87308
87336
87344
87351
87355
87368
86981
87401
87403
87407
87412
87414
87448
87475
87481
87516
87521
87545
87553
87569
87589
87597
87609
87627
87630
87655
87667
87680
87714
87358
87734
87741
86996
87798
87823
87831
87847
87877
87885
87938
87942
87572
87216
87947
87952
87968
87969
87970
87605
87987
88003
88002
88072
88110
88123
88130
88141
88179
88183
88185
88218
88224
88232
88243
88250
87136
88265
86777
87868
88287
88299
88309
88314
88320
88349
88358
88370
88388
88406
88412
88445
88442
88452
88465
88468
88474
88499
88531
88540
88550
88566
88589
88592
88593
88612
88621
88627
88642
88656
88695
88704
88710
88716
88737
88743
87922
88759
88768
88774
88777
88790
88792
88799
87638
88797
88812
88825
88855
88860
88874
88950
88952
88950
88965
88975
88998
89006
89013
89017
89041
89054
89057
89076
89093
89094
89104
89113
89116
89120
89142
89167
89170
89173
89177
87987
89170
89184
89209
89235
89257
89258
89313
89318
89323
89355
89364
89378
89388
89391
89437
89442
89466
89471
89031
89478
89492
89502
89505
89521
89522
89532
89538
89560
89566
89569
89606
89634
89647
89657
89240
89664
89677
89685
89749
89760
89787
89863
88248
89521
89067
89887
89902
89922
89925
89944
89960
89969
89983
89989
90027
90034
90049
90059
90082
90084
90115
90160
90200
90219
90224
90258
90268
90291
90295
90293
90302
90337
90344
90350
90364
90375
90390
90398
90404
90405
90442
90448
90463
90478
90482
89298
90495
90498
90518
90568
90602
90258
90649
90716
90741
90748
90759
90767
90794
90811
90820
90832
90849
90853
90895
90938
90963
91015
91025
91036
91045
91061
91090
91115
91116
90767
91137
91148
91246
91262
91270
91281
91295
91322
91358
91364
90331
91403
91412
91416
91431
91443
91453
91463
91470
91475
91480
91490
91485
91492
91534
91541
91572
91577
91580
91596
91609
91656
91668
91684
91709
91733
91735
91744
91756
91769
91787
91793
91795
91817
91815
91819
91849
91864
91868
91904
91928
91932
91933
91932
91937
91936
92022
92039
92044
92051
91681
92085
92089
92085
92106
92112
92115
92139
92144
92152
92157
92165
92177
92186
92194
92203
92205
92209
92237
92259
92297
92309
92320
92341
92343
92355
92364
92399
92408
92431
92434
92449
92448
92509
92516
92157
92547
92551
92569
92217
91826
92570
92605
92611
92623
92665
92694
92738
92776
92809
92830
92870
92901
92903
92901
92936
92952
93016
93017
93027
93066
93083
93116
93121
93141
93154
93172
93188
93198
93205
93217
93247
93259
92176
93274
92925
93299
93313
93320
93334
93347
93349
93376
93389
93391
92316
93399
93401
93399
93449
93452
93109
93463
93505
93523
93532
93559
93573
93585
93598
93604
93626
93634
93676
93298
93678
93681
93695
93820
93483
93828
93836
93852
93862
92795
93884
93888
93897
93916
93923
93626
93936
93938
93949
93955
93988
94014
94019
94037
94050
94055
94091
94117
94134
94147
94170
94177
94194
94217
94220
93528
94227
94228
94232
94233
94232
94243
94268
94307
94332
94356
94369
94384
94399
94396
94418
94448
94464
94484
94535
94543
94545
94549
94584
94592
94599
94600
94599
94616
94628
94640
94257
94643
93888
94658
94660
94674
94711
94733
94734
94746
94753
94763
94781
94813
94816
94850
94864
94888
94899
94905
94922
94940
94962
94974
94584
94987
94998
95050
95071
95111
95149
95152
95159
95160
94864
95170
95179
95188
95194
95195
95194
95215
94940
95218
95226
95236
95235
95245
95276
95280
94592
95294
95300
95312
95316
95324
95330
94688
95337
95345
95339
95344
95360
95377
93662
95417
95422
95460
95503
95510
95531
95543
95546
95544
95551
95555
95573
95575
95577
95596
95628
95633
95654
95658
95675
95671
95708
95714
95718
95716
95723
95725
95729
95737
95752
95755
95079
95757
95773
95788
95794
95805
95831
95840
95849
95473
95871
95877
95880
95883
95901
95914
95924
95184
95929
95935
95965
95969
95984
95997
96005
95581
96025
96051
96058
96063
96080
96088
96091
96097
96098
96097
96124
96153
96161
96166
96170
96172
96179
96188
96192
96202
96251
96273
96290
95484
96299
96318
96361
95974
96421
96429
96444
96502
96520
96548
96559
96562
96580
96601
96637
96650
96656
96660
96665
96739
96778
96799
96801
96852
96859
96896
96901
96910
96924
97001
97039
97043
97041
97045
97078
97093
97098
97174
97181
97183
97187
97186
97233
97244
97251
97261
97268
97276
97295
97318
97356
97359
97017
97360
97017
97372
97377
97384
97451
97453
97457
97461
97465
97481
97492
97524
97529
97572
97592
97258
97602
97636
97669
97681
97692
97696
97701
97721
97724
96689
97736
97760
97795
97835
97836
96779
97871
97877
97880
97894
97921
97925
97955
97961
97994
98021
98020
98071
98076
98077
98076
98085
98107
98118
97791
98151
98156
98150
98157
97453
98182
98192
98199
98218
98240
98257
98256
98270
98279
98323
98344
98348
98366
98369
98440
98446
98448
98451
98468
97743
98511
98529
98536
98538
98543
98550
98552
98559
98566
98570
98575
98593
98612
98629
98640
98645
97880
98659
98669
98704
98715
98730
98734
98736
98744
98749
98754
98757
98762
98763
98794
98804
98811
98816
98819
98828
98829
98850
98853
98075
98903
98912
98921
98923
98928
98932
98935
98940
98948
98953
98982
98984
99002
99024
98241
99031
99043
99054
99055
99074
99082
99088
99089
99108
99137
99144
99145
99166
99180
99183
99221
98821
99232
99258
99256
99309
99316
98926
99328
99338
99342
99348
99353
99356
99366
99367
99378
99387
99395
99413
99423
99435
99451
99462
98715
99548
99551
99561
99232
99572
99569
99610
99640
99675
99679
99719
99733
99735
99769
99779
99787
99804
99805
99804
99824
99828
99855
99873
99894
99911
99912
99932
99938
99951
100055
100070
100077
100095
100098
100118
100123
100126
100133
100146
100153
100171
100193
100191
100219
100227
100232
100238
100246
100264
100267
100281
100284
100288
100323
100352
100373
100383
100390
100389
100399
100415
100416
100423
100428
100021
100451
100467
100477
100482
100499
100504
100511
100524
100531
100522
100524
100536
100538
100536
100543
100140
100546
100610
100618
100642
100654
100666
100679
100697
100715
100709
100720
100773
100389
100779
100790
100817
100830
100834
100853
100874
100883
100903
100104
100909
100915
100936
100942
100943
100948
99414
100986
100998
101005
101017
101043
101097
101093
101130
101160
101168
101185
101229
101240
101245
101257
101259
101266
101269
100863
101271
101274
101290
101302
101312
100112
101334
101347
101361
101376
101393
101409
101454
101498
101526
101567
101578
101608
101623
101633
101634
101239
101655
101664
101679
101688
101712
101723
101726
100894
101738
101756
101766
101792
101806
101816
101864
101434
101901
101904
101912
101932
101939
101943
101946
101951
101963
101979
101986
102026
102031
102041
101199
102044
102095
102096
102115
102122
102131
100453
101671
102136
102146
102160
102174
101295
102185
102189
102195
102199
102207
102214
102217
100943
102225
101787
102241
102288
102308
102347
101904
102351
102392
102395
102401
102422
102426
102456
102465
102479
102487
102069
102504
102514
102520
102518
102529
102536
102554
102559
102567
102592
101313
102602
102626
102195
102685
102716
102735
102740
102777
102785
102799
102822
102827
102822
102833
102884
102887
102902
102934
102955
102959
102962
102964
102962
102972
102979
102988
103000
103022
103026
103049
102602
103068
103086
103095
103099
103115
103145
103150
103180
103182
103206
103242
102442
103259
103262
103266
103351
103370
103382
103385
103387
103408
103418
103430
103452
103477
102620
102189
103487
103499
103521
103531
103541
103563
103131
103579
103589
103600
103619
103621
103624
103180
103646
103647
103650
103700
103704
103710
103718
103727
103750
103758
103767
103773
103788
103791
103795
103811
103813
103370
103841
103883
103891
103895
103902
103925
103938
103950
103948
103966
103971
103983
103992
104003
104025
104034
104038
103591
104061
104111
104126
104127
104131
104147
104150
103234
104159
104175
104181
103286
104190
104211
104230
104269
104289
104302
104304
104308
104319
104333
104348
104352
104360
104367
104371
104376
104387
103492
104412
103951
104413
104424
104440
104446
104463
104484
104500
104521
104546
104554
104559
104562
104569
104573
104588
104609
103708
104634
104660
104664
104676
104685
104707
104710
104732
104725
104804
104818
104368
104851
104853
103066
104856
104857
104868
104878
104882
104878
104945
104957
104970
105032
105069
104595
105077
105075
105082
105101
105129
105138
105143
104659
105154
105177
105212
105235
105242
105251
105261
105264
105284
105294
104823
105299
105305
105306
105305
105322
105344
105360
105368
105376
105400
105417
105437
105464
105481
105503
105533
105554
105602
105636
105649
105157
105667
105696
105749
105765
105773
105775
105821
105810
105822
105912
105926
105955
105960
105966
105970
105972
105986
106013
106028
106038
106048
106067
106071
106085
106088
106095
105602
106109
106112
106144
106157
106162
106193
106206
106211
106225
106229
106238
106247
106261
106269
106277
106280
106322
106325
106358
106394
106430
106456
106492
106520
106533
106618
106162
106640
106645
106655
106210
106673
106704
106711
103884
106714
106740
106777
106815
106874
106891
106927
106949
106961
106964
106971
107003
107005
107031
105548
107039
107066
107069
107066
107075
107081
107118
107127
107188
107194
107245
107328
107357
107403
107457
107506
107522
107537
107539
107541
107555
107561
107581
107594
107610
107607
107636
107639
107641
107657
107672
107691
107699
107715
107732
107734
107756
107782
107794
107809
107823
107835
107851
107888
107355
107357
107928
107933
107948
107972
108012
108019
108020
108057
108064
108093
108102
108111
105610
108150
107632
108161
108174
108200
108258
108268
108281
108270
108280
108287
108310
108320
108329
108337
108343
108365
108375
108399
108422
108451
107428
108457
108465
108462
108494
108512
108563
108596
108607
108616
108636
108638
108636
108639
108677
108696
108721
108725
108733
108740
108745
108760
108773
108777
108803
108824
108826
108247
108828
108834
108861
108866
108886
108927
108928
108933
108955
108962
108989
108987
108991
109027
109030
109058
109070
109082
109078
109101
109114
109116
109132
109149
109162
109169
109199
109202
109225
109243
108688
109242
109252
109251
109265
109285
109287
109294
109298
109310
108735
109298
109314
108196
109323
108750
109327
108757
109331
109320
109329
109338
109343
109370
109385
109389
109392
108764
109413
109415
108217
109428
109445
109465
109478
108844
109490
109545
109552
109556
108337
109552
109562
109580
109605
109609
109611
109619
109620
109684
109693
109699
109726
109760
109801
109804
109814
109835
109850
109860
109868
109881
109896
109278
109907
109951
109953
109960
109967
109994
110031
110059
109545
110078
110080
110093
110103
110105
110103
110119
110125
110133
110187
110197
110246
110258
110268
110270
110282
110301
110345
110351
110350
110355
110350
110402
110409
110414
110409
110422
110433
110461
110477
110482
110491
110512
110522
110537
110557
110559
110570
110568
110581
110604
110622
108900
110645
110655
110658
110663
110662
110717
110148
110721
110725
110789
110834
110843
110852
110853
110921
110913
110952
110983
111020
111021
111020
111040
111063
111073
111083
111085
111096
111097
111096
111118
111135
111141
111144
111145
111147
110557
111215
111221
111235
111302
111301
111386
111393
111422
111434
111446
110278
111455
111489
111509
111516
111530
111556
111595
111624
111636
111641
111652
111661
111665
111661
111698
111737
111739
111755
111763
111757
111766
111783
111784
111808
111818
111820
111828
111862
111873
111903
111930
111931
111930
111949
111982
112004
112005
112013
112019
112027
112038
112042
111437
112069
112100
112116
112121
112136
112169
112187
112196
112230
112238
112243
112242
112284
112281
112294
112329
111744
112368
112370
112368
111800
112388
112410
112438
112447
112474
112573
112614
112019
112643
112685
112719
112733
112742
112756
112789
112813
112840
112254
112846
112858
112863
112886
112893
111734
112900
112905
112920
112928
112957
112967
112972
112410
112978
113027
113031
113034
113051
113052
113057
113053
113076
113084
113107
113110
113130
113184
113195
113220
113223
113234
113260
113269
113275
113281
113283
113291
113299
113304
113325
113332
113348
113353
113363
113380
113381
113407
113413
113423
113426
113438
113441
113459
113471
113473
113471
113475
113527
112383
113532
113537
113551
113573
113006
113579
113646
113071
113655
113703
113710
113707
113717
113726
113736
113750
113756
113769
113774
113777
113781
113774
113794
113804
113813
113856
113873
113870
113923
113930
113923
113938
113956
113965
113973
114023
113407
112833
114027
114044
114046
114063
114090
113475
114107
114116
114122
114134
114136
114148
114193
114204
114210
114220
114224
114253
114275
114296
114313
114358
114380
114437
114450
114458
114461
114473
114512
114513
114544
113299
114549
114554
114572
113925
114592
114608
114609
114637
114661
114677
114699
114709
114727
114730
114735
114722
114759
114768
114770
114790
114805
114165
114827
114837
114840
114866
114889
114922
114933
114935
114945
114958
114973
114997
115000
115004
115006
115026
115070
115113
115124
115164
115180
115179
115191
115213
115209
115226
115248
115272
115276
115281
114676
115285
115286
115311
115318
115316
115324
115359
115357
115374
115380
115385
115405
115403
115423
115463
115470
115475
115481
115492
115490
115500
115508
115520
115529
114271
115537
115558
115567
115571
115592
115609
115619
114337
115620
115691
115690
115721
115742
115751
115808
115818
115831
115840
115863
115875
115883
115890
115902
115924
115941
115946
115952
115955
115960
115969
115975
115380
115997
116003
116024
116026
116037
116077
116083
116090
116108
116109
116119
114237
116125
116130
115500
116158
116198
116217
116265
116284
116294
116312
116324
116330
116326
116350
116357
115747
116374
116391
116398
116401
116396
116408
115792
116441
116450
116486
116492
116491
116495
116498
116500
116515
116516
116519
116504
116534
116532
116555
116566
116607
116622
116632
116641
116647
116653
116654
116674
116678
116679
116687
114796
116720
116748
116775
116779
115481
116805
116817
116832
116833
116850
116872
116879
116886
116893
115592
115585
116925
117014
117062
117063
117071
117074
117123
117131
117139
116388
117171
117181
117218
117233
116463
117208
117250
117306
117311
117313
116531
117320
117334
117361
117362
117361
117402
115952
117420
117445
117465
117464
117500
117506
116703
117521
117524
117563
117562
117573
117615
117630
117657
117672
117680
117683
117822
117843
117851
117852
117858
117100
117884
117902
117939
117940
117939
117944
117951
117960
117970
117974
117984
118004
118031
118034
118037
118047
118058
117309
117311
118065
118082
118099
118125
118130
118133
118145
118147
118151
118171
118178
118174
117471
118202
118210
118221
118232
118249
118264
118270
118299
118318
118335
118348
118381
118395
118462
118463
118469
118481
118500
118505
118511
118519
117841
118531
118541
118544
118541
118555
118553
118559
118565
118559
118569
118573
118575
118569
118573
118601
118614
118618
118628
118636
118642
118679
118683
118698
118708
118715
118721
118718
118728
118742
118740
118754
118770
118040
118780
118045
118784
118047
118797
118826
118836
118850
118865
117370
117367
118893
118903
118905
118920
118934
118950
118955
118961
118979
118994
119003
119028
119039
119047
119055
118256
119080
119096
116784
119098
119107
119110
119122
119124
119171
119199
119207
119215
119228
119231
118426
119235
119242
119277
119332
119334
119351
119365
119376
119380
119399
119405
119397
119411
119423
119446
119453
119460
119459
119464
119467
119494
119495
119494
119500
119494
119510
118646
119517
119519
119524
119535
119555
119559
119561
119573
119581
118666
119586
119587
119590
119598
118703
119599
119616
119623
119625
119621
119633
119642
119633
119647
118747
119653
119655
119666
119655
119656
119668
119693
119672
119701
118754
119706
119755
119772
119798
119831
119815
119834
119845
119846
119855
119862
119903
119909
119912
119921
119952
120002
120022
120047
120057
120062
120063
120086
120100
120111
120156
120173
120196
120218
120216
120236
120260
119380
120274
120280
120285
119448
120296
119464
120293
120314
120317
120336
120335
120345
120353
120341
119532
120377
120383
120386
120404
119586
120423
119635
120432
120439
120464
120472
120526
120535
120541
120553
120566
120569
120600
120604
120614
120655
120662
120669
120708
120700
120715
120725
120732
120740
120741
120764
120807
120821
120868
120884
120902
120901
120911
120914
120915
120927
120086
120939
120961
121004
121013
121027
121028
121075
121091
121123
121139
121142
121161
121162
121210
121213
121227
121230
121236
121246
121255
121261
121263
121272
121289
121305
121328
121327
121332
121352
121358
121397
121411
121423
121429
121442
121448
121451
121455
121460
121478
121481
121500
121503
121525
121530
121531
121541
121547
121552
121560
120886
121570
121591
121627
121651
121660
121711
121713
121711
121717
121091
121744
121123
121751
121771
121777
121804
121245
121822
121825
121838
121839
121860
121933
121950
121958
122003
122015
122024
122028
122100
122112
122144
122165
122172
122177
122203
122206
122212
122230
122231
122279
122291
122312
122323
122327
121657
122332
122335
122336
122335
122372
122408
122422
122428
122476
122539
122549
122563
122584
122593
122600
122718
122729
122730
122739
122133
122743
122754
122756
122771
122782
122831
122857
122864
122899
122906
122917
121033
122947
122965
122971
122993
123016
123036
123070
123087
121852
123158
123162
123172
123182
123224
123235
123300
123315
123329
123339
123346
123388
123426
123424
123433
123443
123460
123470
122928
123489
123500
123498
123534
123572
123573
123575
123605
123609
123621
123636
123641
123665
123709
123714
123731
123741
123785
123799
123802
123808
123817
123820
123862
123867
123870
123885
123896
123901
123904
123940
123955
123964
124001
124010
124012
124043
124057
122971
124059
124073
124074
124110
124128
124131
124146
124173
124205
124234
124244
124261
124271
124287
124288
124292
124295
124316
124304
124321
124328
124334
124346
124360
124369
124371
124377
124382
124413
124418
124428
124445
124452
124466
124477
124481
124482
124493
124507
124509
124518
124521
123910
124522
124521
124526
124564
124568
124576
124581
124588
124590
122913
124599
124622
124618
124625
124646
124662
124059
124666
124681
124688
124692
124698
124741
124744
124747
124769
124791
124215
124806
123714
123716
124818
124829
124870
124875
124880
124875
124909
124945
124428
124952
124956
125001
124473
125038
123904
125041
125054
125056
125111
125117
125148
125160
125166
125257
125269
125270
125269
125316
125334
125383
125409
125426
125469
125485
125491
125492
125491
125503
125514
125526
125547
125559
125558
125568
124470
124995
125591
125649
125656
125659
125686
125707
125712
124622
125716
125717
125734
125747
125750
125747
125754
125755
125771
125823
125827
125828
125838
125842
125860
125865
125880
125896
125918
125926
125929
125960
125961
125976
125994
126016
126038
126042
126050
126055
126076
126081
124494
126094
126104
126124
126148
126167
126194
126192
126208
126249
126273
126281
126294
125265
126298
126315
126328
126327
126360
126367
126380
126382
125961
126445
126463
126478
126493
126506
126510
126514
126524
126537
126550
126554
126562
126586
126599
126610
126208
126631
126635
126638
126658
126660
126664
126725
126772
126768
126797
126803
126809
126797
126811
126818
126833
126850
126873
126884
126901
126906
126912
126934
126937
126953
126957
126965
126983
126995
126997
126998
126997
127021
127055
127070
127073
127087
127101
127163
127167
127223
127251
127293
127298
127319
127318
127338
127343
127353
127372
127384
127396
127398
126038
127425
127441
127445
127455
126995
127496
127499
127508
127511
127564
127565
126584
127573
127580
127594
127584
127624
127681
127695
127698
127717
127720
127738
126744
127760
126812
127769
127780
127795
127815
127823
127832
127836
127872
127906
127905
127920
127928
127957
127960
127972
127983
127999
128005
128008
128016
127584
128033
128036
128027
128044
128048
128049
128072
128087
128111
128112
128119
128131
128135
128184
128191
128199
127348
128203
127353
128212
128220
128257
128323
128327
128329
128381
128416
128431
128474
127600
128476
128491
128507
128561
128585
128607
128614
128625
128633
128659
128679
128694
128722
128742
128747
128785
128797
128871
128937
128938
128994
129000
129004
129010
129033
129035
129033
129053
129047
129114
129116
129134
127826
129142
129146
129190
129231
128832
129259
129281
129322
129334
129340
129334
129350
129347
129345
129358
129376
129421
129430
129475
129480
129493
129495
129501
129076
129504
129516
129521
129522
129531
129560
129565
129587
129591
129616
129621
129624
129642
129680
129677
129687
129706
129718
129736
129780
129794
129838
129855
129894
129926
129928
129940
129958
129969
129977
129998
130000
130018
130080
130086
130119
130122
130123
130152
129746
130167
130170
130177
130188
130221
130227
130236
130288
130312
130317
130328
130345
130347
130356
130361
130384
130389
130426
130434
130437
130440
130453
130464
130471
130492
130508
130550
130577
130586
130605
130608
130242
130631
130639
130642
130648
130663
130712
130737
130741
130749
130765
130434
130771
130810
130820
130834
130836
130837
130843
130857
130885
130903
130915
130922
130927
130938
130943
130957
130982
130990
131005
131060
131070
131073
131089
130027
131090
131133
131150
131151
131150
131158
131189
131191
131223
131230
131231
131242
131254
131296
131309
131319
131327
131349
131362
131361
131381
130693
131388
131424
131422
131442
131465
131470
131498
131522
131531
131540
131576
131606
131626
131636
131665
131701
131745
131768
131779
131785
131786
131785
131798
131815
131082
131821
131835
131852
131859
131542
131870
131891
131897
131927
131926
131933
131934
131956
131975
132005
132057
132103
132106
132115
132156
132176
132217
132240
132256
132312
132316
132320
132331
132336
132347
132348
132351
132371
132377
132385
132401
132407
132430
132439
132456
132469
132471
132511
132518
132554
131909
132561
132565
132605
132280
132613
132624
132630
132641
132647
132658
132676
132700
132705
132707
132710
132713
132779
132797
132803
132886
132946
132958
132971
132996
133010
132710
132713
133015
133030
133048
133075
133091
133110
133126
133138
133143
132559
133151
133154
133187
133192
133215
133228
132309
133253
133256
133292
133300
133292
133303
133315
133318
133320
133332
133343
133346
133343
133377
133383
133050
133388
133417
133427
132815
133450
133452
133117
133457
133463
133470
133477
133500
133508
133524
133535
133549
133586
133597
133606
133627
133630
133656
133676
133704
133705
133718
133751
133787
133417
133804
133809
133810
133818
133841
133866
133873
133919
133929
133936
133943
133946
133988
133253
134012
134023
134033
134045
134064
134067
134084
134115
134128
134133
134142
134151
134210
134228
134230
134250
134257
133943
134261
134271
134282
134300
134311
134343
134352
134380
134388
134392
134395
134084
134437
134469
134527
134544
134583
134585
134597
133975
134628
134643
134648
134649
134651
134649
134668
134687
134707
134711
134722
134735
134748
134760
134762
134776
134779
134484
134824
134831
134852
134862
134868
134872
134874
134907
134910
134991
135020
135028
135043
135051
135052
135051
135085
135116
135134
135138
135144
134524
135146
135150
135177
135182
135192
135210
135238
135241
135255
135275
135295
135301
135308
135329
135333
135392
135414
135435
135446
135449
135456
135502
135514
135539
135241
135546
135554
135559
135579
135590
135629
135635
135647
135680
135697
135714
135755
135780
135801
135817
135837
135845
135851
135856
135246
135883
135900
135904
135941
135955
135976
136006
136013
136015
136050
136055
136050
136070
136080
136102
136121
136120
136123
136125
136128
136165
136167
136171
136207
136218
136223
136239
136283
136293
135730
136299
136304
136358
136391
136435
136443
136488
136499
136511
135630
136512
136515
136524
136537
136539
136604
136629
136669
136671
136699
136715
136730
136729
136742
136755
136760
136770
136773
136218
136803
136576
136819
136823
136827
136859
136879
136892
136916
136924
136932
136973
136995
136997
136995
137014
137063
137064
137087
136524
137106
137111
137116
136561
137122
137152
137179
137192
137196
137216
137229
137231
137275
137291
137327
137328
137350
137372
137384
137397
137403
137467
137468
137482
137498
137502
137514
137524
137545
137564
137594
137593
137612
137620
137621
137620
137624
137661
137684
137714
137720
137723
137750
137753
137762
137793
137874
137869
137877
137966
137968
138003
138021
138059
138061
138065
138079
138090
138100
138107
137826
138123
138131
138158
138223
138228
138229
138228
138288
138314
138315
138358
138361
138055
138373
138380
138090
138385
138388
138398
138401
138417
138418
138417
138429
138439
138492
137090
138517
138519
138528
138542
138548
138569
138583
138587
138611
138624
138628
138671
138704
138714
138722
138728
138771
138775
138800
138824
138842
138866
138868
138870
138618
138878
138624
138879
138912
138671
138675
138918
138678
138925
138964
139013
139038
139046
139105
139123
139134
139136
139143
139175
139192
139199
139202
139205
139228
139235
139239
139246
139269
139274
139281
139300
139305
139314
139341
139346
139347
138775
139364
139067
139360
139383
139396
139431
138583
139441
139479
139494
139517
139518
139519
139521
139565
138728
139580
139287
139584
139588
139584
139601
139611
139615
139644
139645
139657
139658
139669
139673
139679
139708
139105
139718
139721
139726
139732
139742
139164
139744
139747
139749
139789
139795
139805
139860
139877
139888
139893
139908
139631
139926
139640
139988
140027
139742
140063
140076
140084
140089
140142
140201
140214
140225
140231
140243
140263
140315
140319
140320
140335
140339
140363
140386
140389
140392
140407
140460
140481
140526
140539
140563
140578
140580
140581
140589
140614
140613
140623
140644
140643
140657
140660
140684
140709
140725
140734
140733
140739
140748
140753
140755
140819
140827
140836
140853
140857
140876
140913
140932
140950
140966
140968
140993
140989
140994
141001
141026
141027
141037
141056
141059
141062
141059
141079
141082
141100
141118
141134
141146
141158
141172
141171
141179
141186
141202
141218
141221
141257
141272
141281
141338
141336
141344
141358
141364
141386
141398
141403
141412
141414
141412
141437
141463
141014
141470
141272
141015
141496
141498
141504
140836
141310
141514
141535
141541
141545
141566
141567
141579
141583
141612
141623
141625
141628
141634
141630
141676
141682
141684
141721
141740
141750
141770
141771
141775
141782
141794
141795
141799
141804
141826
141827
141843
141848
141860
141891
141898
141902
141905
141910
141935
141950
141955
141963
141981
141088
141987
142010
142026
142077
142111
142172
142180
142187
142189
142187
141940
142197
142231
142269
142278
142317
142327
142329
142346
142373
142375
142385
142395
141897
142409
142416
142431
142432
142438
142446
142452
142474
142475
142474
142487
142505
142503
142508
142520
142256
142523
142524
142532
142537
142573
142592
142609
142620
142650
142655
142664
142224
142687
142695
142735
142084
142317
142745
142752
142755
142758
142780
142786
142795
142819
142625
142837
142846
142865
142869
142880
142882
142893
142897
142912
142958
142973
143004
143009
143017
142781
143030
143033
143040
143046
143074
143083
143089
143113
143114
143116
142895
143128
143135
143137
143147
143171
143180
143204
143224
143248
143309
143316
143335
143344
143347
143353
143360
143372
143375
143410
143413
143014
143452
143034
143465
143467
143473
143492
143494
143504
143511
143527
143535
143542
143584
143597
143605
143620
143629
143635
143645
143646
143645
143650
143645
143660
143663
143673
143697
143297
143755
143759
143763
143772
143786
143791
143801
143811
143594
143824
143396
143832
143838
143846
143854
143864
143865
143873
143879
143417
143887
143886
143925
143941
143954
143962
143968
143977
143979
143986
143992
144002
144009
143584
144013
144023
143598
144034
144074
144083
144097
144103
144104
144108
144104
144133
144148
144168
144184
144206
144208
144219
144265
144284
144105
144296
144302
144335
144340
144347
144352
144198
144359
144361
144366
144369
144372
144378
144383
144378
144410
144444
144464
144472
144473
144489
144498
144504
144513
144534
144343
144542
144551
144554
144565
144576
144581
144588
144593
144599
144600
144608
144611
144616
144636
144658
144670
144700
144704
144714
144755
144762
144771
144781
144588
144783
144788
144791
144809
144816
144839
144621
144858
144867
144877
144884
144911
144505
144919
144924
144960
144965
144979
144797
144987
145019
145033
145060
145067
145075
145086
145109
145115
145123
145125
145146
145156
145159
145187
145191
145199
145202
145216
145295
145310
145322
145327
145340
145336
145346
145141
145353
145150
145356
145361
145369
145372
145392
145395
145398
145404
145177
145410
145415
145406
145418
145437
145448
145464
145480
145490
145503
145519
145525
145551
145571
145588
145382
145594
145591
145598
145611
145624
145627
145448
145636
145642
145672
145681
145684
145688
145698
145705
145712
145715
145565
145724
145727
145738
145745
145747
145753
145757
145758
145759
145781
145779
145790
145819
145822
145833
145838
145848
145859
145517
145894
145898
145916
145917
145920
145921
145925
145916
145931
145929
145937
145753
145949
145954
145964
145962
145971
145981
146008
146068
146081
146118
146131
146140
146143
146142
146150
146164
146170
146208
146205
146215
146236
146297
146300
146307
146313
146321
146337
146341
146357
146361
146369
146372
146230
146401
146404
146403
146416
146433
146450
146458
146501
146506
146512
146532
146551
146565
146590
146607
146616
146630
146640
146645
146647
146649
146662
146663
146685
146694
146704
146713
146723
146747
146762
146772
146777
146684
146787
146799
146801
146590
146835
146836
146839
146627
146841
146843
146841
146848
146865
146887
146890
146918
146919
146957
146964
146983
147005
147030
147077
147095
147101
147103
147112
147132
147140
147151
146983
147154
147157
147173
147179
147103
147182
147197
147210
147075
147218
147145
147220
147224
147232
147235
147256
147284
147292
147293
147306
147308
147240
147315
147321
147320
147337
147346
147350
147393
147453
147454
147453
147465
147473
147484
147490
147514
147521
147527
147531
147538
147571
147580
147506
147593
147598
147600
147607
147560
147653
147658
147660
147665
147669
147671
147678
147683
147686
147692
147691
147724
147737
147740
147749
147772
147776
147773
147794
147809
147812
147820
147888
147884
147910
147920
147923
147926
147927
147933
147953
147981
148001
147998
148031
148040
148059
148066
148067
148071
148074
148100
148116
148126
148131
147904
148135
148150
148162
148175
148196
148197
148203
148211
148220
148228
148240
148247
148196
148283
148067
148300
148304
148308
148325
148329
148359
148379
148397
148407
148414
148415
148431
148314
148439
148440
148462
148470
148478
148482
148492
148537
148546
148557
148561
148564
148572
148527
148577
148433
148634
148641
148648
148653
148672
148669
148697
148718
148560
148731
148751
148757
148777
148783
148805
148826
148883
148906
148930
148845
148945
148955
148993
149013
149019
149028
149058
149073
149096
149121
149152
149161
149169
149174
149177
149231
149236
149247
149260
149312
149332
149328
149338
149347
149359
149395
149399
149465
149471
149474
149480
149483
149486
149488
149492
149483
149486
149498
149504
149516
149513
149459
149510
149519
149516
149459
149522
149525
149519
149516
149528
149534
149537
149549
149567
149570
149591
149627
149645
149689
149695
149698
149710
149713
149740
