18
22
26
29
31
38
37
72
64
73
72
64
82
88
98
107
110
115
121
131
137
152
164
162
165
167
165
168
169
168
179
168
223
240
251
263
264
274
276
288
295
321
329
332
341
349
374
373
383
376
385
388
399
419
438
447
455
458
459
462
467
481
493
495
502
505
530
539
545
549
571
586
591
614
621
628
631
664
676
682
687
694
713
714
719
729
738
748
781
784
787
786
797
802
809
813
823
845
870
879
880
879
896
898
899
898
917
929
946
955
965
970
980
976
988
989
998
1002
1005
1006
1005
1014
1021
1029
1036
1047
1059
1080
1081
1083
1086
1096
1095
1099
1130
1133
1136
1140
1025
1207
1218
1226
1234
1242
1254
1260
1263
1266
1267
1274
1276
1284
1301
1358
1362
1366
1372
1377
1381
1390
1389
1405
1407
1422
1430
1445
1444
1448
1453
1462
1469
1480
1506
1537
1540
1552
1555
1564
1598
1596
1599
1603
1607
1621
1632
1661
1673
1721
1723
1728
1732
1736
1739
1738
1748
1751
1754
1757
1758
1770
1773
1785
1786
1789
1792
1794
1797
1799
1800
1801
1800
1807
1827
1836
1842
1843
1842
1851
1857
1871
1896
1908
1911
1918
1923
1926
1929
1932
1939
1941
1944
1947
1961
1966
1972
1977
1980
1984
1989
1991
1989
2000
1996
2010
2013
2031
2033
2043
2046
2061
2067
2068
2070
2072
2079
2082
2086
2091
2115
2118
2124
2126
2142
2164
2163
2178
2185
2187
2191
2196
2197
2200
2203
2224
2236
2259
2248
2260
2262
2271
2278
2287
2296
2302
2290
2307
2314
2316
2319
2315
2320
2323
2328
2323
2329
2323
2331
2382
2410
2439
2468
2486
2499
2525
2538
2541
2550
2554
2573
2589
2595
2601
2604
2614
2617
2623
2629
2653
2664
2665
2664
2668
2672
2673
2683
2673
2689
2695
2701
2700
2707
2717
2722
2727
2737
2740
2751
2755
2751
2758
2761
2765
2776
2782
2803
2807
2819
2832
2836
2872
2866
2890
2899
2902
2909
2931
2936
2948
2950
2949
2977
2978
2977
2979
2977
2982
2994
3041
3043
3052
3084
3091
3116
3118
3131
3132
168
3140
3153
3161
3158
3167
3170
3168
3175
3180
3184
3191
3198
3203
3201
3221
3219
3217
3228
3241
3246
3249
3259
3269
3270
3312
3323
3337
3365
3370
3384
3389
3394
3405
3420
3434
3438
3442
3461
3469
3479
3482
3483
3487
3446
3504
3506
3516
3519
3533
3537
3542
3546
3564
3569
3594
3597
3606
3605
3610
3615
3634
3611
3645
3652
3657
3666
3671
3719
3734
3737
3736
3739
3738
3756
3770
3773
3782
3783
3787
3816
3838
3837
3840
3854
3858
3860
3871
3877
3879
3883
3885
3841
3906
3916
3917
3920
3921
3947
3959
3960
3964
3962
3974
3977
3992
3996
3959
4000
4007
4009
4027
4033
4037
4046
4056
4058
4056
4060
4056
4062
4069
4071
4075
4078
4077
4087
4069
4091
4089
4103
4101
4105
4112
4109
4123
4132
4138
4140
4145
1081
4148
4155
4157
4160
4162
4139
4164
4167
4186
4192
4197
4199
4201
4206
4210
4212
4213
4215
4220
4229
4228
4230
4231
4234
4240
4245
4255
4253
4251
4262
4266
4272
4289
4292
4291
4302
4325
4324
4326
4325
4324
4349
4366
4370
4372
4376
4374
4383
4385
4386
4383
4385
4390
4401
4408
4418
4416
4438
4440
4450
4457
4460
4461
4405
4469
4468
4475
4481
4485
4502
4506
4486
4526
4527
4531
4507
4547
4549
4551
4556
4554
4567
4583
4584
4586
4584
4595
4597
4600
4603
4606
4609
4612
4614
4628
4656
4659
4662
4666
4698
4701
4705
4704
4722
4724
4729
4728
4739
4741
4750
4761
4777
4779
4780
4782
4784
4788
4795
4796
4815
4818
4820
4823
4825
4826
4827
4830
4778
4777
4841
4847
4848
4849
4856
4863
4866
4876
4880
4885
4888
4867
4866
4893
4897
4900
4903
4916
4920
4927
4934
4935
4886
4940
4941
4910
4947
4958
4961
4962
4936
4965
4970
4973
4986
4997
4995
4999
4997
4998
5001
5004
5008
5011
5020
5023
5022
5002
5035
5042
5049
5052
5060
5065
5066
5065
5102
5125
5127
5129
5127
5134
5113
5112
5144
5151
5160
5171
5173
5188
5200
5202
5203
5219
5221
5223
5253
5202
5256
5261
5277
5282
5287
5307
5311
5315
5318
5334
5349
5354
5357
5370
5371
5374
5387
5400
5412
5414
5417
5426
5428
5426
5431
5438
5437
5442
5462
5464
5467
5472
5480
5483
5491
5496
5499
5507
5508
5471
5512
5518
5523
5526
5529
5535
5538
5539
5556
5557
5566
5576
5574
5580
5584
5585
5586
5602
5609
5607
5610
5615
5613
5633
5631
5642
5644
5606
5662
5673
5678
5688
5691
5697
5703
5709
5712
5715
5721
5725
5724
5732
5746
5751
5755
5754
5762
5767
5776
5785
5791
5797
5795
5805
5815
5817
5823
5825
5847
5852
5854
5852
5856
5860
5861
5875
5878
5893
5896
5898
5910
5826
5915
5928
5896
5930
5931
5933
5931
5935
5938
5955
5970
5969
5974
5972
5987
6004
6018
6026
6029
6027
6031
6029
6035
6040
6044
6046
6051
6056
6054
6058
6056
6074
6076
6077
6079
6086
6091
6093
6100
6101
6115
6125
6131
6135
6139
6146
6144
6153
6160
6165
6169
6172
6190
6191
6193
6196
6198
6205
6211
6222
6223
6225
6228
6236
6244
6243
6248
6260
6252
6264
6277
6287
6285
6289
6301
6305
6303
6307
6311
6315
6326
6329
6332
6337
6341
6342
6350
6356
6371
6377
6382
6385
6398
6403
6409
6411
6415
6426
6427
6429
6431
6437
6444
6451
6455
6464
6466
6469
6473
6478
6485
6486
6492
6491
6497
6499
6502
6530
6545
6558
6564
6568
6553
6570
6577
6600
6601
6600
6607
6619
6626
6628
6627
6630
6637
6669
6671
6686
6698
6705
6708
6710
6708
6713
6718
6719
6735
6770
6778
6782
6800
6819
6830
6829
6836
6838
6842
6853
6855
6863
6864
6852
6863
6862
6871
6875
6877
6879
6875
6874
6882
6889
6910
6919
6935
6941
6958
6959
6966
6965
6971
6974
6943
6979
6992
7016
7015
7020
7042
7046
7052
7058
7060
7059
7062
7066
7081
7085
7083
7089
7090
7095
7102
7115
7113
7117
7124
7143
7149
7154
7155
7172
7176
7183
7185
7186
7188
7189
7191
7202
7204
5102
7207
7217
7218
7222
7224
7228
7230
7237
7239
7242
7258
7260
7263
7265
7267
7263
7269
7275
7285
7289
7291
7289
7292
7294
7293
7302
7305
7312
7319
7336
7328
7337
7341
7336
7344
7347
7360
7358
7362
7377
7378
7381
7361
7390
7394
7406
7408
7415
7420
7428
7433
7435
7440
7452
7458
7463
7471
7477
7488
7491
7493
7443
7504
7507
7511
7513
7515
7527
7532
7531
7536
7541
7542
7546
7552
7532
7557
7556
7562
7573
7575
7584
7594
7596
7600
7603
7576
7610
7619
7624
7635
7638
7644
7646
7649
7624
7651
7652
7649
7624
7655
7656
7601
7678
7655
7693
7696
7701
7703
7710
7717
7718
7719
7726
7750
7751
7753
7757
7761
7769
7774
7777
7780
7779
7738
7783
7745
7784
7785
7786
7793
7795
7801
7803
7806
7808
7809
7811
7816
7819
7820
7827
7829
7849
7854
7861
7862
7875
7879
7881
7885
7817
7894
7897
7899
7910
7916
7920
7932
7961
7963
7962
7971
7997
8015
8031
8041
8039
8046
8050
8052
8057
8061
8084
8093
8095
8096
8110
8127
8148
8158
8162
8178
8186
8188
8189
8101
8192
8203
8223
8134
8235
8242
8251
8257
8279
8281
8312
8221
8315
8319
8324
8329
8339
8345
8347
8345
8352
8363
8275
8364
8369
8401
8405
8406
8420
8423
8362
8455
8467
8476
8479
682
8486
8501
8504
8514
8461
8518
8524
8477
8534
8549
8551
8561
8563
8567
8566
8568
8471
8573
8577
8576
8575
8579
8533
8589
8591
8597
8601
8602
8606
8605
8608
8610
8613
8525
8625
8624
8628
8634
8645
8646
8650
8656
8658
8662
8664
8667
8676
8680
8690
8691
8696
8694
8701
8704
8681
8680
8705
8707
8717
8718
8722
8727
8734
8738
8751
8755
8754
8757
8772
8776
8777
8776
8778
8781
8784
8783
8789
8788
8793
8794
8800
8806
8817
8827
8838
8839
8842
8844
8849
8852
8861
3032
8865
8866
8887
8892
8898
8897
8916
8921
8925
8926
8939
8941
8954
8963
8964
8965
8967
8977
9002
9012
9038
9043
9077
9079
9082
9101
9102
9104
9102
9106
9102
9116
9120
9152
9151
9155
9172
9177
9184
9201
9208
9223
9225
9231
9238
9271
9223
9279
9287
9305
9309
9312
9321
9326
9327
9330
9337
9345
9358
9361
9363
9371
9392
9396
9404
9446
9449
9450
9453
9454
9463
9466
9469
9487
9488
9506
9533
9544
9545
9551
9560
9569
9589
9600
9607
9624
9643
9646
9683
9691
9722
9733
9737
9691
9689
9739
9750
9758
9762
9766
9770
9802
9857
9847
9858
9863
9880
9881
9895
9900
9915
9919
9925
9900
9924
9934
9948
9954
9966
9984
9990
10000
10039
10041
10042
10049
10071
10078
10080
10105
10130
10131
10147
10163
10177
10189
10191
10207
10225
10255
10257
10261
10262
10286
10288
10303
10305
10318
10344
10356
10372
10373
10372
10386
10396
10414
10142
10416
10429
10435
10439
10441
10451
10452
10462
10475
10480
10482
10488
10490
10491
10497
10508
10512
10511
10516
10515
10531
10534
10536
10538
10545
10555
10558
10576
10602
10616
10633
10654
10699
10712
10727
10726
10761
10777
10778
10777
10780
10792
10795
10789
10797
10792
10804
10808
10809
10821
10825
10829
10830
10834
10843
10847
10852
10853
10852
10854
10859
10857
10865
10873
10874
10875
10855
10878
10861
10896
10893
10894
10909
10922
10928
10932
10935
10948
10953
10973
10974
10976
10990
10964
10963
10991
10998
11006
11007
11014
11023
11025
11024
11027
11023
11033
11032
11034
11035
11034
11078
11080
11109
11115
11118
11134
11133
11136
11147
11146
11151
11154
11157
11160
11165
11176
11190
11192
11190
11222
11219
11223
11227
11228
11227
11230
11233
11235
11237
11239
11242
11243
11242
11248
11268
11269
11271
11276
11278
11284
11297
11312
11311
11314
11316
11317
11319
11322
11327
11340
11341
11351
11354
11357
11355
11375
11335
11376
11380
11390
11403
11408
11414
11415
11380
11419
11427
11432
11427
11429
11435
11461
11474
11477
11480
11507
11508
11523
11494
11529
11534
11544
11547
11563
11580
11581
11585
11591
11614
11620
11619
11623
11625
11632
11636
11596
11659
11684
11693
11698
11707
11711
11722
11731
11733
11744
11746
11748
11753
11756
11757
11765
11777
11791
11803
11810
11811
11810
11818
11821
11842
11851
11860
11863
11867
11882
11884
11898
11916
11923
11936
11937
11939
11941
11948
11952
11959
11962
11976
11985
11988
11996
12000
12001
12004
12021
12028
12029
12026
12028
12030
12034
12039
12058
12063
12070
12069
12072
12078
12081
12088
12087
12090
12091
12100
12104
12113
12114
12113
12119
12125
12127
12104
12138
12139
12145
12148
12151
12149
12161
12167
12168
12145
12174
12177
12157
12156
12179
12184
12187
12161
12198
12201
12204
12213
12212
12217
12224
12222
12231
12232
12231
12234
12238
12245
12267
12274
12275
12286
12290
12294
12296
12298
3878
12308
12307
12309
12322
12323
12322
12324
12330
12346
12349
12352
12375
12377
12382
12385
12396
12406
12411
12414
12421
12428
12440
12454
12453
12461
12456
12472
12480
12482
12487
12489
12494
12495
12498
12499
12498
12518
12523
12524
12526
12529
12543
12562
12563
12487
12568
12578
12584
12593
12621
12628
12631
12637
12668
12677
12680
12678
12692
12695
12709
12708
12727
12729
12731
12755
12759
12767
12769
12774
12788
12789
12839
12848
12849
12862
12886
12887
12891
12905
12911
12920
12923
12938
12936
12943
12945
12943
12947
12956
12954
12973
12887
12986
12989
12992
13010
13016
13015
13018
13021
13022
13027
13030
13033
13036
13039
13060
13077
13099
13022
13101
13106
13105
13109
13116
13117
13151
13154
13156
13162
13167
13168
13101
13103
13175
13177
13198
13210
13212
13216
13227
13231
13261
13259
13262
13267
13295
13302
13306
13328
13325
13332
13333
13332
13340
13297
13342
13355
13358
13361
13367
13372
13374
13388
13393
13423
13428
13429
13438
13439
13448
13455
13459
13461
13469
13429
13467
13476
13478
13497
13501
13508
13526
13532
13533
13538
13563
13587
13589
13593
13601
13621
13624
13644
13645
13644
13649
13660
13644
13683
13702
13714
13717
13721
13727
13739
13741
13746
13751
13767
13772
13790
13788
13802
13815
13820
13818
13830
13831
13835
13844
13849
13851
13866
13877
13878
13885
13863
13892
13908
13914
13918
13924
13923
13937
13939
13942
13945
13960
13978
13981
13988
13994
13996
13999
14007
10999
14011
11066
14013
14018
14019
14026
14028
14029
14020
14028
14032
14034
14038
14041
14047
14048
14049
14056
14059
14063
14065
14078
14076
14081
14088
14093
14092
11388
14099
14100
14104
14102
14105
14100
14102
14110
14123
14131
14132
14139
14141
14139
14144
14147
14151
14153
14151
14169
14180
14181
6530
14190
14193
14197
14201
14199
14202
14204
14206
14215
14214
14223
14193
14226
14237
14259
14239
14238
14260
14259
14238
14262
3297
14270
14275
14296
14299
14309
14311
14323
14325
14327
14332
14337
14349
14351
14366
14371
14369
14384
14387
14390
14389
14387
14385
14393
14394
14393
14409
14411
14418
14421
14423
14402
14412
14421
14425
14426
14428
14460
14463
14470
14477
14479
14477
14482
14485
14487
14495
14497
14501
14516
14527
14535
14539
14549
14551
14560
14561
14564
14617
14619
14644
14651
14652
14656
14694
14700
14701
14703
14705
14713
14714
14726
14729
14732
14759
14761
14764
14785
14789
14794
14795
14796
14809
14825
14830
14839
14843
14850
14863
14869
14873
14885
14890
14903
14907
14917
14918
14940
14943
14951
14971
14981
14983
14987
15011
15014
15013
15025
15023
15049
15056
15057
15062
15063
15067
15070
15072
15076
15083
15085
15090
15097
15099
15103
15112
15122
15126
15128
15126
15146
15175
15178
15185
15183
15203
15234
15272
15287
7484
15292
15294
15277
15297
15300
15316
15319
15321
15325
15329
15327
15332
15359
15357
15368
15390
15392
15393
15370
15394
15399
15402
15414
15433
15437
15409
15441
15453
15457
15473
15475
15481
15483
15490
15497
15508
15512
15518
15522
15493
15525
15530
15532
15535
15539
15538
15542
15543
15544
15572
15571
15595
15620
15626
15632
15643
15659
15665
15668
13799
15667
15670
15673
15679
15670
15685
15687
15695
15713
15714
15721
15726
15736
15739
15743
15755
15764
15780
15792
15796
15797
15801
15818
15821
15826
15828
15844
15851
15859
15871
15887
15889
15901
15919
15925
15930
15929
15941
15943
15960
15965
15971
15913
15978
15999
16006
16019
16024
16034
16045
16049
16050
16060
16067
16073
16090
16094
16097
16111
16114
16129
16133
16139
16142
16145
16147
16153
16156
16172
16174
16185
16213
16215
16235
16237
16239
16244
16245
16247
16248
16256
16253
16252
16259
16282
16286
16298
16283
16300
16305
16310
16311
16314
16321
16325
16333
16336
16343
16378
16383
16378
16388
16392
16394
16399
16400
16404
16411
16412
16411
16414
16419
16436
16444
16452
16456
16461
16466
16493
16507
16515
16517
16531
16557
16563
16585
16587
16600
16604
16627
16632
16635
16637
16648
16652
16656
16663
16665
16653
16668
16673
16681
16684
16687
16690
16699
16696
16713
16722
16721
16742
16748
16750
16755
16769
16766
16773
16772
16779
16785
16791
16806
16808
16801
16818
16833
16840
16850
16847
16851
16853
16869
16874
16875
16878
16880
16912
16914
16917
16931
16932
16942
16954
16959
16962
16966
16980
16987
16991
16996
17007
17013
17022
17037
17041
17042
17048
17050
17052
17057
17087
17085
17089
17091
17093
17103
17102
17104
17108
17117
17121
17130
17137
17139
17156
17162
17163
17185
17186
17188
17186
17198
17205
17209
17215
17222
17225
17233
17238
17242
17247
17252
17256
17259
17242
17270
17274
17280
17279
17285
17289
17303
17311
17330
17333
17340
17357
17321
17362
17369
17377
17388
17410
17412
17427
17430
17437
17441
17445
17470
17476
17481
17494
17519
17525
17539
17545
17563
17573
17578
17621
17623
17637
17645
17648
17660
17605
17664
17665
17678
17681
17617
17689
17706
17716
17731
17735
17740
17750
17762
17764
17767
17770
17773
17788
17793
17795
17817
17824
17828
17838
17843
17845
17844
17854
17866
17874
17883
17888
17891
17892
17844
17893
17844
17891
17892
17893
17896
17918
17920
17924
17922
17925
17933
17972
17975
17973
17980
17991
18029
18032
18038
18063
18067
18090
18093
18101
18067
18120
18121
18123
18128
18137
18153
18156
18159
18162
18159
18166
18139
18168
18175
18178
18180
18201
18207
18210
18238
18257
18260
18261
18302
18306
18313
18318
18334
18343
18353
18365
18402
18405
18408
18416
18417
18418
18421
18427
18428
18437
18449
18454
18476
18479
18482
18485
18518
18538
18542
18551
18552
18555
18573
18578
18577
18581
18562
18584
18594
18596
18604
18614
18617
18642
18645
18649
18652
18651
18658
18657
18656
18665
18671
18670
18675
18683
18688
18692
18705
18712
18709
18710
18716
18736
18738
18743
18744
18747
18742
18755
18759
18764
18765
18764
18776
18779
18801
18802
18804
18807
18810
18816
18819
18824
18822
18827
18838
18842
18845
18855
18859
18864
18886
18890
18897
18898
18909
18910
18915
18924
18934
18938
18947
18950
18955
18958
18961
18975
18984
18964
18988
18995
18996
19001
18979
18980
19005
19013
19012
19016
19024
19026
19034
19037
19042
19047
19050
19052
19060
19069
19071
19075
19078
19086
19090
19097
19106
19104
19115
19114
19118
19120
19121
19120
19124
19143
19157
19158
19162
19163
19168
19171
19181
19200
19175
19207
19193
19208
19210
19213
19216
19221
19245
19248
19228
19256
19265
19266
19268
19266
19274
19273
19280
19283
19286
19293
19298
19311
19315
19323
19328
19334
19348
19349
19354
19359
19345
19362
19369
19375
19379
19381
19384
19388
19375
19391
19400
19399
19406
19412
19411
19414
19416
19421
19424
19435
19436
19445
19426
19427
19442
19457
19462
19464
19469
19474
19496
19500
19505
19509
19515
19519
19522
19542
19549
19519
19554
19567
19568
19534
19569
19573
19586
19596
19597
19595
19604
19602
19621
19627
19670
19671
19679
19695
19699
19705
19716
19719
19725
19732
19695
19734
19737
19764
19776
19777
19779
19785
19788
19791
19798
19807
19812
19815
19782
19821
19855
19881
19886
19885
19889
19885
19905
19945
19976
19982
19980
19992
20020
20033
20044
20041
20050
20054
20058
20059
20066
20062
20065
20066
20077
20091
20094
20077
20126
20128
20143
20146
20153
20164
20168
20170
20174
20177
20180
20189
20195
20198
20199
20207
20219
20217
20227
20230
20241
20257
20259
20269
20284
20289
20295
20296
20298
20302
20317
20324
20321
20333
20341
20345
20356
20375
20376
20384
20388
20391
20403
20424
20426
20430
20436
20444
20443
20446
20448
20467
20469
20458
20472
20476
20486
20489
20500
20437
20476
20505
20511
20524
20527
20530
20516
20532
20536
20541
20527
20549
20550
20554
20556
20545
20559
20560
20564
20575
20576
20581
20584
20588
20596
20599
20606
20607
20611
20621
20623
20632
20633
20636
20632
20633
20650
20663
20667
20671
20675
20676
20675
20673
20679
20686
20685
20693
20711
20720
20723
20728
20736
20739
20743
20766
20770
20774
20773
20777
20757
20784
20790
20793
20816
20819
20829
20837
20844
20866
20873
20883
20873
20872
20887
20900
20903
20904
20910
20915
20924
20927
20929
20936
20940
20948
20947
20960
20962
20967
20968
20976
20978
20981
21000
21011
21014
21013
21022
21028
21033
21038
21037
21039
21045
21049
21057
21065
21064
21068
21069
21072
21075
21103
21110
21119
21121
21123
21127
21155
21173
21176
21148
21149
21184
21190
21192
21200
21205
21206
21212
21213
21229
21245
21212
21257
21281
21286
21239
21290
21186
21292
21291
21301
21300
21305
21315
21323
21351
21373
21372
21381
21388
21394
21401
21411
21453
21476
21477
21481
21482
21486
21490
21497
21506
21509
21512
21515
21531
21536
21541
21551
21554
21568
21569
21568
21570
21588
21541
21589
21592
21602
21636
21637
21641
21655
21694
21696
21697
21704
21710
21721
21747
21752
21759
21760
21759
21781
21786
21790
21795
21807
21810
21817
21818
21820
21817
21836
21838
21840
21841
21840
21848
21851
21852
21859
21860
21882
21883
21882
21886
21894
21900
21899
21902
21899
21904
21907
21923
21941
21943
21959
21966
21971
21975
21981
22007
22008
22007
22023
22052
22070
22106
22111
22125
22128
22135
22156
22166
22172
22176
22178
22183
22205
22207
22214
22228
22227
22243
22266
22295
22302
22210
22303
22305
22307
22316
22325
22328
22334
22336
22338
22351
22358
22374
22388
22391
22407
22414
22419
22421
22446
22352
22451
22458
22496
22499
22497
22503
22447
22505
22517
22520
22535
22554
22557
22565
22577
22589
22600
22602
22604
22605
22633
22634
22633
22637
22642
22643
22642
22601
22644
22646
22648
22649
22648
22653
22675
22676
22675
22679
22694
22702
22704
22713
22729
22748
22749
22751
22764
22784
22787
22791
22794
22741
22802
22805
22802
22809
22829
22855
22862
22863
22864
22870
22874
22915
22926
22937
22946
22952
22974
22979
23002
23004
23008
23033
23038
23043
23071
23083
23086
23093
23041
23123
23140
23146
23152
23174
23182
23186
23212
23242
23245
23248
23073
23252
23257
23262
23272
23279
23277
23281
23285
23296
23321
23334
23341
23350
23351
23361
23369
23378
23396
23397
23401
23422
23446
23458
23462
23474
23476
23478
23482
23495
23494
23498
23504
23518
23522
23534
23536
23531
23534
23558
23557
23583
23618
23619
23622
23639
23648
23653
23663
23664
23672
23670
23675
23676
23690
23693
23704
23705
23711
23717
23715
23727
23738
23753
23761
23773
23785
23797
23798
23801
23808
23819
23821
23836
23838
23848
23870
23878
23880
23887
23889
23899
23902
23905
23908
23916
23919
23931
23934
23938
23953
23951
23961
23964
23967
23981
23983
23981
23988
23998
24006
24011
24040
24039
24050
24060
24069
24088
24093
24099
24103
24112
24136
24143
24155
24157
24168
24188
24191
24202
24201
24205
24207
24209
24211
24226
24231
24243
24250
24254
24266
24275
24282
24269
24307
24308
24331
24337
24349
24356
24372
24373
24378
24380
24381
24386
24394
24393
24406
24409
24416
24423
24425
24431
24432
24437
24439
24441
24445
24443
24450
24455
24454
24462
24466
24475
24480
24484
24485
24466
24489
24490
24489
24501
24503
24505
24512
24514
24526
24532
24543
24548
24550
24551
24556
24559
24562
24565
24577
24580
24586
24589
24592
24610
24613
24619
24626
24632
24636
24649
24650
24670
24678
24718
24746
24747
24753
24763
24764
24767
24776
24774
24746
24782
24783
17486
24801
24808
24811
24817
24829
24865
17738
24866
24869
24870
24890
24891
24893
24898
24899
24898
24901
24916
24939
24921
24940
24939
24950
17710
24955
24959
17885
24969
24977
24979
24987
24991
24998
24985
24997
25000
25003
25015
25021
25020
25025
25026
25018
25029
25033
25042
25038
25041
25046
25054
25060
25065
25067
25068
25078
25081
25099
25103
25121
25123
25132
25136
25141
25150
25153
25154
25174
25181
25192
25202
25204
25210
25212
25216
25219
25232
25230
25252
25216
25217
25256
25219
25258
25264
25267
25272
25275
25278
25275
25286
25288
25293
25298
25307
25267
25321
25338
25343
25346
25349
25351
25357
25364
25371
25373
25371
25379
25352
25321
25389
25395
25397
25412
25427
25429
25431
25441
25444
25457
25462
25469
25471
25473
25475
25480
25484
25485
25492
25504
25506
25528
25537
25544
25553
25588
25597
25600
25607
25609
25610
25609
25616
25625
25630
25634
25638
25640
25638
25642
25646
25579
25648
25650
25664
25670
25678
25681
25691
25696
25699
25705
25706
25714
25717
25718
25732
25736
25740
25744
25748
25751
25753
25757
25706
25705
25761
25769
25768
25774
25783
25790
25795
25800
25804
25813
25834
25840
25844
25850
25854
25859
25878
25885
25903
25929
25940
25962
25965
25988
25990
26008
26006
26015
26017
26024
26038
26065
26070
26081
26082
26087
26123
26131
26136
26139
26152
26158
26189
26192
26203
26205
26206
26210
26218
26233
26245
26248
26255
26256
26280
26289
26296
26298
26307
26313
26317
26339
26346
26349
26354
26368
26370
26379
26388
26391
26388
26394
26402
26416
26419
26424
26422
26433
26437
26438
26448
26450
26461
26466
26477
26478
26481
26490
26499
26476
26503
26510
26521
26519
26527
26531
26534
26563
26564
26565
26566
26569
26568
26573
26575
26592
26611
26630
26629
26633
26635
26654
26652
26659
26660
26659
26670
26697
26701
26700
26710
26713
26726
26727
26730
26742
26754
26758
26762
26766
26769
26789
26791
26790
26767
26807
26797
26806
26808
26810
26808
26819
26825
26826
26829
26839
26837
26844
26853
26854
26856
26862
26861
26865
26869
26875
26878
26880
26890
26888
26889
26893
26896
26898
26903
26901
26917
26919
26929
26930
26925
26941
26961
26979
26985
26991
27002
27007
27017
20524
27028
27031
27038
27040
27044
27043
27048
20647
27052
27051
27054
27056
27061
27063
27087
27098
27122
27123
27136
27138
27148
27151
27167
27170
27173
27176
27186
27209
27211
27228
27200
27232
27239
27210
27240
27249
27258
27276
27277
27291
27300
27306
27253
27315
27324
27328
27330
27339
27340
27302
27300
27344
27359
27360
27366
27387
27397
27416
27414
27421
27431
27435
27438
27447
27453
27431
27473
27471
27477
27485
27487
27483
27498
27507
27520
27521
27524
27546
27556
27575
27586
27609
27612
27617
27638
27619
27639
27643
27656
27657
27668
27672
27681
27689
27688
27691
27693
27695
27697
27696
27700
21989
27710
27719
27758
27767
27769
27773
27776
27784
27793
27794
27793
27798
27802
27803
27809
27816
27799
27822
27831
27833
27840
27861
27846
27869
27868
27871
27869
27875
27876
27880
27883
27884
27887
27904
27910
27913
27920
27923
27920
27919
27929
27931
27935
27953
27957
27962
27973
27988
27999
28029
28035
28043
28044
28049
28048
28084
28091
28093
28096
28100
28111
28117
28125
28127
28135
28153
28154
28157
28167
28171
28178
28180
28182
28204
28209
28198
28210
28213
28215
28254
28261
28265
28272
28273
28280
28281
28291
28292
28293
28291
28298
28300
28315
28317
28321
28320
28328
28335
28338
28345
28350
28351
28357
28359
28383
28385
28392
28400
28398
28402
28404
28406
28409
28410
28425
28427
28434
28440
28434
28449
28480
28478
28482
28497
28498
28506
28509
28512
28522
28535
28543
28553
28555
28557
28568
28572
28571
28574
28571
28579
28589
28590
28622
28627
28634
28635
28638
28640
28641
28656
28662
28671
28674
28676
28709
28719
28723
28727
28762
28803
28807
28809
28816
28819
28825
28833
28838
28843
28816
28850
28884
28887
28907
28906
28922
28928
28939
28952
28954
28955
28954
28959
28963
28972
28999
29015
29036
29037
29053
29059
29064
29077
29092
29094
29100
29113
29114
29113
29116
29117
29116
29125
29129
1246
29141
29155
29159
29119
29161
29162
29161
29171
29177
29182
29183
29182
29197
29203
29214
29234
29239
29242
29246
29248
29256
29258
29256
29259
29261
29259
29264
29269
29273
29279
29294
29296
29307
29311
29324
29284
29323
29329
29335
29336
29341
29342
29347
29348
29364
29366
29377
29380
29386
29390
29341
29396
29401
29403
29408
29418
29419
29421
29435
29449
29455
29459
29463
29477
29476
29478
29476
29482
29487
29496
29503
29521
29526
29533
29561
29568
29571
29594
29595
29597
29622
29628
29631
29637
29648
29684
29700
29706
29712
29716
29732
29756
29763
29767
29768
29774
29775
29779
29785
29796
29802
29803
29810
29814
29821
29827
29834
29837
29840
29860
29864
29873
29876
29912
29918
29930
29933
29938
29941
29948
29960
29963
29971
29974
29975
29979
29978
29981
30012
30022
30036
30050
30061
30065
30063
30090
30105
30061
30114
30119
30126
30127
30131
30132
30140
30148
30150
30164
30167
30173
30177
30185
30188
30191
30200
30204
30210
30222
30192
30223
30236
30241
30244
30245
30251
30257
30296
30236
30301
30307
30318
30321
30324
30327
30329
30340
30346
30350
30355
30371
30376
30375
30378
30379
30355
30381
30382
30381
30407
30422
30434
30442
30463
30465
30472
30494
30500
30454
30499
30501
30522
30523
30525
30529
30528
30540
30547
30511
30551
30553
30556
30563
30567
30571
30577
30590
30591
30594
30598
30602
30603
30608
30612
30617
30624
30628
30631
30630
30639
30643
30646
30649
30661
30662
30665
30667
30676
30678
30627
30628
30703
24266
30707
30712
30718
30724
30736
30740
30751
30754
30758
30768
30791
30792
30726
30794
30797
30798
30799
30805
30812
30815
30813
30827
30832
30842
30854
30869
30870
30880
30896
30900
30902
30905
30906
30858
30913
30933
30937
30961
30964
30966
30985
31001
31007
31013
31015
31016
31015
31019
31030
31034
31040
31061
31067
31066
31070
31075
31077
31079
31090
31111
31120
31127
31136
31137
31145
31159
31176
31186
31192
31195
31208
31221
31232
31150
31241
31242
31248
31257
31265
31268
31270
31275
31290
31297
31307
31313
31315
31331
31333
31339
31340
31348
31358
31359
31377
31393
31404
31407
31409
31411
31422
31431
31452
31451
31453
31452
31459
31468
31473
31484
31498
31499
31498
31522
31537
31549
31548
31554
31558
31562
31563
31562
31576
31584
31600
31609
31614
31626
31646
31614
31649
31651
31652
31666
31672
31675
31683
31703
31713
31693
31726
31730
31732
31736
31742
31758
31763
31775
31784
31801
31803
31805
31806
31805
31807
31811
31826
31852
31870
31898
31904
31907
31912
31945
31951
31969
31988
32023
32040
32060
32061
32060
32069
32081
32150
32177
32181
32224
32233
32246
32262
32267
32282
32287
32302
32310
32312
32329
32347
32359
32361
32363
32377
32383
32385
32392
32399
32443
32448
32503
32513
32520
32534
32535
32540
32547
32564
32567
32581
32597
32610
32644
32648
32682
32662
32683
32682
32687
32686
32689
32690
32706
32731
32735
32739
32748
32757
32758
32763
32770
32772
32775
32774
32779
32789
32793
32776
32774
32805
32808
32813
32822
32847
32848
32857
32862
32863
32862
32868
32877
32882
32880
32862
32884
32888
32890
32889
32893
32895
32898
32910
32917
32920
32924
32947
32951
32959
32966
32975
32987
32989
32995
33000
33007
33010
33014
33028
33026
33032
33040
33044
33049
33054
33065
33070
33080
33093
33098
33126
33170
33175
33177
33180
33188
33202
33206
33208
33216
33225
33235
33236
33238
33245
33251
33249
33257
33266
33265
33273
33296
33316
33324
33341
33342
33350
33362
33387
33395
33401
33413
33419
33422
33424
33438
33449
33457
33473
33482
33487
33498
33500
33498
33517
33528
33536
33557
33565
33568
33572
33581
33584
33581
33585
33587
33595
33604
33613
33619
33620
33624
33626
33627
33630
33643
33651
33662
33673
33677
33683
33700
33717
33716
33724
33728
33731
33749
33771
33779
33749
33780
33781
33782
33784
33800
33808
33814
33823
33784
33826
33832
33840
33851
33872
33874
33879
33886
33889
33888
33893
33894
33906
33907
33930
33947
33968
33971
33980
33993
34003
34006
34013
34043
34056
34065
34097
34116
34119
34122
34132
34148
34149
34152
34160
34169
34168
34187
34190
34210
34216
34225
34248
34254
34265
34267
34272
34278
34286
34299
34316
34342
34343
34350
34363
34371
34385
34396
34399
34403
34410
34419
34426
34393
34435
34442
34447
34460
34469
34477
34479
34502
34506
34514
34531
34537
34540
34546
34547
34546
34551
34562
34586
34596
34600
34611
34596
34616
34600
34618
34631
34640
34648
34674
34678
34679
34681
34685
34689
34707
34709
34714
34724
34729
34742
34748
34754
34771
34783
34787
34792
34808
34809
34813
34817
34827
34844
34872
34875
34880
34882
34890
34892
34890
34895
34889
34898
34900
34905
34918
34937
34936
34938
34937
34940
34948
34953
34936
34958
34970
34991
34992
34997
35006
35025
35031
35036
35039
35043
35063
35092
35099
35128
35135
35144
35154
35159
35162
35161
35168
35180
35203
35208
35234
35249
35258
35259
35279
35282
35284
35288
35293
35296
35283
35309
35316
35320
35330
35338
35344
35351
35356
35363
35365
35371
35372
35375
35376
35383
35386
35410
35420
35453
35463
35471
35501
35502
35512
35513
35516
35530
35532
35533
35535
35540
35547
35543
35578
35580
35585
35588
35594
35597
35602
35605
35621
35632
35662
35719
35725
35732
35736
35754
35756
35762
23676
35767
35771
35781
35785
35797
35803
35809
35819
35818
35828
35831
35803
35833
35860
35864
35867
35860
35861
35877
35882
35877
35879
35888
35913
35918
35927
35925
35941
35953
35976
35991
35999
36005
36006
36013
36019
36022
36025
36028
36034
36041
36040
36043
36045
36052
36053
36059
36061
36065
36045
36074
36083
36081
36094
36106
36128
36131
36135
36137
31432
36141
36144
36154
36163
36164
36170
36172
36174
25753
36178
36181
36182
36189
36176
36195
36217
36220
36225
36235
36245
36258
36268
36291
36297
36330
36350
36354
36361
36373
36387
36389
36396
36401
36400
36427
36430
36436
36448
36485
36505
36531
36541
36553
36566
36551
36572
36575
36577
36584
36587
36590
36614
36621
36640
36648
36659
36669
36704
36770
36794
36799
36800
36799
36801
36815
36842
36863
36873
36863
36881
36903
36908
36899
36912
36916
36921
36930
36941
36971
36989
36997
37002
37004
37037
37039
37059
37078
37092
37111
37120
37139
37189
37191
37195
37196
37195
37205
37211
37217
37231
37244
37247
37222
37254
37260
37265
37269
37261
37273
37277
37288
37295
37294
37297
37327
37332
37336
37341
37350
37359
37367
37368
37371
37360
37378
37380
37389
37399
37410
37416
37418
37425
37428
37434
37441
37440
37446
37441
37461
37473
37476
37477
37476
37481
37490
37493
37491
37496
37518
37524
37542
37545
37537
37558
37562
37577
37581
37584
37594
37604
37602
37605
37613
37614
37621
37617
37622
37629
37636
37649
37647
37651
37656
37671
37670
37673
37670
37684
37685
37693
37696
37700
37701
37700
37716
37733
37734
37740
37743
37748
37761
37770
37778
37781
37792
37804
37806
37809
37818
37817
37821
37823
37827
37831
37832
37833
37844
37847
37854
37860
37878
37879
37881
37895
37901
37909
37914
37913
37918
37941
37955
37954
37958
37962
37970
37980
37992
37997
38001
38031
38045
38043
38050
38054
38081
38082
38045
38086
38104
38113
38115
38118
38136
38153
38185
38190
38189
38197
38199
38202
38203
38216
38222
38228
38230
38229
38185
38232
38236
38241
38252
38261
38269
38270
38275
38282
38295
38296
38312
38329
38330
38329
38337
38345
38353
38366
38384
38393
38391
38397
38399
38410
38414
38417
38423
38435
38441
38453
38459
38480
38483
38489
38498
38503
38507
38519
38524
38485
38525
38543
38555
38564
38567
38571
38575
38549
38576
38575
38578
38582
38581
38588
38597
38615
38624
38628
38642
38643
38648
38649
38651
38654
38659
38658
38668
38683
38687
38694
38714
38721
38732
38737
38738
38741
38761
38764
38768
38777
38772
38784
38807
38828
38831
38852
38855
38864
38867
38866
38869
38870
38878
38882
38891
38907
38917
38920
38892
38926
38929
38938
38941
38944
38946
38951
38977
38982
38986
38989
38999
38962
39007
39013
39016
39028
39035
39039
39048
39062
39090
39097
39095
39099
39103
39106
39107
39106
39109
39119
39131
39145
39158
39106
39107
39167
39195
39204
39152
39221
39242
39246
39251
39254
39260
39272
39202
39279
39282
39296
39299
39305
39315
39246
39325
39329
39335
39337
39350
39353
39356
39365
39368
39373
39379
39384
39389
39331
39391
39394
39407
39410
39413
39426
39446
39444
39470
39482
39481
39486
39491
39493
39497
39504
39508
39513
39525
39530
39528
39533
39493
39541
39543
39547
39550
39555
39560
39562
39565
39570
39572
39574
39580
39583
39591
39601
39605
39568
39610
39611
39622
39645
39653
39659
39668
39686
39687
39692
39694
39696
39728
39731
39734
39739
39744
39752
39756
39757
39759
39778
39789
39791
39794
39789
39795
39799
39803
39766
39806
39804
39811
39815
39818
39821
39827
39828
39833
39837
39845
39846
39818
39854
39860
39862
39869
39867
39872
39875
39873
39881
39879
39799
39883
39904
39907
39912
39917
39915
39921
39922
39883
39921
39927
39933
39944
39943
39951
39956
39968
39979
39984
39994
40001
40005
40026
40033
40035
40039
40046
40063
40084
40088
40099
40106
40127
40131
40132
40131
40140
40144
40150
40154
40157
40163
40166
40168
40179
40202
40207
40211
40218
40241
40242
40276
40278
40283
40287
40336
40341
40342
40348
40352
40354
40360
40348
40363
40364
40376
40348
40386
40399
40409
40416
40419
40423
40436
40434
40446
40450
40464
40466
40467
40471
40484
40485
40494
40503
40509
40516
40517
40519
40525
40528
40530
40534
40535
40543
40544
40558
40564
40573
40577
40595
40611
40619
40625
40638
40642
40645
40651
40676
40644
40685
40686
40689
40694
40716
40736
40735
40758
40762
40774
40790
40847
40852
40856
40865
40870
40877
40891
40906
40925
40940
40949
40987
41012
41013
41027
41037
41054
41057
41072
41074
41077
41095
41074
41099
41111
41134
41153
41155
41159
41176
41181
41186
41187
41190
41200
41207
41146
41208
41222
41223
41227
41236
41237
41242
41249
41248
41251
41252
41256
41259
41263
41266
41272
41277
41280
41285
41296
41322
41355
41356
41369
41380
41321
41379
41396
41409
41430
41439
41443
41449
41453
41462
41465
41482
41485
41501
41504
41513
41532
41537
41546
41559
41524
41572
41578
41580
41583
41596
41599
41609
41612
41614
41623
41632
41641
41645
41668
41684
41688
41692
41696
41716
41719
41722
41741
41755
41765
41772
41741
41777
41787
41801
41802
41805
41808
41812
41814
41822
41825
41833
41843
41846
41844
41866
41882
41888
41911
41922
41927
41945
41953
41956
41979
41981
41987
41988
41991
41995
42017
42023
42034
42043
42048
42051
42054
42023
42056
42023
42061
41989
42083
42085
42086
42093
42097
42104
42111
42115
42128
42131
42141
42154
42157
42133
42161
42178
42184
42194
42198
42233
42245
42266
42271
42279
42284
42296
42314
42319
42339
42313
42346
42353
42358
42416
42446
42447
42455
42458
42463
42482
42486
42504
42512
42509
42536
42546
42562
42573
42583
42593
42603
42609
42619
42628
42637
42645
42656
42657
42662
42677
42675
42720
42721
42720
42723
42747
42760
42764
42768
42771
42775
42787
42793
42805
42809
42813
42790
42822
42832
42844
42843
42846
42837
42851
42855
42860
42863
42869
42872
42887
42890
42914
42941
42952
42966
42967
42972
42975
42980
42985
42988
42991
43011
43016
43029
43036
43056
43036
43067
43070
43069
43085
43015
43095
43100
43103
43104
43117
43132
43141
43111
43140
43143
43158
43175
43212
43211
43223
43224
43246
43268
43267
43278
43280
43290
43294
43301
43345
43357
43367
43400
43409
43407
43415
43455
43458
43466
43467
43483
43490
43492
43510
43515
43519
43518
43537
43547
43553
43581
43594
43596
43601
43604
43616
43628
43642
43650
43654
43662
43678
43683
43693
43709
43716
43727
43726
43732
43746
43753
43760
43759
43778
43793
43790
43801
43807
43819
43821
43829
43837
43844
43850
43854
43856
43858
43865
43871
43899
43919
43940
43955
43954
43963
43973
43983
43993
43997
44000
44027
44026
44050
44033
44069
44081
44087
44090
44102
44077
44130
44141
44150
44159
44165
44170
44209
44218
44223
44239
44251
44258
44223
44224
44268
44279
44292
44316
44318
44320
44341
44353
44357
44358
44361
44341
44364
44378
44392
44404
44426
44438
44472
44471
44480
44491
44507
44513
44519
44525
44545
44550
44554
44562
44587
44588
44587
44593
44600
44609
44622
44624
44632
44628
44648
44659
44673
44679
44681
44711
44686
44742
44747
44753
44761
44767
44779
44794
44810
44824
44831
44834
44831
44853
44859
44868
44884
44894
44902
44907
44911
44925
44938
44937
44952
44981
45022
45035
45039
45042
45051
45063
45070
45072
45081
45101
45109
45113
45131
45138
45156
45165
45173
45180
45192
45209
45211
45220
45221
45229
45230
45233
45248
45257
45264
45284
45323
45326
45328
45331
45333
45342
45353
45358
45364
45368
45374
45395
45367
45398
45397
45401
45403
45406
45407
45415
45420
45435
45462
45472
45470
45481
45487
45492
45504
45511
45530
45538
45539
45554
45568
45581
45602
45617
45619
45617
45621
45628
45627
45643
45648
45663
45670
45671
45674
45675
45685
45686
45695
45705
45717
45721
45732
45737
45742
45744
45749
45764
45778
45782
45792
45794
45796
45801
45824
45775
45830
45834
45835
45838
45840
45847
45863
45872
45878
45884
45887
45908
45914
45938
45960
45965
45991
46006
46014
46039
46038
46081
46093
46100
46110
46162
46171
46170
46177
46175
46194
46199
46211
46222
46226
46236
46244
46258
46278
46283
46288
46292
46295
46292
46296
46298
46300
46307
46310
46330
46364
46374
46355
46382
46393
46400
46405
46411
46417
46429
46432
46446
46450
46454
46457
46459
46460
46466
46469
46471
46487
46492
46494
46436
46496
46520
46544
46547
46568
46569
46600
46604
46619
46643
46644
46651
28015
46652
46654
46667
46675
46681
46684
46691
46698
46707
46718
46716
46726
46732
46753
46760
46770
46774
46780
46788
46820
46823
46826
46827
46832
46848
46852
46891
46910
46903
46917
46918
46922
46932
46926
46935
38557
46936
46942
46946
46951
46959
46961
46972
46986
46990
46989
46991
46993
46994
47000
46993
47033
47034
47039
47059
47086
47087
47086
47096
47106
47110
47121
47128
47132
47138
47139
38933
47148
47161
47199
47206
47208
47210
47208
47225
47224
47226
47252
47254
47273
47290
47292
47299
47307
47339
47346
47356
47360
47372
47373
47379
47387
47398
47420
47419
47433
47453
47455
47453
47462
47467
47477
47484
47464
47493
47494
47493
47515
47520
47544
47576
47578
47584
47590
47593
47607
47606
47614
47623
47631
47652
47651
47669
47674
47677
47687
47636
47707
47712
47729
47734
47747
47751
47752
47755
47766
47780
47789
47804
47807
47824
47826
47827
47830
47832
47840
47849
47850
47870
47896
47899
47901
47909
47910
47912
47933
47935
47938
47939
47951
47957
47967
47971
47984
47997
48007
48021
48024
48028
48038
48036
48040
48059
48057
48073
48077
48082
48085
48088
48090
48097
48100
48103
48111
48113
48116
48122
48135
48142
48148
48149
48151
48154
48161
48052
48170
48171
48175
48179
48184
48185
48184
48202
48204
48214
48229
48238
48243
48247
48257
48258
48278
48196
48283
48298
48301
48300
48308
30269
48311
48316
48334
48337
48347
48349
48358
48359
48358
48373
48382
48391
48395
48312
48396
48403
48419
48422
48427
48433
48434
48439
48441
48445
48449
48454
48452
48462
48464
48469
48471
48475
48479
48480
48490
48494
48498
48502
48505
48512
48517
48519
48523
48532
48535
48539
48560
48572
40325
48574
48578
48478
48479
48589
48601
48602
48511
48601
48511
48607
48612
48615
48619
48632
48553
48635
48641
48668
48674
48683
48687
48689
48687
48700
48637
48709
48713
48722
48736
48739
48748
48758
48764
48655
48763
48765
48775
48778
48780
48788
48791
48794
48800
48694
48802
48805
48807
48812
48826
48842
48845
48850
48854
48785
48862
48870
48883
48890
48897
48901
48905
48923
48929
48932
48878
48935
48946
48947
48951
48955
48958
48959
48958
48961
48965
48968
48971
48973
48974
48976
48980
48982
48981
48992
48996
48997
48996
49001
49007
49019
49022
49024
49031
48970
49038
49039
49038
49045
49046
49045
49056
49060
49058
49073
49081
49085
49084
49090
49093
49109
49115
49116
49120
49127
49051
49129
49135
49134
49144
49151
49154
15925
49168
49176
49117
49180
49120
49185
49192
49195
49198
49127
49206
49219
49221
49235
49238
49240
49244
49248
49255
49258
49261
49265
49264
49276
49281
49285
49309
49311
49244
49316
49246
49320
49328
49331
49343
49348
49367
49378
49384
49388
49396
49401
49412
49418
49422
49427
49428
49433
49442
49444
49447
49453
49459
49462
49463
49465
49471
49478
49482
49409
49486
49496
49507
49508
49515
49525
49531
49542
49550
49552
49561
49562
49567
49570
49571
49572
49575
49578
49583
49584
49591
49590
49596
49597
49600
49604
49605
49624
49633
49564
49640
49574
49650
49580
49658
49656
49660
49666
49676
49675
49679
49680
49683
16019
49699
49703
49564
49705
49708
49717
49720
49654
49723
49726
49727
49738
49744
49743
49748
49750
49753
49761
49763
49767
49771
49775
49783
49798
49814
49818
49831
49835
49838
49840
49864
49867
49876
49877
49882
49895
49901
49909
49916
49919
49927
49929
49930
49929
49942
49950
49958
49969
49978
49987
49985
50005
50011
50013
50027
50032
50031
50036
50048
50054
50056
50057
50062
50068
50077
50079
50083
50086
50089
50095
13562
50107
50111
50116
15697
50121
50123
50125
50129
50105
50131
50134
50137
50146
50148
50170
50179
50188
50191
50197
50201
50200
50222
50228
50242
50252
50299
50310
50314
50324
50359
50363
50364
50368
50375
50379
50384
50391
16022
50395
50396
50411
50426
50429
50445
50446
50445
50456
50457
50476
50484
50495
50508
50530
50561
50550
50566
50599
50615
50626
50629
50648
50650
50655
50662
50720
50737
50741
50740
50746
50754
50774
50801
50830
50836
50848
50857
50855
50863
50864
50873
50872
50881
50882
50890
50891
50895
50896
50895
50908
50912
50918
50920
50924
50930
50941
50948
50951
50956
50962
50971
50972
50980
50986
50987
50995
50998
51005
51006
51014
51027
51037
51049
51053
51056
51062
51005
51061
51081
51082
51085
51086
51087
51092
51101
51104
51113
51119
51123
51130
51133
51142
51145
51149
51151
51153
51173
51175
51179
51178
51184
51180
51195
51207
51215
51219
51227
51228
51227
51242
51250
51251
51256
51271
51275
51287
51284
51283
51291
51306
51317
51327
51335
51340
51358
51362
51371
51385
51390
51402
51403
51416
51431
51436
51438
51444
51449
51450
51456
51490
44092
51502
51504
51512
51521
51530
51564
51563
51596
51605
51618
51626
51633
51645
51663
51667
51673
51679
51669
51688
51694
51699
51703
51712
51716
51727
51733
51734
51743
51741
51753
51751
51750
51754
51763
51765
51754
51772
51780
51789
51802
51812
51810
51816
51818
51825
51829
51835
51838
51847
51850
51852
51855
51858
51877
51885
51889
51894
51896
51894
51907
51913
51914
51922
51928
51931
51932
51939
51938
51944
51946
51950
51953
51959
51963
51978
51988
51992
51991
51997
52006
52012
52014
52017
52025
52023
52026
52030
52035
52041
52050
52055
52069
52058
52076
52077
52096
52097
52099
52108
52110
52109
52108
52121
52122
52127
52136
52140
52143
52145
52159
52161
52168
52171
52175
52177
52182
52186
52191
52195
52205
52204
52209
52195
52194
52223
52224
52234
52242
52252
52251
52262
52263
52270
52274
52289
52298
52297
52302
52306
52302
52313
52333
52336
52348
52350
52366
52377
52385
52391
52396
52404
52430
52429
52436
52444
52440
52446
52453
52461
52465
52477
52485
52484
52492
52494
52503
52513
52516
52515
52530
52539
52542
52543
52549
52556
52559
52567
52580
52588
52589
52604
52619
52620
52619
52632
52633
52668
52673
52679
52691
52704
52721
52728
52743
52750
52753
52760
52781
52788
52809
52821
52828
52835
52837
52844
52850
52855
52859
52867
52868
52867
52864
52870
52885
52887
52890
52897
52905
52908
52917
52923
52929
52933
52941
52945
52958
52968
52971
52978
52981
52989
52992
52996
53001
53004
53021
53022
53025
53053
53045
53056
53073
53079
53067
53093
53122
53125
53127
53131
53142
53152
53155
53167
53173
53185
53191
53200
53202
53209
53213
53215
53218
53220
53235
53257
53259
53272
53283
53291
53300
53286
53320
53323
53318
53322
53326
53329
53333
53345
53349
53365
53375
53377
53384
53386
53388
53395
53398
53397
53405
53413
53412
53428
53429
53432
53433
53438
53439
53441
53459
53472
53476
53479
53481
53482
53486
53509
53512
53520
53519
53542
53544
53539
53551
53595
53601
53625
53630
53632
53635
53640
53641
53644
53659
53664
53669
53670
53672
53677
53685
53702
53707
53708
53714
53722
53721
53725
53743
53747
53749
53750
53752
53757
53758
53761
53749
53771
53767
53774
53776
53780
53782
53783
53824
53845
53846
53845
53853
53858
53860
53863
53868
53877
53886
53890
53895
53897
53901
53902
53901
53904
53909
53911
53914
53921
53937
53950
53952
53960
53978
53999
54005
54016
54021
54028
54031
54050
54048
54051
54068
54043
54076
54095
54098
54104
54106
54112
54115
54114
54122
54125
54131
54106
54140
54141
54147
54148
54163
54176
54179
54186
54192
54219
54223
54235
54240
54262
54270
54278
54286
54292
54293
54296
54316
54319
54323
54326
54332
54338
54340
54342
54332
54346
54357
54359
54361
54362
54364
54367
54361
54374
54376
54383
54392
54401
54402
54407
54409
54414
54418
54425
54426
54428
54431
54430
54438
54439
54446
54454
54459
54460
54456
54473
54489
54492
54501
54505
54545
54548
54557
54569
54577
54579
54591
54610
54646
54647
54656
54658
54668
54670
54682
54684
54692
54700
54703
54709
54715
54719
54728
54743
54748
54772
54776
54806
54817
54823
54828
54849
54864
54876
54889
54902
54906
54919
54947
54965
54974
54977
54983
54979
54984
54996
55001
54996
55019
55024
55028
55040
55044
55048
55054
55056
55057
55064
55069
55072
55081
55086
55089
55097
55100
55117
55123
55136
55148
55149
55189
55194
55201
55216
55219
55226
55228
55231
55247
55246
55291
55297
55300
55313
55321
55327
55338
55354
55353
55358
55366
55369
55373
55369
55370
55371
55381
55396
55401
55404
55405
55410
55422
55426
55436
55447
55451
55461
55476
55486
55526
55529
55541
55552
55561
55559
55567
55570
55574
55572
55576
55574
55572
55581
55595
55600
55605
55598
55614
55616
55618
55619
55621
55622
55625
55633
55638
55648
55651
55663
55667
55676
55677
55694
55711
55694
55714
55720
55753
55780
55793
55799
55806
55812
55840
55841
55840
55862
55864
55866
55870
55864
55873
55867
55876
55880
55886
55890
55891
55894
55905
55912
55914
55922
55940
55952
55912
55935
55962
55964
55944
55966
56020
56030
56063
56065
56067
56071
56034
56087
56056
56089
56090
56095
56098
56109
56113
56121
56156
56158
56189
56195
56194
56200
56201
56200
56206
56210
56221
56236
56249
56200
56257
56262
56277
56294
56296
56299
56305
56308
56312
56314
56328
56333
56296
56339
56345
56347
56350
56389
56423
56422
56425
56432
56436
56439
56444
56456
56458
56459
56465
56476
56500
56501
56500
56503
56510
56515
56536
56545
56546
56551
56566
56567
56576
56579
56581
56588
56539
56591
56593
56611
56612
56611
56617
56618
56617
56624
56584
56623
56626
56636
56641
56643
56644
56650
56665
56664
56669
56632
56671
56678
56685
56690
56694
56698
56700
56661
56702
56705
56716
56719
56738
56753
56756
56759
56763
56770
56783
56788
56792
56795
56798
56803
56818
56825
56824
56829
56850
56866
56869
56872
56881
56890
56896
56899
56907
56912
56915
56922
56939
56944
56957
56980
56985
56989
57001
57022
57031
57036
57051
57059
57078
57089
57097
57102
57106
57115
57120
57133
57139
57140
57154
57156
57173
57189
57208
57220
57236
57239
57242
57245
57247
57248
57251
57260
57262
57263
57262
57276
57275
57282
57284
57289
57292
57293
57295
57298
57301
57314
57317
57319
57331
57336
57284
57344
57350
57352
57365
57367
57377
57376
57388
57404
57409
57415
57424
57426
57428
57445
57454
57458
57457
57465
57468
57470
57468
57481
57487
57488
57487
57490
57502
57503
57516
57521
57520
57527
57490
57532
57534
57496
57539
57544
57559
57567
57574
57578
57577
57599
57604
57608
57621
57629
57644
57653
57652
57667
57679
57685
57697
57716
57736
57748
57750
57773
57781
57784
57786
57766
57794
57778
57803
57784
57812
57816
57820
57822
57830
57834
57838
57843
57858
57866
57872
57873
57875
57839
57838
57873
57882
57913
57916
57917
57927
57928
57918
57933
57934
57952
57962
57967
57970
57991
57992
57996
58000
58007
58013
58024
58028
58035
58040
58046
58054
58056
58059
58061
58062
58066
58070
58073
58074
58075
58074
58087
58091
58089
58108
58111
58114
58129
58141
58148
58153
58174
58178
58153
58183
58188
58197
58213
58220
58219
58225
58228
58233
58237
58246
58249
58253
58264
58268
58270
58275
58279
58281
58287
58294
58300
58301
58304
58308
58310
58325
58285
58324
58326
58336
58337
58342
58345
58348
58352
58354
58358
58370
58375
58373
58379
58378
58387
58354
58396
58403
58406
58410
58419
58454
58455
58460
58465
58495
58511
58528
58535
58538
58544
58565
58571
58570
58574
58582
58592
58601
58608
58614
58617
58620
58633
58649
58653
58656
58661
58656
58662
58664
58662
58667
58675
58677
58699
58702
58711
58713
58716
58760
58763
58779
58795
58810
58812
58808
58818
58835
58833
58836
58861
58863
58875
58880
58881
58888
58895
58901
58907
58910
58919
58930
58942
58966
58967
58966
58971
59006
59007
59006
59008
59012
59032
59022
59042
59050
59066
59067
59074
59078
59093
59099
59114
59119
59126
59131
59055
59078
59142
59143
59134
59142
59162
59161
59164
59176
59198
59206
59207
59208
59212
59227
59241
59249
59259
59272
59282
59284
59290
59289
59295
59301
59304
59319
59329
59333
59335
59339
59348
59357
59361
59371
59370
59389
59399
59420
59433
59459
59479
59481
59489
59512
59520
59526
59527
59543
59546
59565
59592
59596
59603
59608
59613
59618
59616
59620
59623
59622
59630
59632
59631
59639
59664
59670
59689
59690
59695
59698
59705
59711
59710
59716
59720
59723
59735
59769
59776
59782
59803
59807
59813
59814
59821
59825
59832
59840
59850
59854
59857
59871
59872
59877
59876
59879
59896
59902
59916
59939
59938
59948
59950
59955
59957
59959
59964
59969
59971
59974
60001
60000
60017
60023
60045
60061
60076
60087
60092
60098
60117
60129
60131
60129
60136
60134
60163
60176
60178
60179
60178
60184
60188
60204
60207
60219
60236
60237
60238
60244
60269
60273
60293
60290
60306
60305
60319
60330
60334
60309
60333
60350
60359
60365
60372
60376
60400
60409
60415
60366
60425
60435
60436
60435
60440
60448
60452
60409
60462
60487
60491
60498
60507
60517
60518
60534
60539
60556
60557
60563
60566
60569
60587
60590
60588
60595
60602
60608
60639
60644
60662
60667
60677
60721
60724
60746
60741
60755
60763
60769
60784
60790
60788
60801
60806
60816
60823
60830
60827
60834
60845
60847
60853
60855
60869
60873
60875
60881
60882
60890
60895
60897
60904
60916
60923
60926
60927
60932
60945
60949
60962
60976
60980
60988
60992
61004
61007
61012
61019
61023
61030
61033
61039
61047
61052
61057
61062
61069
61071
61077
61081
61082
61077
61081
61113
61127
61130
61128
61131
61134
61141
61146
61160
61170
61182
61184
61199
61217
61239
61248
61275
61276
61275
61279
61322
61328
61349
61368
61369
61376
61389
61390
61389
61420
61421
61420
61449
61452
61456
61429
61463
61468
61467
61472
61475
61487
61485
61488
61493
61500
61519
61526
61529
61535
61534
61539
61546
61550
61548
61554
61577
39565
61579
61589
61592
61594
61598
61603
61605
61615
61625
61624
61646
61651
61653
61657
61661
61662
61666
61670
61673
61674
54640
61682
61683
61690
61688
61694
61651
61693
61706
61709
61727
61731
61666
61746
61762
61766
61775
61783
61787
61785
61791
61798
61797
61802
61808
61819
61823
61825
61841
61848
61861
61862
61861
61864
61870
61868
61819
61883
61887
61892
61907
61864
61913
61931
61935
61940
61955
61962
61918
61968
61976
61983
61985
61994
62000
61945
62002
62004
62014
62015
62018
62023
62029
62034
62035
62042
62044
62060
62063
62067
62066
62071
62077
62076
62108
62110
61999
62125
62126
62132
62133
62051
62141
62147
62152
62158
62164
62173
62181
62186
62203
62206
62215
62257
62275
62282
62285
62288
62291
62301
62310
62321
62324
62323
62326
62272
62340
62345
62350
62359
62360
62361
62375
62387
62386
62392
62326
62272
62395
62399
62404
62414
62424
62435
62377
62450
62454
62460
62464
62470
62471
62476
62497
62507
62510
62521
62527
62540
62543
62551
62589
62606
62614
62620
62635
62642
62644
62653
62660
62663
62665
62663
62662
62681
62682
62688
62693
62701
62713
62728
62730
62735
62738
62744
62753
62756
62754
62757
62762
62777
62782
62786
62789
62644
62800
62802
62813
62815
62816
62828
62695
62833
62834
62833
62850
62851
62850
62874
62882
62883
62885
62887
62891
62903
62906
62909
62914
62921
62923
62926
62929
62947
62956
62958
62963
62972
62981
62982
62986
62999
63004
63013
63018
63040
63043
63045
63052
63069
63070
63073
63075
63080
63085
63084
63091
63092
63094
63099
63103
63115
63118
63119
63136
63134
63140
63145
63161
63060
63179
63082
63184
63190
63197
63201
63113
63209
63215
63217
63218
63217
63229
63232
63236
63234
63241
63244
63250
63254
63142
63282
63311
63318
63321
63324
63215
63213
63331
63333
63337
63342
63346
63347
63352
63361
63367
63262
63369
63268
63370
63383
63398
63402
63410
63416
63418
63419
63421
63423
63200
63430
63434
63331
63437
63444
63448
63454
63460
63462
63470
63482
63486
63491
63301
63490
63501
63310
63505
63506
63511
63514
63516
63534
63548
63547
63555
63563
63562
63578
63580
63589
63599
63609
63613
63615
63621
63623
63629
63635
63647
63659
63662
63589
63677
63689
63692
63696
63699
63724
63728
63736
63737
63743
63753
63752
63763
63785
63794
63797
63803
63820
63832
63835
63841
63846
63851
63856
63862
63865
63893
63896
63901
63902
63932
63935
63936
63941
63868
63940
63944
63947
63949
63951
63874
63955
63886
63826
63961
63967
63965
63970
63973
63974
63978
63914
63984
63983
63993
64004
64017
64027
64042
64045
64048
64058
64069
64075
64080
63856
64106
64109
64120
64126
64132
64135
64054
64138
64139
64138
64067
64140
63973
64150
64151
64169
64186
64187
64195
64196
64198
64207
64209
64226
64247
64250
64261
64262
64261
64265
64267
64285
64294
64300
64304
64305
64331
64332
64337
64336
64340
64342
64346
64357
64372
64384
64391
64393
64395
64307
64399
64401
64310
64408
64427
64429
64438
64439
64447
64446
64453
64452
64456
64459
64466
64477
64476
64496
64508
64505
64511
64519
64528
64526
64546
64550
64552
64554
64384
64563
64571
64569
64619
64627
64633
64639
64648
64654
64656
64665
64667
64665
64671
64685
64687
64700
64703
64612
64705
64706
64718
64730
64733
64738
64742
64657
64745
64774
64786
64787
64792
64800
64806
64811
64814
64813
64815
64819
64838
64842
64845
64850
64852
64865
64870
64889
64898
64900
64903
64905
64916
64917
64939
64949
64948
64950
64952
64955
64969
64972
64974
64979
64978
64985
65005
65008
65014
65027
65032
65034
65038
64932
65056
65064
65095
65105
65104
65107
65110
65113
65114
65113
65128
65139
65141
65145
65050
65148
65154
65157
65167
65169
65180
65183
65194
65200
65213
65212
65221
65230
65237
65238
65239
65242
65254
65293
65319
65326
65332
65338
65339
65345
65353
65352
65359
65357
65380
65392
65399
65437
65457
65461
65464
65466
65473
65474
65477
65493
65500
65502
65504
65507
65531
65537
65541
65548
65555
65558
65561
65568
65623
65674
65676
65682
65687
65587
65705
65707
65713
65719
65728
65731
65740
65750
65761
65762
65807
65838
65843
65848
65860
65864
65899
65900
65899
65907
65909
65907
65918
65920
65919
65924
65937
65939
65972
65981
65987
65991
66005
66006
66021
66035
66038
66040
66053
66056
66005
66054
66064
66071
66092
66102
66104
66107
66112
66133
66040
66142
66158
66156
66187
66232
66242
66270
66272
66274
66284
66288
66292
66306
66319
66321
66326
66334
66335
66334
66340
66349
66359
66362
66322
66364
66365
66366
66369
66376
66393
66394
66405
66437
66438
66442
66457
66458
66484
66488
66496
66506
66513
66517
66538
66563
66586
66589
66595
66601
66605
66603
66620
66625
66634
66638
66640
66616
66641
66643
66657
66664
66665
66690
66701
66708
66725
66729
66732
66738
66747
66749
66766
66768
66776
66781
66790
66791
66795
66803
66806
66814
66823
66834
66839
66747
66749
66848
66857
66858
66868
66870
66901
66913
66920
66925
66924
66930
66937
66943
66952
66958
66962
66808
66982
66985
66994
66998
66999
67009
67019
67021
67023
67033
67039
67045
67052
67061
67063
67062
67065
67069
67067
67065
67075
67094
67124
67130
67141
67145
67162
67166
67177
67179
67185
67187
67202
67039
67204
67210
67216
67241
67240
67247
67251
67253
67294
67295
67303
67319
67321
67336
67348
67394
67393
67395
67402
67425
67429
67431
67435
67462
67468
67471
67478
67348
67493
67506
67517
67519
67525
67529
67429
67528
67546
67552
67556
67582
67588
67592
67597
67637
67636
67640
67663
67668
67671
67678
67716
67719
67721
67719
67723
67719
67733
67732
67739
67760
67771
67784
67786
67792
67797
67814
67816
67818
67823
67835
55048
67837
67841
67855
67865
67867
67868
67877
67886
67888
67891
67894
67897
67903
67906
67910
67908
67912
67914
67915
67927
67943
67942
67945
67948
67950
67957
67961
67968
67972
67971
67976
67981
67993
67999
68003
68005
68020
68021
68023
68022
68026
68027
67990
68026
68032
68037
68043
68052
68056
68057
68061
68069
68020
68068
68020
68075
68086
68092
68098
68102
68105
68106
68110
68123
68122
68125
68128
68130
68143
68145
68147
68107
68164
68170
68173
68174
68190
68196
68198
68208
68210
68207
68219
68222
68223
68228
68233
68246
68247
68252
68253
68255
68267
68269
68273
68280
68283
68287
68288
68298
68306
68310
68313
68315
68313
68316
68318
68313
68319
68318
68313
68325
68328
68331
68333
68336
68335
68342
68340
68345
68357
68359
68376
68384
68396
68397
68400
68409
68408
68410
68412
68423
68422
68441
68464
68437
68472
68474
68487
68490
68505
68519
68531
68529
68532
68540
68547
68569
68572
68573
68585
68595
68597
68599
68601
68616
68619
68621
68632
68647
68649
68653
68655
68663
68669
68677
68681
68682
68681
68688
68692
68696
68695
68704
68706
68712
68719
68726
68732
68748
68751
68772
68788
68807
68829
68740
68837
68844
68845
68844
68851
68856
68833
68859
68857
68863
68865
68873
68870
68875
68885
68895
68919
68920
68954
68958
68963
68973
68976
68981
68985
69009
69014
69015
69018
69023
69024
68992
69033
69036
69037
69041
69043
69067
69070
69072
69076
69079
69085
69089
69094
69096
69111
69114
69120
69125
69133
69137
69138
69141
69142
69156
69159
69106
69163
69169
69173
69190
69195
69206
69204
69208
69210
69214
69220
69230
69239
69245
69246
69251
69272
69285
69289
69294
69304
69315
69316
69319
69320
69333
69346
69304
69380
69381
69389
69397
69425
69423
69437
69436
69440
69441
69442
69448
69452
69473
69478
69490
69504
69461
69515
69520
69525
69531
69545
69548
69551
69553
69557
69575
69581
69583
69598
69617
69631
69633
69636
69640
69644
69652
69669
69672
69677
69675
69679
69684
69689
69692
69661
69702
69706
69713
69715
69723
69667
69742
69744
69750
69758
69756
69762
69769
69781
69784
69786
69790
69748
69808
69812
69814
69815
69821
69832
69850
69858
69781
69862
69878
69832
69889
69891
69902
69915
69922
69928
69932
69934
69936
69934
69943
69948
69957
69962
69968
69973
69977
69981
69993
69996
69999
70002
70006
69941
70010
70014
70020
69967
70023
70031
70029
70035
70043
70052
70056
70058
70064
70062
70061
70065
70076
70103
70104
70115
70096
70114
70131
70139
70145
70152
70153
70155
70160
70167
70170
70178
70187
70155
70193
70199
70209
70214
70219
70240
70244
70259
70270
70272
70278
70307
70311
70330
70333
70334
70341
70349
70366
70369
70368
70373
70382
70380
70383
70398
70419
70426
70424
70428
70434
70435
70437
70444
70446
70481
70507
70513
70525
70523
70531
70535
70539
70551
70554
70560
70562
70576
70580
70578
70581
70599
70603
70607
70621
70629
70632
70633
70635
70638
70651
70658
70674
70677
70687
70689
70690
70693
70704
70723
70733
70749
70750
70753
70759
70770
70775
70776
70774
70787
70784
70790
70793
70799
70813
70823
70827
70840
70845
70750
70851
70854
70813
70856
70857
70865
70869
70880
70825
70896
70898
70911
70891
70926
70925
70928
70930
70942
70944
70949
70953
70968
70985
70989
70998
71007
71008
71028
71033
71036
71045
71046
71055
71071
71072
71074
71077
71059
71081
71089
71099
71072
71100
71117
71094
71121
71128
71137
71141
71143
71145
71150
71156
71168
71175
71179
71189
71201
71204
71209
71223
71241
71242
71245
71248
71251
71263
71261
71271
71279
71282
71284
71287
71286
71289
71287
71286
71291
71309
71316
71326
71336
71344
71343
71353
71354
71373
71376
71378
71376
71380
71376
71384
71385
71384
71393
71403
71421
71428
71431
71437
71442
71443
71447
71450
71456
71462
71474
71476
71478
71488
71513
71525
71523
71534
71535
71534
71547
71546
71554
71491
71539
71560
71566
71571
71577
71582
71580
71590
71595
71602
71611
71613
71620
71623
71636
71652
71667
71669
71675
71683
71696
71706
71711
71720
71723
71726
71742
71746
71752
71758
71779
71801
71802
71803
71808
71816
71817
71816
71820
71822
71835
71841
71847
71850
71855
71856
71860
71872
71876
71890
71902
71907
71929
71928
71897
71943
71947
71953
71955
71956
71962
71970
71979
71985
71984
71987
72012
72018
72036
72043
72031
72049
72051
72062
72072
72077
72078
72089
72087
72092
72090
72094
72106
72120
72143
72144
72143
72148
72149
72148
72166
72176
72182
72183
72197
72214
72229
72243
72240
72251
72256
72257
72277
72281
72297
72323
72324
72298
72325
72328
72339
72360
72363
72364
72382
72410
72420
72433
72443
72441
72444
72448
72447
72456
72460
72461
72460
72462
72481
72487
72495
72523
72524
72523
72529
72536
72543
72593
72600
72632
72658
72663
72667
72686
72645
72688
72716
72714
72734
72740
72748
72758
72762
72701
72763
72701
72762
72764
72780
72803
72822
72828
72836
72844
72852
72854
72858
72864
72867
72868
72870
72872
72894
72918
72931
72935
72942
72960
72961
72970
72976
72986
72992
73004
73016
73019
73024
73042
73043
73042
73047
73048
73052
73056
73063
73082
73092
73101
73121
73129
73136
73141
73159
73183
73185
73192
73198
73202
73204
73220
73185
73222
73223
73226
73192
73229
73228
73235
73252
73256
73255
73261
73262
73261
73263
73274
73249
73304
73307
73342
73300
73352
73375
73384
73386
73441
73447
73453
73454
73474
73484
73521
73527
73534
73567
73572
73575
73583
73602
73619
73621
73619
73623
73644
73647
73648
73647
73650
73663
73669
73671
73678
73680
73682
73699
73705
73706
73708
73709
73721
73733
73744
73749
73750
73754
73761
73765
73767
73781
73786
73793
73792
73796
73794
73800
73811
73820
73835
73849
73889
73894
73893
73932
73936
73939
73941
73943
73957
73975
73976
73975
73990
73998
74018
74021
74024
74057
74066
74077
74086
74097
74167
74179
74165
74180
74194
74200
74203
74210
74215
74222
74245
74258
74277
74260
74285
74283
74337
74348
74349
74357
74366
74367
74372
74373
74399
74402
74405
74416
74424
74439
74440
74449
74458
74462
74446
74477
74485
74486
74496
74502
74507
74552
74561
74546
74568
74579
74581
74587
74597
74607
74613
74632
74634
74638
74645
74674
74688
74698
74728
74726
74737
74756
74801
74880
74900
74907
74918
74927
74965
74975
74981
74984
75002
75007
75025
75050
75063
75081
75109
75144
75158
75175
75179
75194
75199
75218
75215
75226
75232
75238
75239
75269
75271
75272
75271
75281
75286
75313
75338
75343
75355
75418
75423
75418
75435
75442
75457
75493
75499
75508
75531
75563
75565
75567
75581
75584
75583
75610
75635
75653
75652
75655
75686
75716
75717
75731
75739
75746
75752
75757
75758
75769
75776
75779
75785
75754
75806
75808
75811
75827
75826
75830
54002
75828
75832
75836
75855
75869
75867
75881
75877
75914
75937
75946
75967
75970
75973
75980
75989
75992
76002
76012
76025
76030
76036
76041
76044
76046
76048
76050
76051
76055
76060
76062
76080
76081
76090
76107
76132
76131
76145
76144
76147
76146
76149
76153
76162
76163
76162
76171
76181
76182
76191
76197
76200
76208
76225
76230
76231
76230
76255
76266
76272
76308
76313
76329
76336
76346
76295
76345
76350
76354
76358
76361
76363
76381
76382
76394
76399
76402
76420
76444
76451
76453
76457
76460
76463
76475
76477
76481
76483
76487
76485
76490
76497
76516
76520
76522
76528
76544
76545
76550
76561
76570
76572
76596
76600
76612
76621
76622
76633
76635
76638
76650
76659
76674
76678
76686
76687
76662
76693
76694
76697
76699
76705
76707
76711
76712
76693
76717
76726
76741
76744
76746
76754
76765
76783
76792
76749
76810
76817
76836
76841
76843
76855
76891
76903
76909
76928
76930
76949
76960
76968
76973
77000
76999
77003
77009
77011
77030
77031
77044
77079
77080
77079
77089
77088
77120
77124
77145
77153
77163
77173
77175
77186
77197
77212
77237
77263
77265
77248
77275
1739
77287
77314
77300
77315
77321
77323
77340
77343
77349
77352
77357
77360
77369
77372
77374
77381
77386
77398
77399
77404
77407
77420
77421
77435
77445
77449
77453
77454
77461
77465
77467
77470
77477
77478
77465
77496
77498
77501
77523
77565
77567
77573
77582
77585
77608
77610
77622
53572
77634
77646
77648
77646
77656
77655
77680
77678
77682
77692
77696
77706
77711
77725
77729
77760
77770
77783
77790
77792
77790
77809
77821
77830
77841
77896
77908
77909
77921
77935
77965
77966
77965
77968
77965
77974
77982
77985
78010
78016
78019
78028
78066
78081
78093
78095
78110
78116
78118
78110
78142
78121
78145
78151
78160
78177
78179
78185
78204
78217
78226
78225
78243
78249
78278
78292
78294
78299
78302
78310
78319
78330
78338
78354
78368
78380
78381
78391
78396
78401
78434
78440
78444
78447
78458
78469
78474
78482
78511
78521
78525
78540
78560
78595
78602
78618
78637
78644
78646
78644
78652
78661
78674
78682
78694
78703
78708
78710
78708
78712
78708
78727
78749
78751
78753
78759
78762
78763
78773
78778
78799
78814
78826
78841
78847
78866
78868
78877
78882
78893
78895
78907
78915
78916
78928
78932
78939
78951
78969
78972
78977
78989
78986
78996
79002
79015
79018
79033
79037
79069
79070
54470
79081
79088
79112
79117
79123
79130
79145
79152
79162
79192
79202
79204
79220
79222
79250
79256
79265
79273
79275
79319
79325
79309
79337
79341
79366
79382
79421
79426
79427
79436
79434
79437
79436
79448
79451
79453
79456
79460
79465
79467
53926
79469
79476
79480
79493
79500
79502
79507
79543
79545
79560
79566
79589
79591
79595
79597
79628
79630
79604
79634
79628
79633
79673
79677
79726
79599
79715
79817
79848
79860
167
79868
79871
79867
79872
79889
79919
79953
79969
79999
80032
264
80038
80040
80045
80066
80068
80089
298
80113
80154
80173
80191
80210
80231
80254
385
80290
80389
80459
80532
80536
80548
80550
80560
80624
80659
80665
80667
80773
80778
80788
80806
80830
80904
80911
80917
80920
80938
80943
889
80955
80967
80970
80982
80986
80970
81014
81079
80936
81091
67901
81098
1005
81101
81105
81116
81166
81235
4245
81265
81271
81459
1222
81578
81650
24613
81651
81656
81662
81712
81751
81752
81769
81775
81651
81826
81887
81889
1552
81938
81941
81952
81960
82137
1732
1918
82140
82155
82158
82161
82164
82169
82179
82186
82204
82210
82222
20219
20217
82231
82249
82310
82319
82393
82404
82416
82441
82443
82447
82453
82455
82462
82459
82495
82642
82707
82708
82714
82716
82724
2200
82740
82765
82935
82954
82974
82980
83035
83104
83127
83133
83250
83305
83319
83327
83329
83384
83417
83419
83417
83424
83440
83441
83471
83482
83503
83519
83524
83534
83545
83550
83576
83580
83601
83617
83641
83647
83664
83698
83706
83708
83737
83746
83753
83779
6216
83788
83804
83806
83811
83821
83834
83844
83852
6040
83851
83860
83885
83896
83906
83908
83913
83948
83982
83979
83977
83985
84026
84041
84072
84070
84075
84070
84091
84106
84126
84157
84159
84195
84205
84208
84215
84225
84232
84255
84259
84308
84381
84384
84457
84461
84491
2750
2749
17176
84526
84547
84549
84593
84700
84719
84729
84733
84736
84765
84814
84830
84835
84865
84894
84913
84926
84953
84958
85012
85015
85111
85125
85129
3167
85231
85294
85319
85336
85375
85381
85430
85435
85508
85528
85672
3602
3600
85742
85822
85915
85968
85996
3953
86047
86118
86194
86206
86219
86304
86329
86449
86497
86636
4530
86645
86696
86708
86707
86741
86818
86846
4649
86882
86894
87193
87202
87218
87283
87328
87460
87462
87580
87680
87728
83913
87737
87752
87762
87791
87808
87821
87839
87851
5476
87905
5437
87919
87983
82447
87998
5639
88021
88048
88093
88165
88180
88193
88292
88477
6089
88490
6101
88526
88537
6139
88623
6735
88640
88649
88718
6342
88757
88810
88850
88916
88933
88947
88954
88957
88961
88973
89005
89011
89017
57200
89020
89026
89040
89051
89049
89090
89126
89174
89183
89184
89202
89209
89212
89216
89221
89225
89231
80281
89250
89261
61638
89258
89271
89301
89304
89318
89321
89327
89333
89401
89527
89573
6719
6718
89690
89705
89726
89735
89814
89966
89992
90019
90052
7021
90115
90125
7118
15018
90149
90255
90259
90287
90347
90376
90451
90499
90518
90566
90604
90649
90719
90737
7703
90767
90802
90805
90836
90880
90904
90922
90946
91015
91021
91036
91042
91141
8108
91144
91397
91399
8257
91420
91603
91607
91540
91747
8467
91748
91780
91919
91958
92262
92434
92473
92578
92585
92625
92645
92680
9366
92699
92729
92746
92755
92795
92798
7415
92857
92887
92911
92941
92948
9451
92953
92982
9646
93025
93026
93025
93027
93207
93396
9987
93405
93415
93447
93453
93503
93588
93612
93615
93629
93666
93684
93799
93849
93858
10350
93881
93958
93957
93965
93971
13796
93977
93979
93994
13205
15990
94002
94008
12322
94010
94008
12322
94011
13741
94013
94020
94031
94041
94052
23926
94058
94071
94081
94085
94121
94124
94143
94154
13667
94167
13914
94195
94197
13493
94206
94217
94224
13681
94233
10873
10889
94234
10874
94259
94261
94268
94269
94273
94288
94300
94319
94349
94525
94546
94573
94588
94604
94708
94781
94786
94811
10819
94820
94824
94897
94946
95047
95084
95108
11014
95257
95285
95322
95399
95479
95528
95689
95709
88919
95779
95803
95828
95833
95848
11731
95914
95917
11789
95971
96010
96106
96124
96227
96317
96490
12263
96527
96577
96580
96629
96652
96700
96706
96712
96721
96763
96859
96877
96883
96886
96919
12765
96925
12578
12677
96950
96970
97015
97100
12755
97136
97142
97159
97171
97235
97369
97522
97532
97549
13090
97561
97581
97588
97627
97720
97751
13358
97802
97819
97849
97922
97923
97948
13472
97951
98038
98192
98239
98248
98264
98284
98286
98291
98336
98357
98371
98431
98441
98478
98530
98538
98575
98593
98596
98615
98616
98635
98714
98804
14159
98893
98894
98893
98977
14373
99078
99082
99135
99136
99142
99146
99148
99151
99161
99163
99165
99169
15809
99179
99182
99190
99194
99202
99207
99209
99210
99207
99209
99233
99275
99278
99275
99284
99285
99290
99285
99305
99311
99295
99315
99326
99364
99365
99368
99365
99383
99392
99415
99419
99431
99447
99454
99499
99502
99508
99565
99592
99595
99604
99643
99772
99781
99792
99800
14808
99844
99849
99880
99899
99986
99988
100086
100097
100121
100253
100435
100465
100469
100496
100539
100559
100592
100621
100658
100706
13960
100720
100759
100808
100810
100808
100858
100892
100891
100897
94165
100905
100912
100932
49966
100936
100981
100984
100988
101011
101016
101026
101032
101059
101066
101075
101077
101087
101110
101134
15824
101146
101183
101296
101315
101338
101350
101351
101371
101377
101393
101398
16041
101410
101413
101419
101433
101473
101506
101515
16070
101521
101551
101567
101572
101615
99454
101627
101633
101640
101644
101813
101830
101870
47067
101885
101887
101886
101918
101926
101966
101975
101976
102014
102041
102060
102086
102095
102098
102116
102117
102119
102117
102145
102149
102148
102205
27693
27695
102207
102215
102227
102230
102239
102279
102308
73567
73568
102319
102346
102368
102385
102391
102405
102413
102415
102422
102429
102442
102448
102462
17108
102471
102475
102524
102536
53807
102539
102544
102547
102553
102590
102597
102625
102672
16811
102683
102692
102712
102750
102773
102781
102787
102788
102805
102815
102849
102871
103022
103209
16563
103332
103334
103379
103401
103433
103475
103514
103631
103666
103681
103686
103909
103913
103934
103945
103970
103991
104041
104057
104072
104105
104203
17372
104206
104230
104284
104286
104317
104320
104341
104353
17519
104356
104410
104414
104443
104450
104500
104539
17645
104545
17648
104581
104707
104716
17828
104719
104725
104740
104794
104815
104827
104850
104939
104963
104965
105002
18029
105008
18035
105032
105037
105050
105075
105079
105098
105114
105130
105183
105275
105302
105334
105354
18298
105368
105383
105386
105389
105397
18325
105400
105452
105455
105516
105604
105606
105641
105644
105680
105698
105700
105785
105787
105809
105917
105937
105982
105991
105989
106015
18801
106082
18864
106112
106132
106202
106214
106220
106277
106294
106359
106409
106418
106450
106529
106544
106555
106636
106639
106688
106697
106709
106732
106757
106768
106783
106822
106834
19457
106842
106870
106882
106912
106913
106997
106969
107163
107187
107219
107225
107234
107247
107316
107418
107453
107477
107639
107678
107693
107711
107720
107729
107762
107764
107771
107789
20259
107795
107815
107822
107831
107849
107864
107887
107908
107915
107936
107944
107943
108014
108120
108203
108238
108257
108260
108305
108316
108317
108316
108322
108394
108446
108448
108467
108466
108486
108524
108529
108530
108529
108551
108560
108609
108662
467
108671
108759
108798
108839
108856
108865
108898
108973
108977
109063
109111
109132
109141
21335
109228
109294
109334
109381
109436
109462
109568
109594
109630
109661
109673
27674
109706
109801
109847
109966
109982
110083
110107
110198
110220
110279
110296
110305
110438
110449
110506
110600
110674
110750
110852
110903
110932
110938
110971
110977
110987
111003
111253
111308
111345
111355
111424
111440
111529
111554
111600
111644
111704
111736
111739
111743
111742
111748
111750
111754
111763
111791
32727
111796
111797
111796
111799
111807
26713
111848
111865
35658
111869
111871
111874
111881
111884
94976
111887
111889
24848
111891
111901
111917
111925
111969
111988
112006
112019
112037
112044
112058
112079
112097
112098
112109
112112
55493
112111
112114
55780
112127
112136
112146
112161
112170
112194
112227
112260
112278
112289
112295
112337
112340
112360
112370
112478
23715
112508
112538
112541
112551
112552
112610
112673
112727
112765
112781
112846
112876
112891
24079
112897
24081
113006
113023
113097
113236
113252
103934
113255
103934
113275
113371
113380
113417
113434
113444
113467
113474
113518
113519
113530
113552
113561
24454
113530
113566
113602
24523
113617
24538
113635
24548
113665
24611
24610
113666
113701
113710
113740
113851
113892
113921
24717
113959
113999
114016
17738
24866
114023
114061
114161
114205
114222
24968
114247
114263
114262
114281
112028
114291
114303
114310
114337
25041
114356
114368
25065
114517
114532
114571
114577
114592
114590
114634
114637
114682
114685
114715
114724
114754
25360
25386
114793
25458
114823
114859
114862
114873
114892
114932
114943
114949
114958
114961
25559
114977
114988
25583
115000
115009
115090
115093
115096
115102
115120
115153
25736
115162
115243
115259
25860
115279
115339
25921
115348
115400
115438
115502
115529
115550
115575
115601
115663
115691
115785
115856
115934
115978
26537
116020
32743
116035
116093
116096
116140
116206
116210
116321
26789
26802
116339
116345
116326
116469
116522
102145
116569
116574
116591
116611
116693
116705
116767
116854
116900
116939
116977
27334
117046
117096
117335
117355
21747
117391
27683
117402
117487
117529
27769
117568
117675
111870
111871
117686
117700
35711
117697
35711
117788
117803
117805
117803
117817
117829
102227
117896
28028
117940
117973
118018
118054
53513
118102
118125
118128
118145
118157
118168
118189
47372
118192
118195
118196
118201
118210
118220
47850
118223
118226
118231
118234
118240
118251
118256
118263
118286
50974
118285
118293
118323
118331
118336
118339
118357
118364
118367
118370
118373
118375
118376
118378
118391
118392
118399
118403
118405
32863
118408
118415
116093
118431
118438
118444
118446
118466
118476
59630
118482
118483
118492
118522
118537
28100
118555
35719
118889
28452
118990
118992
119021
119221
119257
119386
119438
119458
47398
119478
119530
119674
29204
29203
119701
119641
119713
119725
119726
119725
119776
119821
119840
119875
119917
29447
119998
120010
120041
120097
29554
120136
120180
120215
120253
120282
120306
29779
120386
120387
120391
120394
120472
120511
120562
120570
120584
120603
120691
120725
120734
120903
120943
120952
121048
121067
121297
121373
121389
121433
121447
121516
121603
121684
121706
121768
121851
121861
121880
121851
121894
48916
121956
122002
122008
31270
31309
122067
122078
122248
122259
31539
122281
49225
122337
122423
122462
122482
122558
122689
49206
122692
122708
122818
122877
122914
123089
123134
123132
123283
32309
32307
123293
123301
123302
123328
123337
123370
123373
123428
123481
123484
32513
123530
123593
123600
123646
123652
123682
123688
123689
123726
123785
26510
123902
123946
124133
33070
124169
124181
33060
124276
124280
33225
124385
124366
124394
124441
124571
124603
124604
124603
124645
124690
124754
124877
124993
125000
125012
125039
125075
125198
125309
125335
34328
34326
125371
125404
125545
125579
125654
125723
125740
125741
125776
125845
125849
125873
125938
34889
126027
126040
126076
126085
126093
126095
126277
126283
126313
126323
126325
126331
35246
126359
126370
126391
126419
126430
126454
126588
126610
126656
126665
35532
126763
126839
126858
126940
126970
127021
127066
35855
127078
127117
127156
35918
127173
35932
127177
35945
127202
120320
127264
127276
127297
127321
127341
127342
127356
127367
127376
127423
36131
127462
36186
115219
127471
127498
127616
127649
127651
127649
127682
127685
127721
127766
127806
127823
127835
127915
127991
128000
128042
128059
128177
128179
128204
128248
128249
128327
128366
128492
128495
128517
128533
128569
128626
128633
128635
128663
128690
37303
128812
128815
59981
59976
128818
128823
38236
128847
128852
128858
128855
128861
39644
128860
128867
128869
128867
128872
128896
128909
128930
37890
128946
74857
128958
128967
128992
129011
37957
129041
129043
129061
129066
129079
129085
129093
129109
129110
129111
129116
129127
129130
129118
129146
129155
54409
129152
129166
129172
129179
129202
129206
129207
129215
129216
129224
129229
129235
42253
129246
129265
129292
79337
129331
129352
129563
37613
129650
37691
130093
130156
130370
38397
130394
130436
130442
130499
130553
130579
130653
38661
130723
130745
130777
130792
130899
131060
131236
131251
39215
131320
131488
39445
131518
131537
131575
39521
131627
131683
131707
131739
131741
131739
131830
39764
131852
131896
39860
131916
132014
132036
132211
132296
132295
132406
132418
40384
132496
132577
132702
132765
132772
132841
132850
132937
132983
133009
133093
133128
76577
133175
133178
133195
133238
133258
133304
133367
133373
133378
133382
133403
133408
133427
133555
133675
133684
76354
133726
133768
133817
133814
133825
133828
41762
133843
41792
133873
133906
133915
133921
133957
133969
134008
134015
134054
134084
41979
41981
42024
134008
134122
134195
134200
134216
42043
134603
134732
134743
134771
134854
134852
134933
134989
135110
135127
135134
135172
135182
135256
135323
135497
135563
135595
135620
135638
135637
135695
135733
135769
135958
135962
136019
136042
136070
136100
136120
136165
136172
136214
43997
136307
136331
136328
136352
136373
44165
136403
136505
44242
136554
136592
44412
136736
44463
136738
136853
136861
136876
44677
136897
136919
136948
136958
137102
137128
44912
44911
137311
45078
137333
137342
45147
137357
137410
137423
137462
137477
137496
137513
137549
137615
137653
45458
137675
137713
137716
137758
137761
137782
45563
137785
137807
137818
45586
45647
137825
45596
137846
137863
137859
137881
137905
137914
45707
137926
137929
137948
137965
137963
138157
138227
138305
138361
138376
138443
138468
138542
46310
138569
138611
138619
138632
138637
138669
138676
138724
46474
46423
46526
138734
138745
138746
138766
138802
46568
46547
138874
138949
138959
139004
139024
139030
139045
139142
139192
139234
139250
139258
139303
139373
139385
139345
139405
139413
139459
139463
139528
139529
139553
139564
139580
139612
139676
139712
139718
139984
139989
140059
140063
140114
140146
140168
140203
140249
140275
140348
29791
140351
140410
140419
140417
140450
48036
140494
140515
140518
48047
118231
140576
140602
140609
140617
140620
140626
140633
140672
48052
140687
140602
140710
48193
140719
140720
140728
140740
140764
48332
140770
140771
140815
140830
140851
140863
140923
140927
140815
140935
140941
140950
140956
140977
140984
140986
141004
48551
141121
141130
141136
141160
48635
141167
141190
141236
141268
141280
141289
141296
141298
141296
141319
141337
141335
141397
141404
48921
141421
141436
48958
141446
48973
141466
49071
141523
141550
141557
141593
141605
141614
141629
141641
141646
49079
141704
141709
141707
141721
141732
141766
49201
141791
141814
141835
141871
141925
141931
141934
49283
141952
141961
142045
49490
142102
49583
142108
142117
142129
142135
142150
142205
49525
142207
142216
49600
142225
142123
142231
142229
142253
142363
142387
49748
142426
49789
142438
142450
142477
49852
142480
142495
142502
142507
142450
142585
142615
142645
142651
142744
142762
50118
142769
142792
142810
142811
142876
50141
142918
142961
142969
142991
143008
143014
143035
143045
143072
50397
143131
143156
143158
50445
143201
143207
143228
143230
143251
143267
143275
143362
143398
143403
143417
143429
50644
143509
50744
143512
143519
143528
50796
143551
143555
143567
143573
143593
50828
143822
143845
143887
143911
143914
143972
144056
144058
144088
144113
144137
144445
144446
144450
54138
144455
144460
144486
144500
144501
144529
144535
144549
144553
144571
144579
144581
144585
144587
77877
144585
144588
144596
144594
144609
144630
144634
144639
53707
144642
144646
144648
144676
144675
144720
144721
144720
144730
54743
144754
144756
144758
144759
144763
144765
144771
144773
144771
144781
144802
144845
144874
144878
144895
144930
144937
145565
52279
145711
145817
145924
145989
145995
146002
146080
146126
146168
146198
146543
146559
146569
146598
146627
146669
146742
146805
146854
53384
146865
146900
146899
53444
146916
146929
146932
147109
147283
53749
147307
147310
147319
147330
147340
147346
53782
53783
147358
147415
147424
147495
147500
147495
147530
53917
147589
147630
147673
147687
147691
147759
147794
147834
147883
147971
147977
148025
148037
148048
148168
148180
148192
148249
148273
148283
148352
148396
148408
54692
148414
148441
148448
148467
64955
148495
148590
148593
148707
148716
148722
54982
144765
54979
148767
148833
54557
149328
149407
149419
149563
149641
149761
57100
149770
149789
149791
57445
149794
149805
149810
149830
149842
149864
149873
149885
149889
57986
149892
149895
149897
149899
149905
149910
67061
149915
149922
149942
149944
149968
149973
150122
150152
150211
150220
150257
150295
150334
150436
150481
150499
56312
56354
150529
150541
150598
150646
150694
150700
150701
150724
150727
150745
150785
150787
150793
56579
150811
150835
150844
38714
130723
150862
150940
56650
150943
150952
151004
151042
151057
151058
151073
151119
151141
151150
151165
151180
151141
151183
151141
151201
151213
151222
59957
151294
151300
151344
151360
151396
151402
151409
151427
56993
151448
151459
151479
151489
151504
151558
151568
151587
151786
151798
151825
57317
151918
152039
152050
152074
152087
152134
152236
152278
152296
152302
152314
152344
152374
152407
152420
57822
152434
152491
152492
152518
152566
152602
57925
152606
152624
152635
152689
57979
152743
152746
152728
152750
152752
152793
152800
152810
152812
152833
152845
152863
152877
152914
58188
152965
152968
152965
152997
153002
153010
153070
153095
153103
153116
153121
153124
58406
153136
153139
153157
153160
153188
153218
153220
153320
153331
153338
58592
69279
153365
153383
153406
153435
153460
153471
153479
153477
153492
71028
71029
153515
153535
58805
153546
58811
58802
153569
153602
58831
153673
153778
59029
80083
153823
153856
153858
153865
153872
153889
153865
153892
153896
59161
154077
154082
154121
154256
154349
154351
154376
154462
154495
154519
59660
154529
154547
154550
154613
128801
154663
154667
150619
56386
154703
154718
154720
154763
154762
154808
154828
154860
154872
154916
154921
154940
154955
154963
60087
155014
60153
155050
60158
155104
60145
155196
60493
155248
155253
155263
155315
155350
155363
155450
155491
155543
155545
155548
155678
155798
155827
155938
61000
155963
155965
155981
156014
156016
156092
156106
156184
156244
156266
156308
156434
156457
156464
156551
61653
156580
156628
156640
156763
156843
156872
156880
156883
156886
156913
61955
156949
156961
156964
156976
61966
156982
157012
157091
157102
157151
157168
62282
157177
157183
157213
157214
157252
157294
157327
157363
157390
157448
157495
157550
62594
157495
62594
157576
157579
157582
157627
62708
157664
157684
157705
157711
157756
157774
157775
157828
157843
157850
157852
157855
157876
157882
54700
54711
157894
157963
158027
158032
62926
158044
158050
158053
158054
158074
158092
158120
158125
158128
158158
158062
158164
158179
158183
158192
158197
158216
158218
158236
63221
158239
158251
63338
63337
158272
63245
158278
158284
63254
63142
158359
63510
158371
158374
158377
158386
158392
63341
158398
158410
63356
158414
158419
63359
158425
158432
158290
158506
63530
158504
158515
158527
63623
158534
158542
63693
158563
158575
158599
158602
158608
158665
158686
63587
158725
158773
158791
63734
158794
158812
158836
158879
63659
158893
63743
158899
158911
158917
158959
63878
158977
158986
159005
159007
158917
159009
159040
159043
159049
159070
64059
64058
159068
159080
159145
64025
159151
159184
159196
159259
159280
64184
64012
64183
159286
159295
159319
159347
64114
159352
159400
159448
159454
159547
159551
159571
159583
159607
159640
159673
159701
159718
64649
159721
64562
159736
159796
159811
159829
159628
159626
159842
159889
159901
159907
64730
64937
159940
159956
159986
159988
159994
160021
160063
160075
65012
160114
160117
65031
160126
160142
160181
160195
160219
160324
160336
160366
160381
160390
65198
65324
160396
160465
160471
160480
65441
160495
65350
65463
160521
160571
160582
160603
160612
160636
160645
160654
160702
160717
160849
160948
160952
161036
65924
161089
161131
66107
161161
161170
161240
161261
161386
161456
161527
161561
161612
161635
161590
161654
161668
161786
161791
161803
161864
161881
161939
66887
161968
66655
161997
66834
162010
162038
162056
162061
162079
162019
162099
162199
66929
162208
162220
162223
162256
162280
162292
66980
162295
66982
162328
162333
162337
67151
162376
162377
162398
162400
162406
162418
162565
162577
162688
162697
162931
162973
162980
163009
163063
163160
163168
163195
163249
163255
163279
163291
163294
67886
163318
163324
163330
163348
163375
163507
68117
163510
163513
163519
68090
163552
68163
163561
163580
163597
163621
163651
163690
163699
68253
68255
163729
68278
163744
163756
68345
163705
163783
163786
163789
68361
163795
68330
163798
68333
163801
163807
163861
163897
68356
163924
163963
163969
164042
164084
164159
164164
164236
164300
164383
164353
164407
164507
164533
164534
164546
164638
164731
164774
164789
69212
164830
164881
165055
69398
165056
165097
165098
165115
165233
165239
165413
165498
165511
165469
165668
165767
165769
165901
165953
166009
70327
165916
166043
166119
166229
166241
166267
166283
166295
166384
166403
166405
166403
166504
166547
166576
166613
166628
166634
166661
166738
71051
71050
166805
166861
166862
166868
166895
166934
166828
166939
166943
167033
71421
167039
167047
167159
167199
167203
167199
167243
167258
167282
167330
167335
71571
167399
167462
167495
167623
167632
167686
167732
167764
167864
167978
167993
168056
168149
168154
168192
168209
72452
168212
72452
168218
168334
168345
168400
168518
168571
168709
168791
168805
168811
168856
168898
168979
168991
169039
169045
169087
169093
169282
169297
169312
73479
169336
169400
169451
169560
73748
169570
169618
169624
169660
169780
169783
169840
169908
169930
170002
170032
74194
170041
170045
170057
170074
170094
170183
170254
170308
170359
170467
170576
170583
170587
170636
170650
170633
170725
170794
170887
170889
170975
171118
171229
171233
171238
171353
171359
171362
171423
171410
171466
171472
171481
171508
171556
171583
171587
171649
171690
171716
171777
171780
171777
171811
171825
171858
171892
171903
171911
171912
171942
171903
171945
171959
171997
171998
172026
172030
172084
172095
172165
172204
172216
172264
172429
76556
172444
172498
172504
172572
172575
172584
76669
172605
172611
172618
172630
172638
76705
76704
172635
172644
76708
76707
172654
172662
172675
172681
172690
172724
172756
172780
172798
172849
76875
172939
172988
173066
173260
173300
173318
173390
173411
77483
173423
173512
173585
173675
173687
77744
173696
173725
77770
173734
173762
173777
173788
173890
173905
173943
173974
174080
174133
78207
174154
174193
174221
174359
174406
174445
174520
174571
174584
174644
174692
174716
174841
174898
174908
174911
78957
175023
147305
175054
175066
175157
175240
175275
79246
175278
175333
175342
175438
175565
175569
