7
3
29
28
65
74
77
127
141
145
122
177
192
200
216
217
222
228
238
243
246
257
261
287
296
298
303
316
321
238
323
338
346
354
362
364
298
393
404
427
439
457
471
485
502
197
539
540
552
561
568
571
585
592
594
602
608
613
321
628
639
645
690
714
725
747
757
575
759
767
798
842
882
915
918
960
971
982
990
1004
1020
1041
1042
1041
1053
1080
1098
1107
1116
1127
1128
1136
1163
1198
1201
1221
1223
1221
1235
1266
1239
1276
1282
1283
1288
1323
1327
1329
1353
1363
1371
1376
1380
1382
1385
1397
1404
1407
1428
1447
1465
1468
1474
1505
1515
1521
1528
1538
1539
1548
1549
1548
1553
1556
1563
1529
1574
1593
1622
1628
1646
1647
1673
1675
1674
1687
1703
1647
1733
1734
1754
1770
1798
1814
1826
1827
1853
1893
1910
1911
1944
1949
1919
1935
1919
1955
1994
2032
2039
2041
2053
2082
2085
2102
2108
2115
2144
2161
2199
2212
2261
2284
2288
2297
2313
2333
2334
2344
2345
2369
2375
2390
2389
2406
2414
2456
2462
2471
2478
2489
2502
2536
2539
2552
2561
2593
2595
2608
2613
2627
2631
2593
2673
2683
2688
2729
2735
2738
2742
2774
2781
2793
2823
2826
2841
2843
2859
2882
2891
2913
2930
2936
2940
2946
2965
2981
2983
2998
3017
3027
3037
3039
3074
3119
3127
3166
3170
3203
3227
3235
3266
3278
3287
3367
3374
3290
3407
3448
3452
3491
3500
3504
3511
3536
3542
3543
3547
3551
3605
3603
3626
3633
3634
3647
3653
3671
3707
3708
3715
3719
3718
3723
3734
3740
3757
3770
3809
3817
3828
3843
3809
3851
3857
3860
3875
3895
3908
3911
3926
3935
3944
3965
3964
3975
4003
4049
4087
4109
4122
4096
4146
4151
4165
4190
4203
4213
4216
4244
4257
4269
4295
4296
4331
4288
4343
4346
4352
4361
4386
4412
4439
4355
4445
4458
4488
4497
4499
4508
4506
4515
4480
4523
4587
4592
4598
4636
4655
4656
4658
4671
4672
4671
4673
4671
4681
4686
4691
4749
4765
4767
4769
4787
4820
4843
4848
4853
4860
4901
4907
4913
4941
4946
4941
4951
4952
4999
5023
5026
5066
5073
5075
5087
5094
5096
5104
5108
5112
5120
5126
5129
5132
5138
5141
5137
5138
5145
5101
5153
5157
5169
5198
5202
5214
5222
5231
5235
5245
5246
5252
5265
5267
5280
5243
5294
5303
5316
5322
5276
5334
5348
5385
5384
5408
5414
5417
5428
5438
5443
5446
5456
5451
5482
5507
5518
5534
5540
5565
5567
5594
5609
5611
5561
5613
5648
5658
5687
5693
5695
5726
5745
5814
5827
5828
5856
5861
5892
5910
5922
5930
5934
5957
5971
5987
5994
6008
6053
6063
6085
6094
6101
6116
6124
6142
6147
6176
6180
6212
6218
6229
6250
6251
6267
6300
6312
6319
6336
6363
6392
6428
6429
6434
6440
6443
6448
6465
6468
6465
6515
6530
6537
6550
6597
6608
6611
6625
6629
6557
6651
6658
6634
6672
6680
6722
6731
6737
6740
6758
6765
6701
6774
6776
6809
6823
6826
6827
6851
6868
6869
6933
6941
6942
6880
6944
6966
6995
6923
7004
7018
7052
7059
7069
7079
7102
7112
7139
7143
7164
1409
7184
7195
7199
7249
7238
7199
7253
7256
7318
7355
7364
7393
7394
7393
7408
7470
7481
7528
7562
7568
7567
7570
7547
7571
7576
7594
7596
7619
7626
7634
7632
7661
7676
7715
7713
7718
7736
7737
7791
7793
7796
7805
7847
7856
7862
7871
7890
7934
7946
7952
7951
7983
7986
7990
8001
8006
8001
8012
8023
8030
8033
8042
8043
8023
8056
8060
8075
8114
4594
8118
8124
8162
8173
8171
8187
8186
8197
8204
8213
8238
8261
8262
8300
8303
8307
8295
8346
8354
8366
8372
8379
8429
8430
8429
8436
8448
8485
8489
8494
8499
8512
8535
8542
8561
8560
8574
8576
8586
8592
8609
8630
8636
8640
8645
8640
8654
8657
8676
8704
8716
8719
8724
8760
8769
8774
8779
8793
8799
8812
8831
8837
8846
8894
8897
8893
8894
8907
8955
8963
8979
8987
8992
9003
9030
9036
9016
9050
9059
9088
9109
9123
9110
9159
9146
9169
9175
9209
9247
9248
9247
9261
9263
9261
9266
9273
9269
9308
9335
9344
9352
9354
9373
9394
9396
9441
9463
9464
9477
9494
9508
9528
9545
9521
9554
9561
9577
9586
9620
9621
9628
9632
9633
9638
9633
9657
9656
9667
9669
9690
9697
9702
9704
9714
9756
9771
9785
9835
9843
9857
9856
9873
9883
9893
9897
9916
9945
9952
9959
9978
9983
9978
9989
9988
9994
10020
10007
10028
10034
10056
10068
10070
10080
10097
10109
10110
10112
10119
10130
10133
10137
10146
10149
10153
10152
10157
10160
10163
10167
10176
10179
10196
10198
10200
10208
10212
10213
10214
10215
10227
10237
10234
10240
10242
10265
10268
10270
10271
10280
10290
10299
10298
10307
10313
10319
10317
10348
10351
10352
10351
10364
10369
162
10378
10374
10377
10382
10383
10390
10393
10396
10408
10415
10417
10427
10439
10448
10453
10457
10463
10471
10481
10472
10478
10484
10505
10510
10525
10537
10547
10552
10560
10572
10613
10390
10624
10651
10695
10698
10714
10715
10714
10728
10742
10746
10751
10756
10793
10794
10795
10815
10818
10821
10822
10830
10831
10834
10843
10892
10909
10912
10924
10927
10933
10929
10943
10946
10966
10972
10978
10980
10982
11036
11043
11048
11053
11085
11092
11100
11111
11122
11127
11131
11140
11147
11156
11178
11180
11194
11196
11200
11203
11202
11215
11220
11251
11257
11258
11259
11265
11270
11269
11273
11276
11292
11299
11318
11320
11321
11337
11342
11363
11383
11387
11389
11392
11394
11413
11415
11443
11467
11475
11482
11491
11497
11501
11510
11522
11540
11558
11580
11622
11633
11659
11670
11680
11689
11701
11705
11710
11729
11746
11751
11752
11760
11767
11771
11776
11794
11795
11798
11803
11821
11828
11840
11842
11846
11847
11852
11854
11852
11856
11858
11867
11872
11880
11899
11903
11916
11925
11927
11941
11943
11948
11959
11966
11978
11979
11987
11992
11996
12019
12035
12037
12047
12048
12051
12062
12046
12071
12102
12110
12122
12124
12129
12133
12143
12148
12153
12158
12157
12161
12189
12214
12222
12230
12235
12240
12251
12256
12239
12258
12262
12274
12291
12294
12301
12312
12334
12337
12339
12345
12359
12360
12376
12359
12380
12392
12395
12414
12413
12423
12426
12437
12435
12467
12489
12492
12494
12509
12533
12536
12541
12545
12509
12555
12563
12566
12568
12574
12585
12599
12605
12608
12614
12639
12643
12666
12669
12675
12680
12675
12683
12716
12743
12741
12746
12744
12751
12733
12734
12762
12776
12777
12811
12794
12821
12848
12849
12827
12856
12862
12872
12885
12887
12899
12910
12912
12920
12875
12934
12937
12946
12929
12953
12966
12977
12989
13003
13006
13011
13037
13042
13053
13071
13068
13093
13102
13088
13107
13122
13121
13140
13143
13147
13162
13174
13227
13233
13252
13259
13271
13278
13281
13282
13281
13291
13293
13296
13298
13299
13321
13322
13338
13346
13363
13392
13400
13399
13402
13403
13414
13420
13479
13504
13520
13526
13537
13539
13558
13574
13578
13579
13585
13599
13604
13621
13644
13648
13647
13674
13706
13719
13738
13737
13741
13757
13758
13766
13775
13787
13837
13857
13866
13886
13887
13898
13909
13913
13918
13926
13931
13934
13948
13956
13959
13973
14005
14012
14015
14031
14085
14107
14114
14127
14146
14155
14154
14158
14161
14162
14163
14177
14179
14182
14184
14201
14211
14214
14222
14239
14287
14267
14313
14323
14322
14328
14297
14341
14352
14362
14366
14378
14383
14389
14363
14392
14396
14411
14413
14415
14423
14436
14446
14483
14488
14500
14522
14529
14517
14551
14552
14551
14559
14568
14587
14589
14614
14622
14626
14622
14628
14643
14648
14651
14660
14676
14692
14693
14701
14702
14705
14709
14716
14724
14728
14727
14732
14777
14778
14800
14812
14816
14836
14865
14888
14849
14892
14915
14944
14953
14960
14970
14980
14982
14997
15002
15003
15016
15025
15041
15040
15057
15089
15096
15127
15129
15141
15176
15179
15182
15202
15203
15205
15211
15247
15261
15270
15274
15287
15289
15254
15309
15312
15327
15333
15337
15348
15351
15354
15394
15401
15402
15429
15446
15469
15446
15471
15496
15515
15526
15528
15538
15543
15552
15561
15587
15610
15649
15652
15657
15662
15679
15692
15725
15726
15731
15732
15755
15770
15776
15792
15810
15834
15845
15858
15870
15878
15885
15897
15966
15977
15994
16003
16025
16142
16154
16171
16196
16217
16220
16208
16228
16259
16264
16270
16292
16307
10943
16310
16328
16343
16365
16370
16385
16382
16401
16427
16433
16451
16496
16523
16554
16559
16565
16570
16592
16595
11196
11202
16615
16652
16667
16673
16710
16716
16719
16745
16781
16930
16969
17044
17050
17055
17057
17071
17074
17110
17147
17176
17215
17219
17246
17247
17252
17345
17362
17430
17435
17507
17522
17588
17657
17696
17735
17809
17855
17871
17873
17885
17969
18008
18050
18122
18169
12701
18220
18263
18268
18298
18359
18368
18380
18436
18455
18476
18555
18601
18656
18668
18717
18727
18754
18810
18836
13407
18904
18962
18968
18986
19021
19031
19039
19070
19091
19115
19165
19202
19258
19273
19292
19340
19406
19418
19435
19498
19529
19544
19559
19573
19582
19584
19586
19584
19636
19655
19688
19690
19697
19730
19753
19768
14297
19788
19795
19829
19855
14392
19882
19967
19993
20000
20021
20086
20119
20173
20144
20192
20311
20339
20344
20380
20437
20440
14899
20446
20503
20562
20582
20617
20627
20641
20666
20683
20716
20762
15129
15131
20786
20909
20915
15261
21035
21059
21107
21115
15496
21124
21170
21180
21191
21189
21193
21229
21247
21264
21269
21278
21290
21297
21307
21310
21278
21337
21343
21367
15731
21373
21403
21445
21466
21475
21482
21484
21505
15875
21514
21546
21568
21575
21598
21612
21630
21644
21649
21644
21675
21701
21713
21739
21741
21747
21758
21778
21810
21811
21827
11915
21838
21842
21838
21869
21874
21902
21904
21905
21913
21916
21917
21920
21918
21922
21936
21937
21936
21959
21969
21977
21982
21984
22000
22012
22016
22023
22016
22032
22060
22066
22081
22094
22093
22176
22193
22194
22206
22215
22219
22238
22239
22244
22247
22257
22261
22289
22291
22307
22325
22331
22341
22346
22337
22347
22365
22371
22378
22381
22380
22383
22387
16310
22408
22404
22407
22411
22416
22422
22425
22424
22428
22432
22434
22435
22434
22438
22441
22440
22443
22460
22461
22465
22460
22461
22460
22463
22460
22458
22468
22481
22486
22488
22495
22505
22509
22513
22516
22517
22526
22529
22531
22537
22556
22557
22563
22568
22578
22583
22582
22585
22587
22579
22592
22594
22592
22597
22598
22601
22603
22601
22604
22608
22612
22632
22640
22646
22654
22657
22662
22666
22683
22686
22690
22692
22697
22700
22701
22690
22708
22710
22720
22722
22729
22737
22744
22742
22759
22764
22763
22784
22785
22798
22802
22813
22814
22813
22815
22819
22821
16667
22828
22835
22845
22835
22849
22848
22820
22852
22841
22864
22863
22867
22870
22869
22872
22880
22895
22903
22904
22910
22918
22939
22951
22956
22949
22962
22966
22965
22971
22972
22975
22981
22979
22993
22994
22998
22999
23002
23006
23008
23009
23011
23022
23023
23022
23029
23030
23031
23042
23045
23054
23063
23074
23112
23113
23115
23120
23124
23128
23133
23116
23137
23139
23129
23140
23151
23154
23155
23160
23164
23169
23181
23185
23228
23230
23231
23240
23243
23254
23259
23278
23284
23287
23289
23311
23325
23326
23330
23341
23345
23350
23356
23360
23364
23365
23361
23364
23373
23380
23390
23396
23380
23404
23408
23409
23410
23416
23414
23425
23441
23444
23447
23444
23473
23482
23485
23490
23500
23509
23512
23522
23524
23536
23539
23538
23544
23558
23559
23572
23571
23600
23604
23611
23619
23623
23624
23635
23652
23655
23677
23683
17360
23693
23696
23698
23702
23704
23702
23713
23712
23724
23731
23739
23754
23759
23779
23777
23778
23783
23790
23809
23830
23833
23832
23836
23842
23852
23863
23871
23852
23887
23882
23891
23893
23914
23918
23926
23929
23930
23929
23932
23945
23940
23954
23955
23956
23961
23970
23980
23982
23986
23994
23998
24005
24007
24018
24025
24030
24045
24047
24045
24048
24049
24054
24056
24062
24065
24071
24083
24084
24095
24096
24116
24119
24101
24135
24138
24143
24147
24144
24151
24143
24164
24170
24186
24191
24209
24225
24234
24242
24248
24256
24258
24266
24273
24274
24273
24276
24303
24324
24313
24329
24333
24350
24369
24376
24386
24402
24411
24420
24431
24433
24432
24449
24450
24455
24462
24521
24529
24539
24541
24548
24550
24587
24591
24602
24607
24625
24635
24640
24642
24645
24647
24645
24650
24729
24747
24775
24783
24794
24798
24807
24822
24830
24831
24835
24841
24845
24849
24855
24865
24864
24873
24893
24925
24933
24939
24947
24948
24969
24966
24981
25001
25007
25016
25020
25024
25020
25040
25067
25087
25106
25110
25114
25122
25124
25125
25160
25165
25191
25225
25239
25251
25256
25257
25261
25264
25276
25280
25300
25302
25308
25316
25321
25334
25340
25362
25370
25373
25408
25426
25434
25502
25524
25543
25546
22131
25573
25579
25618
25664
25694
25695
25707
25717
25728
25741
25766
25768
25787
25793
22380
22381
25819
25846
22432
25856
25861
25874
22474
22469
25901
22501
25931
25955
25982
26009
26029
26066
22662
26078
26087
26093
22706
26108
26137
26171
26210
26216
26243
26252
26312
26333
22998
26471
26476
26513
26548
26564
26648
26651
26696
23409
26710
26725
26741
26828
26882
23601
26926
26939
26926
26978
26992
26990
27083
27119
27128
27161
27212
27244
27353
27362
27368
27382
27403
27433
24210
27442
27451
27550
27563
27572
27658
27697
27794
27803
27869
27976
28078
28099
28148
28145
28194
28200
28212
28224
28227
28278
28302
28390
28407
28468
28492
28495
28504
28520
28638
28660
28694
28696
28704
28714
28793
28796
28800
28805
28819
28826
28828
28844
28860
28866
28900
28901
28900
28911
28937
28939
28943
28944
28955
28965
28984
28987
28982
28986
28982
28999
29033
29043
29075
29073
29081
29082
29086
29098
29109
29116
29127
29131
29136
29139
29142
29148
29152
29156
29162
29165
29173
29183
29199
29194
29210
29312
29363
29366
29363
29408
29471
29485
29552
29569
29560
29572
29596
29599
29607
29606
29611
29620
29621
29625
29633
29632
29648
29659
29665
29670
29676
29700
29736
29742
29745
29747
29755
29767
29775
29785
29788
29797
29814
29817
29835
29838
29839
29850
29855
29881
29885
29886
29900
29911
29907
29910
29946
29950
29957
29958
29972
22872
29981
30000
30005
30011
30013
30007
30015
30024
30028
30048
30062
30067
30068
30072
30078
30080
30091
30105
30115
30120
30126
30128
30151
30158
30165
30169
30178
30189
30203
30207
30227
30230
30235
30244
30263
30273
30288
30289
30291
30300
30304
30308
30309
30324
30329
30330
30339
30353
30362
30368
30374
30380
30386
30391
30402
30405
30421
30434
30466
30473
30499
30501
30509
30516
30523
30526
30538
30563
30574
30578
30594
30563
30597
30578
30603
30618
30688
30699
30714
30734
30740
30746
30764
30769
30777
30776
30780
30785
30805
30813
30829
30838
30852
30861
30867
30868
30873
30872
30876
30883
30892
30909
30920
30923
30949
30966
30978
30947
31001
31004
31019
31027
31034
31035
31039
31043
31045
31052
31054
31055
31074
31076
31080
31090
31107
31123
31130
31151
31156
31161
31165
31175
31186
31185
31201
31208
31211
31219
31226
31236
31253
31248
31254
31259
31272
31286
31288
31299
31272
31321
31324
31334
31336
31346
31358
31362
31369
31373
31377
31379
31384
31388
31401
31413
31417
31438
31439
31453
31486
31485
31493
31499
31518
31533
31562
31580
31589
31580
31593
31609
31615
31623
31631
31632
31655
31656
31655
31659
31665
31709
31717
31724
31726
31733
31763
31779
31776
31789
31808
31832
31840
31872
31939
31972
31977
31979
31977
31985
31999
32023
32027
32037
32041
32047
32052
32061
32105
32145
32167
32189
32205
32206
32234
32243
32269
32284
32302
32312
32320
32327
32336
32342
32355
32365
32366
32365
32376
32387
32390
32393
32409
32414
32399
32417
32420
32423
32426
32424
32462
32480
32540
29657
32549
32573
32603
32614
32651
32717
32751
32783
32800
29950
32818
32972
33001
33009
33040
33058
30244
33061
33124
33148
33169
33176
33202
33208
30391
33235
33248
33258
33267
33304
33410
33446
33455
33461
33494
33514
33541
30769
30752
33583
33650
33661
33659
33728
33771
33775
33790
33821
33883
33914
31123
33935
33952
33976
33983
31200
34004
34027
34034
34084
34129
34141
34147
34179
34194
34214
34240
34243
34288
34316
34363
34372
34442
34505
34511
34526
34618
34651
34664
34676
34702
34730
34744
34814
34948
35018
35050
35087
35089
35093
35091
35095
35142
35156
32324
35193
35194
35203
35281
35298
35330
35331
35337
35347
35359
35373
2141
35378
35380
35384
35388
35381
35396
35398
35402
35404
35416
35415
35419
35421
35428
35436
35451
35454
35451
35457
35461
35473
35475
35477
35482
35489
35490
35510
35521
35526
35533
35550
35553
35559
35565
35569
35577
35569
35589
35616
35650
35652
35668
35698
35706
35712
35730
35732
35733
35742
35760
35762
35773
35781
35787
35786
35793
35794
35795
35797
35800
35814
35816
35817
35832
35833
35836
35850
35857
35869
35852
35868
35874
35877
35879
35886
35889
35891
35892
35902
35913
35914
35917
35921
35919
35923
35930
35934
35940
35946
35952
35958
35960
35958
35967
35968
35970
35971
35954
35974
35983
35987
35991
36006
36025
36030
36040
36047
36051
36062
36070
36072
36078
36092
36094
36097
36100
36104
36105
36110
36115
36104
36118
36121
36138
36148
36155
36158
36165
36158
36174
36198
36199
36213
36210
36219
36222
36225
36226
36235
36244
36264
36270
36279
36287
36290
36308
36309
36316
36324
36351
36366
36370
36372
36375
36378
36385
36399
30016
36406
36395
36416
36426
36432
36429
36436
36444
36445
36444
36447
36453
36455
36453
36456
36462
36464
36465
36469
36471
36484
36486
36489
36502
36510
36513
36519
36527
36528
36537
36538
30128
36542
36543
36561
36571
33009
36575
36576
32804
36587
36603
36604
36623
36655
36661
36675
36694
36698
36699
36705
36711
36714
36723
36725
36729
36732
36733
36735
36743
36754
36763
36743
36774
36777
36786
36790
36786
36792
36793
36801
36809
36821
36827
36822
36833
36834
36861
36867
36871
36873
36886
36893
36894
36901
36903
30182
36909
36915
36918
36921
36927
36933
36936
36972
36987
36996
37003
37005
37013
37015
37020
37035
37038
37053
37075
37078
37084
37091
37099
37106
37111
37113
37138
37145
37158
37133
37166
37181
37187
37185
37197
37181
37210
37245
37251
37256
37257
37261
37264
37269
37270
37269
37281
37291
37301
37299
37302
37315
37329
37338
37347
37350
37360
37368
37373
37383
37388
37389
37398
37411
37417
37419
10166
37434
37448
37449
37452
37453
37456
37468
37473
37486
37491
37488
37497
37500
37503
37505
37507
37512
37532
37539
37548
37549
37548
37551
37557
37563
37535
37569
37521
37577
37585
37590
37591
37601
37613
37626
37643
37646
37661
37664
37670
37677
37683
37706
37723
37738
37752
37765
37771
37773
37775
37779
37788
37796
37809
37812
37821
37841
37857
37858
37863
37896
37902
37905
37914
37923
37924
31107
37923
31109
37935
37939
37964
37965
37968
37991
37993
37995
38001
38004
38017
38026
38034
38003
38044
38049
31436
38064
38074
38091
38100
38111
38112
38119
38130
38132
38137
38141
38146
38112
38164
38163
38166
38173
38175
38178
38179
38181
38190
38192
38197
38199
38205
38210
38213
38223
38235
38253
38256
38266
38277
38304
38307
38319
38320
38328
38332
38341
38352
38363
38364
38380
38385
38394
38401
38403
38408
38409
38420
38422
38429
38445
38454
38470
38472
38481
38495
38499
38507
38535
38550
38588
38613
38594
38616
38621
38622
38558
38630
38648
38666
38677
38680
38687
38688
38692
38694
38702
38705
38704
38737
38750
38770
38794
38830
38829
38835
38837
38863
38884
38889
38892
38906
38916
38921
38927
38933
38934
38955
38962
38964
38977
38984
39001
31535
39015
39016
39021
39041
39042
39063
39075
39082
39085
39091
39102
39103
39123
39125
39135
39156
39174
39187
39191
39193
39199
39204
39205
39207
39211
39226
39247
39268
39280
39245
39297
39301
39332
39340
39339
39345
39349
39354
39364
39367
39372
39379
39404
39405
39421
39435
39473
39476
39482
39484
39490
39500
39534
39549
39551
39557
39576
39579
39592
39601
39606
39609
39610
39614
39638
39639
39651
39660
39664
39670
39698
39711
39733
39740
39751
39753
39756
39760
39769
39771
39775
39783
39803
39808
39811
39816
39830
39853
39858
39865
39887
39894
39897
39946
39951
39948
39958
39980
39987
40002
40025
40047
40049
40064
40073
40081
40086
40090
40086
40091
40092
40100
40102
40107
40114
40123
40140
40162
40167
40182
40205
40225
40232
40237
40261
40265
40264
40274
40296
40298
40303
40309
40313
40325
40328
40329
40338
40345
40346
40349
40365
40374
40352
40380
40389
40405
31872
40412
40426
40430
40443
40450
40460
40481
40483
40488
40491
40497
40501
40502
40509
40514
40515
40520
40527
40535
40548
40553
40560
40566
40578
40586
40617
40619
40621
40628
40632
40642
40651
40659
40669
40683
40686
40704
40719
40729
40728
40736
40703
40747
40802
40809
40817
40820
40838
40865
40880
40887
40895
40894
40899
40908
40921
40953
40898
40959
40966
40976
40975
40984
40990
41003
41017
41016
41027
41030
41038
41043
41070
41085
41100
41108
41110
41128
41134
41149
41151
41158
41160
41166
41167
41174
41200
41201
41208
41214
41229
41233
41253
41259
41274
41292
41328
41343
41373
41392
41403
41408
41418
41424
41460
41468
41486
41492
41496
41521
41526
41523
41529
41532
41507
41555
41556
41572
41582
41583
41591
41598
41615
41642
41645
41655
41679
41684
41686
41702
41703
41719
41727
41768
41800
41802
41814
41807
41829
41838
41867
41871
41882
41888
41891
41897
41900
41906
41910
41888
41931
41934
41964
41968
41954
41978
41996
42002
42017
42020
42021
42026
42033
42035
42038
42053
42056
42077
42081
42104
42107
42113
42114
42115
42114
42128
42137
42141
42146
42153
42164
42174
42179
42197
42213
42225
42236
42241
42245
42255
42266
42276
42280
42284
42301
42308
42317
42318
42331
42341
42344
42356
42359
42317
42362
42363
42370
42384
42391
42399
42404
42405
42402
42413
42416
42417
42419
42417
42422
42417
42428
42436
2369
42438
42443
42473
42489
42497
42506
42522
42519
42531
42536
42540
42563
42570
42589
42597
42605
42620
42623
42626
42630
42639
42647
42648
42653
42626
42668
42674
42682
42687
42690
42701
42704
42712
42725
42731
42735
42765
42776
42783
42752
42795
42800
42801
42811
42815
42827
42839
42848
42851
42854
42871
42878
42876
42884
42891
42893
42902
42905
42943
42945
42953
42966
42947
42977
42983
42986
42988
42998
43010
43028
43034
43037
43043
43048
43062
43070
43082
43090
43097
43073
43119
43127
43130
43142
43163
43175
43186
43192
43210
43217
43226
43243
3246
43260
32462
43273
43313
43498
43483
43522
43561
43564
43574
43598
35770
43609
43658
43661
43841
36011
43847
43865
43906
36092
43909
43939
43937
43952
43958
43993
32681
36172
44080
36259
44093
44183
44195
44200
36370
44203
44216
44266
36438
44242
44269
44279
44325
44377
44384
44393
44413
44441
44453
44459
44482
44500
44506
32858
36655
44540
44546
44645
44692
36820
44695
44719
44745
44820
44857
37013
44867
44981
44989
45052
45095
45109
45130
45178
45233
45239
37397
37407
45403
45445
37585
45505
45548
45562
45611
37764
45650
45800
45847
38101
45889
45995
45998
46014
46039
46067
46103
46249
46205
46351
46361
46373
46391
46393
46432
38624
46441
46496
46558
38757
46564
46567
46574
46543
46619
46642
46721
38887
46744
46776
38955
46810
46825
47002
39264
47005
47068
47086
47218
47267
47287
47300
47329
47362
47458
39638
47612
47647
47668
47690
47704
47789
47804
47853
47876
47877
47899
48008
48077
48211
48212
48230
48283
48332
48412
40570
48424
48520
48560
48626
48628
48718
48769
48905
48913
48938
49063
49079
49261
49307
49327
41598
49307
49336
49381
49402
49423
49433
49529
49546
49617
49639
49642
41898
49653
49672
49691
49718
49732
41956
49773
49775
49777
49783
49792
49801
42037
42038
49790
49804
49825
49900
49977
49988
50059
50064
50073
50080
50130
50134
50176
50182
42489
50215
42498
50227
50243
50258
50281
42506
50412
50455
50458
50622
50650
50697
50738
50759
50769
50780
50811
50816
50880
51038
32577
51230
51262
51266
51272
51286
51288
51290
51316
51322
51334
51352
51357
51352
51363
51399
51413
51431
51442
51455
10089
51470
51471
51460
51478
51485
51493
51497
51504
51491
51517
51562
51566
51565
51591
51595
51597
51604
51608
51614
35832
35833
51616
51619
51624
51631
51630
51640
51644
51645
51653
51660
51661
51660
51665
51667
51695
51698
51719
51723
51727
51743
51746
51748
51757
51760
51761
51760
51778
51777
51781
51802
51803
51804
51808
51820
51821
51827
36372
51842
51844
51848
51872
51875
36510
51876
51886
51889
51892
51902
51912
51917
51924
51935
51952
51960
51966
51972
51987
52005
52019
52020
52024
52036
52041
52050
52051
52054
52057
52063
52066
52098
52109
52123
52125
52128
52133
52177
52180
52193
52226
52228
52234
52243
52246
52249
52255
52256
52259
52261
52259
52258
52260
52267
52271
52276
52277
52280
52282
52286
52297
52312
52316
52318
52368
52375
52379
52370
52390
52408
52410
52415
52417
52429
52432
52435
52455
52464
52473
52476
52481
52493
52529
52533
52547
52572
52585
52587
52601
52602
52608
52625
52643
52641
52648
52650
52655
52664
52679
52715
52726
52732
52739
52745
52748
52755
52765
52793
52795
52803
52809
52846
52850
52858
52846
52860
52876
52873
52912
52916
52917
52922
52950
52956
52975
52988
52989
52995
53002
53014
53017
53030
53042
53047
53054
53060
53059
53089
53098
53109
53123
53125
53128
53146
41990
53150
53148
53156
10240
53183
53197
53200
10242
53202
53208
53220
53225
53230
53232
53236
53239
50064
53250
53257
53261
53272
53296
53305
53309
53320
53324
53344
53354
53349
53357
53360
3429
53358
53372
53376
53393
53398
53410
53406
53411
53413
53422
53435
53497
53537
53585
51448
53590
10089
53615
53621
53642
53690
53780
53783
53825
53840
53841
53843
53858
53920
53942
53948
53960
53963
53972
54023
51911
54050
54056
54068
54097
54167
54182
54221
54242
54255
54413
54424
54481
54505
54512
54505
54568
54600
54668
52550
54672
54683
52562
54691
54694
54691
54700
54714
54748
54791
54812
54869
54914
54950
55009
55013
55042
55061
55117
55135
55227
55270
55271
55270
53207
55289
53226
55345
55366
55395
55426
53365
55469
55479
55499
53369
55511
55518
55525
55531
55541
55549
55550
55565
55583
55586
55597
55598
55597
55610
55609
55614
55609
55624
55638
55642
55637
55670
55676
55680
55681
55686
55704
55755
55769
55785
55795
55796
55816
55818
55827
55833
55848
55874
55892
55890
55898
55901
55904
55928
55936
55970
55976
55996
56008
56021
56031
56035
56042
56043
56054
56060
56065
56075
56076
56077
56083
56086
56104
56123
56128
56142
56153
56161
56168
56170
56190
56192
56215
56219
56235
56251
56267
56272
56279
56277
56290
56297
56306
56321
56358
56392
56449
56455
56522
56575
56577
56626
56629
55840
56662
56666
56672
56662
56794
56804
56825
56840
56869
56890
56953
57024
57044
57045
57055
57087
57094
57104
57116
57119
57127
57130
57152
57158
57163
57176
57208
57207
57224
57233
57234
57239
57313
57377
57399
57402
57410
57427
57442
57447
57453
57464
57470
57482
57498
57545
57543
57548
57569
57581
57596
57614
57637
57639
57658
57659
57660
57667
57686
57695
57719
57724
57744
57752
57754
57753
57776
57784
57788
57794
57806
57823
57833
57843
57852
57853
57860
57863
57866
57877
57886
57890
57902
57914
57915
57924
57938
57939
57944
57956
57959
57962
57968
57974
57980
57989
57993
57995
58006
58007
58006
58010
58013
58031
58065
58070
58092
58111
58118
58119
58136
58148
58151
58152
58156
58171
58186
58199
58216
58226
58229
58232
58230
58250
58253
58262
58266
58268
58282
58285
58301
58322
58325
58337
58354
58373
58393
58399
58400
58399
58398
58413
58416
58427
58430
58441
58454
58460
58487
58489
58495
58503
58506
58536
58560
58564
58577
58593
58601
58615
58620
58645
58685
58686
58699
58703
58724
58723
58733
58760
58774
58784
58791
58805
58808
58813
58833
58864
58877
42915
58883
58889
58893
58905
58902
58910
58916
58925
58947
58948
58981
58995
59000
59011
59015
59019
59027
59033
59040
59043
42785
59061
59030
59078
59095
59106
59116
59125
59145
59149
59155
59168
59180
59197
59196
59202
59203
59213
59231
59241
59254
59253
59258
59276
59277
59285
59294
59304
59312
59311
59315
59340
59345
59348
59357
59364
59370
59384
59411
59435
59441
59446
59466
59490
59509
59531
59532
59545
59547
59558
59567
59555
59574
59580
59587
59595
59597
59595
59626
59638
59665
59666
59665
59682
59708
59719
59726
59729
59734
59774
59768
59778
59785
59813
59822
59832
52862
59837
59875
59935
59951
59976
60031
60185
60226
60247
60254
60247
60322
60335
60381
60416
60454
60464
60512
60556
60589
60594
60598
60622
60656
60649
60724
60734
60854
60886
60929
60946
60961
61096
61168
58410
61178
58416
61197
61251
61316
61371
61445
61489
61543
61573
61588
61606
61628
61632
61696
61765
61780
61823
61856
61996
62005
59231
62015
62023
62029
62128
62188
59402
62303
62432
62441
62454
62489
62503
62657
62665
60946
62680
62689
62810
62820
62823
61980
62906
62910
62915
62914
62919
62914
62930
62936
62930
62954
62957
62963
62962
62990
63010
63014
63023
63037
63053
63058
63062
63080
63082
63116
63127
63137
63142
63148
63170
63173
63171
63172
63191
63193
63195
63203
63209
63212
63215
63235
63247
63260
63263
63269
63293
63302
63307
63310
63316
63317
63316
63332
63344
63353
63364
63376
63377
63384
63392
63431
63442
63445
63457
63487
63514
63521
63527
62905
63580
63599
63604
62989
63635
63646
63721
63780
63926
63967
64022
64043
64058
64048
64043
64084
64103
64123
64130
64145
64169
64174
64180
64192
64234
64243
64249
64234
64283
64330
64343
64373
64377
64378
64382
64383
64392
64402
64403
64402
64428
64454
64495
64496
64503
64522
64525
64551
64561
64577
64576
64605
64608
64623
64634
64625
64648
64656
64666
64700
64710
64715
64722
64731
64748
64751
64775
64783
64790
64813
64821
64830
64838
64847
64864
64874
64895
64912
64917
64988
65003
65012
65014
65022
65034
65063
65076
65084
65082
65108
65130
65147
65154
65165
65169
65171
65180
65192
65191
65202
65217
65225
65228
65230
65233
65238
65240
65258
65263
65330
65344
65395
65405
65516
65525
65542
65545
65594
65605
65627
65704
65770
65861
65908
66014
64817
66072
66244
66252
66261
66295
66376
66413
66472
66550
66551
66564
66566
66564
66567
66571
66581
66593
66592
66607
66636
66650
66659
66670
66677
66681
66682
66688
66699
66721
66728
66729
66735
66741
66746
66759
66775
66783
66799
66804
66811
66826
66841
66845
66848
66854
66849
66858
66865
66877
66876
66885
66904
66931
66934
66936
66942
66946
66959
66986
66990
66994
67001
67006
67019
67022
67023
67047
67070
67080
67088
67092
67096
67097
67096
67110
67111
67123
67136
67135
67148
67156
67187
67189
67224
67240
67246
67253
67271
67275
67282
67286
67290
67321
67323
67336
67343
67361
67368
67372
67373
67393
67395
67393
67415
67423
67432
67428
67431
67435
67443
67444
67451
67466
67475
67484
67498
67496
67506
67542
67546
67549
67560
67564
67578
67584
67589
67587
67592
67594
67601
67605
67609
67611
67617
67604
67661
67669
67693
67696
67711
67719
67760
67770
67736
67787
67790
67796
67802
67809
67817
67838
67893
67897
67902
67903
67908
67911
67920
67924
67934
67949
67964
67971
67978
67992
68006
68012
57356
68018
68042
68065
68088
68094
68096
68094
68144
68224
68236
68241
68238
68272
68295
68300
68321
68328
68340
68363
68373
68389
68418
68422
68459
68465
68462
68480
68486
68488
68511
68512
68517
68560
68563
68566
68599
68610
68623
68630
68651
68659
68660
68683
68697
68703
68706
68721
68734
68750
68752
68756
68778
68789
68800
68804
68805
68809
68819
68859
68875
68880
68910
68915
68927
68932
68940
68956
68955
68969
68996
68975
69000
69050
69051
69069
69072
69083
69085
69084
69102
69113
69134
69141
69158
69161
69172
69179
69192
69193
69198
69201
69204
69223
69228
69293
69296
69305
69313
69315
69330
69352
69390
69407
69408
69411
69413
69424
69425
69442
69447
69457
69473
69494
69517
69522
69544
69545
69544
69560
69559
69593
69600
69608
69610
69614
69615
69631
7194
7195
69665
69672
69684
69689
69697
69719
69717
69725
69736
69740
69754
69776
69785
69788
69793
69809
69821
69833
69837
69839
69852
69865
69874
69908
69906
69943
69950
69968
69971
69968
69974
69995
69999
69947
70014
70020
70024
70027
58091
70037
70041
70090
70096
70118
70123
70049
70139
6033
70138
70142
70145
70151
70163
70127
70167
70103
70175
70193
70211
70249
70259
70266
70280
70283
70327
70329
70331
70338
70356
70361
70367
70373
70390
70408
70427
70441
70455
70464
70466
70470
70483
70487
70499
70503
70514
70515
70522
70525
70526
70531
70532
70547
70561
70572
70532
70531
70581
70591
70594
70634
70637
70649
70661
70664
70667
70673
70688
70691
70694
70707
70732
70737
70747
4459
70748
70754
70779
70784
70782
70796
70802
70808
70811
70820
70822
70835
70851
70853
70875
70889
70892
70895
70893
70918
70921
70928
70938
70948
70949
70948
70952
70956
70961
70973
70976
70984
70987
71000
71024
71027
71029
71034
71054
71081
71079
71084
71099
71111
71114
71117
71146
71162
71165
71168
71167
71169
71174
71177
71182
71184
71238
71246
71250
71260
50843
71273
71275
71288
71298
71299
71298
71311
71330
71336
71343
71369
71373
71385
71412
71444
71465
71471
71478
71489
71519
71551
71555
71613
71622
71625
71633
71636
71648
71651
71655
71663
71669
71600
71716
71726
71732
71733
71741
71744
71752
71757
71762
71772
71786
71799
71807
71805
71820
71832
71837
71840
71849
71847
71852
71859
71886
71891
71913
71929
71930
71929
71937
71939
71991
72005
72011
72023
72030
72035
72038
72041
72047
72057
72068
72077
72080
72084
72098
72113
72116
72119
72125
72130
72171
72172
72204
72219
72225
72226
72225
72257
72256
72289
72299
72315
72323
72299
72331
72334
72371
72382
72403
72425
72435
72453
72459
72460
72473
72472
72497
72498
72499
72498
72509
72513
72476
72533
72531
72548
42452
72551
72554
72555
72559
72572
72581
72593
72617
50818
72620
72626
72628
72650
72651
72677
72693
72697
72700
72650
72704
72710
72717
72751
72755
72790
72798
72807
72810
72811
72816
72818
72823
72838
72839
72851
72853
72856
72859
72863
51247
72882
72890
72895
72893
72932
72954
72987
72996
73002
73007
73008
73034
73035
73038
73050
73053
73055
73057
73085
73092
73094
73116
73121
73135
73146
73147
73169
73173
73179
73183
73186
73191
73195
73200
73169
73203
73206
73214
73228
73233
73235
73238
73240
73246
73256
73251
73274
73306
73326
73341
73364
73366
73373
73387
73394
73401
73409
73418
73424
73440
73414
73459
73485
73503
66688
73531
73613
73619
66799
73643
73655
73708
73751
73825
73855
73880
73897
74060
74069
74099
67248
74137
74141
67286
74145
74162
74215
74240
74273
74279
74444
74474
74490
74501
74546
67626
74564
74588
67687
74626
74680
74708
74743
74819
74864
74914
68065
74938
74942
74977
74981
9621
74998
75017
75026
75043
75070
75085
75124
75127
75143
68278
75262
75361
75341
75362
75403
75467
75506
75532
75551
75607
75641
75667
75718
75776
75784
68924
75844
76040
76174
76186
76229
76246
76271
76350
76376
76391
76445
76556
76591
76600
69704
76638
76838
76867
77032
77031
77045
77072
77083
77126
77161
77197
77233
77250
77338
77355
77370
77426
77487
70569
77497
77517
70561
77560
77604
77616
77642
77684
77701
77719
77773
77771
77788
70822
77808
77822
77771
77884
77927
77942
77983
77989
77992
71007
78010
78017
78077
78096
78104
71058
78112
71021
78115
78120
78160
78181
71084
78188
78191
78196
71090
78310
78327
78353
78400
78542
78614
71468
78631
78633
4108
78722
78727
78764
78771
78796
78797
78806
78832
78936
78940
71744
78943
79010
79021
79035
79064
79075
79076
79084
79123
79186
79247
72098
79255
79267
79305
79387
79437
79468
65238
79474
79499
79559
79567
72453
79603
79655
79699
79768
79852
79862
79943
32376
79963
79997
79999
79997
80026
80122
80129
72996
80179
80257
80380
80438
80516
80554
80642
80663
80684
80689
70921
80698
80719
80765
80788
77250
80791
80951
81052
81104
58377
81146
81240
81275
81276
81295
81320
81319
81321
81332
81335
81336
81342
81347
81351
81356
81378
81380
81389
81374
81390
81394
81428
81451
81462
81492
81503
81505
81507
81522
81533
81539
81540
81543
81575
81593
81604
81626
81653
81683
81687
81684
81699
81747
81752
81756
81767
81785
81799
81807
81819
81824
81838
81839
81854
81866
81871
81877
81881
81886
81888
81927
81932
81933
81936
81947
81952
81965
81972
81978
81981
81982
82003
82008
82022
82026
82037
82044
82049
82053
82056
82068
82070
82086
82089
82094
82098
82101
82117
82127
82136
82152
82158
82163
82175
82185
82197
82203
82208
82216
82222
82224
82227
82230
82239
82241
82250
82264
82270
82272
82280
82287
82294
82297
82299
82300
82299
82302
82270
82308
82318
82297
82326
82334
82335
82342
82349
82353
82377
82386
82394
82400
82407
82411
82413
82421
82422
82430
82436
82440
82464
82471
82473
82476
82491
82493
82499
82508
82512
82515
82524
82525
82527
82531
82480
82540
82552
82562
82595
82602
82609
82610
82614
82615
82620
82640
82639
82652
82654
82660
82666
82671
82680
82706
82709
82712
82713
82714
82713
82720
82722
82725
82731
82743
82746
82754
82753
82755
82758
82766
82769
82772
82784
82793
82798
82807
82811
82826
82841
82851
82831
82854
82863
82869
82871
82869
82872
82841
82881
82884
82867
82890
82892
82890
82899
82904
82902
82911
82926
82932
82922
82941
82944
82945
82952
82955
82956
82966
82967
82988
82992
82996
82998
83001
83010
83023
83027
83033
83034
83040
83053
83057
83064
83078
83082
83091
83093
83097
83117
83129
81202
83180
83227
83422
83440
83467
83548
83599
83612
83649
83653
83707
83731
83753
83776
83809
83860
83886
81988
83939
83974
82111
84013
84025
84055
82198
84068
84095
84093
84100
82219
82227
84139
84151
84158
84253
84267
84295
84293
84334
84358
84397
82540
84442
84478
82606
84484
82674
84505
84614
84601
84655
84676
84685
82861
84701
84730
84766
84782
84835
84874
83071
84895
84915
84940
84958
84968
84985
84991
85002
85025
85026
85051
85053
85059
85073
85081
85087
85090
85092
85104
85111
85113
85118
85117
85127
85148
85185
85213
85227
85239
85245
85254
85266
85277
85301
85286
85302
85306
85311
85304
85302
85316
85355
85359
85364
85376
85374
85379
85383
85393
85397
85404
85412
85413
85415
85413
85428
85439
85412
85442
85443
85455
85461
85471
85476
85496
85499
85497
85517
85520
85522
85524
85527
85533
85535
85537
85522
85545
85547
85548
85556
85565
85570
85571
85579
85583
85592
85594
85607
85613
85619
85625
85626
85637
85649
85656
85664
85684
85692
85693
85706
85726
85739
85752
85784
85803
85804
85808
85809
85830
85842
85847
85848
85853
85858
85871
85878
85862
85882
85884
85909
85911
66567
85916
85930
85935
85943
85944
85945
85950
85958
85965
85976
85977
85981
85995
85997
85998
86015
86018
86017
86027
86028
86037
86046
86052
86062
86077
86088
86091
86094
86098
86094
86101
86105
86112
86084
86117
86121
86125
86136
86138
86141
86142
86144
86145
86167
86171
86178
86190
86199
86173
86174
86202
86144
86205
86210
86213
86219
86221
86225
86223
86229
86236
86239
86250
86254
86268
86269
86283
86289
15922
86294
86295
86312
86315
86316
86324
86325
86326
86336
86342
86340
86361
86370
86373
86388
86395
86399
86403
86414
86421
86423
86427
86460
86465
86469
86478
86490
86500
86501
86500
86505
86517
86520
86524
86529
86536
86540
86548
86553
86555
86573
86571
86574
86579
86592
15913
86595
86608
86607
86615
86620
86579
86631
86553
86646
86657
86658
86666
86672
86692
86696
86666
86700
86705
86703
86710
86727
86741
86725
86765
86769
86771
86781
86765
86783
86787
86792
86791
86801
86807
86789
86810
86809
86816
86813
86825
86828
86829
86834
86840
86841
86846
86807
86849
86810
86851
86813
86855
86859
86872
86894
86928
86931
86937
86940
86943
86946
86947
86955
86958
86960
86993
87001
87003
87006
87018
87021
87043
87078
87098
87107
87116
87136
87171
87182
87190
87202
87206
87209
87210
87224
87228
87233
87231
87237
21546
87242
87240
87245
87248
87251
87261
87266
87269
87272
87288
87296
87299
87308
87309
87314
87320
87338
87374
87378
87393
87415
87422
87425
87431
87437
87450
87455
87452
87450
87461
87500
87505
87508
87542
87545
87560
87567
87579
87580
87588
87593
87596
87597
87605
87609
87611
87635
87666
87672
87678
87696
87705
87719
87728
87738
87740
87753
87760
87761
87763
87767
87765
87768
87773
87783
87785
87788
87791
87794
87799
87803
87810
87824
87829
87835
87864
87823
87824
87876
87896
87898
87921
87926
87945
87980
87983
87989
88010
88012
88014
88032
88034
88052
88059
88084
88101
88106
88109
88110
88121
88127
88137
88142
88169
88183
88187
88192
88193
88197
88203
88208
88209
88213
88223
88256
88259
88266
88301
88306
88307
88306
88313
88319
88337
88338
88339
88341
88348
88358
88361
88363
88364
88367
88377
88379
88385
88407
88409
88411
88414
88424
88448
88451
88469
88472
88477
88478
88477
88491
88502
88511
88512
88528
88531
88535
88530
88531
88546
88551
88574
88577
88586
88585
88587
88592
88600
88604
15503
88606
88613
88629
88652
88655
88637
88658
88663
88665
88672
28215
88677
88723
88750
88767
88778
88783
88793
88802
88805
88810
88812
88822
88837
88847
88872
88880
88882
88892
88897
88925
88928
88931
88934
88947
88963
88979
88982
88981
88990
88952
88999
89003
89021
89029
89030
89031
89034
89037
89049
89056
89064
89069
89080
89113
89121
89138
89155
89171
89201
89220
89221
89228
89230
89246
89247
89266
89267
89271
89276
89300
89312
89321
89339
89348
89364
89371
89377
89380
89386
89399
89402
89404
89423
89431
89436
89447
89450
89422
89449
89453
89477
89484
89500
89509
89512
89528
89547
89552
89557
89567
89575
89567
89579
89591
89594
89604
89625
89637
89624
89644
89642
89657
89659
89684
89713
89714
89717
89720
89722
89727
89720
89732
89746
89749
89763
89777
89783
89789
89801
89786
89809
89830
89846
89847
89860
89861
89864
89871
89881
89890
89912
89921
89939
89943
89975
89981
89986
89992
89993
89999
90008
89989
90017
90022
90025
90034
90045
90056
90066
90092
90096
90108
90119
90125
90142
90144
90147
90177
90181
90184
90199
90222
90227
90230
90242
90247
90269
90284
90301
90313
90318
90324
90336
90343
90346
90360
90395
90394
90400
90413
90421
90425
90433
90437
90445
90447
90453
90463
90437
90497
90502
90504
90530
90547
90566
90570
90600
90606
90612
90584
90640
90663
90683
90686
90688
90698
90706
90709
90716
90725
90735
90738
90787
90794
90798
90812
90816
90834
90862
90872
90885
90927
90942
90951
90967
90974
90977
91000
91003
91010
91039
91067
91071
91091
91133
91136
91141
91150
91154
91168
91187
91182
91195
91197
91213
91219
91225
91232
91252
91280
91291
91300
91298
91299
91323
91331
91352
91357
91358
91361
91364
91367
91376
91389
91420
91436
91441
91444
91430
91448
91456
91463
91467
91486
91494
91501
91504
91513
91514
91513
91527
91530
91540
91545
91549
91550
91551
91577
91588
91610
91613
91634
91635
91639
91651
91660
91662
91667
91672
91674
91677
91686
91696
91727
91742
91766
91778
91784
91797
91805
91812
91836
91853
91869
91879
27422
91901
91924
91960
91962
91969
91958
91960
91986
91999
92007
92037
92054
92076
92086
92111
92126
92135
92138
92149
92159
92302
85111
92455
92500
92498
92521
92524
92542
92550
92704
92751
92769
92773
92775
92797
92848
92870
92924
92962
92964
92974
92977
92980
92983
92995
93013
93043
93081
93094
93112
93148
86091
93151
93238
93265
93289
93304
93349
93361
93383
25319
93394
93424
93442
93466
93497
93503
86393
93526
86457
93532
93514
86469
93536
93547
93565
93571
93583
93598
86559
93628
93649
93665
93706
93714
93739
93776
93781
93790
86688
93815
93832
93833
93845
93853
93890
93907
93918
93928
93957
93961
93979
94059
94084
94123
94144
94178
15747
94225
87101
94231
94256
94288
94310
21524
94317
94316
94327
94354
87296
94369
94474
94498
87394
94507
94515
94552
94560
87432
94588
94594
94639
94712
94722
87648
94749
94750
94779
94804
94815
94828
87775
94837
94942
87861
87863
94945
87900
94971
95023
95025
95084
88086
95120
95189
95227
95261
95272
95311
95368
95380
95501
95530
95554
95654
95708
95739
95741
95765
95771
95741
95795
95806
95854
95875
95972
96029
96140
96160
96196
96206
96283
96344
96428
96472
89323
96533
96535
96533
96693
96791
96797
97000
97015
97028
97057
97118
97165
97210
97282
97354
97483
97517
97543
97577
97610
97664
97672
97691
97690
97703
97706
97834
97850
97862
97984
98042
98045
98080
98137
98183
98195
98246
98324
91180
98336
98417
98426
98528
98534
98579
98577
98602
98630
91482
98867
98960
98968
98990
99019
99050
99175
99188
99209
99224
99307
92135
99414
99506
21459
99761
93003
99769
99780
99736
32387
99796
99798
99803
99815
99835
99840
99855
99858
99880
99927
99950
99983
99985
100042
99901
100046
100073
100077
100095
100114
100112
100158
100162
100174
100179
100181
100213
100224
100225
100238
100242
100251
100259
100275
100287
100296
100300
100315
100326
100335
100338
100335
100364
100365
100376
100381
100396
100408
100425
100426
100433
100454
100458
100445
100474
100491
100510
100526
100540
100549
100550
100549
100560
100564
100569
100576
100584
100595
100615
100613
100619
100633
100659
100666
100670
100699
100695
100709
100713
100731
100751
100760
100765
100818
100823
100850
100852
100884
100904
100917
100932
100947
100985
100988
101006
101010
101014
101013
101021
101030
101034
101021
101036
101048
101053
101070
101126
101131
101156
101158
101166
101181
101186
101200
101217
101225
101228
101247
101255
101270
101276
101281
101283
101273
101295
101300
101313
101321
101319
101324
101331
101336
101344
101348
101358
101348
101360
101361
101371
101381
84095
101390
101398
101406
101411
101418
101421
101426
101433
101441
101444
101442
101453
101459
101478
101486
101491
101516
101533
101573
101571
101575
101571
101580
101586
101592
101598
101574
101575
101600
101606
101609
101613
101621
101619
101627
101631
101634
101639
101637
101648
101654
101660
101667
101675
101676
101687
101709
101710
101735
101733
101741
101747
101749
101762
101763
101765
101790
101796
101799
101777
101801
101799
101777
101806
101813
101816
101818
101820
101823
101828
101834
101842
101859
101863
101870
101909
101916
101921
101923
101928
101931
101939
101943
101948
101972
101971
101978
87760
87761
101979
102054
102055
102054
102080
102083
102087
102088
102101
102109
102111
102119
102124
102134
102175
102192
102208
102212
102214
102228
102234
102238
102253
102255
102258
102271
102278
102286
102290
102294
102316
102329
102338
102357
102374
102413
102419
102421
102429
102437
102452
102453
102437
102459
102488
102492
102495
102502
102519
102526
102539
102540
102574
102602
102628
102679
102737
102761
102798
102826
102871
102911
102928
102940
102961
100441
102967
102995
103052
103070
103093
103157
103252
103333
103342
103393
100947
103400
103450
103453
103475
103594
103622
103693
103696
103697
103782
82111
103789
103795
103839
103846
103891
103900
103903
103948
104048
101603
104057
104096
104149
104173
101733
104182
104189
104224
86982
101786
86982
104227
104245
104266
104268
104272
104284
101842
104292
104326
94788
104353
94706
104397
104403
104407
104413
101971
104528
104608
104614
104635
104673
88625
104702
104767
104773
104795
102313
104833
104899
102419
104959
15493
104995
105092
105095
105119
105130
93832
105146
105179
105243
105248
105254
105263
105271
105279
105288
105294
105303
105310
105312
105329
105386
105389
105405
105416
105417
99981
105410
105468
105473
105483
105491
105495
105498
105532
105537
105539
105537
105541
105545
105546
105555
105557
105613
105617
105614
105637
105645
105666
105678
105684
105698
105724
105728
105749
105763
105768
105773
105771
105777
105786
105807
105810
105821
105826
105843
105853
105878
105885
105912
105930
105937
105943
105970
105976
106000
106007
106005
106016
106009
106023
106034
106036
106034
106083
106086
106072
106088
106124
106176
106180
106176
106181
106191
106205
106217
106222
106226
106228
106233
106225
106226
106256
106292
106295
106315
106342
106375
106386
106389
106400
106402
106404
106427
106448
106450
106455
106469
106448
106481
106494
106511
106541
106542
106582
106583
106594
106597
106621
106625
106631
106646
106649
106653
106665
106671
106682
106683
106712
106721
106725
106740
106757
106763
106771
106775
106781
106791
106766
106809
106811
106812
106824
106832
106853
106861
106881
106885
106889
106911
106922
106928
106929
106931
106929
106967
106965
106975
107004
107005
107006
107015
107020
107032
107041
107040
107061
107063
107061
107086
107091
107101
107117
107125
107146
107150
107148
107160
107164
107171
107177
107191
107210
107217
107222
107228
107248
107252
107255
107285
107295
107316
107324
107330
107337
107363
107373
107376
107390
104248
107399
107405
107406
107408
107406
107417
107421
107424
107425
107424
107427
107429
107432
107435
107441
107446
107450
107458
107456
107472
107475
107486
107505
66650
107522
107525
107533
107540
107555
107556
107557
107566
107573
105179
107575
107582
107585
107586
107584
107595
107603
107601
107606
107604
107618
107621
107624
107627
107636
107645
107652
107642
107668
107654
107680
107687
107689
107688
107700
107701
107708
107717
107726
107727
107726
107756
107771
107774
107786
107789
107791
107801
107807
107805
32622
107801
32622
107816
107813
107820
107828
107829
107831
107834
107839
107853
107857
107869
107885
107887
107891
107902
107924
107923
107927
107931
107934
19412
107936
19412
107938
107959
107969
107968
107995
108003
108017
108030
108041
108039
108075
108081
108107
108114
108118
108129
108137
108155
108161
108176
108181
108194
108196
108195
108203
108204
108214
108155
108221
108230
108235
108212
108240
108217
108218
108248
108254
108245
108260
108259
108272
108270
108305
108311
108317
35089
108335
108351
108335
108359
108360
108366
108362
108369
108385
108422
108436
108443
108449
108462
108482
108483
108501
108533
108536
108544
41582
108565
108576
105243
108665
108680
108762
108782
108811
108837
108841
108905
108934
108977
109060
109072
105807
109204
109229
105965
109247
109346
109363
106127
109426
109444
109531
109609
109643
109685
109766
109781
109933
109946
109976
110002
110005
106897
110084
110116
110133
110284
110302
107191
110312
110329
110437
110575
110620
107535
110761
110897
110990
111014
110992
111058
89404
111106
111151
111208
111250
108083
111253
108086
111307
108217
111310
111430
108305
111598
111628
111718
111749
66681
111763
111767
111773
111776
111863
111878
106230
111896
111941
111950
111971
111996
105243
112000
112046
112062
112089
112122
112131
112163
112174
112181
112182
112195
112197
112195
112210
112217
112218
112232
112233
112237
112247
112249
112278
112289
112315
112324
112327
112338
112343
112354
112363
112393
112389
112392
112396
112410
112421
112422
112429
112435
112439
112441
112442
112458
112476
112479
112495
112513
112516
112531
112541
112550
112554
112596
112625
112644
112662
112668
112682
112694
112697
112715
112714
112730
112749
112750
112760
112768
112771
112781
112780
112803
112804
112803
112823
112843
112846
1447
112876
112877
112884
112898
112915
112917
112921
112923
112930
112931
112930
112935
112940
112952
112954
5802
112978
112989
113002
113018
113020
113035
113038
113042
113045
113058
113063
113072
113073
113082
113087
113099
113102
113103
113106
113142
113156
113170
113174
113184
113207
113210
113223
113225
113223
113237
113239
113246
113248
113262
72403
113285
113284
113286
113295
113284
113300
113321
113333
113336
113370
113378
113412
113420
113423
113432
113434
113461
113470
113484
113510
2313
111867
113513
113518
113530
113531
113544
113551
113559
113565
113575
113593
113594
113601
113620
113623
113633
113635
113647
113649
113658
113675
113689
113699
113711
113714
113716
113715
113723
113724
113733
113723
113748
113750
113761
113789
113790
113798
113799
113802
113806
113813
113828
113838
113839
113843
113849
113848
113853
113828
113859
113864
113870
113877
113882
113888
113903
113907
113932
113948
113949
113963
113964
113974
113977
113981
113988
113995
113981
113997
114003
114008
114015
114060
114077
114098
114104
114275
114416
114454
114491
114505
114512
114505
114542
113556
114595
113282
114601
114611
114649
114656
114731
114876
114965
115002
115025
71319
115062
113142
115075
115297
115308
115343
115358
115376
115408
115463
113544
115489
115494
115496
115524
115589
115600
115601
115630
115657
113719
115677
115727
115738
115760
41840
115768
115781
115744
115834
113923
115939
115952
115961
116090
116105
115297
116198
116294
116309
112964
116357
116414
116451
116460
116465
116475
116489
116492
116508
116521
116517
116522
116535
116541
116554
116580
116588
116642
116651
116657
116659
116657
116654
116689
116685
116693
116704
116726
116729
116750
116756
116747
116755
116771
116777
116783
116771
116784
116791
116793
116804
116824
116845
116846
116867
116899
116902
116922
116947
116960
116967
116992
116995
117008
117013
117008
117019
117037
117044
117046
117048
117062
117064
117085
117099
117108
117122
117124
117122
117129
117137
117148
117157
117158
117161
117178
117190
117192
117202
117218
117226
117248
117269
117270
117296
117298
117307
117328
117329
117337
117338
117343
117341
117355
117395
117397
117400
117422
117445
117455
117452
117456
117460
117464
117471
117495
117496
117506
117509
117511
117519
117533
117536
117540
117551
117564
117572
117609
117614
117617
117628
117682
117684
117699
117704
117720
117725
117736
117741
117752
117788
117794
117817
117830
117838
117836
117858
117865
117869
117874
117875
117885
117895
117935
117941
117983
118019
118052
118084
118091
118111
118118
118122
118130
118132
118192
118217
118244
118269
118283
118284
118309
118316
118328
118334
118375
118384
118390
118421
118424
118428
118441
118443
118444
118443
118455
118457
118455
118486
118500
118501
118507
118513
118518
118528
118538
118573
118580
118600
118617
118622
118628
118641
118644
118676
118677
118715
118743
118775
118807
118810
118835
118869
118874
118913
118923
118924
118923
118932
118936
118964
118989
118995
119000
119022
119036
119039
119048
119093
119094
119097
119100
119108
119114
119121
119145
119161
119167
119177
119204
119208
119209
119208
119219
119223
119233
119251
119254
119274
119296
119302
119305
119309
119317
119321
119319
119342
119343
119352
119360
119367
119369
119383
119403
119408
119424
119442
119447
119456
119462
119474
119498
119505
119507
119505
119522
119530
119548
119562
119597
119602
119615
119628
119629
119668
119675
119692
119713
119732
119741
119753
119761
119753
119766
119769
119780
119787
119789
119787
119794
119844
119852
119869
119874
119882
119884
119886
119921
119928
119948
119950
119960
119964
119974
119978
119979
119993
120005
120009
120026
120030
120034
120056
120066
120071
120080
120097
120106
120102
120121
120125
120128
120149
120148
120161
120179
120182
120202
120204
120224
120230
120235
120267
120272
120275
120296
120298
120320
120324
120327
120331
120346
120352
120357
120359
120366
120384
120387
120422
120430
120435
120449
120455
120461
120471
93250
101557
120514
120520
120524
120544
120556
120562
120630
120639
120641
120652
120684
120692
120694
120736
120738
120741
120742
120741
120767
120777
120791
120797
120816
120817
120819
120830
120837
120838
120848
120852
120857
120872
120891
120872
120897
120898
120905
120913
120918
120934
120937
120957
120963
120974
120985
120990
121003
121033
121045
121059
121062
121080
121083
121087
121097
121099
121097
121100
121144
121147
121150
121155
121159
121170
121177
121180
121207
121211
121212
121215
121218
121221
121234
121245
121254
121276
121286
121288
121300
121313
121320
121325
121359
121365
121373
121378
121398
121400
121398
121435
121442
121460
121502
121524
121526
121527
121548
121555
121557
121560
121576
121592
121598
121600
121603
121604
121656
121666
121669
121607
121674
121685
121689
121693
87340
121699
121702
121710
121713
121699
121729
121867
121900
121922
116597
116608
121942
122029
122115
122116
122161
122286
122309
122357
122465
122480
122479
122630
122642
122663
122693
122857
122866
122851
122993
123035
123064
123151
123166
123176
123224
123221
123292
123356
123416
123421
123481
123631
123634
123662
123679
123772
123842
123859
118485
123862
124160
124205
124238
124243
124285
124292
118953
124295
124301
124400
124532
124571
124601
124618
124643
124682
124768
124798
124810
124816
124996
125152
125314
120009
125326
125401
125449
125501
125518
125579
125608
125611
125612
125705
125734
125759
84685
120396
84685
125777
125845
125914
126008
126025
126047
126085
126092
126095
126193
126224
126240
126266
126285
126319
126337
126356
120968
126364
126572
126587
126571
126590
126638
121230
126650
126689
126788
126802
126827
86683
126842
126925
126991
121659
127004
127013
127047
121618
121619
127242
127292
127514
127640
127670
127669
127682
127683
127694
127708
127722
127723
127722
127729
127728
127761
127763
127761
127779
127781
127795
127797
127805
127810
127813
127811
127818
127831
127834
127846
127851
127857
127864
127870
127877
127878
127882
127900
127907
127909
127930
53720
127947
127954
127960
127963
127964
128002
128014
128013
128029
128041
128053
128059
128045
128069
128080
128096
128124
128135
128136
128137
128149
128135
128155
128177
128202
128201
128205
128206
128213
128225
128239
128248
128258
128265
128266
128296
128304
128312
128317
128333
128341
128346
128362
128364
128383
128384
128383
128389
128401
128404
128402
128405
128408
53867
51777
128410
128415
128426
128430
128437
128443
128454
128455
128454
128462
128476
128488
128512
128530
128551
128553
128557
128572
128586
128602
128603
128610
128614
128620
128619
128625
128649
128669
128671
128681
128683
128691
128701
128711
128723
128736
128750
128753
128758
128771
128777
128785
128809
128816
128845
128846
128854
128893
128897
128902
128908
128907
128912
128920
128932
128931
128949
128953
128955
128967
128978
128979
128988
128997
129012
129017
129027
129024
129037
129048
129052
129070
129077
129078
129091
129095
129097
129109
129111
129124
129128
129139
44835
129138
129148
129168
129173
129180
129189
129199
129200
129199
129204
129196
129221
129222
129226
129233
129234
129284
129297
129302
129310
129325
129355
129367
129370
129375
129376
129390
129403
129405
129412
129443
129454
129459
129460
129478
129492
129494
129504
129508
129530
129557
129562
129569
129570
129584
129589
129611
129613
129643
129665
129672
129685
129683
129703
129709
129718
129736
129747
129750
129757
129772
129775
129782
129784
129787
129800
129817
129835
129859
129871
129895
129899
129902
129913
129923
129933
129942
129955
129965
129978
129983
129984
129988
129994
129997
129998
129997
130013
130016
130057
130059
130066
130067
130086
130100
130112
130125
130134
130141
130167
130172
130187
130202
130206
130211
130213
130217
130224
130251
130255
130256
130273
130278
130303
130316
130321
130326
130339
130335
130340
130345
130347
130380
130384
130396
130405
130426
130430
130433
130451
130452
130459
130461
130464
130470
130474
130482
130489
130497
130496
130507
130509
130519
130525
130528
130550
130563
130566
130570
130566
130573
130585
130573
130595
130600
130615
130618
130622
130625
130612
130648
130680
130683
130704
130707
130713
130720
130741
130742
130758
130761
130766
130765
130775
130773
130777
130792
130800
130827
130833
130847
130929
130933
130928
130940
130949
52724
130961
130965
130970
130981
130986
131004
131005
131009
131011
131013
131032
131035
131049
131052
131067
131092
131093
131095
131107
131124
131149
131150
131165
131186
131188
131197
131215
131232
131240
131238
131266
131267
131266
131265
131270
131296
131309
131326
131339
131344
131347
131373
131377
131386
131420
131444
131478
131532
131537
131550
131555
131574
131585
131593
131597
131710
131732
131762
131954
132017
132004
132089
132092
132095
132101
132193
132197
132386
132395
128512
132475
132539
132581
132607
132620
132607
132626
132703
132871
132991
129199
132998
133022
133054
133084
133132
133198
133207
133238
133241
133274
133286
129516
133324
129537
133337
133444
133454
129647
133484
133504
133637
133730
133825
133882
133934
133976
133985
134033
134045
134074
134072
134084
134126
134128
134126
134174
130404
134195
134198
134258
134323
134470
134587
134792
134890
134891
134890
134912
134890
135034
135041
135059
135197
131326
135272
131382
135411
135430
135452
135481
1115
135560
128119
135600
132578
135615
128967
135621
135686
135707
135776
135778
135781
135795
135806
135814
135815
135824
135826
135824
135836
135863
135889
135893
135894
135904
135912
135917
135916
135918
16716
135931
135943
135947
135953
135955
135947
135968
135973
135977
135982
135985
136010
136024
136027
136033
136034
136036
136037
136039
136047
136050
136057
136067
136073
136102
136106
136121
16833
136124
132391
136126
136132
136135
136139
136147
136148
136151
136153
136155
136159
136162
136168
128625
136171
136174
136181
136186
136188
136189
136188
136222
136241
136240
136249
136254
136259
136276
136292
11992
136306
136320
136336
136344
136347
136350
136361
136363
136366
136369
136365
136389
136411
136416
136419
136424
136430
136450
136458
136470
136493
136507
136511
136523
136518
136527
136531
136552
136551
136559
136561
136565
136567
136582
136586
136592
136649
136660
136662
136667
136703
136727
136742
136745
136773
136785
136790
136793
136814
136820
136829
136858
136864
136891
136912
136940
136950
136958
136963
136978
136983
136990
136994
137000
137010
137000
137030
137041
137044
137056
137059
137074
137100
137105
137125
137135
137147
137145
137164
137198
137204
137233
137235
137281
137283
137246
137293
137309
137310
137324
137328
137329
137333
137336
137361
137372
137371
137387
137417
137432
137452
137496
137503
137536
137546
137580
137582
137580
137588
137583
137597
137610
137618
137636
137646
137668
137687
137708
137716
137720
137729
137746
137760
137777
137776
137782
137828
137861
137874
137875
137902
137926
137940
137943
137981
137982
138008
138021
138029
138065
138077
138096
138080
138101
138106
138114
138101
138143
138145
138149
138148
138150
138151
138150
138157
138167
138198
138221
138230
138279
138282
138293
138305
138323
138329
138336
138339
138329
138342
138356
138358
138363
138364
138363
138368
138371
138383
138398
138445
138446
138460
138462
138473
138475
138482
138484
138505
138506
138505
138518
138536
138535
138575
138574
138590
138604
138614
138625
138627
138634
138650
138669
138715
138733
138740
138756
138759
138777
138797
138809
138818
138820
138837
138850
138854
138864
138880
138879
138910
138920
138942
138946
138968
138973
138994
139060
139058
139064
139062
139066
139075
139100
139107
139161
139182
139190
139198
139205
139206
139198
139217
139233
139252
139261
139291
139309
139324
139329
139332
139333
139335
139349
139380
139392
139401
139412
139414
139417
139431
139447
139472
139505
139544
139549
139548
139553
139575
139596
139617
139636
139639
139657
139662
139668
139692
139698
139715
135830
139725
139748
11258
16673
139757
135872
139862
139955
136109
139982
140006
136160
140070
140093
140121
140177
136350
140179
140216
17508
140273
140293
140324
140389
140417
140422
140445
140464
140510
140515
136635
140543
140656
140695
140789
140819
140924
137026
140963
141037
141073
141112
141142
141140
141179
141196
141202
141212
141275
141322
141401
141422
141468
137512
141749
141904
142130
142247
142246
142438
138413
142451
138462
142459
142534
142592
142622
142821
143023
143036
143048
143071
143083
143095
143105
143142
143137
143257
143326
143350
139381
143411
143425
143462
143480
143512
143534
143547
143549
143547
143651
143666
143699
143759
143768
143792
143841
144025
144043
144045
144078
144084
144106
144102
144105
144108
144112
144115
144117
144120
144123
144129
11446
144139
144168
144169
144194
144199
144206
144224
144228
144242
144258
144261
144265
144266
144267
144274
144284
144283
11674
144289
144315
144326
144327
144355
144363
144385
144402
144426
144436
144443
144444
144464
132383
144466
144468
144506
144510
144511
144518
144517
144533
144541
144539
144559
144566
144571
144573
144575
144586
144587
144591
144595
144600
144607
144611
144616
144661
144668
144673
144676
144683
144690
144694
144728
144738
144755
144757
144767
144768
144792
144796
144802
144788
144803
144809
144829
144836
144843
144853
144858
144865
144871
144872
144875
144873
144883
144886
144887
144888
144896
144913
144924
144925
144929
144937
144956
144976
144989
144997
145017
145064
145067
145074
145075
145094
145107
145131
145132
145137
145143
145155
145159
145170
145178
145184
145190
145195
145202
145213
145221
145231
145240
145243
145244
145248
145277
145292
145291
145324
145336
145344
145369
145365
145377
145380
145412
145414
145413
145442
145444
145450
145446
145449
145456
145455
145470
145504
145522
145551
145567
145570
145584
145592
145595
145622
145623
145624
145640
145643
145654
145669
145670
145669
145674
145698
145702
145701
145706
145715
145717
145718
145729
145732
145747
145750
145761
145772
145778
145780
145785
145794
145812
145815
145841
145869
145883
145898
145906
145921
145924
145935
145941
145948
145953
145961
145983
146003
146029
146033
146035
146037
146039
10572
146040
146048
146070
146073
146076
146088
146097
146133
146142
146151
146155
146173
146205
146211
18405
146218
146335
146336
146366
146413
146476
144233
146479
146487
146660
146674
146683
146692
146785
146828
146849
146860
144666
146977
146999
147049
147083
147101
147149
147158
147229
147233
147241
147266
145026
147308
147326
147341
147458
147481
145257
147484
147469
147503
147599
147611
147614
147611
147626
145377
147676
147698
147785
147809
148003
148043
148133
148192
148202
148286
148358
148395
28790
28793
147655
28793
148454
148505
146518
146519
148502
148592
146070
148597
148640
71981
148669
148720
148749
148800
148819
148843
148847
148850
148851
148868
30391
33208
148885
148896
148898
148914
148952
148951
148957
148984
148993
149040
149047
149052
149073
149110
149113
149117
149119
149146
149164
25695
149250
149256
149263
149272
149291
149290
149292
149304
149310
149312
149319
149323
149307
149352
149379
149384
149389
149395
149472
149572
149576
149578
149583
149584
149591
149595
149582
149609
149623
149649
149653
149639
149700
149719
22895
149727
149740
149755
149761
149762
149789
149787
149821
149840
149842
149843
149858
149869
149848
149884
