9
14
44
45
49
50
51
81
85
89
123
153
154
203
242
277
405
511
546
626
660
669
672
804
869
931
1108
1288
1444
1521
1629
1840
1993
3033
3049
3194
3195
3282
4029
4515
4569
4806
5034
5037
5148
5409
5562
5940
6362
6403
6657
7195
7498
8613
8874
8930
9149
9162
9290
9351
9386
9510
9580
9739
9774
9879
9937
10154
10422
10810
10952
11022
11106
11151
11440
11495
11510
11517
11538
11555
11586
11799
11887
12008
11456
12190
12208
12255
12267
12774
12940
12972
13115
13356
13457
13569
13582
13603
13616
13626
13797
14074
14169
14257
14274
14329
14349
14492
14601
14909
14907
15288
15313
15370
15426
15649
16094
16416
16565
16929
17040
17082
17122
17162
17476
17491
17556
17846
18274
18485
18498
18543
18613
18722
18841
18934
19200
19394
19400
19405
19452
19496
19554
19619
19655
19680
19701
19714
19743
19754
19854
20112
20180
20205
20428
20644
20829
21164
21227
21384
21410
21432
21867
22003
22055
22428
22431
22668
22714
22766
22899
22914
23007
23031
23078
23096
23243
23367
23395
23443
23558
23574
23618
23622
23634
23922
24286
24374
24400
24568
24685
24760
24800
25019
25025
25364
25414
25560
25666
25779
26313
26456
26533
26952
27186
27255
27277
27378
27382
27505
27589
27609
27739
27808
28093
28120
28259
28325
28387
28405
28457
28464
28523
28595
28746
29184
29304
29507
29591
29612
29708
29835
29864
29976
29991
30099
30191
30207
30245
30357
30654
30657
30765
30810
30866
30871
30904
30926
30934
30960
31011
31023
31086
31161
31170
31457
31536
31568
31799
31812
31852
31869
32489
32630
32899
33110
33113
33399
33453
33771
33838
34024
34135
34185
34188
34281
34285
34290
34459
34539
34573
34596
34724
34841
34869
34871
34899
34915
35037
35086
35305
35594
35627
35755
35808
35868
36016
36192
36209
36217
36391
36476
36478
36493
36598
36929
37048
37193
36481
37209
37459
37745
37779
37821
37855
37866
38223
38099
38344
38491
38560
38690
38718
38727
38759
38890
39063
39199
39224
39334
39599
39608
39700
39769
39917
39966
40004
40046
40358
40439
40440
40495
40497
40508
40682
40725
40965
41001
41343
41384
41588
41602
41621
41931
41969
42011
42055
42165
42212
42335
42563
42629
42655
43037
43487
43500
43566
43616
43619
43684
43723
43730
43772
41384
43846
43921
44047
44181
44185
44356
44406
44617
44677
44686
44700
44710
44751
44866
44894
44919
45005
45078
45223
45261
45269
45308
45334
45337
45604
45629
45811
46131
46168
46398
46495
46557
46566
46582
47073
47235
47243
47273
47305
47530
47789
47887
47917
47977
48079
48098
48149
48343
48543
48597
48880
48935
49134
49366
49496
49519
49656
49693
49743
49807
49970
49123
49968
50157
50389
50441
50537
50798
50863
50898
51105
51214
51264
51362
51428
51447
51486
51662
51691
51709
51744
51745
51744
51860
51882
52009
52010
52546
52608
52798
53178
53181
53401
53787
53862
53909
54003
54116
54201
54716
54869
55073
55210
55227
55230
55277
55373
55476
55663
55691
55695
55881
55928
55994
56070
56089
56289
56370
56374
56444
56513
56517
56780
56895
56901
56918
57108
57137
57207
57243
57383
57477
57513
57966
58133
58199
58206
58379
58763
58864
59062
59219
59392
59426
59679
59693
59730
59772
59919
59939
60441
60503
60818
60849
60868
61007
61071
61091
61108
61149
61315
61499
61507
61617
61808
61885
61996
62072
62169
62279
62378
62575
62739
62885
62921
62960
63209
63720
63773
63911
64023
64430
64629
64790
64814
65116
65120
65167
65174
65247
65309
65400
65420
65646
65791
65909
65974
65996
66072
66089
66171
66389
66394
66431
66487
66531
65974
66716
66733
66777
66816
66903
66946
66777
66971
66983
67046
67196
67403
67437
67493
67532
67541
67572
67661
67748
67756
67884
68177
68432
68449
68599
68820
68992
69008
69076
69082
69370
69423
69522
69672
69716
69761
69792
69812
69830
70116
70181
70284
70298
70384
70439
70442
70443
70517
70651
70677
70738
70763
70848
70869
71139
71159
71272
71459
71589
71763
71898
71938
72011
72102
72310
72332
72407
72409
72473
72474
72535
72654
72752
72916
72959
72975
72986
72990
73201
73220
73265
73504
73577
73594
73655
73690
73724
73767
73821
73849
73887
74102
73451
74361
74406
74408
74486
74567
74664
74756
75267
75312
75394
75437
75767
75831
76002
76606
76913
76935
76946
76970
77024
77121
77336
77609
77868
77936
78065
78419
77597
78437
78675
78749
78786
78845
79032
79151
79282
79508
79679
79964
80255
80453
80458
80486
80496
80691
81146
81480
81552
81780
82040
82092
82293
82571
82576
82631
82795
82807
82960
83076
83424
83748
83891
84571
84596
84614
84731
84755
84924
84955
85152
85215
85248
85343
85551
85552
85638
85653
85655
86000
86133
86234
86281
86565
86810
87032
87184
87260
87493
87641
87763
87841
88232
88311
88384
88445
88472
88493
88584
88608
88611
88678
88700
88900
88951
88973
89085
89336
89374
89458
89460
89534
89595
89729
89858
90001
90233
90255
90558
90646
90960
91036
91296
91315
91445
91542
91700
91758
91769
91799
91817
91830
92209
92271
92371
92433
92502
92720
92830
92915
92342
93216
93498
93544
93672
93685
94200
94280
94348
94495
94526
94674
94866
95096
95261
95394
95428
95497
95905
95912
95961
95975
96049
96133
96179
96402
96422
96513
96646
96865
96944
96998
97103
97317
97382
97781
97874
97937
98081
98270
98367
98380
98439
98479
98670
98843
98965
99061
99180
99296
99533
99613
99693
99712
99762
99765
99809
99844
99881
100015
100129
100832
100837
101190
101289
101471
101687
101922
101927
102105
102122
102400
102653
103097
103100
103125
103198
103335
103639
103888
103908
103964
104180
104300
104476
104570
104635
104660
104858
105139
105237
105267
105548
105961
105973
106155
106170
106222
106232
106389
106512
106623
106631
106669
107153
107407
107504
107560
107616
107696
107757
108489
108556
109129
109146
109365
109377
109415
109675
109709
109860
109867
110021
110164
110209
110230
110403
110405
110456
110492
110590
110641
110649
110676
110761
111007
111183
111440
111511
111765
111999
112165
112232
112365
112373
112468
112504
112557
112576
112800
112898
113092
113259
113574
113628
113645
113664
113677
114016
114142
114590
114594
114640
114708
114982
115044
115114
115392
115494
115775
115856
115910
115979
116109
116136
116363
116444
116457
116502
116612
116689
116711
116715
116745
116750
116832
116950
116989
117020
117208
117245
117330
117395
117433
117478
117619
117639
117659
117690
117709
117826
117842
117912
117994
118014
118308
118352
118515
118524
118533
118547
118636
118700
118743
118729
118754
118819
118832
118924
118936
119010
119038
119047
119056
