23
25
27
30
86
89
95
168
172
177
190
246
250
347
366
432
436
542
553
557
558
562
605
650
651
655
672
676
680
681
822
827
830
831
836
839
875
939
962
963
967
971
1008
1070
1071
1079
1093
1097
1128
1132
1136
1137
1178
1179
1183
1187
1246
1248
1252
1256
1257
1321
1325
1326
1330
1351
1391
1404
1406
1408
1410
1413
1415
1434
1466
1524
1525
1529
1532
1412
1533
1560
1572
1586
1587
1591
1595
1596
1604
1697
1789
1793
1794
1798
1836
1839
1843
1845
1851
1855
1857
1873
1875
1882
1896
1898
1905
1923
1927
1931
1940
1941
1946
1951
2043
2047
2130
2136
2139
2145
2148
2152
2156
2157
2294
2295
2303
2331
2339
2367
2368
2372
2370
2378
2379
2383
2387
2399
2416
2486
2487
2491
2495
2496
2500
2521
2525
2526
2530
2533
2545
2549
2550
2554
2574
2581
2585
2586
2636
2637
2657
2658
2666
2667
2671
2675
2677
2711
2739
2743
2747
2762
2763
2767
2771
2772
2776
2780
2781
2786
2787
2791
2822
2862
2917
2921
2922
2926
3012
3016
3020
3021
3024
3028
3032
3033
3084
3134
3132
3143
3146
3147
3152
3155
3156
3163
3165
3170
3173
3179
3182
3183
3187
3191
3194
3195
3199
3203
3204
3212
3218
3290
3308
3309
3314
3315
3319
3323
3328
3411
3412
3416
3417
3424
3444
3492
3496
3500
3140
3501
3562
3569
3577
3581
3582
3586
3590
3591
3595
3599
3613
3644
3645
3671
3675
3679
3683
3697
3701
3702
3706
3708
3710
3712
3714
3717
3721
3725
3726
3730
3733
3737
3742
3744
3747
3750
3752
3760
3768
3776
3781
3783
3793
3854
3859
3880
3884
3885
3903
3911
3916
3936
4034
4035
4039
4043
4044
4048
4050
4052
4055
4053
4058
4061
4059
4062
4067
4065
4120
4124
4125
4165
4167
4205
4206
4210
4213
4328
4337
4344
4347
4349
4347
4351
4353
4369
4371
4373
4374
4378
4377
4387
4418
4419
4423
4427
4453
4457
4458
4462
4477
4486
4565
4566
4600
4616
4617
4631
4668
4672
4676
4681
4686
4690
4694
4700
4703
4726
4766
4777
4786
4803
4807
4813
4824
4828
4832
4833
4850
4859
4879
4889
4890
4900
4922
5006
5007
5011
5015
5016
5020
5024
5025
5033
5045
5046
5053
5055
5077
5113
5118
5122
5140
5149
5200
5288
5289
5318
5319
5323
5327
5355
5359
5366
5371
5376
5384
5446
5461
5465
5509
5540
5549
5550
5576
5577
5678
5681
5698
5708
5737
5751
5755
5759
5760
5844
5858
5856
5888
5889
5928
5932
5953
5965
6076
6109
6157
6181
6185
6186
6190
6192
6195
6190
6199
6186
6201
6206
6250
6260
6261
6288
6296
6297
6300
6349
6353
6354
6358
6385
6389
6390
6396
6400
6404
6405
6432
6436
6441
6447
6468
6476
6482
6483
6487
6491
6528
6537
6553
6555
6566
6567
6579
6587
6531
6588
6607
6620
6621
6637
6646
6649
6653
6654
6686
6687
6691
6707
6708
6727
6733
6737
6738
6742
6768
6783
6784
6788
6786
6794
6795
6799
6803
6806
6807
6811
6815
6816
6842
6841
6878
6879
6883
6887
6902
6903
6912
6943
6950
6955
7006
7057
7181
7238
7243
7247
7250
7255
7259
7321
7325
7326
7330
7332
7336
7369
7378
7380
7384
7393
7397
7398
7402
7417
7421
7422
7426
7529
7530
7534
7550
7584
7593
7598
7607
7634
7635
7639
7643
7728
7772
7773
7825
7829
7830
7834
7865
7866
7870
7877
7878
7882
7892
7944
7992
8000
8001
8054
8055
8059
8063
8148
8174
8175
8179
8183
8184
8188
8192
8193
8280
8309
8310
8314
8335
8460
8464
8468
8469
8484
8488
8492
8493
8530
8556
8560
8592
8597
8598
8604
8606
8607
8609
8611
8613
8616
8624
8681
8689
8693
8694
8698
8715
8723
8765
8766
8770
8822
8825
8882
8883
8887
8891
8917
8921
8922
8926
8966
8967
8971
8975
8990
8988
9077
9078
9082
9127
9180
9188
9288
9292
9296
9297
9304
9308
9309
9337
9341
9342
9346
9366
9383
9389
9390
9394
9444
9450
9456
9460
9453
9464
9465
9448
9588
9592
9596
9597
9614
9615
9619
9623
9662
9663
9667
9671
9713
9714
9718
9766
9816
9820
9825
9900
9906
9936
9940
9944
9945
9973
9977
9978
9982
9998
9999
10003
10007
10093
10097
10098
10102
10190
10191
10204
10209
10238
10265
10266
10270
10549
10553
10554
10558
10561
10563
10574
10575
10586
10585
10596
10605
10637
10638
10642
10704
10708
10712
10713
10778
10783
10830
10836
10845
10864
10898
10903
11186
11187
11196
11204
11233
11235
11244
11248
11252
11253
11258
11347
11351
11454
11462
11496
11500
11504
11562
11564
11568
11585
11617
11619
11643
11664
11666
11668
11670
11673
11702
11700
11705
11719
11736
11745
11770
11796
11800
11802
11805
11808
11812
11816
11817
11868
11872
11882
11891
12000
12004
12008
12009
12049
12053
12054
12058
12133
12206
12215
12245
12264
12268
12288
12292
12317
12333
12336
12340
12344
12421
12423
12426
12428
12426
12430
12447
12451
12459
12461
12463
12467
12465
12470
12473
12471
12530
12685
12689
12690
12694
12720
12726
12758
12780
12784
12786
12806
12811
12818
12823
12829
12833
12838
12878
12881
12962
12965
13022
13023
13028
13026
13031
13034
13037
13038
13070
13075
13093
13118
13119
13123
13127
13164
13188
13192
13214
13223
13277
13286
13289
13392
13396
13400
13401
13426
13476
13502
13514
13519
13526
13531
13562
13567
13573
13584
13608
13617
13645
13717
13719
13740
13744
13748
13749
13765
13769
13770
13774
13790
12246
13793
13794
13799
13801
13827
13829
13831
13830
13835
13838
13841
13874
13875
13879
13883
13961
13962
13966
14004
14009
14012
14013
14019
14027
14124
14127
14131
14133
14167
14232
14270
14279
14346
14348
14350
14349
14352
14358
14366
14367
14371
14375
14412
14416
14420
14421
14430
14431
14435
14433
14467
14480
14585
14586
14673
14678
14681
14682
14687
14685
14715
14723
14762
14763
14767
14771
14820
14834
14977
14981
14982
14986
14990
14995
14999
15014
15015
15019
15023
15060
15066
15111
15119
15170
15171
15175
15179
15218
15219
15224
15227
15314
15317
15318
15323
15374
15375
15379
15383
15469
15471
15473
15493
15497
15498
15502
15505
15510
15578
15650
15651
15655
15659
15672
15685
15709
15713
15759
15767
15772
15827
15863
15877
15881
15882
15886
15926
15927
15935
15951
15990
15994
16048
16053
16116
16128
16137
16144
16148
16149
16260
16264
16268
16269
16320
16323
16327
16329
16335
16339
16341
16357
16361
16366
16368
16372
16376
16377
16405
16428
16436
16437
16514
16512
16517
16518
16523
16548
16552
16556
16557
16572
16576
16580
16581
16596
16599
16603
16605
16607
16605
16608
16617
16646
16647
16651
16655
16728
16732
16736
16737
16741
16746
16750
16813
16817
16822
16861
16865
16866
16870
16886
16896
16916
16917
16957
16959
16966
16971
16975
16980
16984
16988
16989
17005
17088
17092
17096
17097
17112
17116
17120
17121
17125
17129
17130
17134
17153
17154
17158
17210
17213
17278
17301
17317
17316
17319
17326
17358
17362
17510
17525
17526
17530
17533
17546
17547
17551
17555
17571
17579
17581
17580
17583
17593
17597
17598
17602
17607
17615
17648
17714
17715
17719
17723
17762
17760
17763
17768
17771
17769
17832
17836
17840
17841
17850
17851
17855
17853
17856
17892
17900
17966
17967
17975
18060
18086
18087
18091
18095
18109
18113
18132
18135
18139
18141
18143
18147
18149
18153
18171
18270
18288
18292
18296
18297
18300
18304
18308
18312
18320
18321
18342
18421
18426
18430
18468
18474
18485
18494
18495
18499
18503
18547
18602
18624
18630
18636
18640
18644
18645
18665
18663
18669
18670
18684
18692
18710
18715
18768
18772
18774
18777
18779
18828
18832
18836
18837
18840
18844
18848
18849
18866
18867
18871
18875
18918
18923
18950
18948
18953
18954
18959
19008
19016
19017
19037
19038
19044
19051
19053
19055
19056
19061
19064
19105
19109
19110
19129
19133
19134
19138
19200
19206
19296
19300
19320
19323
19325
19328
19329
19351
19395
19407
19416
19420
19424
19453
19457
19458
19462
19478
19479
19483
19487
19562
19563
19567
19571
19573
19575
19578
19582
19584
19588
19593
19620
19627
19629
19631
19629
19632
19634
19641
19658
19659
19667
19681
19683
19713
19723
19750
19778
19789
19798
19801
19884
19888
19892
19898
19899
19903
19907
20014
20027
20038
20100
20104
20108
20109
20112
20116
20120
20121
20174
20183
20181
20257
20261
20262
20269
20273
20313
20317
20319
20322
20326
20331
20335
20339
20391
20396
20410
20425
20429
20484
20493
20538
20544
20558
20562
20569
20571
20574
20578
20641
20645
20646
20650
20688
20696
20700
19339
20709
20797
20801
20802
20806
20809
20811
20814
20892
20896
20900
20901
20916
20919
20923
20925
20965
20969
20970
20974
20976
20984
20985
21001
21024
21027
21029
21031
21033
21109
21118
21125
21133
21205
21207
21229
21233
21234
21238
21261
21278
21279
20707
21283
20703
21287
21301
21305
21306
21310
21325
21329
21422
21423
21427
21431
21482
21491
21489
21552
21560
21578
21579
21583
21588
21592
21596
21597
21602
21603
21607
21611
21633
21698
21699
21703
21707
21720
21728
21768
21772
21776
21777
21783
21791
21906
21907
21911
21909
21912
21916
21920
21921
21937
21941
21942
21946
21956
21977
21978
21996
22001
22003
22005
22080
22086
22118
22119
22123
22127
22130
22133
22134
22158
22162
22194
22198
22212
22216
22220
22221
22237
22239
22333
22337
22338
22342
22358
22359
22363
22367
22441
22446
22450
22465
22467
22470
22474
22487
22500
22503
22506
22560
22562
22566
22568
22596
22600
22604
22605
22610
22613
22614
22625
22626
22632
22635
22639
22641
22778
22836
22840
22844
22845
22866
22871
22934
22935
22940
22943
22957
22962
22966
22972
22977
22982
22983
22991
23018
23021
23022
23027
23064
23066
23067
23071
23073
23100
23101
23105
23103
23108
23106
23109
23128
23150
23151
23155
23159
23162
23163
23167
23171
23178
23182
23198
23199
23204
23207
23257
23259
23262
23266
23281
23285
23286
23290
23354
23486
23489
23490
23495
23510
23511
23516
23519
23544
23547
23551
23553
23563
23565
23570
23571
23575
23579
23583
23587
23586
23591
23594
23595
23603
23630
23640
23641
23648
23649
23695
23784
23788
23930
23935
23939
23945
23946
23962
23990
23991
23995
23999
24002
24005
24006
24011
24106
24109
24113
24114
24118
24132
24138
24141
24145
24149
24150
24154
24192
24198
24200
24238
24267
24275
24276
24282
24285
24312
24337
24341
24342
24346
24376
24381
24421
24425
24426
24430
24458
24459
24464
24467
24498
24543
24546
24554
24555
24560
24563
24590
24593
24594
24599
24606
24611
24612
24617
24619
24621
24674
24675
24683
24696
24703
24705
24757
24761
24762
24766
24818
24819
24823
24827
24869
24877
24881
24882
24902
24903
24907
24911
24938
24950
24955
25056
25060
25062
25082
25083
25088
25091
25098
25103
25106
25109
25110
25128
25134
25164
25167
25171
25173
25189
25188
25191
25194
25198
25214
25215
25219
25223
25238
25241
25242
25248
25252
25256
25257
25263
25269
25274
25272
25277
25278
25283
25395
25406
25415
25453
25457
25458
25462
25474
25562
25565
25566
25571
25578
25583
25598
25599
25603
25607
25608
25614
25671
25678
25681
25690
25754
25755
25759
25763
25816
25825
25829
25830
25834
25864
25869
25886
25887
25891
25895
25908
25913
25914
25917
25956
25960
25964
25965
25980
25983
25987
25989
26019
26026
26064
26072
26073
26126
26132
26135
26153
26184
26188
26192
26193
26198
26207
26222
26223
26227
26231
26234
26235
26239
26243
26294
26295
26303
26354
26355
26360
26363
26388
26391
26395
26397
26460
26464
26468
26485
26489
26490
26494
26496
26504
26582
26585
26132
26586
26127
26591
26618
26619
26623
26627
26666
26777
26778
26782
26834
26837
26839
26843
26845
26849
26850
26854
26880
26884
26886
26889
26907
26914
26941
26943
26946
26950
26995
27013
27017
27018
27022
27156
27160
27165
27183
27190
27252
27260
27261
27290
27295
27299
27352
27357
27439
27494
27495
27499
27503
27506
27507
27511
27515
27601
27603
27606
27610
27624
27628
27632
27647
27685
27689
27694
27721
27725
27730
27745
27771
27772
27776
27774
27819
27826
27832
27836
27837
27842
27938
27972
27976
27980
27981
28057
28061
28062
28066
28118
28119
28123
28127
28168
28202
28203
28207
28211
28226
28227
28231
28235
28262
28267
28298
28303
28345
28349
28350
28354
28361
28365
28502
28503
28507
28511
28525
28527
28538
28539
28543
28547
28554
28716
28741
28745
28792
28826
28827
28835
28849
28853
28854
28858
28896
28902
28905
28920
28923
28946
28955
29018
29027
29085
29096
29162
29163
29167
29171
29197
29201
29220
29244
29265
29304
29308
29312
29317
29321
29322
29330
29331
29335
29339
29352
29357
29463
29464
29468
29466
29490
29491
29495
29493
29496
29502
29509
29508
29511
29513
29511
29514
29516
29517
29518
29517
29521
29525
29526
29530
29581
29585
29586
29590
29593
29597
29598
29602
29606
29607
29611
29615
29628
29632
29634
29636
29637
29640
29644
29646
29649
29655
29662
29666
29667
29670
29672
29675
29677
29679
29682
29686
29703
29708
29732
29730
29773
29777
29778
29782
29784
29787
29791
29793
29802
29812
29817
29820
29825
29828
29829
29835
29837
29858
29861
29862
29867
29870
29871
29875
29879
29942
29945
29946
29949
29951
29955
29958
29960
29966
29967
29971
29975
30024
30028
30030
30033
30035
30038
30058
30066
30084
30088
30101
30132
30136
30140
30141
30146
30147
30151
30155
30156
30158
30159
30160
30159
30162
30164
30162
30165
30167
30177
30182
30192
30198
30204
30243
30276
30281
30284
30285
30290
30293
30294
30299
30302
30305
30306
30311
30314
30315
30319
30323
30336
30340
30344
30345
30396
30408
30416
30444
30448
30452
30453
30495
30510
30514
30542
30552
30588
30599
30611
30952
30982
31070
31076
31260
31263
31339
31353
31555
31558
31599
31766
31772
31966
32083
32094
32112
32115
32156
32392
32395
32450
32456
32460
32873
33148
33151
33234
33247
33362
33532
33535
33559
33600
33710
33716
33856
33859
33870
33873
33883
33886
34034
34040
34041
34054
34248
34251
34305
34510
34517
34560
34563
34675
34686
34970
34976
35008
35011
35048
35580
35583
35920
35923
35934
35937
35960
35977
35992
35995
36354
36357
36367
36370
36381
36560
36566
36756
36759
36982
36985
37204
37200
2115
37211
37207
2364
37222
37225
37335
37534
37537
37548
37551
37561
37564
37568
37574
37638
37641
37674
37710
37713
37806
37809
37952
37972
38062
38065
38076
38079
38089
38092
38094
38200
38254
38257
38268
38271
38326
38329
38340
38343
38353
38356
38360
38366
38367
38370
38380
38383
38398
38401
38467
38718
38721
38865
38996
39002
39032
39038
39039
39052
39367
3156
39400
3179
39403
39414
39417
39436
39439
39450
39453
39463
39466
39470
39476
39508
39511
39700
39730
39740
39744
39754
39757
39772
39775
39786
39789
39799
39802
39813
40050
40061
40077
40232
40238
40422
40425
40458
40461
40498
40501
40512
40515
40554
40628
40648
40738
40741
40752
40806
40809
40866
40869
40902
40905
40950
41206
41209
41220
41223
41341
41352
41355
41379
41444
41553
41667
41670
41698
41701
41715
41728
41743
4062
41902
41905
42072
42075
42108
42156
42522
42568
42571
42646
42649
42750
42753
42822
42825
43004
43011
43024
43041
43155
43184
43204
43364
43370
43609
43638
43683
43699
43717
43728
43741
43744
43784
43790
43858
43861
43930
43944
43947
43957
43960
43962
44007
44074
44253
44326
44329
44360
44366
44430
44514
44517
44625
44702
44703
44719
44730
44778
44883
45128
45148
45226
45229
45325
45336
45349
45352
45358
45361
45549
45621
45675
45762
45873
45944
45964
46084
46371
46401
46438
46455
46474
46694
46711
46769
46824
46919
46920
46923
46986
47019
47166
47244
47247
47257
47260
47352
47355
47451
47583
47643
47646
47831
47886
47946
47949
47959
47975
47995
48031
48034
48117
48120
48225
48228
48263
48269
48270
48273
48283
48286
48371
48377
48423
48479
48485
48517
48520
48534
48547
48550
48713
48742
48752
48769
48818
48888
48927
49036
49039
49102
49112
49129
49176
49179
49286
49292
49293
49296
49326
49327
6147
49337
49332
6780
49348
49351
49384
49387
49567
49570
49594
49597
49673
49690
49777
49780
49794
49903
49906
50100
50178
50181
50865
50903
50909
50910
50913
51009
51012
51047
51053
51054
51057
51081
51084
51153
51156
51529
51532
51623
51736
51739
51763
51766
52004
52021
52106
52126
52284
52287
52354
52742
52748
52762
52765
52912
52915
53180
53181
53184
53194
53236
53239
53250
53263
53270
53276
53349
53352
53394
53397
53407
53410
53566
53569
53853
53856
53866
53869
54054
54062
54068
54122
54128
54332
54422
8592
54432
54440
54470
54476
54490
54672
54675
54720
54751
55192
55195
55284
55287
55414
55417
55432
55435
55446
55449
55459
55462
55510
55558
55561
55644
55770
55786
55834
55837
55922
55928
55942
55945
56198
56204
56205
56208
56218
56221
56234
56316
56319
56389
56401
56433
56436
56603
56609
56610
56613
56623
56626
56650
56865
56939
56945
56946
56959
57013
57016
57027
57030
57040
57043
57157
57160
57259
57262
57273
57276
57563
57569
57851
57857
57957
57960
58033
58036
58047
58050
58060
58063
58219
58222
58293
58296
58383
58633
58663
58701
58704
59409
59412
59474
59507
59604
59607
59786
59792
59947
60067
60214
60217
60228
60231
60600
60603
61022
61028
61060
61063
61134
61147
61302
61318
61624
61627
61718
61724
61738
61741
62104
62107
62376
62379
62486
62492
62654
62660
63002
63008
63009
63012
63022
63025
63144
63147
63354
63357
63367
63370
63600
63662
63668
63794
63800
63996
64018
64021
64063
64068
12456
64584
64587
65010
65013
65023
65026
65359
65422
65436
65439
65530
65533
65560
65744
65750
66236
66242
66243
66246
66572
66578
66630
66633
66717
66910
66913
67146
67321
67335
67345
67642
67729
67743
68112
68113
68121
68119
68152
68155
68294
68300
68304
68317
68340
15078
68347
14424
68430
68446
68450
68470
68679
68934
68947
69043
69067
69184
69187
69313
69570
69573
69682
69685
70014
70126
70129
70248
70259
70666
70669
70693
70696
70977
71010
71013
71314
71317
71454
71457
71584
71587
71602
71632
71643
71859
71872
71898
71901
72046
72049
72063
72073
72076
72120
72566
72570
72580
72583
72848
72854
72855
16864
72858
72868
16869
72871
73086
73089
73124
73130
73131
73134
73144
73147
73192
73230
73304
73652
73658
73724
73730
73744
73747
73810
73918
73921
73945
73948
74088
74091
74101
74104
74144
74150
74178
74181
74418
16868
74420
74421
16860
74426
74497
74508
74511
74521
74524
74570
74571
74574
74587
74768
74774
74775
74778
74788
74791
75068
75074
75140
75146
75174
75177
75249
75684
76239
76272
76326
76339
76384
76387
76440
76443
76480
76483
76606
76609
76690
76804
76807
77130
77133
77143
77146
77150
77156
77200
77207
77210
77217
77587
77590
77750
77756
77812
77815
77829
77842
77880
77965
77982
18146
78040
78043
78075
78129
78324
78327
78398
78404
78441
78444
20818
78454
78457
78470
78476
78490
78493
78792
78795
78918
78988
78991
79015
79018
79111
79122
79125
79346
79352
79410
18661
79423
18678
79454
79460
79528
79531
79598
79604
79605
79608
79705
79719
79862
79868
79898
79904
79918
79921
79972
79975
80124
80131
80448
80479
80580
80583
80652
80655
81062
81068
81144
81174
81177
81304
81307
81331
81334
81374
81380
81394
81397
81468
81471
20814
81532
81535
81546
81549
81559
81562
81772
81775
81830
81836
81837
81840
81952
81959
82130
82136
82182
82185
82358
82364
82365
82368
82378
82381
82396
82399
82410
82413
82423
82426
82958
82964
82994
83000
83101
83110
83376
83379
83538
83574
83748
83751
83930
83936
84037
84093
84264
84267
84410
84416
84708
84711
84938
84944
85081
85087
85128
85131
85207
85428
85431
85464
85500
85740
85743
85888
85891
85956
85959
86028
86031
86284
86287
85024
86298
86301
21435
86311
86314
86323
86704
86707
86718
86721
86738
86744
86745
86748
86758
86761
86776
86779
86846
87064
87067
87134
87140
87154
87157
87254
87260
87261
87264
87274
87277
87295
87319
87595
87610
87606
87617
87613
87620
87626
87690
87693
87703
21963
87706
87708
87717
87720
87735
87748
87751
87766
87889
88210
88213
88224
88227
88302
88410
88484
88490
88573
88830
88833
88906
88909
88920
88923
88933
88936
89100
89142
89145
89244
89250
89557
89560
89564
89570
89988
89991
90001
90004
90007
90176
90182
90258
90265
90498
90501
90606
90799
90883
91006
91009
91023
91036
91042
91045
91056
91059
91069
91072
91302
91305
91510
91540
91818
91825
91962
23538
91969
92023
92050
92053
92064
92077
92088
92094
92206
92236
92648
92654
92655
93024
93027
93037
93040
93123
93126
93136
93139
93190
93193
93474
93477
93570
93573
93798
93879
93882
93895
94080
94083
94154
94161
94174
94197
94200
94332
94335
94411
24445
94422
94512
94515
94668
94843
94996
94999
95232
95235
95392
95395
95556
95559
95632
95635
95646
95649
95659
95662
95740
95770
95776
95779
96180
96187
96358
96361
96424
96427
96472
96475
96566
96572
96573
96576
96586
96589
96607
96829
96898
96901
96925
96928
97026
97029
97426
97429
97650
97653
97731
97734
97744
97747
97858
97861
98031
98034
98058
98061
98218
98221
98286
98423
98429
98503
98589
98711
98717
98894
98999
99005
99037
99040
99097
99100
99133
99136
99160
99163
99289
99292
99306
99316
99319
99507
99510
99520
99523
99675
99825
99828
99863
99869
100213
100216
100227
100230
100240
100243
100596
100713
100720
26808
100768
100779
100792
100794
100797
100852
100855
100963
101059
101211
101214
101265
101268
101627
101633
101698
101739
101891
101897
102001
102004
102162
102165
102411
102549
102565
102568
102601
102615
102628
102720
102952
102955
103110
103113
103278
103351
103357
103363
103483
103508
103515
103528
103546
103898
103904
104052
104136
104139
104320
104323
104413
104439
104442
104530
104533
104602
104605
104710
104724
104740
104818
104958
104961
105382
105385
105396
105399
105404
105409
105412
105466
105469
105619
105789
105792
105966
105969
106107
106110
106213
106278
106281
106492
106495
106533
106536
106708
106711
106869
106872
107092
107095
107184
107187
107325
107328
107438
107444
107458
107461
107472
107475
107512
107515
107838
29541
107845
29460
107904
107911
107940
29511
107951
107947
29509
29508
107952
107953
29509
29508
107959
107958
107962
107958
107964
29522
107967
108018
108114
108117
108127
108130
108132
108135
108168
108171
108208
108211
108235
108238
108283
108307
108322
108357
108367
108426
108433
108492
29724
108600
108603
108613
108627
108660
108663
108673
108687
108690
108698
108762
29834
108786
108832
29873
108831
108835
29869
108846
108828
108849
29874
108859
108862
29878
108978
109008
29952
109024
109027
109177
109192
109222
109322
109328
109329
109332
109466
109472
109473
109486
109504
30144
109507
109508
109521
109534
109536
30162
109542
109549
30156
30158
109555
30156
30158
109596
109609
109768
109771
109838
109844
20180
110090
110096
