14
37
40
43
47
62
64
61
62
67
64
61
62
69
76
88
95
98
103
105
109
111
117
132
153
158
166
165
187
193
202
206
215
218
227
232
251
269
283
312
336
339
346
353
366
428
445
488
500
516
521
535
541
540
549
561
574
577
580
598
597
610
613
610
620
622
624
634
617
637
643
649
652
659
664
667
672
683
689
692
694
698
706
708
679
726
730
729
738
739
745
748
753
757
759
764
766
768
780
786
790
802
803
809
812
818
827
838
840
839
838
844
888
892
202
920
918
922
918
928
925
938
941
939
942
950
953
958
960
961
963
964
981
993
1003
1009
1019
1022
1023
1043
1050
1069
1068
1094
1131
1175
1208
1225
1271
1283
1284
1324
1351
1360
1364
1412
1463
1528
1505
1535
1555
1580
1645
1653
1666
1720
1786
1792
1799
1823
1840
1913
1919
1945
1960
1969
1976
2069
2084
2125
2137
2136
2165
2177
2185
2212
2231
2269
2284
2305
2309
2310
2320
2359
2368
2374
2388
2383
2380
2420
2443
2434
2473
2506
2538
2577
2587
2638
2651
2653
2696
2710
2774
2778
2801
2812
2843
2882
2892
2913
2921
2936
2945
2953
2928
2955
2957
2953
3031
3091
3105
3113
3118
3125
3134
3143
3159
3163
3182
3220
3222
3226
3235
3271
3274
3271
3297
3301
3328
3369
3376
3409
3443
3457
3464
3443
3483
3485
3488
3526
3534
3586
3595
3602
3638
3658
3697
3733
3760
3790
3826
3829
3832
3838
3916
3921
3923
3928
3931
3950
3964
3966
3971
3977
4009
4017
4021
4018
4040
4054
4147
4186
4199
4218
4263
4280
4306
4309
4372
4378
4381
4400
4406
4417
4421
4417
4426
4445
4448
4471
4480
4492
4600
4630
4775
4781
4817
4826
4832
4888
4895
4903
4913
4916
4928
4981
4994
5035
5042
5070
5083
5101
5135
5170
5177
5205
5237
5294
5339
5343
5372
5393
5419
5420
5419
5422
5471
5477
5516
5522
5528
5566
5593
5600
5593
5636
5660
5665
5687
5699
5720
5724
5727
5741
5763
5764
5801
4540
5858
5904
6010
6026
6048
6052
6071
6116
6139
6172
6187
6199
6209
6214
6241
6268
6266
6281
6302
6323
6343
6416
6431
6448
6451
6469
6476
6475
6497
6475
6575
6651
6653
6672
6710
6735
6728
6817
6823
6814
6847
6852
6857
6865
6905
6908
6953
6958
6960
6979
6989
7032
7178
7184
7196
7220
7300
7318
7310
7340
7369
7397
7417
7418
7426
7457
7468
7486
7492
7502
7511
7517
7538
7576
7649
7686
7727
7734
7766
7828
7838
7860
7872
7897
7931
7947
7958
8044
8080
8100
8117
8134
8143
8149
8152
8161
8164
8132
8228
8258
8297
8323
8375
8377
8420
8545
8576
8595
8626
8627
8657
8684
8696
8705
8704
8738
8744
8761
8782
8802
8837
8851
8852
8890
8885
8891
8909
8914
8923
8927
8925
8938
8949
8950
8925
8977
8998
9015
9013
9033
9058
9085
9180
9190
9191
9208
9209
9212
9208
9209
9211
9209
9254
9298
9329
9335
9363
9367
9378
9404
9427
9454
9486
9485
9484
9506
9534
9612
9632
9631
9647
9655
9656
9659
9655
9661
9669
9716
9721
9751
9763
9788
9794
9811
9833
9841
9852
9866
9924
9946
9942
9977
9980
9979
9977
10025
10048
10067
10157
10168
10178
10258
10291
10273
10294
10298
10300
10291
10321
10356
10389
10397
10459
10458
10478
10460
10484
10547
10589
10606
10621
10708
10736
10735
10806
10855
10858
10933
10909
10969
10985
11091
11135
11186
11191
11228
11240
11254
11257
11269
11304
11303
11336
11344
11348
11362
11372
11393
11411
11417
11438
11452
11480
11494
11491
11516
11539
11591
11602
11618
11632
11665
11672
11728
11730
11752
11737
11762
11771
11807
11820
11824
11827
11849
11864
11872
11903
11942
11948
11975
11977
11980
12008
12010
12034
12041
12055
12104
12144
12148
12175
12176
12218
12250
12280
12304
12312
12354
12356
12382
12385
12382
12388
12382
12400
12407
12423
12434
12450
12456
12483
12493
12491
12506
12511
12525
12528
12533
12557
12572
12581
12589
12613
12638
12641
12638
12653
12668
12689
12728
12751
12776
12778
12776
12790
12800
12803
12854
12870
12886
12905
12910
12959
13003
13006
13051
13061
13069
11358
13084
13112
13118
13123
13144
13175
13203
13252
13285
13309
13317
13331
13358
13363
13370
13379
13388
13393
13413
13421
13439
13520
13514
13631
13652
13662
13678
13697
13724
13754
13772
13804
13807
13804
13831
13859
13878
13909
13910
13909
13932
13964
14057
14159
14183
14195
14217
14225
14243
14251
14264
14287
14294
14321
14368
14378
14395
14453
14459
14479
14478
14482
14488
14509
14523
14524
14531
14539
14549
14554
14564
14558
14573
14578
14581
14588
14603
14683
14714
14737
14748
14764
14767
14822
14788
14844
14849
14846
14844
14858
14873
14920
14929
14986
14999
15005
15008
15074
15133
15152
15220
15222
15234
15250
15254
15257
15293
15295
15293
15348
15392
15394
15418
15422
15445
15454
15477
15481
15518
15539
15545
15559
15565
15575
15580
15590
15655
15663
15668
15730
15754
15771
15776
15790
15792
15796
15800
15805
611
15828
15851
15854
15860
15895
15946
16007
16063
16069
16079
16114
16188
16250
16255
16287
16311
16379
16405
16421
16424
16501
16509
16517
16563
16600
16642
16643
16678
16683
16678
16707
16711
16730
16744
16768
16786
16844
16856
16858
16859
16858
16924
16958
16970
16976
17000
17042
17060
17143
17152
17237
17263
17268
17344
17357
17394
17402
17405
17407
17425
759
17433
17435
17449
17446
17458
17470
17524
17572
17586
17577
17610
17694
17704
17710
17713
17717
17755
17765
17788
17810
17840
17869
17890
17902
17912
17927
17990
18011
18025
18042
18074
18110
18118
18126
18131
18144
18148
18144
18160
18175
18188
18196
18275
18313
18315
18340
18349
18340
18371
18389
18395
18401
18411
18398
18415
18476
18487
18490
18523
18536
18042
18568
18581
18601
18604
18606
18703
18747
18742
18787
18791
18799
18794
18858
18859
18858
18865
18886
18911
18919
18950
18958
18965
19001
19109
19117
19121
19135
840
19163
19183
19208
19213
19277
19289
19298
19324
19343
19355
19410
19475
19485
19389
19495
19538
19545
19467
19619
19631
19672
19674
19717
19769
19789
202
19796
19793
19816
19826
19878
19881
19885
19894
19913
19918
19919
19930
19955
19967
19986
20033
20040
20057
20107
20117
20122
20127
20133
20186
20206
20218
20223
20227
20232
20255
20263
20296
20315
20331
20349
20353
20360
20361
20372
20370
20431
20430
20447
20460
20485
20502
20516
20524
20539
20561
20562
20630
20650
20681
20702
20708
20720
20724
20760
20783
979
20816
20819
20854
20879
20885
20892
20894
20896
20920
20974
20978
20981
20983
20990
20992
20990
21004
21014
21017
21020
21034
21041
21040
21052
21079
269
21107
21114
21116
21120
21116
21131
21133
21145
21170
21188
21214
21226
21238
21244
21249
21256
21266
21299
21316
21326
21234
21334
21339
21348
21401
21409
21411
21414
21419
21446
21443
21485
1051
21539
21553
21571
21614
21616
21628
21634
21665
21676
21688
21695
21725
21731
21740
21755
21754
21767
21771
21777
21800
21806
21817
21828
21832
21848
21857
21852
21890
21893
21959
21966
22061
22066
22103
22144
22147
22156
22144
22182
22219
22231
22279
22274
22291
22369
22375
2497
2498
22381
22388
22399
22420
22439
22447
22450
22468
22480
22492
475
22495
22504
22552
22553
22552
22579
22624
22633
22643
22656
22657
22656
22713
22774
22786
22803
22804
22823
22912
17810
22919
22964
22979
22996
23002
23005
23008
23015
23095
23143
23230
