0
0
1
2
3
4
5
6
8
8
9
10
11
12
13
14
15
16
17
18
19
23
24
25
26
27
28
29
29
30
31
32
35
35
36
38
39
40
41
42
43
45
46
47
48
49
50
51
52
53
54
55
56
57
58
59
60
61
62
63
66
68
69
70
71
72
73
74
76
77
78
79
80
81
82
83
84
85
86
87
88
90
91
92
93
95
96
97
98
99
100
101
102
103
104
105
106
107
108
109
110
111
112
114
115
116
118
119
120
121
122
123
124
125
126
127
128
129
130
131
132
133
134
135
136
137
138
139
140
141
142
143
144
145
146
147
148
149
150
151
152
153
154
155
156
157
159
159
160
161
162
163
164
165
167
167
168
169
170
171
172
174
175
176
177
178
179
183
183
184
185
186
187
188
188
189
190
192
193
194
195
196
197
198
200
201
202
203
203
204
204
205
206
210
211
212
213
214
214
215
216
217
218
219
220
221
223
224
225
226
227
227
228
229
231
232
233
234
235
236
238
239
240
241
242
244
245
246
246
247
248
249
250
251
255
256
257
258
259
260
261
262
263
264
265
266
269
270
272
273
274
275
276
277
278
280
282
283
284
285
286
287
288
289
290
291
292
293
294
295
296
298
299
300
301
302
303
304
305
306
306
307
309
310
311
312
316
317
318
319
321
321
323
324
325
326
328
329
332
333
335
336
337
338
339
341
342
343
344
345
346
347
348
349
351
352
353
354
355
356
357
358
359
360
361
363
364
365
366
367
368
369
370
371
372
373
374
375
376
378
379
380
381
382
383
384
385
386
388
389
390
393
394
395
396
397
398
399
400
401
404
405
406
407
408
409
410
411
412
413
414
415
416
417
418
419
420
421
422
423
424
425
426
427
428
429
430
431
432
433
434
435
436
437
438
439
440
441
442
443
444
445
446
447
448
449
452
453
455
456
457
459
460
461
462
463
463
464
465
466
467
468
468
469
471
472
473
473
474
475
476
477
478
479
480
481
483
484
485
486
487
488
489
490
491
492
493
494
495
496
497
498
499
500
502
503
504
505
506
507
508
512
513
515
516
517
518
519
520
521
522
523
524
525
527
528
529
530
531
533
534
535
536
537
538
539
540
541
542
543
544
545
546
547
550
551
552
553
554
555
556
557
558
559
560
561
562
563
564
566
567
568
569
571
572
573
573
574
575
576
577
578
579
580
581
582
583
584
585
586
587
588
589
590
591
592
593
594
598
600
602
604
605
608
610
611
612
615
616
617
618
619
620
620
621
622
623
624
625
626
626
627
628
629
630
631
632
634
635
636
638
643
645
646
647
648
649
650
651
653
654
655
656
657
659
661
662
663
664
665
666
667
668
669
670
671
671
672
673
674
675
677
678
679
680
681
682
683
684
685
686
687
688
690
691
692
693
695
696
697
699
700
701
702
703
704
705
706
707
709
711
712
713
714
715
716
717
718
719
720
721
722
723
724
726
729
730
732
733
734
735
736
739
740
741
742
743
744
745
746
747
748
749
750
751
752
753
754
755
758
759
760
761
762
763
763
764
765
766
767
768
769
771
772
775
775
776
777
778
778
779
780
781
782
783
784
785
786
787
792
792
795
797
798
798
801
803
807
809
810
812
815
817
819
819
820
821
822
823
826
827
828
829
830
831
833
836
837
838
839
840
841
842
844
845
847
850
851
851
852
853
854
856
857
858
859
860
861
863
864
865
866
868
869
870
871
873
874
875
876
877
878
879
880
881
882
883
886
887
888
889
890
891
892
893
894
895
896
898
900
901
902
903
903
904
904
905
906
907
908
909
911
912
913
914
915
916
917
918
918
919
920
922
923
925
926
928
929
930
931
932
934
935
936
937
938
938
939
940
941
942
943
944
946
947
948
949
950
951
952
953
954
955
956
957
958
959
961
962
963
965
966
968
969
972
975
979
980
982
983
987
988
991
992
994
995
996
997
998
999
1000
1001
1002
1003
1004
1005
1007
1008
1009
1012
1013
1014
1015
1016
1017
1018
1019
1020
1021
1022
1023
1024
1025
1026
1027
1028
1029
1030
1031
1031
1035
1036
1036
1041
1042
1043
1044
1045
1046
1048
1049
1049
1050
1052
1053
1053
1054
1054
1055
1056
1057
1058
1059
1061
1061
1062
1063
1064
1066
1068
1069
1070
1071
1072
1078
1079
1081
1082
1084
1085
1086
1087
1088
1089
1093
1094
1095
1096
1097
1103
1104
1106
1107
1107
1108
1109
1110
1111
1112
1113
1114
1115
1116
1118
1119
1121
1122
1124
1126
1128
1129
1130
1131
1132
1133
1134
1135
1138
1139
1140
1141
1142
1143
1144
1145
1146
1148
1149
1150
1151
1152
1153
1155
1156
1157
1158
1159
1160
1162
1163
1164
1165
1166
1167
1168
1169
1170
1171
1172
1173
1174
1176
1177
1178
1178
1179
1180
1181
1182
1183
1184
1185
1186
1187
1188
1189
1190
1191
1192
1193
1194
1195
1196
1197
1199
1200
1201
1202
1203
1204
1205
1206
1207
1208
1209
1210
1211
1212
1213
1214
1215
1216
1217
1218
1221
1222
1223
1224
1225
1226
1227
1228
1229
1230
1231
1234
1235
1236
1237
1238
1239
1240
1241
1242
1243
1245
1246
1247
1248
1249
1250
1251
1252
1255
1256
1257
1258
1259
1260
1261
1262
1265
1266
1267
1268
1270
1271
1272
1273
1274
1275
1279
1280
1281
1282
1283
1284
1285
1286
1287
1288
1289
1290
1291
1292
1293
1294
1295
1296
1297
1298
1299
1300
1301
1302
1303
1304
1307
1308
1311
1316
1318
1319
1320
1320
1327
1328
1329
1330
1332
1333
1334
1335
1336
1337
1338
1341
1342
1343
1344
1345
1346
1347
1347
1348
1348
1350
1354
1354
1355
1356
1357
1358
1361
1362
1363
1365
1366
1367
1368
1369
1370
1371
1372
1376
1377
1381
1386
1387
1388
1389
1394
1397
1398
1401
1401
1403
1404
1405
1407
1407
1408
1408
1409
1411
1412
1412
1413
1415
1416
1418
1419
1420
1420
1422
1423
1424
1425
1427
1428
1429
1431
1431
1432
1433
1434
1438
1439
1440
1441
1442
1444
1444
1445
1446
1447
1447
1448
1453
1454
1455
1456
1457
1457
1458
1463
1464
1465
1468
1469
1470
1471
1471
1475
1476
1477
1478
1479
1480
1481
1482
1483
1484
1485
1486
1487
1488
1489
1490
1491
1492
1492
1494
1495
1496
1499
1500
1502
1503
1504
1505
1506
1507
1508
1509
1510
1511
1512
1514
1515
1517
1518
1519
1520
1522
1523
1524
1525
1526
1527
1528
1529
1530
1531
1532
1533
1534
1536
1537
1538
1539
1540
1541
1542
1543
1544
1545
1547
1548
1549
1550
1551
1552
1553
1554
1555
1556
1557
1558
1559
1560
1561
1562
1563
1564
1565
1566
1567
1568
1569
1570
1571
1572
1573
1574
1575
1576
1577
1578
1579
1580
1581
1582
1583
1584
1585
1586
1587
1588
1589
1590
1591
1592
1593
1594
1595
1596
1597
1598
1599
1600
1601
1602
1603
1604
1606
1607
1608
1609
1611
1612
1613
1614
1614
1615
1616
1618
1619
1620
1621
1622
1623
1624
1625
1626
1627
1628
1629
1630
1632
1633
1634
1635
1636
1637
1639
1640
1643
1645
1646
1647
1648
1649
1650
1651
1652
1653
1654
1655
1657
1659
1660
1660
1661
1662
1663
1664
1665
1666
1667
1668
1669
1670
1671
1672
1674
1675
1676
1677
1678
1679
1681
1682
1683
1684
1685
1686
1687
1688
1689
1691
1692
1693
1695
1697
1698
1699
1700
1701
1702
1703
1704
1705
1706
1707
1707
1708
1709
1710
1711
1712
1713
1714
1715
1716
1717
1718
1719
1720
1721
1722
1723
1724
1725
1726
1727
1728
1729
1730
1731
1731
1732
1733
1734
1736
1737
1738
1739
1740
1741
1743
1744
1746
1747
1748
1749
1750
1751
1753
1754
1755
1756
1757
1758
1759
1760
1761
1762
1763
1764
1765
1766
1767
1768
1769
1770
1771
1772
1773
1774
1775
1776
1777
1778
1779
1780
1781
1781
1782
1783
1784
1785
1786
1787
1788
1789
1790
1791
1792
1793
1794
1797
1799
1800
1801
1803
1804
1805
1809
1809
1813
1814
1814
1815
1816
1817
1818
1818
1819
1820
1821
1822
1822
1823
1824
1825
1826
1827
1830
1830
1831
1833
1834
1835
1836
1837
1838
1839
1840
1841
1842
1843
1844
1845
1846
1847
1848
1849
1851
1852
1853
1854
1857
1858
1859
1861
1862
1863
1864
1865
1866
1867
1870
1872
1873
1874
1876
1877
1877
1879
1880
1882
1883
1884
1884
1886
1887
1887
1890
1891
1891
1892
1893
1893
1894
1895
1896
1897
1901
1902
1903
1904
1907
1911
1912
1914
1916
1917
1917
1925
1926
1927
1928
1930
1931
1932
1934
1935
1936
1937
1938
1939
1940
1941
1942
1943
1944
1945
1946
1947
1948
1949
1950
1951
1952
1953
1954
1955
1956
1957
1958
1959
1960
1961
1962
1963
1964
1965
1966
1967
1968
1969
1970
1971
1972
1973
1974
1975
1976
1977
1978
1979
1980
1981
1982
1983
1984
1985
1986
1987
1988
1989
1990
1991
1992
1993
1994
1995
1996
1997
1998
1999
2000
2001
2002
2003
2004
2005
2006
2007
2008
2009
2010
2011
2012
2013
2014
2015
2016
2019
2020
2021
2022
2023
2024
2025
2026
2027
2028
2029
2030
2031
2032
2033
2034
2035
2036
2037
2039
2041
2043
2044
2045
2046
2047
2048
2049
2050
2051
2052
2053
2055
2056
2059
2060
2061
2062
2063
2064
2065
2066
2067
2068
2070
2071
2072
2074
2075
2077
2078
2078
2079
2081
2083
2084
2085
2086
2087
2088
2089
2090
2091
2092
2093
2094
2095
2096
2097
2098
2099
2101
2102
2104
2105
2106
2107
2108
2109
2110
2111
2112
2112
2113
2114
2115
2116
2117
2118
2119
2120
2121
2122
2123
2124
2125
2126
2127
2128
2129
2130
2130
2131
2134
2134
2135
2136
2138
2139
2140
2140
2141
2145
2146
2147
2148
2151
2152
2152
2153
2154
2155
2156
2156
2157
2159
2160
2161
2162
2163
2164
2166
2167
2168
2169
2170
2171
2173
2174
2175
2176
2177
2178
2179
2181
2185
2185
2186
2187
2189
2194
2194
2195
2196
2197
2198
2199
2200
2201
2202
2203
2205
2207
2208
2209
2210
2211
2212
2213
2214
2215
2216
2218
2219
2220
2221
2222
2223
2224
2225
2226
2227
2228
2229
2230
2231
2232
2233
2234
2235
2236
2237
2238
2239
2240
2241
2242
2243
2244
2245
2246
2247
2248
2249
2250
2251
2252
2253
2254
2255
2256
2257
2258
2259
2260
2261
2262
2263
2264
2265
2266
2267
2268
2269
2270
2271
2272
2273
2276
2277
2278
2279
2280
2281
2283
2287
2288
2289
2290
2291
2292
2293
2294
2295
2296
2297
2298
2299
2300
2302
2303
2304
2305
2306
2307
2309
2311
2312
2313
2314
2315
2316
2318
2321
2323
2324
2326
2326
2327
2328
2330
2331
2332
2333
2334
2336
2337
2338
2339
2340
2341
2342
2343
2345
2346
2347
2348
2349
2350
2351
2353
2354
2355
2356
2357
2358
2359
2360
2361
2362
2363
2364
2364
2365
2366
2367
2368
2369
2370
2371
2372
2373
2374
2375
2376
2377
2378
2379
2380
2381
2382
2383
2384
2385
2386
2387
2388
2389
2390
2391
2394
2395
2396
2397
2398
2399
2400
2401
2402
2403
2404
2405
2406
2406
2407
2408
2409
2410
2411
2412
2413
2414
2415
2416
2417
2418
2419
2420
2422
2424
2425
2426
2427
2427
2428
2429
2430
2431
2432
2434
2437
2441
2442
2443
2444
2445
2447
2449
2451
2452
2454
2455
2458
2460
2461
2462
2463
2464
2467
2468
2469
2470
2471
2474
2475
2476
2477
2478
2479
2481
2482
2483
2484
2486
2487
2488
2490
2491
2492
2493
2494
2495
2496
2498
2499
2502
2503
2504
2506
2507
2508
2509
2511
2512
2513
2514
2515
2516
2517
2519
2520
2521
2522
2523
2524
2525
2526
2528
2529
2530
2531
2532
2533
2534
2535
2536
2537
2539
2540
2541
2542
2543
2544
2545
2546
2547
2550
2552
2553
2554
2555
2556
2557
2558
2559
2560
2561
2563
2564
2565
2566
2567
2568
2569
2570
2571
2572
2573
2576
2577
2578
2579
2580
2581
2582
2583
2584
2585
2586
2587
2590
2591
2592
2593
2594
2595
2596
2597
2598
2599
2600
2601
2602
2603
2604
2605
2606
2607
2608
2610
2611
2613
2614
2615
2616
2617
2618
2619
2621
2622
2623
2624
2625
2626
2627
2628
2629
2630
2631
2632
2633
2634
2635
2636
2637
2638
2639
2640
2641
2642
2644
2645
2646
2647
2648
2651
2653
2655
2656
2657
2658
2659
2660
2661
2662
2663
2664
2665
2666
2667
2668
2669
2670
2671
2672
2673
2674
2675
2676
2677
2678
2679
2680
2681
2681
2682
2683
2684
2684
2685
2686
2687
2687
2688
2689
2690
2691
2692
2693
2696
2697
2698
2699
2701
2702
2702
2703
2705
2705
2706
2708
2709
2712
2722
2725
2726
2727
2728
2728
2729
2730
2730
2731
2732
2732
2733
2735
2736
2737
2738
2739
2740
2741
2742
2742
2743
2744
2745
2746
2746
2747
2748
2749
2750
2751
2752
2752
2753
2754
2755
2756
2757
2758
2759
2760
2761
2762
2763
2764
2764
2766
2767
2768
2770
2771
2772
2773
2775
2777
2778
2779
2780
2780
2781
2782
2783
2784
2785
2786
2787
2788
2789
2790
2793
2794
2795
2797
2798
2799
2800
2801
2802
2803
2804
2805
2806
2807
2808
2809
2810
2811
2812
2813
2814
2815
2816
2817
2818
2819
2820
2821
2822
2823
2824
2826
2827
2828
2830
2831
2832
2833
2834
2835
2835
2836
2837
2838
2839
2840
2841
2842
2843
2844
2846
2847
2848
2849
2850
2851
2852
2853
2854
2855
2857
2859
2861
2861
2862
2863
2864
2866
2866
2867
2868
2869
2870
2871
2874
2877
2878
2879
2880
2881
2882
2884
2885
2886
2887
2888
2889
2890
2891
2892
2893
2894
2895
2896
2898
2900
2901
2904
2906
2907
2908
2909
2910
2916
2917
2918
2919
2920
2921
2922
2923
2924
2925
2926
2927
2928
2929
2930
2931
2932
2933
2934
2935
2936
2937
2938
2939
2940
2941
2943
2944
2945
2946
2947
2948
2949
2952
2953
2954
2955
2957
2958
2959
2960
2965
2966
2967
2968
2970
2971
2972
2973
2976
2977
2978
2981
2985
2986
2988
2989
2990
2991
2993
2994
2996
2997
2998
3000
3001
3002
3004
3007
3008
3009
3010
3012
3013
3014
3015
3016
3017
3018
3019
3020
3021
3022
3023
3024
3025
3026
3027
3028
3029
3030
3031
3032
3033
3034
3035
3036
3037
3038
3039
3040
3041
3042
3043
3044
3045
3046
3047
3048
3049
3050
3051
3052
3053
3054
3055
3056
3057
3058
3059
3060
3061
3062
3065
3067
3068
3070
3073
3074
3075
3076
3077
3078
3079
3080
3081
3082
3083
3084
3085
3086
3087
3088
3089
3090
3091
3092
3093
3094
3095
3096
3097
3098
3099
3100
3101
3102
3103
3104
3104
3105
3106
3107
3108
3108
3110
3111
3112
3113
3114
3115
3116
3118
3119
3120
3122
3123
3124
3125
3126
3127
3128
3129
3130
3132
3135
3136
3138
3139
3140
3141
3142
3143
3144
3145
3146
3147
3148
3148
3149
3150
3152
3154
3155
3156
3157
3158
3159
3160
3164
3164
3165
3166
3171
3172
3173
3174
3175
3176
3177
3179
3180
3181
3182
3183
3184
3185
3186
3187
3188
3190
3191
3192
3193
3194
3195
3196
3197
3198
3199
3200
3201
3203
3205
3205
3206
3207
3208
3209
3213
3214
3216
3217
3219
3219
3220
3221
3222
3224
3224
3226
3227
3228
3230
3232
3234
3237
3239
3244
3246
3247
3248
3249
3250
3256
3257
3258
3259
3260
3261
3264
3265
3266
3267
3268
3269
3270
3271
3272
3273
3273
3274
3275
3276
3278
3279
3281
3282
3286
3287
3288
3289
3290
3292
3293
3294
3295
3297
3298
3299
3300
3301
3302
3303
3304
3305
3306
3307
3308
3309
3310
3311
3312
3313
3314
3315
3316
3317
3318
3319
3320
3321
3322
3323
3324
3328
3329
3331
3332
3333
3334
3335
3336
3337
3338
3339
3340
3341
3342
3343
3344
3345
3346
3347
3348
3349
3350
3351
3352
3353
3354
3356
3358
3359
3360
3361
3362
3363
3364
3365
3366
3367
3368
3369
3370
3371
3372
3373
3374
3375
3376
3377
3378
3379
3380
3381
3382
3383
3384
3385
3386
3387
3388
3389
3390
3391
3392
3393
3394
3395
3396
3397
3398
3399
3400
3402
3403
3404
3405
3405
3406
3407
3408
3409
3410
3411
3412
3413
3414
3415
3416
3417
3418
3420
3421
3423
3425
3426
3427
3428
3429
3436
3437
3438
3439
3440
3441
3442
3443
3444
3445
3446
3447
3448
3449
3450
3451
3453
3454
3455
3456
3457
3459
3460
3461
3462
3464
3468
3469
3470
3471
3472
3473
3474
3475
3476
3477
3478
3479
3479
3480
3481
3482
3484
3485
3487
3488
3489
3490
3491
3493
3495
3497
3498
3499
3500
3501
3503
3504
3506
3507
3508
3509
3510
3511
3511
3512
3514
3515
3516
3517
3518
3519
3520
3521
3521
3522
3523
3525
3526
3526
3527
3531
3531
3532
3533
3534
3535
3536
3539
3539
3542
3545
3546
3547
3548
3549
3550
3551
3552
3553
3555
3555
3556
3557
3557
3558
3559
3559
3560
3561
3562
3563
3564
3565
3566
3568
3569
3570
3571
3572
3572
3573
3574
3575
3576
3577
3578
3579
3580
3581
3582
3583
3584
3585
3586
3588
3589
3590
3591
3592
3592
3593
3594
3595
3596
3597
3598
3599
3599
3600
3601
3602
3603
3604
3605
3606
3607
3608
3609
3610
3611
3612
3613
3614
3615
3616
3617
3618
3619
3620
3621
3622
3623
3624
3625
3626
3627
3628
3629
3630
3631
3632
3633
3634
3635
3637
3638
3639
3640
3641
3642
3643
3644
3645
3646
3647
3648
3649
3650
3651
3652
3653
3654
3655
3656
3657
3658
3659
3660
3662
3663
3664
3665
3667
3668
3669
3670
3671
3672
3673
3674
3675
3676
3677
3678
3679
3680
3681
3682
3683
3684
3685
3686
3687
3688
3689
3690
3691
3692
3693
3693
3694
3695
3696
3698
3699
3700
3701
3702
3703
3704
3705
3706
3707
3708
3709
3710
3711
3712
3713
3714
3715
3716
3717
3718
3719
3720
3721
3722
3723
3724
3725
3726
3727
3731
3732
3733
3734
3736
3737
3738
3739
3740
3741
3742
3743
3744
3745
3746
3747
3748
3749
3750
3750
3751
3752
3753
3754
3755
3756
3757
3758
3759
3760
3761
3762
3763
3764
3765
3766
3767
3768
3769
3770
3771
3772
3773
3774
3775
3776
3777
3778
3779
3780
3781
3782
3783
3784
3784
3785
3787
3788
3789
3790
3791
3792
3793
3794
3795
3796
3798
3799
3800
3801
3803
3804
3806
3807
3808
3809
3810
3811
3812
3813
3814
3815
3816
3817
3818
3819
3821
3822
3823
3824
3825
3827
3828
3829
3832
3833
3834
3835
3836
3837
3840
3841
3842
3843
3844
3845
3846
3847
3848
3849
3850
3851
3852
3853
3854
3855
3856
3857
3858
3859
3860
3861
3862
3863
3864
3865
3869
3874
3875
3876
3878
3880
3881
3882
3884
3885
3886
3887
3889
3890
3891
3892
3893
3894
3895
3896
3897
3899
3900
3901
3902
3903
3904
3905
3906
3907
3908
3910
3911
3913
3914
3915
3916
3917
3918
3919
3920
3921
3922
3923
3924
3925
3926
3927
3928
3929
3930
3931
3932
3933
3934
3935
3936
3937
3938
3939
3943
3944
3945
3946
3947
3948
3949
3950
3951
3952
3954
3955
3956
3959
3960
3961
3962
3963
3964
3965
3966
3967
3968
3969
3970
3971
3972
3973
3974
3975
3976
3977
3978
3979
3980
3980
3981
3983
3984
3985
3986
3988
3989
3990
3996
3997
3998
3999
4000
4001
4002
4003
4004
4004
4005
4006
4007
4008
4009
4010
4011
4012
4013
4014
4015
4016
4017
4019
4020
4021
4023
4024
4025
4026
4027
4028
4029
4030
4031
4032
4033
4035
4036
4037
4038
4039
4040
4041
4043
4044
4045
4046
4047
4048
4050
4052
4053
4054
4055
4056
4057
4060
4061
4062
4063
4064
4065
4066
4067
4068
4069
4070
4070
4071
4072
4073
4073
4074
4075
4076
4076
4077
4078
4079
4080
4081
4082
4082
4084
4084
4085
4085
4086
4086
4087
4088
4089
4090
4091
4092
4095
4096
4097
4098
4099
4103
4103
4105
4106
4107
4108
4109
4110
4111
4114
4115
4115
4116
4117
4118
4118
4120
4121
4122
4123
4125
4126
4130
4130
4131
4132
4135
4136
4137
4137
4138
4139
4140
4142
4142
4144
4146
4147
4148
4149
4151
4153
4154
4155
4156
4157
4158
4159
4160
4161
4162
4165
4166
4167
4168
4170
4171
4172
4173
4174
4176
4177
4178
4179
4180
4181
4182
4183
4184
4187
4188
4189
4190
4191
4192
4193
4194
4195
4196
4197
4198
4199
4200
4201
4202
4203
4204
4205
4206
4207
4208
4209
4210
4211
4214
4216
4217
4218
4219
4220
4221
4222
4223
4224
4225
4226
4227
4228
4230
4232
4233
4234
4235
4236
4237
4238
4239
4240
4241
4242
4243
4244
4245
4246
4247
4248
4249
4250
4251
4252
4253
4254
4255
4256
4257
4260
4261
4263
4264
4265
4270
4271
4272
4274
4275
4276
4277
4278
4279
4280
4281
4282
4283
4284
4285
4286
4287
4288
4288
4289
4290
4290
4291
4292
4293
4294
4296
4298
4299
4300
4301
4302
4303
4304
4305
4306
4307
4308
4309
4310
4311
4312
4313
4314
4315
4316
4317
4318
4320
4322
4323
4324
4325
4326
4327
4328
4329
4330
4331
4332
4333
4334
4335
4336
4337
4338
4339
4340
4341
4342
4343
4344
4345
4346
4347
4348
4349
4350
4351
4352
4353
4354
4355
4357
4358
4359
4360
4362
4363
4364
4365
4366
4367
4368
4369
4371
4372
4374
4375
4376
4377
4378
4379
4380
4383
4384
4385
4386
4387
4388
4389
4390
4391
4392
4393
4394
4395
4396
4397
4398
4399
4400
4401
4402
4403
4404
4405
4406
4407
4408
4409
4410
4411
4412
4413
4414
4415
4416
4417
4418
4419
4420
4421
4422
4423
4424
4425
4426
4427
4428
4429
4430
4431
4432
4433
4434
4435
4436
4437
4438
4439
4440
4441
4442
4443
4444
4445
4446
4447
4448
4449
4450
4451
4453
4454
4455
4457
4458
4460
4463
4464
4465
4467
4468
4469
4470
4473
4474
4475
4476
4477
4478
4480
4482
4483
4484
4485
4485
4486
4487
4488
4489
4490
4491
4492
4493
4494
4495
4496
4497
4498
4499
4500
4501
4502
4503
4504
4505
4506
4507
4507
4509
4510
4511
4512
4513
4514
4515
4516
4517
4518
4520
4521
4522
4523
4524
4524
4525
4526
4527
4529
4530
4531
4532
4533
4534
4535
4535
4536
4538
4539
4540
4541
4542
4543
4544
4547
4548
4550
4550
4551
4551
4552
4553
4554
4555
4556
4557
4558
4559
4559
4560
4561
4562
4563
4563
4566
4567
4568
4569
4571
4572
4573
4576
4577
4578
4579
4580
4581
4582
4583
4584
4585
4586
4586
4587
4588
4588
4589
4590
4592
4593
4595
4596
4598
4599
4600
4601
4602
4603
4604
4605
4606
4607
4608
4609
4610
4610
4611
4612
4613
4614
4615
4616
4616
4617
4618
4620
4622
4624
4625
4627
4628
4629
4630
4631
4632
4633
4635
4638
4640
4641
4642
4643
4644
4645
4646
4647
4648
4649
4650
4651
4652
4653
4654
4655
4656
4657
4658
4659
4660
4661
4662
4663
4664
4666
4667
4668
4669
4670
4671
4672
4673
4674
4675
4676
4677
4678
4679
4680
4681
4682
4683
4684
4687
4688
4689
4690
4691
4692
4693
4694
4695
4696
4697
4698
4699
4700
4701
4702
4702
4703
4704
4705
4706
4707
4708
4709
4710
4711
4712
4713
4714
4715
4716
4717
4718
4720
4721
4722
4723
4725
4726
4729
4730
4731
4732
4733
4734
4735
4736
4737
4738
4740
4744
4745
4746
4748
4749
4752
4753
4754
4755
4756
4757
4758
4759
4760
4761
4762
4763
4764
4765
4765
4766
4767
4768
4769
4770
4771
4772
4774
4775
4776
4777
4778
4779
4781
4782
4783
4784
4785
4786
4787
4788
4789
4790
4791
4792
4793
4794
4795
4796
4797
4798
4799
4800
4801
4802
4803
4804
4805
4806
4807
4808
4809
4810
4811
4812
4813
4814
4815
4816
4817
4818
4819
4820
4821
4822
4823
4824
4825
4826
4827
4828
4830
4833
4834
4835
4837
4838
4839
4840
4841
4841
4842
4843
4844
4845
4848
4849
4850
4852
4854
4855
4856
4857
4858
4860
4861
4862
4863
4863
4864
4865
4867
4868
4869
4870
4871
4872
4873
4874
4875
4876
4877
4878
4879
4881
4882
4883
4884
4885
4886
4887
4888
4889
4890
4891
4892
4893
4894
4895
4896
4897
4898
4899
4900
4901
4902
4903
4904
4904
4905
4906
4907
4907
4908
4909
4910
4911
4912
4913
4914
4915
4916
4917
4918
4919
4920
4923
4924
4926
4927
4928
4930
4931
4932
4933
4935
4935
4936
4937
4938
4939
4941
4942
4943
4944
4945
4946
4947
4950
4951
4953
4954
4955
4956
4957
4958
4960
4961
4962
4963
4964
4966
4967
4968
4969
4970
4972
4974
4975
4976
4977
4978
4979
4980
4981
4982
4983
4984
4985
4986
4987
4988
4989
4990
4991
4992
4993
4994
4997
4998
4999
5000
5001
5001
5002
5003
5004
5005
5006
5007
5008
5009
5010
5011
5011
5012
5014
5015
5016
5017
5018
5019
5020
5021
5022
5023
5024
5025
5026
5027
5028
5029
5030
5031
5032
5033
5034
5035
5036
5037
5038
5039
5040
5041
5042
5043
5044
5045
5046
5047
5048
5049
5050
5051
5052
5053
5054
5055
5056
5057
5058
5059
5060
5061
5062
5063
5064
5065
5066
5067
5068
5069
5070
5071
5072
5073
5074
5075
5076
5077
5078
5079
5080
5081
5082
5083
5084
5085
5086
5087
5088
5089
5090
5091
5092
5093
5095
5096
5098
5100
5101
5102
5103
5104
5105
5106
5107
5108
5109
5110
5111
5112
5113
5114
5115
5116
5117
5118
5119
5120
5121
5122
5123
5124
5125
5126
5127
5128
5129
5130
5131
5132
5133
5134
5135
5136
5137
5138
5139
5141
5143
5144
5145
5146
5147
5148
5148
5149
5150
5153
5154
5155
5156
5157
5158
5159
5162
5163
5165
5166
5167
5168
5169
5170
5171
5172
5173
5174
5175
5176
5177
5178
5180
5181
5183
5184
5185
5186
5187
5188
5189
5190
5193
5194
5195
5196
5197
5197
5199
5200
5201
5202
5203
5204
5205
5206
5207
5208
5209
5210
5211
5212
5213
5214
5215
5216
5217
5218
5219
5220
5221
5222
5223
5224
5225
5226
5227
5228
5229
5230
5231
5232
5233
5234
5235
5236
5237
5238
5239
5240
5241
5242
5245
5246
5247
5248
5249
5250
5252
5253
5253
5254
5255
5256
5258
5259
5260
5261
5262
5263
5264
5265
5266
5267
5268
5269
5270
5271
5272
5273
5274
5275
5276
5276
5277
5278
5279
5280
5281
5282
5283
5284
5285
5286
5287
5287
5288
5289
5290
5291
5293
5294
5295
5296
5297
5298
5299
5300
5301
5302
5303
5304
5305
5306
5307
5308
5310
5311
5312
5313
5314
5317
5318
5319
5320
5321
5322
5323
5324
5325
5326
5327
5328
5329
5330
5331
5332
5333
5334
5335
5336
5337
5338
5339
5341
5342
5342
5343
5344
5346
5347
5348
5349
5350
5351
5352
5352
5353
5355
5357
5359
5360
5361
5362
5363
5364
5365
5366
5367
5368
5369
5370
5371
5372
5373
5374
5375
5376
5377
5378
5379
5380
5381
5382
5383
5384
5385
5386
5387
5390
5391
5392
5393
5394
5395
5396
5397
5398
5399
5400
5401
5402
5403
5404
5405
5406
5407
5408
5409
5410
5411
5412
5413
5414
5415
5419
5420
5423
5424
5425
5426
5427
5428
5430
5431
5432
5433
5434
5435
5436
5437
5438
5439
5440
5441
5442
5443
5444
5445
5446
5447
5448
5449
5450
5451
5452
5453
5454
5455
5456
5457
5458
5460
5462
5463
5464
5465
5466
5467
5468
5469
5470
5471
5472
5475
5477
5478
5479
5480
5481
5482
5483
5484
5485
5486
5487
5488
5489
5490
5491
5492
5493
5494
5495
5496
5497
5498
5499
5500
5501
5502
5504
5505
5506
5507
5508
5509
5510
5511
5512
5513
5514
5515
5516
5517
5518
5519
5520
5522
5523
5524
5525
5527
5528
5529
5530
5531
5532
5533
5534
5535
5536
5537
5538
5539
5540
5541
5542
5543
5544
5545
5546
5549
5550
5551
5552
5554
5556
5557
5558
5559
5560
5561
5562
5563
5564
5565
5566
5567
5568
5569
5570
5571
5572
5573
5574
5575
5576
5577
5578
5579
5580
5581
5582
5583
5584
5585
5586
5587
5588
5589
5590
5591
5592
5593
5594
5595
5596
5597
5598
5599
5600
5601
5602
5604
5605
5606
5607
5608
5609
5610
5611
5612
5613
5614
5615
5616
5617
5618
5620
5621
5623
5624
5625
5627
5628
5629
5630
5631
5632
5633
5634
5635
5636
5637
5638
5639
5640
5641
5642
5643
5644
5646
5647
5648
5649
5650
5651
5651
5652
5653
5654
5655
5656
5657
5660
5661
5662
5663
5664
5665
5665
5666
5666
5667
5668
5669
5669
5670
5671
5672
5673
5674
5675
5676
5677
5678
5679
5680
5681
5682
5683
5684
5685
5686
5687
5688
5689
5690
5691
5692
5693
5694
5695
5696
5697
5698
5699
5700
5701
5702
5703
5704
5705
5707
5708
5709
5710
5711
5712
5713
5716
5717
5718
5719
5720
5721
5722
5723
5724
5725
5726
5727
5728
5729
5730
5731
5732
5733
5734
5736
5737
5738
5739
5740
5741
5742
5743
5744
5745
5745
5746
5747
5748
5749
5750
5751
5752
5753
5755
5758
5759
5760
5761
5762
5763
5764
5765
5766
5767
5768
5769
5770
5771
5773
5774
5775
5778
5779
5779
5780
5781
5782
5783
5784
5785
5785
5786
5787
5788
5789
5790
5791
5792
5793
5795
5796
5797
5800
5804
5804
5805
5806
5810
5811
5812
5813
5814
5815
5816
5817
5818
5819
5820
5821
5822
5825
5826
5827
5831
5832
5833
5834
5835
5836
5837
5838
5839
5840
5842
5843
5844
5845
5846
5847
5848
5849
5850
5851
5852
5853
5854
5855
5856
5857
5858
5859
5861
5863
5864
5865
5866
5867
5871
5872
5873
5874
5875
5875
5876
5877
5878
5879
5880
5881
5882
5883
5884
5885
5886
5887
5890
5891
5892
5893
5894
5895
5896
5897
5898
5899
5900
5903
5904
5905
5906
5907
5908
5909
5910
5911
5912
5913
5914
5915
5916
5917
5918
5919
5920
5921
5922
5922
5923
5924
5925
5926
5927
5928
5929
5930
5931
5932
5933
5934
5935
5937
5938
5939
5940
5941
5942
5944
5945
5946
5947
5948
5949
5950
5951
5952
5953
5954
5955
5957
5958
5959
5960
5962
5963
5964
5965
5966
5969
5970
5971
5972
5973
5974
5975
5976
5977
5978
5979
5980
5981
5982
5983
5984
5985
5986
5987
5988
5989
5990
5991
5992
5993
5994
5995
5996
5997
5998
5999
6000
6001
6002
6003
6004
6005
6006
6007
6009
6010
6012
6014
6015
6016
6017
6018
6019
6020
6021
6022
6023
6025
6026
6027
6028
6029
6030
6031
6033
6034
6035
6036
6037
6038
6039
6040
6041
6043
6044
6044
6045
6046
6047
6048
6049
6050
6051
6052
6053
6054
6055
6056
6057
6058
6059
6060
6061
6062
6063
6064
6065
6066
6067
6068
6069
6070
6071
6072
6074
6075
6076
6077
6078
6079
6080
6081
6082
6083
6084
6085
6086
6087
6088
6089
6090
6091
6092
6094
6094
6095
6096
6097
6098
6099
6105
6105
6108
6109
6110
6111
6114
6115
6118
6118
6119
6120
6121
6122
6123
6124
6125
6126
6127
6128
6129
6130
6131
6132
6134
6135
6135
6136
6137
6139
6141
6142
6143
6144
6146
6147
6148
6149
6150
6151
6152
6153
6154
6155
6156
6157
6158
6159
6160
6161
6162
6163
6164
6165
6166
6167
6168
6169
6170
6171
6172
6173
6174
6175
6176
6177
6178
6179
6180
6181
6182
6183
6184
6185
6186
6187
6189
6190
6191
6192
6193
6194
6195
6196
6197
6198
6199
6201
6202
6204
6205
6206
6207
6208
6209
6210
6211
6212
6213
6214
6215
6216
6217
6218
6219
6220
6221
6222
6223
6224
6225
6227
6228
6229
6230
6231
6232
6236
6237
6238
6239
6240
6240
6241
6242
6244
6245
6246
6246
6248
6250
6251
6252
6253
6254
6255
6256
6257
6258
6259
6260
6261
6262
6263
6264
6265
6266
6267
6268
6269
6270
6271
6272
6273
6274
6275
6276
6277
6278
6279
6280
6281
6282
6283
6284
6285
6287
6288
6289
6290
6291
6292
6293
6294
6295
6296
6297
6298
6299
6300
6301
6302
6303
6304
6305
6306
6307
6308
6309
6310
6311
6312
6313
6314
6315
6316
6317
6318
6319
6320
6321
6322
6323
6324
6325
6326
6327
6328
6329
6330
6331
6332
6333
6334
6335
6336
6337
6338
6339
6340
6341
6342
6343
6344
6345
6346
6347
6348
6349
6350
6351
6352
6353
6354
6356
6357
6358
6359
6360
6361
6362
6363
6364
6365
6366
6367
6368
6369
6370
6371
6372
6373
6375
6376
6377
6378
6379
6380
6381
6382
6383
6385
6386
6388
6390
6391
6392
6393
6394
6395
6396
6397
6398
6399
6400
6401
6402
6403
6406
6407
6408
6409
6410
6411
6412
6413
6414
6415
6416
6417
6418
6419
6420
6421
6422
6423
6424
6425
6426
6427
6428
6429
6430
6431
6432
6433
6434
6435
6436
6437
6438
6439
6440
6443
6444
6445
6446
6448
6450
6451
6452
6453
6454
6455
6456
6457
6458
6459
6460
6461
6462
6463
6464
6465
6466
6467
6468
6469
6470
6471
6472
6473
6474
6475
6476
6477
6478
6479
6480
6481
6482
6483
6484
6485
6486
6487
6488
6489
6490
6491
6492
6493
6494
6495
6496
6497
6498
6499
6500
6501
6502
6503
6504
6505
6506
6507
6508
6509
6510
6511
6514
6515
6516
6516
6517
6518
6519
6520
6521
6522
6523
6524
6525
6526
6527
6528
6529
6530
6531
6532
6533
6534
6535
6536
6537
6538
6539
6540
6541
6542
6543
6544
6545
6546
6547
6548
6549
6550
6551
6552
6553
6554
6555
6556
6557
6558
6559
6560
6561
6562
6563
6564
6565
6566
6567
6568
6569
6570
6571
6572
6573
6574
6575
6576
6577
6578
6579
6580
6581
6582
6583
6584
6585
6586
6587
6588
6589
6590
6591
6592
6593
6594
6595
6597
6598
6599
6600
6601
6602
6603
6604
6607
6608
6609
6610
6611
6612
6613
6614
6615
6616
6617
6618
6619
6620
6621
6622
6623
6624
6625
6626
6627
6628
6629
6630
6633
6634
6635
6636
6637
6638
6639
6639
6640
6641
6642
6643
6644
6645
6646
6647
6648
6649
6650
6651
6652
6653
6654
6657
6658
6659
6660
6661
6662
6663
6664
6665
6666
6667
6668
6669
6670
6671
6672
6673
6674
6675
6676
6677
6678
6679
6680
6681
6682
6683
6684
6685
6686
6687
6688
6689
6690
6691
6692
6693
6694
6695
6696
6697
6698
6699
6700
6701
6704
6705
6706
6707
6708
6709
6710
6711
6712
6713
6714
6715
6716
6717
6718
6719
6720
6721
6722
6723
6724
6726
6727
6728
6729
6730
6731
6732
6733
6734
6737
6738
6739
6740
6741
6742
6743
6745
6746
6747
6748
6749
6750
6751
6752
6753
6753
6754
6755
6756
6757
6758
6759
6760
6761
6762
6763
6764
6765
6766
6767
6768
6769
6770
6771
6772
6773
6774
6775
6776
6778
6779
6780
6781
6782
6783
6784
6785
6787
6788
6790
6790
6791
6792
6794
6795
6796
6797
6798
6799
6801
6802
6803
6804
6805
6806
6807
6808
6809
6810
6811
6812
6813
6815
6816
6817
6818
6819
6820
6821
6822
6823
6824
6825
6826
6827
6828
6829
6830
6831
6832
6833
6835
6836
6837
6839
6840
6841
6842
6843
6844
6845
6848
6849
6850
6851
6852
6854
6855
6856
6857
6859
6860
6861
6862
6863
6864
6865
6866
6867
6868
6869
6870
6871
6872
6873
6874
6875
6876
6877
6878
6879
6880
6882
6883
6884
6885
6886
6887
6888
6889
6890
6891
6892
6894
6896
6897
6898
6899
6900
6901
6902
6903
6904
6905
6906
6907
6909
6910
6911
6912
6913
6914
6915
6916
6917
6918
6919
6920
6921
6922
6923
6924
6925
6926
6927
6928
6929
6930
6931
6932
6933
6934
6935
6937
6938
6940
6942
6943
6944
6945
6946
6947
6948
6949
6950
6951
6952
6953
6954
6955
6956
6957
6958
6961
6962
6963
6964
6965
6966
6967
6968
6969
6970
6971
6972
6973
6974
6975
6976
6977
6978
6979
6980
6981
6982
6983
6984
6987
6989
6990
6993
6999
7000
7001
7002
7003
7004
7005
7007
7008
7010
7011
7012
7013
7014
7015
7016
7018
7020
7021
7022
7023
7024
7025
7027
7028
7029
7030
7031
7032
7033
7037
7038
7039
7040
7041
7042
7043
7044
7045
7046
7047
7048
7049
7050
7051
7052
7053
7054
7055
7056
7057
7058
7059
7060
7061
7064
7066
7067
7068
7069
7070
7071
7072
7073
7074
7075
7076
7077
7078
7082
7083
7085
7086
7087
7088
7089
7090
7091
7092
7093
7094
7095
7096
7097
7098
7101
7102
7103
7104
7105
7106
7107
7108
7109
7109
7110
7110
7111
7112
7113
7114
7115
7118
7119
7120
7121
7122
7123
7124
7125
7126
7127
7128
7129
7130
7131
7132
7133
7134
7135
7136
7137
7138
7139
7140
7141
7142
7143
7144
7145
7146
7147
7148
7149
7150
7151
7152
7153
7154
7155
7156
7157
7158
7159
7160
7162
7164
7165
7166
7167
7168
7169
7170
7171
7172
7173
7174
7175
7176
7177
7178
7179
7180
7181
7182
7183
7184
7185
7186
7187
7188
7189
7191
7193
7194
7195
7196
7197
7199
7200
7201
7202
7203
7204
7205
7206
7207
7208
7211
7212
7213
7214
7215
7216
7217
7218
7220
7221
7222
7223
7224
7226
7228
7229
7230
7231
7232
7233
7234
7235
7236
7237
7238
7239
7240
7241
7242
7245
7246
7247
7248
7249
7250
7251
7252
7253
7254
7255
7256
7257
7258
7260
7261
7262
7263
7264
7265
7266
7267
7268
7269
7270
7271
7272
7273
7274
7275
7280
7281
7282
7283
7284
7287
7288
7289
7290
7291
7292
7293
7294
7295
7296
7297
7298
7299
7300
7301
7302
7303
7304
7305
7306
7307
7308
7309
7310
7311
7312
7313
7314
7315
7316
7317
7318
7319
7320
7321
7322
7323
7324
7325
7326
7327
7328
7329
7330
7331
7332
7333
7334
7335
7336
7337
7338
7339
7340
7341
7342
7343
7344
7345
7346
7347
7348
7349
7350
7351
7352
7353
7354
7355
7356
7357
7358
7359
7360
7361
7362
7363
7364
7365
7366
7367
7368
7369
7370
7371
7372
7373
7374
7375
7376
7377
7378
7378
7379
7380
7383
7387
7388
7389
7390
7391
7392
7393
7395
7396
7398
7399
7400
7402
7403
7404
7405
7406
7407
7408
7409
7410
7411
7412
7413
7414
7415
7416
7417
7418
7419
7420
7421
7422
7423
7424
7425
7427
7428
7429
7431
7432
7434
7435
7436
7437
7438
7439
7440
7441
7442
7443
7444
7445
7446
7447
7448
7449
7450
7451
7452
7453
7454
7467
7469
7470
7473
7475
7477
7478
7483
7483
7484
7485
7486
7488
7490
7498
7498
7500
7501
7502
7503
7504
7505
7505
7506
7506
7507
7508
7510
7510
7511
7512
7513
7514
7515
7516
7520
7520
7521
7523
7524
7525
7526
7526
7527
7527
7529
7530
7532
7534
7535
7536
7537
7538
7538
7539
7540
7544
7547
7548
7548
7549
7554
7555
7556
7556
7557
7558
7559
7561
7564
7565
7566
7568
7569
7574
7575
7575
7576
7577
7578
7579
7580
7581
7582
7582
7583
7584
7585
7586
7587
7589
7590
7593
7597
7598
7599
7600
7601
7601
7602
7603
7604
7605
7607
7608
7609
7609
7610
7611
7612
7613
7614
7615
7616
7617
7619
7620
7621
7622
7623
7624
7625
7627
7628
7629
7630
7631
7632
7633
7634
7634
7635
7636
7637
7639
7640
7641
7642
7643
7644
7645
7646
7647
7648
7649
7650
7651
7652
7653
7654
7655
7655
7656
7657
7658
7659
7660
7661
7661
7662
7663
7664
7665
7666
7675
7676
7677
7678
7679
7680
7681
7682
7683
7684
7685
7686
7687
7688
7689
7690
7691
7692
7693
7694
7695
7696
7697
7699
7700
7702
7703
7704
7705
7706
7707
7708
7709
7710
7711
7712
7713
7714
7715
7716
7717
7718
7719
7720
7721
7722
7723
7724
7725
7726
7727
7728
7729
7730
7731
7732
7733
7734
7736
7737
7738
7739
7740
7741
7743
7744
7745
7746
7747
7748
7749
7750
7751
7752
7753
7754
7756
7757
7758
7759
7760
7761
7763
7764
7765
7767
7768
7769
7770
7771
7772
7773
7774
7775
7776
7777
7778
7779
7780
7781
7782
7783
7784
7785
7786
7787
7788
7789
7791
7792
7793
7794
7795
7796
7797
3474
3474
4
4
13
12
4038
13
13
12
15
14
4915
15
15
14
4880
21
22
4880
20
21
21
22
22
4885
21
21
20
20
22
4885
4890
23
26
25
30
29
5671
31
5733
32
5735
34
5739
35
5742
36
5757
37
5780
39
5888
44
6386
51
284
52
6521
55
6520
55
55
6521
6566
62
65
64
67
6602
68
72
72
71
6636
6725
75
78
77
6879
83
7026
7026
89
7034
94
7110
104
7195
112
7219
113
115
7330
117
7325
122
7372
142
413
413
148
167
167
162
2829
166
2944
2944
172
2956
173
3398
178
3231
180
7546
189
189
183
3402
187
4175
191
191
4316
193
7618
199
204
204
203
5165
5165
204
5180
206
199
209
208
207
212
211
211
212
211
205
213
212
212
211
215
214
217
217
216
7622
220
220
219
225
225
221
5603
222
232
232
224
228
228
227
5706
230
7627
231
233
5578
235
5672
236
226
249
249
242
5803
243
5800
243
5803
5753
246
246
247
246
5753
256
248
5797
249
242
258
251
5807
252
5808
5808
253
5794
254
5896
255
257
256
256
248
5851
260
7649
262
5937
263
268
267
5942
267
268
7647
269
6035
270
6186
272
6195
275
275
6384
279
6379
280
279
6384
6379
280
280
279
279
6441
281
6610
296
6596
297
67
297
6596
6689
306
307
307
306
6689
6690
6690
307
6721
309
308
6781
312
315
313
6789
313
315
6800
314
6792
316
6791
317
6833
319
322
320
323
320
322
6864
321
6886
321
6864
330
327
7755
331
6988
334
7010
336
7767
339
7062
340
7066
341
7169
347
7163
350
362
356
7312
7339
364
387
377
392
391
403
402
7351
408
425
423
428
427
430
428
428
427
568
441
451
450
456
453
458
454
482
470
611
487
510
501
514
511
532
532
526
549
548
719
551
567
555
576
573
596
595
601
597
603
599
609
607
614
613
640
639
654
653
653
657
656
660
658
921
689
698
694
710
708
989
712
979
726
721
727
725
731
728
738
737
749
743
757
756
762
761
761
772
772
768
768
768
772
772
769
7455
770
773
787
786
790
789
789
802
802
791
796
794
793
806
818
814
811
825
824
637
1106
859
867
862
881
879
888
883
885
884
902
898
898
904
903
927
924
1246
926
945
933
938
937
954
947
967
960
970
964
1269
971
974
973
993
993
981
976
984
986
985
990
990
1011
1010
1031
1030
1030
1304
1035
1035
1038
1038
1037
1040
1039
1043
1041
1046
1044
1051
1047
1055
1054
1053
1061
1061
1060
1083
1083
1074
1076
1075
1079
1078
1078
1090
1092
1091
1105
1100
1100
846
1422
1109
7465
1123
7466
1125
1137
1136
1147
1155
1152
1521
1154
1535
1161
1165
1161
1535
1163
1162
1546
1175
1603
1178
1196
1195
1641
1198
1215
1215
1200
1217
1212
1220
1219
1233
1232
1658
1244
1254
1253
1264
1263
1281
1275
1673
1276
1278
1277
1280
1279
1306
1305
1305
1317
1307
1307
7469
7469
1312
1309
1310
1321
7471
1322
1323
7474
7474
1325
1342
1336
7476
1340
7476
7476
1340
1348
1346
1352
1339
1390
1390
1382
1099
1099
1396
1396
1395
1395
1402
1399
1885
1885
1406
1430
1426
1436
1435
1435
1458
1458
1457
1457
7495
1459
1461
1460
1467
1466
1471
1471
1468
1472
1474
1473
1476
1475
1483
1481
1492
1482
1482
1492
1490
1501
1493
1498
1497
1534
1533
1533
2210
1543
1596
1591
1600
1593
2042
1605
1612
1608
1617
1610
1630
1629
1638
1631
2051
1634
1643
1637
1644
1638
1631
1656
1642
1665
1660
2078
1664
1664
1679
1678
2103
1680
1696
1690
1690
1696
1694
1701
1700
1716
1711
1726
1723
1723
1732
1725
1742
1735
1752
1745
1773
1773
1764
2145
1779
1779
2130
2130
1781
7496
1806
1810
1807
1807
1830
1823
1841
1841
1838
1843
1840
1840
1846
1842
1856
1855
1866
1866
1864
1870
1870
1866
1881
1881
1891
1891
1886
1889
1889
1888
1902
1902
1895
1905
1899
1899
1910
1906
2183
1908
1908
1920
1913
1924
1921
1922
2204
1933
1513
1958
1952
2241
1968
2004
2003
2009
2009
2008
2008
2022
2016
2018
2017
2029
2023
2040
2038
2302
2302
2046
2058
2057
2063
2062
2070
2066
2066
2073
2069
2074
2074
2071
2071
2082
2080
2090
2089
2089
2090
2090
2088
2097
2097
2093
1680
2103
2100
2112
2107
2412
2114
2147
2138
2138
2144
2143
2150
2150
2149
2149
2151
2150
2150
2149
2149
2157
2156
2158
2158
7509
2172
2165
2165
2158
2158
7509
2165
2165
2172
2172
2459
2217
2222
2217
2459
2462
2224
2237
2236
2247
2245
2247
2245
2245
2242
2273
2272
2272
2274
2275
2274
2271
2282
2518
2284
2286
2289
2288
2308
2301
2304
2325
2317
2538
2320
2319
2343
2326
2335
2329
2548
2344
2393
2392
2397
2394
2402
2398
7511
2406
2435
2433
2439
2440
2436
2448
2446
2457
2456
2466
2465
2473
2472
2480
2472
2473
2476
2475
2489
2489
2485
2490
2489
2485
2496
2495
2497
2513
2503
2510
2505
2517
2512
2528
2528
2525
2551
2549
2574
2562
2734
2734
2575
2751
2578
2589
2588
2995
2609
2776
2612
2825
2825
2620
2835
2624
2633
2632
2650
2643
2845
2649
2654
2652
2682
2682
2681
2701
2701
2693
2693
2872
2718
2717
2720
2724
2724
2721
2721
2710
2710
7532
2742
7520
2752
2769
2765
2774
2796
2792
2791
2807
2806
2850
2848
2860
2858
2873
2865
2876
2875
2883
2875
2876
2889
2889
2885
2885
2904
2894
7525
7525
2901
2901
2906
2901
2901
7525
7525
2921
2920
2929
2927
2927
3187
2934
2934
3197
2945
2945
2950
2953
2950
2951
2963
2963
2964
2964
2961
7531
2963
2964
3225
2969
2971
2971
2982
2982
2974
2984
2975
7551
2975
2984
2984
3233
3252
2983
7551
2975
2984
2983
3252
2975
2975
2984
2984
2983
2983
3252
3285
2992
3291
3291
2999
3005
3006
3005
3004
3296
3011
3020
3019
3029
3028
3335
3335
3060
3066
3063
3071
3069
3083
3069
3069
3069
3071
3071
3070
3071
3086
3084
3100
3099
3117
3109
3112
3111
3401
3121
3123
3122
3421
3126
3137
3134
3472
3142
3153
3151
3170
3161
3162
7541
3169
3168
7543
3178
3513
3204
3211
3210
3212
3229
3215
3218
3218
3219
3219
3218
3218
7545
7545
3221
3221
3220
3245
3245
3238
3522
3522
3250
3250
3255
3254
3254
3263
3263
3262
3273
3264
3272
3272
3270
7562
7562
3277
3283
3280
7563
3284
3290
3288
3625
3308
3319
3315
3319
3315
3315
3314
3330
3330
3325
3327
3326
3326
3325
3330
3326
3327
3327
3326
3330
3342
3341
3353
3349
3357
3355
3386
3385
3390
3389
3393
3392
3422
3419
3424
3435
3432
3434
3433
3441
3440
3466
3452
3879
3463
3467
3465
3953
3486
3492
3492
3496
7567
3486
3492
3496
7570
3494
3521
3515
3549
3535
3541
3541
3540
3581
3569
7573
4179
3602
3619
3618
3621
3619
3619
3618
3645
3644
3636
3662
3656
3666
3661
4273
3697
3716
3711
3729
3728
3735
3730
3743
3743
3742
3747
3746
3752
3752
3751
3753
3752
3751
3758
3758
3756
4339
3768
3768
4339
3768
3767
3780
3778
3784
3781
4358
3782
3788
3787
3791
3790
3802
3797
3811
3803
3820
3805
3813
3812
3818
3817
3866
3826
3838
3831
3830
3839
3838
3831
3847
3846
3864
3863
3868
3867
3873
3872
3883
3877
3898
3888
3891
3890
3912
3909
3914
3910
4425
3917
3948
3948
3920
3933
3923
7582
3935
3942
3942
3941
3943
3942
3941
3979
3949
3955
3954
3958
3957
3940
3968
3968
3967
3981
3980
3987
3982
3995
3991
3994
3992
3993
4004
4002
4010
4010
4003
4017
4011
4014
4013
4022
4018
4042
4034
4515
4048
4051
4049
4058
7587
4058
4059
4091
4072
4094
4094
4083
4083
4100
4093
4102
4101
4104
4104
4119
4118
4586
4145
4129
4128
4134
4133
4136
4136
4135
4591
4141
4145
4145
4144
4597
4150
4621
4621
4152
4599
4161
4169
4164
4163
4152
4152
4621
4621
4168
7598
4170
7576
4176
4178
4177
4186
4185
4650
4190
4194
4193
4197
4196
4205
4204
4215
4213
4212
4213
4215
4218
4217
4223
4222
4231
4229
4243
4242
4242
4256
4250
4258
4258
4262
4259
4262
4264
4264
4263
4268
4266
4269
4267
4790
4284
4807
4290
4297
4295
4309
4301
4307
4303
4321
4319
4337
4334
4336
4335
4351
4350
4354
4354
4353
4361
4361
4356
3786
4362
4361
4356
4373
4370
4377
4372
4379
4374
4382
4381
4393
4391
7590
4401
4419
4417
4417
4434
4434
4428
4441
4436
4895
4439
4444
4443
4456
4452
4469
4454
4454
4461
4456
4452
4472
4459
4466
4466
4462
4465
4464
4474
4473
4481
4479
4507
4506
4506
4507
4504
4544
4543
4555
4554
4566
4559
4575
4574
4585
4584
4590
4590
4602
4602
4601
4613
4613
4602
4944
4610
4623
4619
4971
4626
4639
4636
4637
4639
4639
4984
4984
4644
4655
4654
4686
4685
4724
4719
4728
4727
4732
4731
4743
4739
4742
4741
4747
4751
4750
5069
4754
4776
4762
4765
4764
4780
4773
4797
4789
4793
4792
4792
4799
4798
4818
4817
4821
4819
4827
4826
5081
4826
4826
4827
4833
4827
4827
4826
4831
4829
4836
7600
4841
7603
4841
7600
7604
4843
4847
4846
4850
4849
4853
4853
4851
4858
4858
4854
4858
4854
4854
4852
4869
4857
4866
4859
4861
4860
4863
4863
4862
4868
4867
5138
4894
5143
4904
4913
4912
4928
4916
4916
4925
4921
4921
4934
4922
4965
4940
4929
4952
4949
4948
7606
4948
4949
4949
4952
4959
4952
4949
4958
4957
5164
4973
4981
4976
4996
4995
5000
4999
4999
5011
5011
5001
5003
5003
5002
5025
5024
5047
5044
5053
5050
7609
5073
5073
7609
5074
5079
5078
5084
5083
5086
5084
5084
5083
5089
5085
5099
5097
5097
5099
5099
5098
5099
5098
5212
5116
5136
5130
5135
5131
5141
5139
5142
5140
7614
5148
5152
5151
5260
5159
5161
5160
5174
5172
5182
5179
5282
5181
7616
5186
7617
5188
5192
5191
5194
5193
5197
5196
5219
5218
5372
5221
5223
5222
5244
5243
5389
5389
5251
5388
5257
5259
5258
5265
5265
5263
7620
5264
5268
5268
5265
5265
5263
5269
5266
5270
5268
5268
5265
5265
5263
5263
5270
5268
5265
5263
203
204
5165
5412
5276
5284
5283
5285
5284
5283
5283
5287
5286
5299
5298
5316
5315
5337
5335
5358
5356
5356
5354
5360
5359
5373
5373
5371
5397
5396
5417
5416
5418
5555
5429
5442
5437
5461
5459
5469
5468
5473
5476
5474
5501
5500
5500
7626
5503
5506
5505
5526
5521
5538
5533
5548
5547
5547
5553
5547
5548
5561
5561
5559
5559
5562
5562
5561
5645
5569
229
7625
5570
5577
5576
5576
5649
5581
5590
5589
5589
5596
5596
5595
5620
5614
5624
5618
5626
5622
5619
5626
5619
5642
5641
5653
5652
5657
5656
5659
5658
5669
5666
5666
5681
5681
5680
5687
5686
5686
5715
5714
5718
5717
5792
5745
5756
5754
37
5757
5756
5754
7633
5781
5790
5785
5799
5798
5852
5802
5802
5801
7635
5802
5801
5809
5809
5809
5808
5860
5811
5815
5815
5817
5816
5817
5816
5816
5815
5811
5860
5820
5819
5824
5823
5889
5841
5939
5857
5943
5862
5862
5943
5943
5859
5961
5870
5909
5898
5902
5901
5904
5903
5910
5904
5904
5903
5908
5905
5919
5918
5922
5921
5931
5929
7638
7638
5936
5947
5946
6073
5956
5965
5963
5968
5967
6088
5970
5977
5975
5997
5996
6004
6003
6011
6008
6032
6024
7648
6036
7659
7659
6039
6188
6042
7651
6043
6051
6049
6054
6053
6060
6058
6063
6062
6069
6065
6219
6091
6118
6118
6105
6117
6116
6113
6113
6116
6117
6117
6125
6123
6132
6129
6135
6131
6145
6133
6261
6137
6261
6137
6137
6132
6132
6129
6140
6138
6159
6159
6158
6171
6162
6169
6163
6180
6174
6174
6181
6178
6290
6189
6194
6193
6203
6200
6202
6202
6201
6298
6202
6201
6235
6235
7674
6249
6247
6269
6262
6265
6265
6263
6275
6266
6266
6275
6266
6264
6374
6286
6287
6286
6374
6287
6286
6286
6289
6288
6288
7679
6295
6304
6303
7687
6306
6318
6316
6323
6319
6322
6321
6335
6333
6419
6369
7682
6372
6421
6373
280
280
6379
6379
6378
6384
279
279
280
280
6379
6379
6378
6389
6387
6395
6394
6403
6402
6405
6404
6426
6425
7690
6429
6433
6432
6442
6441
281
6449
6447
6454
6451
6528
6470
6492
6491
6496
6495
6495
6496
6496
6463
6499
6498
6513
6512
6516
6515
6515
6516
6489
6560
6539
6544
6543
6559
6557
6580
6558
6573
6572
6590
6589
7710
6596
6596
297
297
67
297
297
6596
6596
7710
6599
6598
6598
6599
6598
6597
6606
6605
6609
6608
6640
6626
6644
6627
6629
6628
6632
6631
6658
6637
7719
6639
6668
6639
7719
6672
6643
6652
6651
6656
6655
7721
6662
6678
6677
6682
6680
6686
6685
6703
6702
7724
6705
6708
6707
7726
6709
6713
6711
7730
6728
6736
6735
6769
6739
6743
6743
6741
6741
6741
6743
6743
6742
6793
6744
6753
6751
6755
6754
6766
6765
6773
6771
7735
6777
6785
6783
6816
6784
315
313
313
6789
6786
6788
6787
6817
6790
6819
6790
6817
6814
6810
6811
6784
6816
6816
6815
6836
6820
6829
6828
6858
6834
7742
6838
6842
6841
6847
6846
6881
6853
6882
6854
6892
6876
7748
6883
6895
6893
6926
6900
6903
6902
7749
6906
6936
6908
6921
6920
6928
6927
6927
6928
6927
326
7752
6938
6941
6939
6952
6951
6960
6959
6980
6961
6985
6964
6964
6965
6986
6965
6964
6985
6974
6973
7019
6991
7762
6992
7023
6993
6995
6994
6996
6998
6997
6998
6997
7002
7001
7037
7004
7008
7005
7009
7006
7042
7011
7015
7013
7014
7013
7013
7015
7766
7017
7027
7026
89
7026
7027
7036
7035
7038
7040
7040
7068
7040
7038
7065
7070
7043
7045
7044
7104
7048
7092
7056
7063
7062
340
7072
7071
7076
7075
7080
7079
7084
7081
104
7110
7083
7086
7085
7091
7088
7100
7099
7106
7105
7109
7108
7108
7109
7078
7112
7111
7115
7113
7117
7116
7134
7133
7776
7136
7775
7137
7158
7138
7777
7139
7149
7148
7148
7149
7149
7147
7198
7161
7161
7198
350
7163
7784
7179
7185
7184
7192
7190
7206
7204
7253
7205
7210
7209
7212
7212
7211
7222
7221
7227
7225
7234
7234
7229
7236
7231
7242
7241
7244
7243
7249
7246
7252
7251
7254
7251
7251
7252
7786
7257
7790
7259
7267
7266
7269
7268
7273
7272
7272
7278
7276
7279
7277
7283
7282
7286
7285
7284
7255
7793
7296
7300
7297
7321
7319
7796
7322
7354
7353
7365
7355
7368
7367
7381
7384
7382
7386
7385
7385
7381
7381
7385
7385
7386
7394
7409
7406
7423
7410
7430
7426
7426
7430
7426
7424
7433
7430
7426
7457
7456
7459
7458
832
834
832
1073
7463
7462
7468
1325
7474
7474
7473
7473
7480
7479
7487
7482
7484
7483
7492
7489
7499
7497
158
7519
7518
7517
7519
7518
7517
7527
7526
7548
7544
7544
7544
7548
7548
7547
7560
7553
7552
7552
7560
7560
7553
7552
7592
7591
4471
7596
7596
7595
7605
7601
7602
7601
7605
7608
7607
7607
5936
7638
7637
7637
7638
7641
7639
7655
7654
7660
7659
6039
7666
7665
7670
7669
7668
7668
7667
7667
7672
7671
7701
7698
7716
7714
7744
7743
159
0
2573
1
2587
2
5
4
4
3474
2933
6
2987
7
3511
7
2987
3511
7
7
3596
8
3950
9
7
3511
10
16
16
11
4404
18
22
21
20
4880
20
20
21
21
22
22
5093
27
5358
5356
5354
29
30
5678
31
31
5671
5735
34
32
32
5733
237
237
33
34
34
32
32
5733
5742
36
36
35
35
5739
5739
40
40
38
41
40
38
7680
48
6292
49
6522
56
6636
72
7724
6705
6705
75
6979
85
7022
96
7298
113
359
114
133
128
7378
144
147
146
155
154
1688
157
2451
2451
159
159
0
2200
0
159
2451
2207
161
7514
161
161
2207
2773
163
3108
3108
167
2624
2835
168
3405
170
2771
174
177
176
3003
3003
182
7577
183
189
3394
184
186
185
3292
188
3744
189
183
7588
4175
4175
192
192
3599
192
192
4175
4175
7588
191
4175
4175
192
192
3599
191
4175
4175
192
192
3599
3599
188
3292
4315
194
201
198
207
208
209
209
5252
200
5182
5179
206
206
5180
208
209
199
209
209
208
208
220
219
219
214
215
7622
217
225
221
221
220
219
5608
222
222
5603
5526
5521
222
5603
5603
233
232
5672
5672
236
236
226
226
225
221
5668
226
226
236
236
5672
5639
227
228
5562
5561
5561
5559
228
227
5668
226
226
236
236
5737
237
33
237
5737
244
244
239
243
243
5800
245
244
239
253
5808
5809
246
246
5753
6040
265
5942
267
267
5942
267
267
268
268
261
6048
271
7661
273
6195
275
274
6192
276
323
320
320
7238
354
7292
361
384
383
425
423
423
396
426
397
7371
410
144
7378
413
148
480
433
498
433
433
480
435
435
434
436
436
435
435
434
502
436
436
502
436
435
515
437
459
449
460
457
460
457
457
448
465
461
464
463
484
468
475
468
484
486
469
478
473
488
479
598
482
489
485
491
490
518
518
519
519
509
509
519
518
513
513
518
518
519
519
518
518
513
513
512
638
514
530
524
531
527
537
532
526
532
532
537
537
664
534
664
534
534
528
526
532
537
536
539
538
683
541
543
542
545
544
552
545
545
544
699
546
548
549
549
547
549
547
570
570
565
722
566
571
570
565
570
571
575
573
576
583
583
581
585
585
583
590
586
592
588
747
589
591
589
589
747
594
593
595
463
464
603
473
478
606
606
607
617
610
775
613
626
620
783
783
620
620
626
629
622
627
625
631
631
626
626
620
817
628
636
632
635
634
643
640
648
649
649
642
633
641
641
642
642
649
649
648
648
644
641
642
649
648
644
644
648
648
649
649
642
642
641
641
633
633
631
626
626
620
863
646
651
651
650
654
653
653
654
653
651
872
652
872
872
652
652
644
648
648
649
649
642
633
641
660
658
654
654
653
659
655
665
657
657
656
658
658
654
654
653
671
667
667
671
668
675
673
684
674
910
910
676
674
684
684
678
681
680
687
686
691
690
937
938
693
939
696
704
704
702
705
704
702
714
713
551
719
719
714
714
713
1002
723
1012
729
736
735
1016
741
1017
749
749
743
1017
749
749
743
743
739
751
751
750
755
755
751
760
753
767
754
1033
756
757
762
761
757
757
756
1033
756
756
757
757
761
761
762
1020
758
1021
1021
759
769
772
768
762
762
761
764
763
765
763
764
1029
765
765
763
763
764
1031
1030
766
613
775
770
777
771
782
778
784
778
782
781
780
790
789
785
1067
1067
788
800
789
789
790
790
792
790
790
789
800
789
789
790
790
792
800
789
789
790
790
792
792
791
791
800
800
789
789
790
790
792
792
791
791
802
793
793
794
793
794
794
620
626
631
798
795
795
798
793
794
1063
795
795
798
1066
797
799
801
801
800
789
790
792
791
802
803
802
791
791
792
792
790
790
789
789
800
805
804
811
814
818
818
799
806
806
812
812
807
807
813
813
808
810
809
637
835
805
843
835
637
637
818
818
814
814
811
811
804
835
637
637
818
818
814
814
830
830
812
830
812
812
807
807
830
812
812
807
801
825
824
813
808
810
809
809
808
808
813
813
824
824
825
816
814
818
1079
1078
815
823
817
817
628
826
818
818
814
816
814
814
818
818
826
820
819
822
819
820
824
824
813
813
808
813
824
1084
1084
825
825
824
824
813
813
808
838
838
831
827
7459
7459
7458
1095
833
637
818
818
814
814
811
811
804
837
837
836
836
836
830
830
812
812
807
850
850
850
837
837
839
839
838
831
841
841
840
842
842
841
841
840
840
842
841
841
840
840
842
841
840
839
804
804
811
811
814
814
818
818
637
637
835
835
843
843
842
842
841
841
840
805
804
804
811
811
814
814
818
818
637
637
835
835
843
843
843
843
842
842
841
841
840
805
804
804
811
811
814
814
818
818
637
637
835
835
843
842
842
841
841
840
840
839
839
838
838
831
854
854
844
1108
845
851
847
849
848
848
849
848
847
847
851
855
849
849
848
847
851
850
837
807
812
812
830
830
836
836
837
837
850
850
851
851
847
856
853
856
853
853
852
848
849
855
855
854
854
844
855
855
854
862
861
861
862
861
859
859
1106
866
865
633
641
641
642
642
649
649
648
648
644
644
652
872
867
642
642
649
649
648
648
644
644
652
652
872
872
867
867
872
872
652
870
869
875
871
871
875
871
866
866
865
881
879
879
874
877
876
880
885
884
884
882
882
1107
882
882
884
884
885
880
883
883
884
884
882
887
886
891
891
890
891
890
890
661
1124
891
890
894
892
899
899
897
897
899
898
898
902
902
898
899
1125
7466
7466
902
902
898
905
904
904
903
1141
907
1141
907
907
903
904
905
676
910
909
909
910
1159
911
916
914
1160
915
1169
916
916
914
919
918
918
919
919
917
941
940
953
949
968
961
975
968
968
961
975
968
968
961
961
960
7460
7461
7460
7461
978
977
976
973
987
984
991
991
990
990
985
990
991
981
993
992
992
993
1010
1010
1011
1011
1008
1008
1006
1014
1009
1302
1010
1011
1302
1010
1010
1011
1011
1008
1006
1008
1011
1011
1010
1010
1302
1018
1015
1022
1020
1020
758
766
1030
1030
1031
1031
1023
1026
1025
1026
1025
1025
1021
759
1027
1030
1031
1028
1065
1065
1032
1034
1027
1035
1035
1059
1035
1027
1036
1305
1305
1306
1306
1034
1037
1038
1036
1305
1034
1037
1037
1046
1046
1044
1044
1038
1037
1037
1034
1040
1040
773
773
774
1070
1040
773
774
773
1040
1040
1070
1045
1042
1048
1047
1047
1048
1048
1051
1047
1048
1048
1046
1046
1044
1047
1047
1048
1058
1049
7470
1049
1049
1058
1058
1056
1054
1055
1325
1325
7474
7474
7473
7473
7470
1049
1058
1053
1061
7473
7473
7474
7474
1325
1064
1062
1341
1065
1032
1065
1341
1068
1067
1067
788
788
1068
1067
788
787
787
786
1067
1068
1074
1072
1097
1076
7464
1080
1087
1087
1080
1080
7464
1087
1080
1080
1083
1082
1082
1083
1081
1085
1084
825
825
824
824
813
813
808
1361
1091
1092
1090
1088
1088
1090
1088
1087
1080
7464
1091
1091
1361
846
846
1100
1098
1077
1098
1395
1396
1099
1099
1396
1396
1395
1098
1100
864
864
1077
1098
1098
1100
1100
846
846
864
1077
1098
1098
1100
1100
846
846
864
864
857
857
864
846
799
806
1077
1077
1098
1098
1100
1100
846
846
864
864
857
1102
1101
1101
1410
1101
1102
1110
1110
1102
1102
1101
1101
1410
1101
1101
1102
1102
1110
1395
1396
1396
1099
1101
1101
1102
1102
1110
1104
1103
1103
1104
1103
1097
1097
1076
1111
1104
1104
1103
885
884
882
1107
1105
1113
1110
1102
1102
1101
1101
1099
1099
1396
1396
1395
1114
1112
1118
1115
1452
1117
1121
1119
1127
1127
1120
1134
1134
1124
1124
891
891
890
1467
1466
1126
1468
1471
1127
1120
1127
1130
1128
1131
1129
1133
1130
1130
1128
1135
1132
1495
1134
1124
1124
891
891
890
1149
1148
1151
1150
1161
1161
1165
1168
1166
1166
1168
1168
918
919
1548
1175
1175
1548
1175
1546
1180
1180
1177
1609
1178
1603
1599
1179
1185
1180
1177
1182
1181
1639
1191
1626
1193
1217
1212
1212
1194
1202
1201
1223
1214
1216
1215
1200
1241
1222
1652
1222
1222
1241
1243
1234
1237
1236
1255
1242
2078
1664
1252
1290
1286
1290
1286
1286
991
990
985
1296
1293
1299
1295
1305
1306
1036
1036
1041
1041
1043
7469
1307
1307
1305
1305
1036
1036
1041
1041
1808
1807
1308
1309
1312
1312
1310
1309
1312
1312
1310
1310
1038
1038
1037
1037
1034
1306
1305
1036
1034
1034
1037
1037
1038
1038
1310
1310
1312
1312
1309
1312
1310
1315
1314
7472
1314
1315
1313
1313
1315
1314
1314
7472
7472
1311
1809
1315
1314
1314
7472
1311
1311
1809
7472
1314
1314
1315
1315
1318
1317
1326
1321
1321
1319
1320
1316
1053
1061
1061
7473
7473
7474
7474
1325
1325
1320
1320
1316
1316
1320
1325
7474
7473
1061
1316
1320
1320
1316
1320
1320
1321
1321
1818
1322
1331
1303
1825
1826
1826
1324
7473
7474
7474
7473
7474
1324
1826
1825
7473
7474
7474
1324
1324
1329
1326
1316
1320
1320
1321
1326
1326
1329
1338
1335
1344
1338
1338
1335
1370
1343
1356
1345
1346
1348
1347
1350
1347
1348
1348
1346
1359
1349
7477
1349
1359
7477
1349
1349
1352
1082
1082
1083
1353
1353
1351
1351
1339
1351
1353
1354
1354
1353
1351
1355
1354
1355
1355
1354
1354
1353
1353
1355
1354
1372
1372
1357
1371
1358
1363
1363
1362
1362
1367
1362
1361
1361
1091
1091
1092
1363
1363
1367
1367
1364
1364
1374
1092
1091
1091
1361
1361
1362
1362
1363
1363
1367
1367
1364
1374
1368
1368
1366
1874
1874
1372
1378
1373
1376
1373
1373
1378
1378
1378
1378
1373
1373
1376
1376
1368
1366
1375
1375
1374
1374
1364
1363
1367
1367
1364
1364
1374
1374
1375
1375
1374
1374
1364
1364
1367
1363
1360
1861
1360
1363
1363
1367
1367
1364
1364
1374
1374
1375
1872
1872
1375
1374
1364
1380
1380
1380
1373
1378
1380
1379
1387
1386
1394
1387
1387
1386
1389
1389
1388
1099
1396
1396
1395
1395
1099
1396
1395
1389
1391
1391
1390
1390
1382
1382
1383
1384
1384
1382
1390
1391
1384
1383
1380
1378
1378
1373
1373
1376
1393
1393
1392
1393
1392
1392
1383
1384
1384
1383
1383
1392
1392
1393
1393
1384
1383
1383
1392
1392
1393
1393
1385
1385
1379
1379
1384
1383
1383
1392
1393
1385
1379
1380
1380
1378
1378
1373
1373
1376
1376
1368
1368
1366
1884
1393
1393
1392
1392
1884
1393
1392
1391
1390
1390
1382
1376
1373
1373
1378
1378
1380
1380
1383
1383
1384
1384
1382
1382
1390
1390
1391
1391
1392
1392
1393
1393
1884
1383
1384
1384
1382
1382
1390
1390
1391
1391
1392
1392
1393
1393
1884
1102
1101
1099
1099
1396
1396
1395
1395
1389
1389
1388
7481
7481
1400
1402
1401
1901
1401
1402
1404
1403
1416
1407
1887
1408
1887
1408
1408
1407
1416
1412
1419
1412
7483
7484
7491
1421
1414
1415
1414
1421
1421
7491
1415
1414
1414
1898
1898
1417
1423
1423
1418
7490
1420
1424
1420
7490
1428
1428
1423
1897
1425
1417
1898
1898
1431
1898
1431
1436
1435
1113
1113
1110
1110
1102
1102
1101
1101
1099
1099
1396
1396
1395
1437
1437
1436
1436
1435
1437
1437
1436
1436
1435
1435
1421
7491
7491
1439
1439
1438
1907
1907
1439
1439
1438
1438
1437
1436
1436
1435
1907
1439
1450
1443
1455
1444
1445
1444
1455
1448
1447
1447
1448
1447
1441
1450
1449
1117
1452
1451
1444
1455
1455
1451
1452
1452
1117
1444
1455
1455
1451
1451
1454
1453
1456
1458
1457
1454
1454
1453
1461
1457
1458
1929
1929
1462
1465
1464
1466
1466
1126
1127
1471
1470
1469
7467
7467
1474
1474
1473
1474
1474
7467
1932
1476
1476
1475
1494
1491
1504
1498
1507
1501
1517
1506
1511
1508
1938
1513
1513
1933
1933
2204
1516
1513
1933
2204
2204
1933
1513
1513
1516
1516
1489
1515
1514
1527
1526
1530
1527
1527
1526
1534
1534
1533
1533
1529
1941
1534
1533
1529
1536
1534
1534
1533
1944
1537
1544
1540
1547
1545
1545
1547
1547
922
1555
1552
1977
1553
1567
1562
1584
1577
1589
1585
2033
1597
1602
1598
1611
1606
1619
1612
1612
1608
2309
1614
1628
1614
2309
1625
1618
1641
1632
1198
1641
1641
1632
1650
1633
1649
1648
1657
1655
2070
2070
2066
2066
1660
1660
1665
1670
1661
2095
1684
2113
1687
1699
1691
1693
1692
1698
1695
1707
1697
1697
1707
1292
1704
1703
1710
1709
1726
1723
1715
1718
1717
1729
1722
1728
1724
1734
1726
1726
1723
1749
1730
2115
1731
1755
1755
1731
1731
2115
2115
1743
1733
1740
1739
1750
1744
1745
1737
1748
1747
1752
1751
1762
1761
1778
1773
1764
2145
1779
1776
1796
1796
1791
1791
1790
1790
1796
1791
1790
1789
1796
1791
1791
1790
1790
1789
1789
1785
1792
1791
1791
1796
1796
1799
1792
1792
1791
1791
1790
1805
1793
7499
7499
7497
7497
1794
1794
1798
1795
1795
7500
7500
7498
7498
7498
7500
7500
1795
1795
1798
1798
1792
1790
1791
1791
1791
1791
1796
1796
1798
1798
1795
1795
7500
7500
7498
7498
7500
7500
1795
1795
1798
1798
1802
1802
1800
1800
1797
2152
1801
1803
1802
1800
1797
1802
1803
1814
1807
1807
1308
1311
1809
1808
1812
1811
7502
7501
1816
1813
1308
1807
1814
1813
1813
1816
1817
1815
1322
1818
1817
1817
1815
2178
2178
1819
1822
1820
1820
1822
1810
1829
1828
7503
1828
1828
1829
1832
1828
1829
1832
1828
1828
1829
1829
1830
1830
1823
1823
1837
1834
1839
1839
1836
1843
1840
1840
1843
1840
1839
1846
1842
1842
1841
1838
1845
1844
1849
1848
1860
1850
1375
1374
1374
1364
1364
1367
1367
1363
1363
1360
1360
1861
1861
1861
1861
1850
1850
1860
1360
1360
1861
1861
1850
1850
1860
1853
1852
1852
1853
1852
1851
1865
1865
1857
1862
1862
1861
1850
1860
1850
1850
1861
1861
1862
1863
1862
1862
1861
1861
1360
1360
1363
1363
1367
1367
1364
1364
1374
1374
1375
1869
1868
1868
1869
1868
1868
1869
1868
1865
1871
1871
1869
1869
1868
1868
1866
1870
1870
1868
1869
1871
1873
1871
1869
1869
1868
1868
1869
1869
1871
1871
1873
1873
1379
1380
1380
1378
1378
1373
1873
1873
1871
1871
1877
1876
1875
1878
1875
1878
1878
1881
1881
1880
1880
1875
1878
1881
1880
1390
1382
1382
1390
1390
1880
1880
1881
1881
1878
1878
1875
1875
1382
1390
1390
1880
1880
1881
1881
1878
1878
1875
1875
1872
1880
1881
1878
1878
1881
1881
1880
1882
1883
1883
1385
1393
1393
1392
1392
1383
1383
1384
1882
1882
1883
1883
1385
1385
1385
1385
1379
1379
1380
1380
1378
1378
1373
1385
1883
1882
1877
1877
1876
1876
1877
1877
1882
1882
1883
1883
1385
1385
1379
1379
1379
1379
1873
1873
1871
1871
1869
1869
1868
1876
1877
1882
1882
1883
1883
1385
1385
1393
1393
1392
1392
1383
1383
1384
1392
1393
1393
1884
1883
1883
1882
1890
1885
1406
1885
1890
1902
1895
1895
1888
1889
1902
1902
1895
1895
1888
1888
1893
1893
1891
1416
1407
1407
1408
1887
1886
1886
1891
1891
1893
1886
1891
1893
1892
1900
1900
1896
1894
1894
1896
1896
1900
1899
1899
1905
1905
1905
1905
1899
1899
1900
1903
1903
1902
1902
1895
1895
1888
1888
1889
2188
2188
1909
1909
2188
1909
1909
1905
1905
1899
1899
1900
1900
1896
1896
1894
1906
1905
1899
1900
2183
2183
1879
1879
1827
1827
1323
1323
1303
1323
1323
1827
1827
1879
2183
2183
1930
1930
1908
2183
1879
1827
1323
1908
1930
1930
1908
1908
2183
2183
1879
1879
1915
1909
1909
2188
1912
1911
1449
1450
1450
1443
1443
1913
1913
1913
1443
1443
1914
1913
1443
1449
1450
1450
1443
1443
1913
1913
1914
1916
1917
1446
1919
1918
1922
1920
1928
1921
7493
7493
7494
7494
1923
1923
1923
7494
7494
7493
7493
1456
1458
1458
1457
1924
1923
7494
7493
1456
1456
1458
1458
1457
7493
7494
7494
1923
1923
1924
2195
2195
1926
1908
1908
1930
1930
1929
1929
1462
1929
1930
1908
1908
1930
1930
1929
1929
1447
1448
1908
1930
1930
1929
1929
1462
1462
1460
1323
1827
1827
1879
1879
2183
2183
1908
1908
1930
1930
1929
1462
1331
1323
1323
1827
1827
1879
1879
2183
2183
1908
1908
1930
1930
1929
1929
1462
1933
1933
1513
1516
1537
1944
1944
1943
2209
1952
1952
1958
1959
1957
1974
1964
2235
1967
1979
1979
1978
1980
1980
1979
1992
1981
2001
1997
2278
2008
2008
2009
2012
2009
2008
2278
2031
2016
2016
2022
2020
2019
2030
2027
2037
2030
2030
2027
2038
2036
7510
2044
2304
2302
2322
2322
2054
2072
2067
2070
2066
1660
1665
2352
2076
2077
2076
2352
1664
2078
2077
2077
2076
2076
2352
1664
2078
2078
2077
2077
2076
2076
2080
2074
2071
1665
1660
1660
2066
2066
2070
2070
2071
2071
2074
2074
2080
2096
2095
2095
1684
2098
2097
2097
2093
2101
2097
2097
2093
2093
2101
2097
2093
1688
1688
157
2102
2099
2388
2105
2107
2112
2111
7511
2406
2406
2115
2115
1731
1731
1755
2120
2116
2127
2119
2127
2119
2119
1720
2126
2122
2126
2122
2122
1755
1731
2115
2406
7511
2128
2128
2123
2429
2125
2129
2128
2123
2134
2134
2130
2133
2132
2132
2133
2133
2132
2132
1784
1783
2133
2132
1785
1785
1789
1789
1790
1790
1791
1791
1796
1796
7498
7500
7500
1795
1798
1796
1796
1791
1791
1790
1790
1789
1789
1785
1785
2132
2132
2133
1783
1784
1784
2132
2133
2131
2131
2133
2133
2132
2136
2136
2134
2134
2130
2130
1781
1784
1783
1783
1781
2130
2134
2136
2137
2137
2135
1786
1786
2135
2135
2137
2136
2134
2134
2130
2130
1781
1781
2130
2130
2134
2134
2136
2136
2137
2147
2138
2136
2136
2134
2134
2130
2130
1781
1781
1783
1783
1784
2139
2137
2137
2136
2136
2134
2134
2130
2130
1781
1801
1801
2152
2152
2140
1804
1801
2152
2140
2141
2140
2152
2152
1801
2438
2438
2142
2151
2150
2149
2148
2150
2151
7507
2149
2150
2150
2151
2153
2151
2151
2150
2155
2154
2154
2155
2155
1793
1793
1805
1795
7500
7498
2158
7509
1795
7500
7500
7498
7498
2158
2158
2158
2158
2165
2165
2172
2172
2165
2158
7498
7498
7500
7500
1795
1795
1798
1798
1792
1791
1796
1798
1795
1795
7500
7500
7498
7498
2158
2158
2165
2165
2172
2172
1823
1830
1829
1829
1828
1828
1829
1829
1830
1830
1823
1823
2172
2172
2165
2165
2158
2158
7498
7498
7500
7500
1795
1795
1798
1798
1792
1791
1791
1796
1796
1798
1798
1795
1795
7500
7500
7498
7498
2158
2158
2165
2165
2172
2172
1823
1823
1830
1830
1829
1829
1828
1828
1832
2162
2162
2161
2163
2163
2162
2161
2164
2164
2163
2163
2164
2163
2156
2157
2168
2168
2167
2167
2169
2169
2168
2169
2168
2168
2167
1821
2165
2172
2171
7509
2158
2165
2172
2172
2171
2171
2170
2170
2171
2171
2172
2172
2165
2165
2174
2173
2179
2177
2449
2178
1819
2450
2450
2180
2190
2190
2184
2185
2186
2186
2182
1899
1905
1905
1909
1909
2188
2188
2187
2187
2187
2188
2188
1909
1909
1905
1905
1899
1899
1900
1900
1896
1896
1894
1899
1905
1909
2188
2187
2182
2186
2185
2182
2182
2187
2187
2188
2188
1909
1909
1905
1905
1899
2191
2191
2192
2188
1909
1915
1916
1916
1917
2184
2190
2190
2189
2189
2184
2190
2189
1918
1919
1919
1918
1918
2189
2189
2190
2190
2184
2184
1902
1895
2184
2190
2190
2189
2189
1918
1918
2189
2190
2193
2193
2191
2192
2193
2196
2196
2193
2193
2191
2191
2192
2192
2185
2186
1915
1909
1909
2188
2188
2192
2191
2191
2193
2193
2196
2196
2196
2196
2193
2193
2191
2191
2192
2192
2188
2188
1909
1909
1915
1915
1916
1917
2452
2194
2199
2194
2452
2198
2195
1926
2197
2196
2196
2193
2193
2197
2197
2196
2193
2191
2197
2196
2196
2193
2193
2191
2191
2192
2192
1516
1513
1513
1933
1933
2204
2201
1513
1513
1933
1933
2204
2204
2201
2206
2208
2207
2207
161
2211
2210
2210
1543
2213
2212
7512
2212
2212
2213
2213
2214
2214
2213
2213
2212
2212
7512
2215
2214
2214
2213
2213
2212
2217
2217
2222
1968
2241
2241
2238
2494
2246
2252
2249
2266
2263
2273
2272
2268
2275
2274
2271
2271
2269
2274
2274
2271
2285
2282
2277
2291
2290
2303
2296
2537
2297
2306
2306
2305
1614
2309
2309
2306
2305
2314
2308
2527
2527
2310
2312
2311
2054
2322
2316
2316
2322
2044
7510
2321
2327
2324
2336
2326
2343
7504
2328
2332
2331
2331
2332
2331
2330
2340
2339
2326
2343
2343
2342
2547
2348
2547
2348
2348
2061
2358
2353
2368
2361
2365
2364
2373
2364
2365
2391
2390
2555
2400
2406
7511
7511
2404
2414
2408
2410
2409
2423
2423
2421
2581
2425
2593
2427
2593
2427
2427
2423
2421
2423
2427
2593
2443
2438
2142
2438
2443
2440
2436
7522
2774
2445
2448
2447
0
159
159
2451
2451
2450
2180
2450
2451
159
159
0
2825
2620
2620
2453
2206
2453
2620
2825
2621
2454
2625
2461
2479
2466
2489
2490
2493
2488
2501
2500
2528
2525
2525
2524
2656
2527
2310
2527
2656
2529
2528
2525
2657
2530
2536
2535
2542
2541
2544
2543
7513
2552
2728
2556
2563
2558
2564
2560
2730
2562
2567
2566
2579
2578
2578
2751
2751
2578
2578
2579
2579
2577
2583
2582
2585
2584
2582
2583
2583
2588
2596
2596
2592
2597
2594
174
2771
2771
2595
2598
2596
2592
2592
2596
2596
2598
2598
2591
2610
2600
2603
2601
2612
2612
2776
2776
2605
2611
2606
2776
2776
2605
2614
2614
2613
2615
2615
2614
2783
2617
2840
2639
2845
2641
2658
2655
2660
2659
2663
2661
2671
2670
2673
2672
2701
2693
2682
2681
2684
2696
2696
2683
2681
2682
2685
2684
2696
2863
2863
2686
2698
2687
2688
2687
2698
2692
2692
2691
2706
2692
2691
2695
2694
2694
2695
2694
2682
2682
2681
2681
2683
2696
2684
2683
2683
2681
2681
2682
2682
2694
2694
2695
2704
2695
2695
2694
2697
2696
2696
2684
2684
2685
2864
2699
2707
2707
2700
2703
2703
2701
2701
2693
2878
2702
2705
2708
2709
2703
2703
2709
2703
2701
2701
2693
2693
2682
2682
2681
2707
2707
2700
2707
2707
7525
7525
2901
2901
2906
2711
2713
2708
2708
2705
2705
2704
2695
2694
2713
2708
2705
2704
2704
2695
2695
2694
2705
2708
2708
2713
2713
2722
2712
2716
2716
2719
2719
2714
2714
2715
2715
2715
2714
2719
2716
2710
2721
2721
2724
2724
2716
2716
2719
2717
2715
2715
2714
2714
2719
2719
2716
2710
2721
2721
2724
2724
2716
2716
2719
2719
2714
2715
2717
2717
2715
2715
2714
2714
2719
2719
2716
2716
2724
2721
2710
2707
7525
2901
2906
2723
2720
2720
2718
2724
2716
2719
2710
2721
2719
2716
2716
2724
2724
2719
2716
2716
2724
2724
2720
2720
2719
2716
2716
2724
2724
2720
2723
2726
2725
2556
2728
2727
2731
2729
2732
2730
2730
2562
2562
2730
2730
2732
2732
173
173
2735
2735
2733
2737
2734
2575
2734
2737
2946
2946
2735
2735
2733
2741
2738
2741
2738
2738
2735
2733
2746
2739
2739
2746
2586
2961
2964
2964
2963
2963
2740
2740
2961
2964
2963
2740
2
2
2587
2742
2742
7532
7532
2745
2744
2745
2744
2744
2743
7529
7529
2745
2745
2744
2744
2743
7520
2752
2752
2749
2759
2753
2760
2759
2759
2753
2766
2761
2766
2761
2761
2757
2764
2762
2762
2764
2762
2751
2751
2578
2762
2764
2763
2770
2767
2772
2772
2768
2780
2775
2775
2780
2780
2612
2612
2775
2780
2612
2776
2779
2775
2775
2780
2788
2787
2797
2793
2798
2796
3017
2799
2808
2802
2823
2822
3048
2825
2620
7515
2825
2825
2620
2620
2453
2453
2206
2453
2453
2620
2620
2825
2825
7515
7515
2825
2825
2620
2620
2453
2453
2206
2206
1940
2830
2828
3100
3099
3099
2831
2841
2838
2850
2848
2848
2847
3127
2853
3128
3128
2855
3131
3131
2856
2856
3131
2857
2857
3131
2866
2861
2866
2861
2861
2677
2869
2862
2868
2863
2686
2677
2861
2866
2865
2862
2869
2869
2868
2868
2863
2863
2686
3143
3143
2871
2873
2872
2874
2874
2873
2873
2872
2882
2882
2874
2877
2876
2876
2875
2875
2876
2876
2877
2877
2867
2881
2881
2879
2886
2881
2879
2887
2885
2885
2889
2889
2885
2885
2887
2887
2880
2896
2888
2900
2898
2898
2889
2889
2885
7527
7526
7526
2890
2899
2897
2897
2899
2897
2896
2896
2888
2897
2899
2898
2900
2900
2900
2898
2899
2899
2897
7525
2901
2901
2900
2900
2898
2898
7525
2901
2901
2900
2900
2898
2898
2899
2899
2897
2897
2889
2885
2887
2700
2707
2707
7525
7525
2901
2901
2897
2899
2899
2898
2898
2900
2900
2901
2901
7525
7525
2707
2707
2700
2700
2897
2899
2899
2898
2898
2900
2900
2901
2901
7525
7525
2707
2700
2872
2872
2873
2902
2911
2903
2902
2903
2903
2911
2911
2909
2908
2903
2911
2911
2910
2910
2902
2903
2903
2911
2911
2910
2903
2911
2910
2909
2909
2908
2905
7528
2714
2714
2715
2715
7528
7528
2905
2914
2914
2915
2915
2912
3163
2716
2719
2719
2714
2714
2715
2715
7528
2912
2915
2914
2913
2716
2719
2719
2714
2714
2715
2715
2702
2705
2705
2708
2708
2713
2713
2711
2711
2913
2913
7528
2905
2905
7528
7528
7528
7528
2912
2912
2915
2915
2914
2914
2913
3163
3163
2905
2905
7528
7528
2912
2912
2915
2915
2914
2914
2913
2913
2711
2711
2713
2713
2708
2708
2705
2705
2702
2912
2912
2915
2915
2914
2914
2913
2913
2711
2711
2713
2713
2708
2708
2705
2705
2702
2915
2912
2702
2705
2705
2708
2708
2713
2711
2913
2914
2928
2928
2922
2929
2927
2925
3187
2934
2928
2922
2936
2931
2941
2939
3189
2942
2943
2942
3189
2943
2942
2942
3197
2945
2945
3197
2945
2944
2947
2946
2735
2735
2733
3190
2948
2956
2955
2955
2562
2730
2732
173
2956
2956
2955
2956
2955
2954
2956
2955
2955
2954
2954
2952
2958
2957
2740
2963
2963
2964
3202
3202
2962
2962
2976
2962
3202
2962
2962
2976
2967
2966
2990
2977
7533
7533
2980
2989
2989
2981
2985
2982
2974
2982
2985
2975
2984
2984
2983
2983
7538
2986
2749
2752
7520
2988
2742
7532
7532
2989
2981
2609
2995
2995
2993
2995
2993
2998
2996
2996
2998
2996
2994
3287
3000
182
3003
3003
3002
3002
3002
3003
7588
4175
192
3599
182
182
3003
3003
3002
182
3003
3002
3001
3001
3002
3002
3003
3003
182
182
8
3596
182
3003
3003
3002
3002
3001
3001
2772
2768
3012
3009
3305
3018
3031
3029
3029
3028
3039
3037
3054
3044
3324
3044
3044
3054
3083
3069
3069
3071
3071
3070
3072
3064
3072
3064
3346
3078
3082
3080
3090
3089
3093
3092
3097
3096
3372
3102
3105
3104
3106
3106
3104
3104
3105
3105
162
167
3108
3105
3105
3104
3104
3106
3114
3113
3743
3742
3742
3116
170
3405
3124
3446
3446
3128
3130
3129
3461
3129
3129
3130
3133
3133
3134
3136
3135
3140
3140
3139
3141
3140
3139
3146
3146
3143
2871
3145
3145
3144
3147
3147
3146
3150
3148
3148
3150
3150
3145
3144
3149
3148
3150
3164
3156
3158
3157
3160
3160
3159
7526
7527
7527
3161
3483
3162
3162
7541
7542
3156
3164
3163
2905
2905
7528
7528
2912
2912
2915
2915
2914
2914
2913
2711
2711
2713
2713
2708
2708
2705
2702
2705
2705
2708
2708
2713
2713
2711
2711
2913
2913
2914
2914
2915
2915
2912
2912
7528
7528
2905
2905
3163
3163
3164
3164
3156
2913
2913
2914
2914
2915
2915
2912
2912
7528
7528
2905
2905
3163
3163
3164
3164
3156
3167
3173
3173
3170
3177
3172
3172
3177
3172
2907
3174
3174
3173
3176
3175
3179
3177
3177
3172
3184
3178
3181
3181
3180
3183
3183
3181
3503
3182
3191
3191
3188
3522
3522
3250
3191
3188
3195
3193
3196
3194
3227
3201
3217
3202
2962
2976
3220
3221
3221
3205
3515
3521
3205
3221
3220
3516
3210
3212
3516
3210
3210
3214
3213
3213
3214
3213
3196
3196
3194
3228
3228
3214
3214
3213
3230
3216
3520
3218
3219
3222
3236
3236
3222
3222
3219
3219
3218
3218
3226
3225
3229
3228
3214
3214
3213
3266
3231
3234
3233
3233
3234
3234
3219
3218
7545
3537
3537
3529
3235
2979
3251
3240
3243
3240
3251
2979
3251
3251
3240
7550
3241
3524
3524
3241
7550
3223
3538
3538
3242
3242
3243
3242
3538
3238
3245
3244
3244
3245
3245
3238
3238
3237
3244
3245
3255
3254
3247
3254
3255
3253
3262
3263
3256
3559
3559
3257
3267
3260
3260
3267
3260
3249
3256
3263
3275
3275
3264
3264
3273
3573
3573
3267
3267
3260
3573
3267
3267
3260
3260
3248
3286
3286
3268
3268
3274
3271
3264
3273
3272
3270
3279
3276
3276
3279
3276
3275
3264
3264
3273
4121
4121
3286
4121
3286
3286
3268
2990
2990
2977
3293
3289
3294
3291
2999
3291
3294
3300
3297
3304
3302
3628
3303
3311
3310
3326
3326
3330
3330
3325
3336
3335
3060
3339
3339
3338
3343
3339
3338
3347
3345
3352
3351
3362
3360
3366
3361
3719
3366
3366
3361
3723
3369
3380
3371
3378
3377
3724
3379
3387
3384
3384
3387
3384
3106
3104
3105
3108
3108
167
167
162
3396
3395
3409
3406
3410
3408
3413
3411
3418
3417
3438
3429
3430
3431
3433
3434
3449
3444
3451
3451
3446
3446
3128
3128
2855
3825
3449
3449
3444
3453
3451
3446
3446
3128
3128
2855
3457
3454
3872
3873
3458
3130
3129
3129
3461
3461
3460
3881
3466
3470
3467
3467
3470
3470
3468
3900
3468
3468
3470
3470
3467
3915
3469
3478
3474
4
5
3475
3474
3474
4
3925
3479
3484
3479
3925
3496
3492
3167
3494
7569
7569
3495
3505
3504
3504
7568
7568
7568
3504
3504
3505
3505
3502
3510
3510
3509
3518
3510
3509
3552
3552
3552
3522
3522
3250
3250
3191
3191
3188
3530
3530
3524
3524
3241
3241
7550
7550
3223
3223
3533
3525
3548
3526
4061
3526
3548
3536
3527
3218
3219
3219
3222
3222
3236
3236
3235
3235
3529
7545
3218
3219
3219
3222
3222
3236
3236
3235
3235
3529
3529
3236
3235
3529
3532
3531
3532
3531
3531
3530
3530
7550
3241
3241
3524
3530
3530
3531
3531
3532
3224
3223
7550
7550
3241
3241
3524
3524
3530
3530
3531
3531
3532
3532
3531
3531
3530
3530
3524
3524
3241
3241
7550
7550
3223
3223
3224
3211
3532
3531
3531
3530
3524
3530
3531
3532
3545
3534
3534
3545
3534
3526
3526
3548
3554
3554
3537
3537
3529
3529
3235
3235
3235
3529
3529
3537
3537
3554
3554
3528
3537
3554
3528
3528
3554
3554
3537
3537
3529
3529
3235
3235
3236
3236
3222
3222
3219
3219
3218
3218
3554
3537
3537
3529
3529
3235
3235
3236
3222
3219
3219
3218
3218
7545
3555
3555
3539
3555
3555
3539
3539
3538
3242
3556
3540
3556
3540
3540
3533
3533
3525
4082
3542
3544
3543
3544
3543
3543
181
3257
3559
3543
3543
3544
3546
3553
3552
3552
3553
3552
3522
3564
3539
3555
3564
3564
3555
3555
3539
3539
3538
3538
3564
3564
3555
3540
3556
3556
3555
3555
3564
3558
3558
3557
3557
3557
3558
3558
3253
3255
3255
3254
3557
3558
3558
3253
3253
3253
3253
3558
3558
3557
3557
3541
7555
3253
3558
3557
3541
3562
3561
3590
3590
3563
3590
3563
3563
3554
3554
3590
3563
3563
3554
3537
3572
3565
3547
3547
3568
3568
3567
3567
3546
3547
3547
3568
3568
3567
3579
3567
3568
3547
3547
3568
3568
3567
3567
3579
3579
3559
3257
3579
3567
3567
3568
3568
3547
3547
3546
3571
3570
3592
3572
3572
3565
7573
3577
4078
4078
3580
4078
3580
3580
3568
3568
3547
3547
3546
3588
3583
3585
3584
3584
3578
4112
3587
3584
3578
3589
3588
3588
3583
8
3596
3596
3591
8
3596
3596
3591
3591
3590
3563
3565
3572
3592
3591
3591
3596
3596
8
4105
3593
3609
3606
4203
3615
3634
3632
3636
3644
3644
3645
3645
3633
3644
3645
3645
3633
3647
3647
3643
4226
3647
3643
3664
3663
3672
3671
3673
3672
3672
3671
3686
3683
3693
3688
3694
3690
3692
3692
3691
3688
3693
3693
3688
3693
3692
4283
3700
4292
3708
3710
3709
4306
3717
3732
3731
4322
3741
3750
3745
3745
3750
3746
3746
3747
3754
3748
3748
3754
3748
3743
3742
3763
3758
3756
3762
3761
4349
3781
3781
3784
3785
3783
3781
3784
3783
3783
3785
4366
3787
3787
3788
3788
3789
3789
3788
3788
3787
3787
4366
3816
3798
3801
3800
3808
3806
3827
3807
4386
3814
3834
3833
3876
3865
3871
3870
3458
3873
3873
3872
3872
3870
3870
3871
3873
3872
3872
3870
3871
3458
3873
3873
3872
3872
3870
3870
3463
3879
3879
3878
3879
3878
3885
3884
3894
3887
3906
3889
3892
3891
3891
3890
4425
3917
3917
3913
3919
3916
3936
3926
3937
3927
3932
3929
3931
3930
3939
3938
3942
3943
3935
7582
7582
3944
3944
3935
7582
3944
3943
3943
3942
3964
3964
3946
3948
3920
3920
3948
3948
3949
3949
3959
3958
3963
3962
3963
3962
3962
3945
3965
3965
3964
3980
3981
3981
3968
3967
3973
3969
3985
3976
4455
3980
3981
7583
3983
3984
3983
3983
7583
4002
4004
3990
4472
4459
3993
7584
3996
7584
3996
3996
3507
4007
4006
4017
4011
4011
4010
4003
4020
4019
4026
4021
4027
4025
4524
4051
4063
4055
4534
4057
4056
4527
4056
4056
4058
4058
7587
4527
4056
4056
4058
4058
7585
4060
4073
4066
4066
4073
181
3543
3544
4066
4073
4073
181
181
4537
4537
4067
4074
4070
4069
4069
4070
4069
4060
4060
7585
4086
4070
4070
4069
4084
4076
7594
4065
4065
4076
4076
4084
4069
4070
4070
4086
4086
4086
4086
4078
4078
3580
3542
4082
4081
4081
4082
4082
3542
3542
3541
3557
3557
3558
3558
3253
4085
4084
4084
4076
4076
4065
4065
4076
4084
4085
4066
4066
4073
4559
4566
4566
4088
4089
4088
4088
4566
4566
4559
4095
4094
4083
4083
4094
4094
4095
4095
3557
3558
4094
4095
4573
4097
4102
4083
4094
4094
4095
4120
4103
4103
4120
4120
3573
3267
3267
3260
4586
4118
4118
4103
4120
4104
4104
4086
4078
3580
4069
4070
4086
4104
4077
4077
4104
4104
4086
4086
4070
4070
4069
4069
4068
4110
4109
7571
7572
4111
4130
4113
4113
4112
3587
4146
4113
4112
4112
3587
4113
4146
4596
4115
4120
4103
4103
4118
4586
4117
4120
4103
4103
4118
4118
4586
4586
4117
4117
4115
4596
4123
4122
4122
4123
4122
4108
4561
4108
4108
4122
4122
4123
4143
4124
4128
4128
4129
4129
4127
4124
4143
4145
4144
4111
4111
4130
4130
4129
4129
4128
3578
3584
3584
3587
3587
4112
4112
4111
4111
4130
4130
4129
4129
4128
3587
4112
4112
4111
4130
4129
4129
4128
4143
4124
4124
4127
4127
4128
4128
4129
4129
4130
4130
4111
4127
4128
4129
4130
4130
4111
4133
4132
4587
4137
4138
4137
4587
4142
4140
4140
4142
4140
4123
4123
4122
4140
4142
4139
4580
4580
4128
4128
4129
4129
4157
4150
4150
4157
4150
4146
4146
4113
4168
4621
4600
4152
4621
4168
4154
4154
4153
4605
4154
4154
4153
4153
4605
4154
4153
4144
4144
4145
4165
4158
4616
4159
4167
4166
4176
7576
7576
4174
4175
4175
192
192
3599
4660
4198
4687
4207
4230
4225
4733
4231
4243
4242
4240
4245
4245
4244
4245
4244
4244
4245
4245
4250
4250
4748
4251
4255
4252
4273
4264
4263
4763
4267
4271
4270
4782
4281
4288
4287
4287
4288
4286
4302
4290
4807
3741
4322
4322
4317
4327
4326
4341
4339
4339
3768
4347
4346
4355
4354
4353
4361
4362
4367
4364
4385
4376
4380
4378
4408
4407
4412
4412
4410
4415
4411
4891
4891
4412
4410
4419
4417
4413
4420
4418
4427
4427
4419
4419
4417
4447
4447
4427
4448
4448
4434
4428
4435
4435
4436
4436
7579
4437
4450
4442
4469
4454
4454
4469
4454
4448
4459
4459
3993
4462
4466
4463
4463
4466
4470
4470
4469
4469
4454
4470
4469
4469
4454
4454
4449
4485
4470
4469
4469
4454
4478
4475
4510
4478
4478
4475
4454
4469
4469
4470
4470
4485
4484
4490
4489
4502
4496
4502
4496
4496
4495
4511
4501
4511
4501
4501
4476
4505
4503
4508
4526
4516
4528
4519
4519
4508
4508
4528
4519
4508
4492
4519
4528
4525
4523
4051
4524
4523
4523
4525
4536
4528
4528
4519
4519
4508
4519
4519
4528
4528
4536
4920
4532
4535
4533
4928
4916
4533
4533
4535
4533
4535
4534
4534
4057
4538
4538
4537
4537
4067
4067
4074
4537
4538
4551
4550
4550
4539
4539
4550
4551
4529
4529
4551
4551
4550
4550
4539
4539
4538
4537
4067
4067
4074
4546
4546
4545
4545
4563
4545
4546
4918
4546
4545
4563
4545
4545
4546
4546
4918
4548
4547
7596
7595
7595
4549
4552
4549
7595
7596
4552
4549
4549
4921
4921
4925
4925
4550
4551
4569
4556
4568
4559
4566
4918
4546
4546
4545
4545
4563
4562
4565
4565
4570
4570
4564
4564
4565
4565
4570
4564
4552
4552
4549
4594
4564
4570
4565
4594
4594
4594
4565
4570
4570
4564
4161
4599
4599
4577
7597
4578
4578
7597
4578
16
11
4589
4589
4580
4580
4128
4128
4129
4144
4145
4145
4129
4129
4128
4128
4580
4580
4589
4582
4582
4581
4583
4582
4581
4592
4588
4588
4592
4592
4579
4593
4590
4590
4588
4592
4591
4589
4580
4128
4128
4129
4135
4136
4136
4592
4588
4588
4590
4136
4135
4136
4136
4590
4590
4159
4616
4603
4611
4610
4944
4615
4614
4963
4624
4624
4963
4963
196
4629
4628
4632
4630
4633
4632
4632
4630
4639
4636
4636
4637
4637
4634
4635
4634
4634
4637
4637
4636
4636
4639
4636
4636
4637
4634
4640
4639
4639
4636
4636
4637
4637
4634
4636
4639
4640
4667
4653
4661
4657
5013
5013
4665
4668
4666
5043
4671
4675
4674
4684
4683
4692
4685
4691
4690
4702
4694
4696
4695
4694
4702
4695
4695
4696
4703
4697
4709
4701
4716
4704
4713
4707
4720
4718
4732
4731
4731
4728
4740
4740
4738
4750
4751
4756
4748
4748
4251
4759
4758
4764
4765
4760
4788
4781
4793
4792
4791
4789
4797
4797
4796
4806
4799
4799
4798
4805
4801
4801
4805
4801
4800
4803
4802
4290
4807
4807
4804
4814
4813
5075
4819
4819
4821
4824
4820
4832
4832
4829
4829
4831
4829
4831
4831
4830
4835
4832
4829
4831
4832
4835
5198
5198
5094
4837
4836
5198
4836
4836
4837
4837
5094
4839
4838
4846
4847
4847
4845
4847
4845
4862
4863
4853
4851
4853
4853
5096
4853
4853
4863
4863
4862
4861
4860
4860
4858
4854
4851
4853
4863
4865
4864
4876
4871
5103
4877
4882
4881
4884
4883
4892
4892
4891
4897
4895
4895
4439
5139
5141
5141
4900
5132
4904
5143
4911
4907
4904
5143
5143
4907
4911
4924
4917
4925
4921
4919
7595
7596
7596
4921
4925
4550
4550
4551
4925
4921
4921
7596
7595
4935
4923
4923
4935
4923
4922
4932
4926
4965
4940
4929
4928
4928
4916
4934
4930
4923
4935
4931
4933
4932
4932
4926
4941
4945
4943
4960
4953
4961
4955
4962
4956
4941
4957
4957
4994
4969
7599
4974
5011
5001
5001
4978
4978
5011
5001
5001
4978
4975
7608
7607
7607
7608
7607
4984
4978
5001
5011
4986
5000
4999
4991
5022
5003
5002
5023
5008
5021
5011
5001
5014
5013
4665
5013
5014
5026
5019
5041
5035
5042
5036
5058
5058
5055
5061
5058
5055
5064
5059
5063
5062
5068
5065
5068
5065
5065
4740
4738
27
5093
5093
5092
5102
5098
5098
5099
5111
5107
5109
5108
5212
5116
5116
5115
5149
5148
7614
5241
5153
5248
5156
5163
5162
5175
5164
5167
5165
5165
204
204
203
203
5263
5263
5265
5265
5268
5268
5270
5170
5168
5179
5179
206
206
5180
5185
5183
5286
5287
5183
5183
5185
5322
5187
5453
5193
5193
5194
5094
4837
4837
4836
4836
5198
5198
5197
5197
5196
5196
5197
5198
4836
4836
4837
5352
5204
5493
5205
5207
5206
5232
5229
5234
5233
5251
5389
5239
5249
5247
5239
5389
5254
5253
5397
5396
5396
5253
5254
5274
5261
5404
5276
5412
5279
5278
5278
5279
5279
5275
5281
5281
5283
5283
5284
5284
5302
5290
5309
5292
5311
5292
5309
5311
5292
5292
5294
5293
5319
5297
5336
5333
5339
5338
5345
5340
5341
5340
5345
5341
5340
5340
5465
5342
5469
5468
5468
5342
5465
5204
5352
5351
5356
5358
5354
5354
29
29
30
5367
5366
5366
5367
5366
5208
5501
5500
5373
5371
5381
5380
5511
5386
5514
5390
5392
5391
217
7622
7622
5402
5410
5405
5413
5411
5422
5421
5418
5421
5422
5423
5421
5422
5423
5421
5421
5421
5421
5418
5433
5432
5435
5434
5450
5446
5450
5446
5446
5426
5454
5451
5474
5476
5574
5478
5485
5481
5575
5575
5484
5649
5581
5581
5491
5495
5492
5498
5497
5587
5499
5591
5504
5510
5509
5509
5510
5509
5383
5669
5666
5510
5510
5509
5517
5517
5515
5526
5521
5521
222
5603
5516
222
222
5603
5603
5516
5520
5520
5517
5517
5515
5604
5520
5520
5604
5520
5517
5530
5528
5549
5529
5537
5531
5548
5547
5546
5554
5553
5565
5563
7623
5566
5644
5567
5572
5570
5570
7625
5577
5576
5576
5577
5576
5575
5650
5650
5580
5585
5584
5585
5584
5584
5583
5590
5589
5588
5663
5596
5595
5667
5600
5615
5612
5630
5629
5690
5631
5642
5641
5641
5640
5653
5652
5652
5650
5580
5709
5651
5708
5651
5709
5721
5656
5656
5657
5665
5664
5664
5665
5600
5600
5667
5731
5669
5669
5666
5674
5674
5672
5672
236
236
226
5676
5673
5682
5681
5680
36
5742
5742
5683
5687
5686
5684
5689
5687
5687
5686
5700
5697
5751
5702
5707
5705
5762
5710
5770
5713
5714
5712
5722
5720
5724
5723
5723
5724
5723
5719
5726
5725
5726
5725
5725
5660
5725
5726
5726
5666
5669
5731
5729
5728
5728
5729
5728
5727
5730
5729
5729
5728
5779
5732
5732
5779
5734
5742
36
36
35
5739
5736
5740
5738
7630
5743
5785
5790
5790
5745
5792
5747
5746
5749
5748
5758
5758
5755
5812
5812
5758
5764
5763
7632
5765
5773
5771
5773
5771
5771
5767
5828
5828
5772
5777
5776
5830
5830
5777
5776
7634
5785
5790
5790
5785
5785
7634
35
35
5739
5789
5786
5802
7635
5805
5803
5803
243
243
5800
5800
5852
5800
5800
243
243
5803
5803
5805
5806
5804
5801
5802
5802
7635
7635
5804
5806
5753
246
5809
5809
5808
5817
5816
5816
5815
5815
5811
5811
5863
5812
5812
5758
5758
5755
5866
5825
5829
5829
5828
5772
5873
5873
5829
5829
5828
5828
5772
5829
5873
5873
5831
5830
5777
5777
5776
5830
5831
5834
5832
5837
5833
44
5888
5888
5838
5888
5838
5838
5888
5838
5836
5843
5842
5856
5855
5943
5859
5869
5869
5868
5872
5869
5868
5869
5872
5829
5873
5871
5877
5872
5872
5869
5874
5873
5873
5829
5829
5874
5873
5829
5828
5968
5967
5875
5885
5879
5881
5880
5881
5880
5880
5876
5884
5883
5892
5890
5890
5892
5890
5889
5895
5891
5897
5894
5901
5902
5902
5900
5902
5900
5907
5905
5905
5908
5913
5908
5908
5905
5921
5922
5916
6031
5924
5927
5926
7646
5944
5944
7646
7646
5945
6064
5949
5953
5953
5952
5955
5955
5953
5956
5956
6073
6073
5954
5957
5955
5955
5953
5953
5952
5958
5958
5956
5956
6073
5958
5956
5956
6073
6073
5954
6074
5958
5956
6073
6076
5960
5966
5967
5967
5875
5964
5875
5967
6087
5969
5966
5970
5970
5973
5971
5988
5982
5986
5985
6146
5987
5991
5990
6014
6013
6013
6014
6014
6178
6014
6178
6178
6023
6017
6030
6029
7643
6041
7645
6044
6044
7645
7645
5938
6046
6044
7645
271
6048
6048
6049
6048
6049
6049
7654
7655
6052
6052
7655
7655
7654
7654
5948
6213
6081
6089
6083
6104
6104
6107
6093
6096
6094
6095
6094
6096
7667
7668
7669
7669
6100
6101
6092
6092
6096
6096
6094
6106
6106
6101
6101
6103
6103
6102
6118
6105
6105
6102
6102
6104
6104
6107
6107
6106
6101
6101
6103
6103
6108
6108
6103
6102
6102
6104
6104
6107
6107
6093
6104
6102
6118
6105
6105
6102
6102
6104
6104
6107
6107
6093
6118
6105
6105
6102
6104
6107
6106
6101
6103
6108
6112
6116
6117
6115
6093
6107
6107
6104
6104
6102
6102
6105
6118
6115
6115
6117
6117
6116
6112
6112
6113
6239
6113
6112
6119
6118
6105
6105
6118
6118
6119
6119
6114
6114
6105
6118
6118
6119
6119
6114
6114
6112
6112
6113
6113
6105
6118
6118
6119
6119
6114
6112
6113
6116
6116
6117
6130
6120
6122
6121
6125
6123
6123
6122
6122
6121
6131
6135
6134
6164
6159
6158
6170
6161
6167
6165
6180
6174
6173
7658
6186
6186
272
6285
6187
273
7661
6190
6191
6190
6190
7661
7661
273
6205
6204
6209
6206
6208
6207
6307
6210
6215
6214
6311
6216
6225
6224
6233
6233
6226
6238
6231
6243
6234
6234
6243
6234
6235
6243
6243
6234
6234
6235
6236
6242
6241
6248
6246
6246
6248
6248
6245
6247
6246
6248
6259
6257
6268
6268
6260
6270
6265
6263
6273
6273
6268
6276
6274
6281
6278
6284
6283
6289
6288
6287
6287
6286
7662
6290
6290
6189
6309
6308
7666
7665
7665
6312
6322
6321
6321
6317
6341
6339
6354
6353
7673
6355
6356
6355
7673
6356
6355
6355
6357
6356
6356
6355
6365
6360
6412
6401
6416
6414
6440
6438
6448
6445
6468
6467
6540
6517
6531
6530
6550
6549
7707
6577
6638
6621
6740
6740
6717
6720
6719
6742
6743
6741
6740
6717
6751
6753
6752
7732
6797
6867
6840
6915
6890
6942
6916
6983
6982
7182
7150
7171
7170
7175
7174
7178
7177
7187
7186
7256
7205
7205
7253
7207
7206
7206
7204
7212
7211
7211
7208
7213
7212
7212
7211
7211
7208
7219
7214
7218
7215
7218
7215
7215
7212
7211
7226
7226
7231
7231
7233
7232
7235
7234
7229
7239
7237
7273
7272
7271
7291
7288
7324
7323
7331
7329
7347
7346
7366
7358
7369
7365
7365
7355
7383
7375
7386
7385
7381
7380
7381
7385
7401
7401
7397
7403
7401
7397
7401
7403
7435
7434
7445
7444
7456
783
620
620
626
7457
1064
1064
1062
7459
827
7458
7458
832
834
832
832
7458
977
978
7475
7475
7462
7466
902
902
898
7468
7467
1474
1473
7496
7469
7469
1307
1307
1306
1305
1305
1305
1305
1307
1307
7469
7469
7496
7496
7496
7469
1307
1317
1317
1318
1806
7496
7496
7469
7469
1307
1307
1305
1305
1306
1043
1041
1041
1036
1036
1305
1305
1307
1307
7469
7469
7496
1806
1340
7476
7475
7462
7478
7477
7477
1349
7479
1889
1888
1888
1895
1895
1902
1902
1903
1400
7481
7480
7480
7481
7481
7480
7480
1405
1412
7483
7483
1437
1436
1436
1435
1435
1421
7491
7488
1421
1421
7491
7491
7488
7488
7491
7491
1421
1421
1435
1436
1437
1432
7488
7491
7491
1421
1421
1435
1435
1436
1436
1437
1437
1432
1432
1431
1898
1417
1415
1414
1414
1421
1421
7491
7491
7489
7489
1415
1414
1414
1421
1421
7491
7491
7489
7492
1459
1459
7495
7495
7493
7493
7494
7495
7493
7494
1464
1465
1465
1459
7495
7495
7493
7493
7494
1459
7495
7495
7493
7493
7494
7494
1923
7497
7497
1794
158
1318
1317
1317
1307
1307
7469
7469
7496
7496
158
158
7499
7499
7497
7497
1794
158
7499
158
7499
7499
7497
1794
1788
158
7499
7499
7497
7497
1794
1794
1788
1788
1787
7498
7500
7500
7498
7498
7501
7501
7502
7502
1811
1812
1811
1811
7502
7502
7501
7501
7498
7498
7500
7500
7498
7498
7501
7501
7508
7505
7506
7505
7508
7508
7505
7505
7506
2157
2157
2156
2156
2163
2163
2164
7517
7517
7519
2890
7526
7527
7525
7525
2901
2901
2900
2900
2898
7530
7529
2745
2745
2744
2744
2743
2980
7533
7532
7532
2742
2742
2971
2971
2972
3232
2971
2742
7532
7533
2980
7533
7532
7532
2742
2742
2971
2971
2972
2971
2742
2742
7532
7532
7533
7533
7537
7534
2986
7538
7536
3483
3162
7541
7542
3160
3159
7541
3162
3162
3483
3483
3176
3176
3175
180
7546
7546
7544
7544
7548
7548
7547
7546
7544
7548
7547
7552
7552
7560
7553
7552
7560
7556
7559
7556
7560
7560
7552
7552
7553
7563
7562
3277
7562
7563
3284
7563
7563
7562
7562
3277
3495
7569
7569
7568
3504
3505
3502
3505
3504
3504
7568
7568
7569
3495
7572
4111
4111
4130
7575
7574
7574
7575
7574
3281
7574
7575
3580
3580
4078
4078
4086
4086
4104
4084
4076
4076
4065
7594
7594
7593
7594
7593
7615
7614
7614
5148
5148
5149
6100
7669
7668
7668
7668
7669
6103
6103
6108
6108
6100
6100
7669
7669
7668
6094
6096
6096
6092
6101
6101
6103
6103
6108
6108
6100
6100
7669
7669
7668
6101
6103
6103
6108
6108
6100
6100
7669
7669
7668
6240
7669
7668
7668
7667
7667
6240
6240
6233
6226
6233
6240
7667
7668
7669
7670
6243
6243
6234
6234
6235
6235
6236
6234
6243
7670
6240
7667
7667
7674
7674
7671
7671
7672
6249
7674
7671
7672
6250
7671
7671
7674
7674
6249
6249
6250
6249
6249
7674
7674
7671
7758
7757
7789
7788
