-4.502607931419655429e+00
-4.840744418672606741e+00
-3.942591796926273595e+00
-4.074575157088494493e+00
-4.370083167163054227e+00
-4.828041333603736440e+00
-3.737833304526181788e+00
-4.634818568565965968e+00
-4.346586964335454439e+00
-4.682661383195914517e+00
-4.291831323544231580e+00
-5.064003645059320213e+00
-4.396902738477508343e+00
-4.758941755674559460e+00
-4.722364886821524443e+00
-5.601325896881116151e+00
-4.361205867562446770e+00
-5.023217281058671269e+00
-4.145829002964807053e+00
-4.999692830840267277e+00
-4.671557320128310486e+00
-4.931082911666373469e+00
-3.973907843634263859e+00
-4.587116773831717786e+00
-4.387928968645616656e+00
-4.916379131591788187e+00
-3.855446231942008861e+00
-4.144570109219850806e+00
-4.830663878068532924e+00
-3.960734618682022035e+00
-4.432678163338278132e+00
-4.658589988786826730e+00
-4.197637365276247756e+00
-4.904049164366719005e+00
-4.680936721066115247e+00
-4.278120813183327265e+00
-5.318050172022902089e+00
-4.836819555122398029e+00
-4.249701615070726746e+00
-4.781708591758485838e+00
-4.947948486334766471e+00
-3.873968895405474733e+00
-4.303603008884440584e+00
-4.852558745840984677e+00
-3.624092616528295618e+00
-3.988332913074323027e+00
-4.744028403183790488e+00
-4.073974004009630612e+00
-4.236289311570971883e+00
-4.509031172236791285e+00
-4.380410175282047014e+00
-4.655907227328788700e+00
-4.506100113733153556e+00
-4.310064883733915941e+00
-5.094197548587823476e+00
-4.767436471640267293e+00
-3.938583114169088351e+00
-4.741495232560671624e+00
-4.807779796573954378e+00
-3.578728695533393900e+00
-4.353755006364123048e+00
-4.386066956914013382e+00
-3.053973801748601336e+00
-3.631218448640784580e+00
-4.329440807841449690e+00
-4.015622729472611674e+00
-3.968338792850675034e+00
-4.336864044477229285e+00
-4.544398392583151036e+00
-4.412056000038479198e+00
-4.320108984628578064e+00
-4.457478903620107680e+00
-4.933955097977066551e+00
-4.716628442312854830e+00
-3.781825718806712811e+00
-4.690089144168746671e+00
-4.622231099657217790e+00
-3.292451363341699633e+00
-4.163686682641425385e+00
-4.906033299556765037e+00
-3.400565252333180855e+00
-3.863811453971980558e+00
-4.871663895203730554e+00
-3.465085763498464200e+00
-4.152201719742974362e+00
-4.731976398593945810e+00
-3.998892138857313761e+00
-4.287715924568258785e+00
-4.803724697041332092e+00
-4.526972306840727711e+00
-4.880381402815333836e+00
-5.176728480934296606e+00
-3.613387942426615318e+00
-4.428439621018236849e+00
-4.986214705176441164e+00
-3.446746133472157414e+00
-3.992591640783955675e+00
-4.857320004033318206e+00
-3.298622677093528743e+00
-3.876866760046683069e+00
-4.892388016708684617e+00
-3.533685828813519780e+00
-3.997122316694023070e+00
-4.876213259292143221e+00
-3.790749739431134913e+00
-4.121817275935903524e+00
-4.865399767879464044e+00
-3.923539356828276148e+00
-4.108204566638680610e+00
-4.972747608301400390e+00
-3.734059458880351734e+00
-4.071195022704142019e+00
-4.898732814756039389e+00
-3.495745726530244735e+00
-3.796694354412098349e+00
-4.856926059932960449e+00
-3.330816224976351769e+00
-3.805361262812243517e+00
-4.944332890453914331e+00
-3.373083051976931479e+00
-3.985359290074621974e+00
-4.888211352823644162e+00
-3.294620942307417977e+00
-3.942874062678713099e+00
-4.838806935635869166e+00
-3.808227705317007938e+00
-3.815173148769634981e+00
-4.954547721507635671e+00
-3.632408312639713088e+00
-3.864489766039474805e+00
-4.872189623004749670e+00
-3.438709290379648120e+00
-3.626710938526391814e+00
-4.840071582850854703e+00
-3.441646329541887095e+00
-3.769317980503093857e+00
-4.930638244445703755e+00
-3.119963725351627026e+00
-3.797449101958836781e+00
-4.898051420497909092e+00
-3.157490045271622581e+00
-3.752116892246793345e+00
-4.870487924721703443e+00
-3.628562920899605526e+00
-3.650414683510966540e+00
-4.957438183932650233e+00
-3.594617395556960027e+00
-3.675931897002430837e+00
-4.897276159213683755e+00
-3.340344139672457580e+00
-3.581529879272724148e+00
-4.858741057765169735e+00
-3.286403296022952780e+00
-3.668588746358613761e+00
-4.932967331860748317e+00
-3.006721912691343590e+00
-3.675480507613826386e+00
-4.899830982195994444e+00
-3.098872464140423499e+00
-3.650376036561072901e+00
-4.882364427650583316e+00
-3.488994453226093473e+00
-3.561419168440089766e+00
-4.941760771883522807e+00
-3.537275908305162364e+00
-3.565984443549519156e+00
-4.896763895076973405e+00
-3.276746526569809248e+00
-3.542344777691054603e+00
-4.859254808901420475e+00
-3.177310779398820006e+00
-3.607016028253037021e+00
-4.921841848652519502e+00
-2.952767107990003304e+00
-3.616964622954316422e+00
-4.890310723382683022e+00
-3.081673603387704130e+00
-3.596214776083901388e+00
-4.889160563872986032e+00
-3.380952784541633172e+00
-3.517633233672373461e+00
-4.942769486888413333e+00
-3.520755379055974910e+00
-3.535947709458935329e+00
-4.895184776566066986e+00
-3.266839195028928167e+00
-3.526758760601689247e+00
-4.873446669064377623e+00
-3.142715062831243689e+00
-3.605270170774673044e+00
-4.923857678489301115e+00
-2.979650259804960566e+00
-3.608669928130445737e+00
-4.880927203297790840e+00
-3.129022765826466657e+00
-3.587694286321149839e+00
-4.883345245950078350e+00
-3.311508968694857558e+00
-3.544105385796534780e+00
-4.931335869816133588e+00
-3.497627514810757621e+00
-3.531029389640123028e+00
-4.883717211646660949e+00
-3.377171319513421199e+00
-3.663007268174786724e+00
-4.872585209294170383e+00
-3.164029571178001543e+00
-3.689737720269732790e+00
-4.931035776983958563e+00
-3.037350421095287079e+00
-3.665341006840621585e+00
-4.883233281405106929e+00
-3.196017945039895558e+00
-3.603204809371169048e+00
-4.893508742676889511e+00
-3.322571720533229467e+00
-3.602969008074687451e+00
-4.941487094942910829e+00
-3.540025867392373460e+00
-3.590742304025034137e+00
-4.895907932412265851e+00
-3.420685035187457590e+00
-3.837188781581935881e+00
-4.901041926965839401e+00
-3.274179040556851827e+00
-3.797884483023244329e+00
-4.972719039109457562e+00
-3.143408083139389575e+00
-3.757946110593830102e+00
-4.897304702353784123e+00
-3.324219690577645547e+00
-3.613485834712536260e+00
-4.875937976701929522e+00
-3.406579340371044484e+00
-3.712591005028317515e+00
-4.931506637234763346e+00
-3.636632623766683725e+00
-3.724932831765211727e+00
-4.898805865679876526e+00
-3.475104892398229950e+00
-3.976624666428068000e+00
-4.919838026449696144e+00
-3.451456205315913461e+00
-3.885497517140889201e+00
-4.948980247761877393e+00
-3.320835851214844592e+00
-3.724414359579375944e+00
-4.908047877537252468e+00
-3.440886658865035308e+00
-3.724250832815621859e+00
-4.884715937686485709e+00
-3.559075354320357043e+00
-3.875158471719621023e+00
-4.939400095028268822e+00
-3.752368184429965225e+00
-3.911337341653253308e+00
-4.929853194429306029e+00
-3.682432455868822618e+00
-4.176631714690610231e+00
-4.854381086985981142e+00
-3.570299816764498591e+00
-3.947717328462192921e+00
-4.971394533776580360e+00
-3.455172841915777671e+00
-3.716282927847910589e+00
-4.952784521445218857e+00
-3.467226775277474360e+00
-3.904657652238385790e+00
-4.909282085344162994e+00
-3.722047198496883258e+00
-4.091625689124425591e+00
-4.852847681121807533e+00
-3.895141888837232891e+00
-4.269422658605988907e+00
-4.881415535337183087e+00
-3.714589504069761183e+00
-4.412747749765571825e+00
-4.717798354683227835e+00
-3.606180283923866359e+00
-4.227542677255081927e+00
-4.655190995191786030e+00
-3.217938811212578187e+00
-3.727916296314225164e+00
-4.682377676280319534e+00
-3.624686417822585938e+00
-3.992837080064529420e+00
-4.835683938999749465e+00
-3.864483248018287576e+00
-4.209419388780827553e+00
-4.993307132412235561e+00
-4.258650175870429599e+00
-4.606524168467911906e+00
-4.891469375624044602e+00
-3.850086843777129175e+00
-4.363206259178581625e+00
-4.843327597844549359e+00
-4.179282672251242836e+00
-4.144686788416117373e+00
-4.963278227915928653e+00
-3.802235962648081280e+00
-3.928139517757535781e+00
-5.010534738736960314e+00
-3.277928091450758252e+00
-4.374537470793443461e+00
-4.975859331421786713e+00
-3.530425795784434495e+00
-4.604606827068764119e+00
-4.991865389905978390e+00
-3.898117047414101588e+00
-4.795950628708227192e+00
-4.804232867951469643e+00
-4.455816118711708462e+00
-4.630258764786086445e+00
-4.874815581394765118e+00
-4.235808818337185144e+00
-4.338258114412333555e+00
-5.029941354963823663e+00
-3.905447979506926792e+00
-4.201429515551369676e+00
-5.070872516352037174e+00
-3.661264618876784560e+00
-4.393006445088210477e+00
-5.069334383179286085e+00
-3.726086063600071885e+00
-4.684787975888544231e+00
-5.015154092369778382e+00
-4.029898568152987082e+00
-4.940818111981994498e+00
-4.900098436077674258e+00
-4.307118580228254778e+00
-4.877211500979328207e+00
-4.827986920991163444e+00
-4.146412527439086837e+00
-4.541226676618475011e+00
-4.995128961226356523e+00
-3.868247999975819251e+00
-4.312503089309610793e+00
-5.003856957510009806e+00
-3.828820685234438415e+00
-4.498831296439634642e+00
-5.075476559818112854e+00
-3.914646230109506853e+00
-4.747225615807876942e+00
-5.227175521334543440e+00
-4.307236947929079740e+00
-5.148000636686266063e+00
-4.910648908094442433e+00
-4.298030173879055837e+00
-5.041130254930904719e+00
-4.462473170024165547e+00
-4.289136493409040796e+00
-4.758941698355261707e+00
-4.469745375233767248e+00
-3.691473236381666467e+00
-4.255731999289273482e+00
-4.522692945307864143e+00
-3.897379659770668248e+00
-4.636188212468565162e+00
-4.738803069006047863e+00
-3.920688652884792180e+00
-5.000702748998146596e+00
-4.843945484984867100e+00
-4.111014559979133232e+00
-5.420565061548632713e+00
-4.444374805880412005e+00
-4.769145218315742341e+00
-5.157030578590876324e+00
-4.528300189732227921e+00
-4.709097717480801748e+00
-4.702899176785724222e+00
-4.762574487135494472e+00
-4.259821495439144456e+00
-4.281689288664694004e+00
-4.898528297101496065e+00
-3.503175663541709728e+00
-4.855329769618052183e+00
-4.857252182261265538e+00
-3.759601536006587530e+00
-5.186920184837194192e+00
-4.839761037056145021e+00
-4.165143386115524926e+00
-5.509275385160350424e+00
-4.523613429923613261e+00
-4.741301143734624191e+00
-5.293223921426923440e+00
-4.653147068875787440e+00
-4.594218270920238822e+00
-4.861323626124455011e+00
-4.846303150510191671e+00
-4.288860770407666223e+00
-4.564458097659048086e+00
-4.935431441776504613e+00
-3.905413136241129735e+00
-4.824138834865512315e+00
-4.923245229699596770e+00
-3.907221323054635764e+00
-5.222766064869018621e+00
-4.873077752635786908e+00
-4.243722828396366609e+00
-5.600197387211521161e+00
-4.640242143670805675e+00
-4.645729899010623498e+00
-5.440543829341788928e+00
-4.745960963271653732e+00
-4.438607776347309297e+00
-4.991951265902100587e+00
-4.903433091188505344e+00
-4.204011564882259577e+00
-4.723971093072681704e+00
-4.932093112809041280e+00
-4.082468012314922845e+00
-4.893965905229578972e+00
-4.943023410258760464e+00
-4.152623947735220256e+00
-5.256998463979810410e+00
-4.843344544008092889e+00
-4.405806433712859516e+00
-5.698980803749304158e+00
-4.692153752886669693e+00
-4.581719990980492874e+00
-5.592924799317836815e+00
-4.699269223409129559e+00
-4.304645701362235677e+00
-5.111899385370943349e+00
-4.877586999107307086e+00
-4.041751711086340570e+00
-4.755717890490296362e+00
-4.834454032626853248e+00
-4.133204290867738884e+00
-4.978843576026847906e+00
-4.913999032046168836e+00
-4.262867144442470391e+00
-5.319192231911127777e+00
-5.023394791036271734e+00
-4.650169388333365461e+00
-5.824043318221110432e+00
-4.653110466996690953e+00
-4.588599055640147029e+00
-5.688492431312825559e+00
-4.460124136116351501e+00
-4.384645920939464148e+00
-5.257911094912553374e+00
-4.447950753516924927e+00
-3.835026524663143199e+00
-4.682138830927848439e+00
-4.459176670552411181e+00
-4.125292492055349314e+00
-5.086010754482703788e+00
-4.673084414185653124e+00
-4.218030487187290234e+00
-5.493883532304919548e+00
-4.747267455615324927e+00
-4.439515576860879165e+00
-6.058271361161529533e+00
-4.267658678683767803e+00
-5.002550103670834858e+00
-5.698534318785949182e+00
-4.512568891667073423e+00
-4.716165512755751799e+00
-5.183518011704455475e+00
-4.712130922842426628e+00
-4.340340717140048987e+00
-4.615655843340914721e+00
-4.848773739606571986e+00
-3.664793326770371618e+00
-5.236161120115227163e+00
-4.789871429932883728e+00
-4.035283539371985917e+00
-5.625811538421320535e+00
-4.759583248828519686e+00
-4.425906162536208832e+00
-6.068591654820687076e+00
-4.348231835312817317e+00
-4.960562333072273233e+00
-5.687436842872736875e+00
-4.599122996877693659e+00
-4.628696092384767979e+00
-5.259005789923197227e+00
-4.797963544827339888e+00
-4.343071924165590403e+00
-4.906032806071124241e+00
-4.858269737839440161e+00
-4.011690813129384914e+00
-5.208808060716630273e+00
-4.862424587172797352e+00
-4.077333959108871753e+00
-5.660002525505376525e+00
-4.833619141326970237e+00
-4.420892301881559128e+00
-6.055316853336679017e+00
-4.480895647416286209e+00
-4.826956734425740692e+00
-5.668515108056806362e+00
-4.670496978475854988e+00
-4.493485114204648134e+00
-5.341582702707153629e+00
-4.841803433985066185e+00
-4.280883618833136062e+00
-5.133551602839968808e+00
-4.832982071947557579e+00
-4.154108133356075427e+00
-5.293868761638077736e+00
-4.835393014248539068e+00
-4.229730783484476397e+00
-5.681358207023301965e+00
-4.865982634549101959e+00
-4.467528677975121987e+00
-6.009354985870392518e+00
-4.572093298760239399e+00
-4.717709600079982302e+00
-5.643261545660710254e+00
-4.717757270445696705e+00
-4.398761403122667168e+00
-5.404547876281404761e+00
-4.868359594437032811e+00
-4.224516656413488391e+00
-5.292144438947055995e+00
-4.811829472540738450e+00
-4.203748297214162655e+00
-5.397232643374164418e+00
-4.808652332918551764e+00
-4.342987743568010650e+00
-5.725424394380016047e+00
-4.871533987608723137e+00
-4.529115950165263804e+00
-5.941970729594977740e+00
-4.624429921364278329e+00
-4.642886261959225713e+00
-5.608089733420691836e+00
-4.749140357936209256e+00
-4.337647807168662162e+00
-5.441645040990039206e+00
-4.882752940251686269e+00
-4.187491861047195840e+00
-5.391816445672773739e+00
-4.787298040347805816e+00
-4.226818356890434281e+00
-5.487862020673166974e+00
-4.766832412530151331e+00
-4.403700542755985659e+00
-5.769474983774173893e+00
-4.878832930860607320e+00
-4.555432280989962557e+00
-5.880681402481232389e+00
-4.673565939858204565e+00
-4.561750874974594971e+00
-5.556000228978069444e+00
-4.777366291525964925e+00
-4.297712608771113274e+00
-5.443178556611423247e+00
-4.888323750800574352e+00
-4.177836218505133203e+00
-5.440874807099121746e+00
-4.767411631677578754e+00
-4.260522651492414603e+00
-5.555941335889952981e+00
-4.727940242193747089e+00
-4.462430990381734297e+00
-5.807677019190146339e+00
-4.877230792871708687e+00
-4.541614104764621018e+00
-5.821305123385585034e+00
-4.716586204060765120e+00
-4.500920172499071725e+00
-5.480306238529430551e+00
-4.796110092254619595e+00
-4.277144066161365998e+00
-5.401204297103829433e+00
-4.879522773085215981e+00
-4.189798337635722625e+00
-5.446083558664635227e+00
-4.747729068509984884e+00
-4.305580147296292459e+00
-5.598096069789439078e+00
-4.709556423775027589e+00
-4.539290305079538790e+00
-5.843517769344223289e+00
-4.881922469534921483e+00
-4.563821641028304121e+00
-5.742376386807748645e+00
-4.741508608550060622e+00
-4.453715585781766961e+00
-5.381362065210677947e+00
-4.819564683876870426e+00
-4.253829889755298410e+00
-5.306147237315314236e+00
-4.858836741301717055e+00
-4.221329875013010380e+00
-5.415517094401657516e+00
-4.712269250179696556e+00
-4.359866323491303319e+00
-5.621690109898453969e+00
-4.657574606482946855e+00
-4.601646517535479042e+00
-5.893645468470895210e+00
-4.893189880220987220e+00
-4.518619248523611631e+00
-5.667680161239299963e+00
-4.786061681477913332e+00
-4.382274636665678180e+00
-5.259736498031677421e+00
-4.848522463910297731e+00
-4.202527482220912880e+00
-5.142765333797869154e+00
-4.842448867636062637e+00
-4.271127014370529551e+00
-5.341494302651258685e+00
-4.665109458205786375e+00
-4.445405151132313826e+00
-5.629684612221915074e+00
-4.566161362288149839e+00
-4.674612426765816231e+00
-5.946763476109674151e+00
-4.873717299137182657e+00
-4.452447000275230771e+00
-5.607432370913868702e+00
-4.822395897536824627e+00
-4.290939614542533143e+00
-5.144782184071853948e+00
-4.823749341036278615e+00
-4.061622205040708700e+00
-4.898001640177417570e+00
-4.758175653930349469e+00
-4.288077475377276571e+00
-5.223725831721917068e+00
-4.664670265909271585e+00
-4.573791573118834108e+00
-5.617627501144451863e+00
-4.464159177718068250e+00
-4.789614125435613268e+00
-6.003702628160958454e+00
-4.809010996074376543e+00
-4.398987064028377247e+00
-5.577631084843116760e+00
-4.759383708971440363e+00
-4.156282770322662579e+00
-5.122180887994661980e+00
-4.425406671860820040e+00
-3.754624693602441443e+00
-4.572579186896572168e+00
-4.434635377294299019e+00
-4.241039526162855289e+00
-5.120125612698098294e+00
-4.541642490091350126e+00
-4.530609420529034814e+00
-5.587809660936339462e+00
-4.627754852160599341e+00
-4.987066608282307634e+00
-6.046723228372031578e+00
-4.811347254332944523e+00
-4.431501463697735232e+00
-5.531149236871400809e+00
-4.635918920900357953e+00
-4.128839350617407256e+00
-4.864497687566960771e+00
-4.715493129131537842e+00
-4.235176646914646348e+00
-4.455572630312203408e+00
-4.793445264660963545e+00
-3.771806410666092901e+00
-5.135126673770445294e+00
-4.640264885416749863e+00
-4.210680952846904468e+00
-5.627655130751311852e+00
-4.569734875261841189e+00
-4.551204192374897595e+00
-5.993249019225443952e+00
-4.611283037123983242e+00
-4.759692482161081983e+00
-5.356365509092747779e+00
-4.727369433285297795e+00
-4.419389188379795108e+00
-4.731286373123836597e+00
-4.778941657118190633e+00
-4.205815505560025258e+00
-4.463172030161262072e+00
-4.762620508294417299e+00
-4.078535146050008997e+00
-4.901783837032570368e+00
-4.633822940092485076e+00
-4.267528243839830537e+00
-5.507870915039558390e+00
-4.555559373720650562e+00
-4.482207918087762089e+00
-5.904417445739118087e+00
-4.672573263337124416e+00
-4.509028181136230273e+00
-5.286725601574850053e+00
-4.744775671050173393e+00
-4.340213766344362512e+00
-4.670462801979808454e+00
-4.764406290267086064e+00
-4.002323474039862994e+00
-4.346938388985095436e+00
-4.660669156701998439e+00
-4.248479827792655428e+00
-4.734130006503296961e+00
-4.499107239793143087e+00
-4.472526009025821203e+00
-5.348692950531908075e+00
-4.449652977250305064e+00
-4.540650166702641322e+00
-5.809697097529564758e+00
-4.671052838553345410e+00
-4.306755293228987647e+00
-5.243180835243080651e+00
-4.716226888499086556e+00
-4.058164647974884076e+00
-4.722277397776957208e+00
-3.577433518055254336e+00
-4.086370804658365330e+00
-4.261812902328963482e+00
-4.574394546230061920e+00
-4.643356829709591516e+00
-5.195097369274285448e+00
-4.656616674532047639e+00
-5.708898798246294426e+00
-4.196851861225606939e+00
-5.199240064370886039e+00
-3.850222907999885535e+00
0.000000000000000000e+00
0.000000000000000000e+00
