154
172
181
193
199
198
242
266
271
279
287
316
324
347
351
370
467
477
526
450
522
541
574
595
596
595
587
604
616
646
659
668
684
710
750
774
791
801
802
830
833
841
849
876
886
889
901
913
933
849
944
952
1013
1034
1039
1040
1051
1072
1073
1075
1122
1127
1134
1146
1153
1159
1146
174
1166
1165
1172
1169
1178
1171
1177
1174
1205
1257
1082
1265
1276
1307
1312
1301
1313
1369
1379
1384
1396
1313
1426
1436
1430
1454
1387
1380
1498
1520
1543
1544
1574
1569
1594
1600
1581
1606
1609
1636
1633
1674
1668
1604
1683
1703
1728
1739
1748
1764
1777
1780
1783
1678
1782
1798
1825
1831
1832
1834
1846
1708
1853
1855
1856
1892
1900
1901
1900
1910
1923
1933
1934
1940
1936
1951
1961
1965
1978
1987
2014
2047
2056
2157
2167
2185
2200
2205
2216
2239
2264
2278
2297
2340
2344
2372
2382
2413
2440
2463
2532
2555
2554
2622
2632
2638
2656
2666
2672
2678
2701
2705
2701
2721
2772
2797
2831
2834
1502
1498
2847
2852
2847
2858
2861
2902
2934
2966
2969
2978
2977
2988
2983
2998
3013
3019
3027
3036
3142
3213
3233
3251
3258
3283
3288
3289
3292
3352
3357
3365
3435
3436
3441
3456
3463
3465
3472
3507
3516
3534
3539
3562
3617
3643
3647
3796
3838
3845
3857
3923
4036
4057
4054
4050
4069
4087
4088
4142
4154
4219
4230
4238
4272
4297
4310
4357
4366
4367
4372
4379
4366
4367
4387
4405
4431
4438
4447
4482
4621
4626
4630
4665
4698
4710
4739
4821
4841
4873
4883
4894
4901
4921
4949
4951
4960
4982
4983
5029
5043
5063
5104
5113
5115
5160
5180
5173
5200
5203
5287
5291
5311
5309
5318
5321
5358
5365
5374
5379
5390
5419
5443
5451
5479
5492
5491
5494
5508
5524
5526
5528
5526
5540
5570
5573
5580
5587
5588
5589
5588
5595
5586
5604
5605
5639
5659
5665
5669
5676
5707
5706
5713
5704
5719
5710
5731
5755
5759
5775
5802
5812
5816
5828
5844
5847
5884
5941
5947
5973
5974
5973
6030
6068
6076
6069
6083
6094
6098
6125
6160
6176
6183
6193
6228
6250
6264
6280
6282
6284
6282
6302
6301
6307
6311
6307
6353
6352
6355
6370
6386
6400
6399
6434
6437
6464
6471
6478
6404
6476
6488
6490
6495
6499
6505
6487
6542
6546
6551
6552
6558
6561
6565
6575
6586
6583
6598
6601
6606
6610
6614
6642
6682
6695
6726
6730
6756
6758
6801
6840
6848
6837
6853
6873
6881
6880
6886
6890
6957
6965
6975
6998
7009
7043
7045
7063
7062
7072
7066
7071
7106
7123
7151
7155
7174
7185
7221
7218
7270
7294
7308
7350
7355
7365
7431
5837
7558
7565
7570
7572
7594
7599
7628
7668
7735
7744
7773
7716
7825
7831
7833
7841
7854
7869
7884
7886
7902
7905
7930
7954
7963
7856
7964
7965
7964
7975
7989
8003
8022
8052
8071
8095
8143
8152
8207
8209
8212
8275
8306
8314
8311
8323
8335
8339
8349
8364
8429
8432
8449
8465
8498
8515
8519
8550
8571
8629
8657
8698
8722
8734
8740
8742
8753
8767
8782
8808
8810
8854
8853
8856
8871
8882
8889
8896
8935
8944
9017
9025
9038
9060
9065
9098
9196
9203
9204
9220
9232
9233
9289
9297
9294
9308
9332
9375
9456
9481
8207
9496
8242
9502
9517
9527
9601
9602
9656
9685
9703
9736
9786
9813
9876
9880
9883
9888
9893
9922
9928
9936
9948
9978
9981
10037
10035
10065
10067
10075
10080
10093
10107
10067
10110
10129
10155
10192
10227
10239
10269
10271
10269
10374
10420
10458
10467
9060
10482
10507
10513
10515
10553
10568
10577
10582
10587
10590
10622
10623
10628
10629
10620
10633
10654
10669
10668
10675
10666
10681
10664
10702
10771
10796
10809
10840
10845
10858
10856
10885
10894
10937
10965
10968
10967
10972
10999
11014
11010
11024
11029
11035
11053
11067
11077
11099
11078
11114
11123
11136
11137
11132
11121
11142
11027
11150
11154
11156
11170
11154
11156
11178
11223
11238
11245
11256
11236
11280
11296
11316
11323
11349
11355
11358
11362
11372
9936
11383
11380
11419
11488
11495
11500
11416
11506
11512
11523
11524
11532
11543
11582
11606
11631
11650
11662
11663
11665
11672
11673
11679
11681
11682
11694
11697
11704
11707
11704
11729
11732
11735
11758
11761
11764
11767
11770
11764
11767
11771
11761
11764
11767
11771
11782
11786
11816
11819
11821
11814
11824
11853
11920
11935
11980
11983
11989
11947
11992
12038
12043
12062
12063
12070
12087
12097
12101
12123
12146
12149
12155
12162
12176
10760
12199
12214
12247
12254
12257
12269
12274
12265
12269
12277
12278
12288
12289
12303
12313
12322
12331
12353
12372
12358
12374
12388
12390
12417
12452
12460
12510
12549
12568
12574
12575
12577
12591
12608
12615
12642
12643
12646
12680
12679
12724
12748
12754
12757
12754
12768
12773
12777
12768
12783
12813
12851
12863
12889
12915
12937
12946
12952
12955
12976
12937
12974
12937
13030
13037
13051
13063
13080
13156
13162
13161
13188
13201
13207
13215
13188
13244
13250
13260
11942
13365
13368
13376
13392
13398
13410
13411
13422
13410
13465
13518
13475
13544
13549
13550
13551
13550
13549
13612
12331
13610
12331
13629
13643
13654
12388
13657
13789
13790
13789
13794
13798
13820
13827
13855
13870
13879
13896
13907
13910
13911
13921
13939
13990
13992
13990
13998
14075
14076
14071
14126
14137
14139
14137
14205
14203
14220
14227
14236
14243
14255
14260
12953
14265
14266
14303
14343
14379
14382
14384
14451
14455
14467
14475
14483
14495
14498
14504
14509
14528
14586
14601
14717
14756
14764
14857
14884
14871
14905
14929
14957
14974
14983
14988
15078
13764
15095
15105
15124
15167
15172
15174
15188
15198
15223
13905
13910
15229
15219
15242
15276
15297
15301
15325
15324
15333
15369
15371
15386
15418
15469
15494
15519
15525
15545
15558
15580
15590
15650
15669
15683
14248
15698
15742
15747
15752
15839
15837
15889
15909
15928
15938
15944
15941
15960
15980
15978
15997
16018
16090
16100
16094
16131
16180
16179
16186
16196
16219
16263
16276
16263
16291
16299
16399
16411
16415
16414
16440
16442
16461
16473
16475
16481
16515
16540
16552
16557
16589
16599
16623
16680
16710
16722
16741
16746
16749
16753
16758
16788
16799
16852
16859
16857
16841
16925
16940
16939
16949
16966
16962
16978
16987
16992
16996
17032
17039
17047
17086
17196
17225
17270
17283
17295
17302
17317
17320
17339
17345
17295
17306
17302
17403
17429
17477
17476
17481
17488
17495
17500
17538
17539
17554
17553
17569
17579
17588
17602
17601
17604
17632
17636
17651
17657
17709
17723
17730
17712
17748
17765
17780
17910
17920
17932
17939
17950
17959
17975
18022
18028
18061
18065
18076
18078
18106
18116
18126
18138
18142
18149
18157
18164
18198
18208
18243
18256
18313
18310
18318
18391
18393
18398
18412
18430
18470
18478
18479
18478
18483
18487
18515
18523
18561
18579
18586
18630
18675
18685
18703
18709
18710
18715
18718
18764
18759
18796
18861
18868
18898
18928
18966
18972
19006
19015
19016
19022
19033
19037
19054
19089
19076
19151
19168
19171
19174
19177
19171
19174
19178
19168
19171
19174
19178
19212
19263
19269
19315
19318
19395
19429
19435
19421
19465
19466
19472
19468
19474
19503
19624
19660
19683
19698
19704
19711
19744
19759
19858
19855
19877
19894
19896
19965
19963
19968
19971
20010
20109
20121
20115
18713
20171
20263
20339
20368
20414
20512
20535
20543
20545
20538
20548
20586
20616
20628
20701
20711
20719
20724
20739
20746
20754
20796
20800
20815
20827
20833
20845
20923
20926
20992
21011
21009
21018
21053
21077
21076
21085
21122
21160
21161
21185
21187
19882
21194
21212
21220
21226
21227
21229
21245
21306
21313
21346
21381
21389
21391
21397
21418
21421
21424
20125
21423
21440
21442
21411
21455
21527
21534
21547
21555
21557
21558
21561
21563
21590
21643
21682
21693
21718
21743
21778
21810
21815
21900
21914
21936
21956
21958
21985
21986
21985
22006
22009
22012
22011
22038
22015
22032
22045
22051
22041
22052
22057
22060
22128
22134
22148
22182
22194
22197
22204
22208
22221
22299
22308
22326
22352
22407
22422
22430
22431
22435
22468
22510
22546
22549
22546
22564
22573
22582
22597
22607
22613
22593
22628
22630
22599
22636
22650
22658
22665
22671
22687
22697
22703
22715
22724
22744
22745
22751
22747
22753
22772
22791
22825
22826
22825
22846
22853
22858
22877
22880
22906
22944
22969
22976
22994
22997
23011
23034
23045
23048
23050
23052
23057
23093
23109
23155
23174
21859
23176
23178
23176
23185
23197
23202
23203
23228
23233
23228
23236
23293
23309
23320
23329
23348
23364
23396
23391
23430
23432
23474
23477
23503
23509
23516
23518
23527
23579
23621
23623
23631
23635
23641
23663
23667
22302
23673
23677
23680
23718
23742
22413
23761
23786
23808
23837
23851
23859
23895
23936
23937
23950
23985
23994
24157
24154
24163
24226
24244
24249
24258
24313
24340
24346
24350
24346
24351
24414
24456
24538
24565
24569
24607
24617
24629
24631
24637
24645
24661
24676
24681
24685
24689
24705
24718
23443
24739
24781
24807
24817
24820
24886
24914
24929
24921
24932
24953
24966
25030
25023
25085
25108
25110
23832
25125
25126
25135
25169
25184
25216
25259
25270
25281
25290
25291
25299
25288
25285
25305
25328
25338
25393
25398
25401
25426
25441
25448
25474
25479
25507
25546
25578
25581
25527
25592
25607
25626
25666
25673
25731
25776
25788
25789
25822
25834
25893
25939
26056
26063
24680
24676
24807
26069
26088
26111
26145
26187
26208
26215
26241
26296
24968
26289
26298
26289
26304
26323
26333
26338
26362
26378
26383
26288
26392
26401
25034
26400
26433
26436
26458
26463
26464
26473
26508
26516
26523
26531
26559
26594
26596
26599
26623
26638
26673
26694
26708
26742
26751
26773
26779
26798
26825
26834
26869
26872
26892
26893
26906
26907
26915
26951
26953
26962
26986
25527
27011
27003
27053
27061
27070
27071
27078
27080
27118
27149
25627
25626
27155
27151
27157
27160
27166
27185
27189
27174
27196
27208
25662
27213
27253
27289
27360
27371
27377
27382
27394
27427
27434
27515
27568
27608
27640
27646
27650
27646
27651
27658
27670
27684
27687
27690
27705
27715
27727
27726
27733
27724
27739
27730
27748
27766
27787
27801
27798
27838
27856
27855
27867
27871
27880
27900
27917
27915
27925
27928
27970
27978
27984
27991
28009
28006
28029
28033
28039
28044
28065
28067
28071
28076
28081
28167
28179
28267
28269
28316
28351
28369
28376
28378
28430
28429
28435
28447
28459
28485
28514
28532
28539
28543
28555
28566
28593
28568
28620
28633
28645
28657
28660
28657
28694
28728
28713
28731
28733
28735
28736
28744
28751
28747
28744
28755
28749
28759
28805
28891
28951
29000
29017
29040
29065
29113
29128
29129
29135
29146
29150
29176
29203
29240
29282
29290
29297
29304
29319
29345
29396
29456
29475
29478
29545
29586
29590
29608
29621
29626
29635
29686
29772
29776
29802
29824
29890
29889
29900
29895
29906
30001
30014
30040
30044
30055
30178
30194
30210
30238
30241
30251
30262
30268
30283
30291
30439
30450
30494
30517
30523
30535
30559
30589
30653
30649
30662
30668
30664
30677
30681
30689
30677
30741
30750
30789
30804
30806
30867
30927
30934
30957
30970
30977
30985
31035
29192
31048
31102
31131
31144
31160
31213
31223
31221
31225
31258
31261
31264
31407
31410
31411
31431
31432
31431
31441
31444
31449
31451
31563
31576
30180
31573
31587
31594
31587
31615
31620
31638
31647
31651
31647
30291
31745
31753
31752
31757
31785
31850
31851
31861
31866
31869
31850
31866
31878
31891
31893
31928
30580
31956
32016
32032
32034
32048
32031
32034
32060
32074
32087
32100
32104
32116
32131
32137
32203
32207
32205
32219
32267
32273
32275
32268
32278
32293
32296
32299
32293
32296
32300
32293
32308
32315
32329
32366
32382
32387
32411
32419
32270
32421
32427
32461
32459
32468
32461
32485
32501
32508
32533
32544
32542
32557
32566
32627
32639
32527
32631
32632
32646
32704
32721
32756
32805
32808
32818
32896
32919
32938
32945
32956
32975
32974
32979
32974
33008
33016
32989
33014
33019
33052
33053
33052
33062
33073
33081
33082
33104
33107
33127
33130
33135
33166
33174
33184
33176
33187
33174
33176
33186
33208
33220
33258
33272
33130
33269
33285
33322
33366
33410
33426
33427
33450
33454
33366
33461
33450
33465
33487
33512
33525
33543
33558
33571
33583
33614
33624
33629
33630
33675
33683
33692
33725
33739
33772
33871
33888
33928
33977
33983
33994
34002
34014
34026
34032
34029
34048
34135
34139
34145
34265
34306
