0
1
2
3
4
5
6
7
8
9
10
11
12
13
14
15
16
17
18
19
20
21
22
23
24
25
26
27
28
29
30
31
32
33
34
35
36
37
38
39
40
41
42
43
44
45
46
47
48
49
50
51
52
53
54
54
55
56
57
58
59
60
61
62
63
64
65
67
69
70
71
72
73
74
75
76
77
78
79
80
81
82
83
84
85
86
87
88
89
90
91
92
93
94
96
97
98
100
101
102
103
104
105
106
107
108
109
110
111
112
114
115
116
117
118
119
120
121
122
123
124
126
127
128
129
130
131
132
133
134
135
136
137
138
139
140
141
142
143
144
145
148
149
151
152
153
154
157
158
161
162
163
164
165
166
167
168
169
170
171
172
173
177
178
179
180
181
182
183
184
185
186
187
188
189
190
191
192
193
194
196
197
202
204
207
208
209
210
211
212
213
214
215
216
217
218
219
220
221
222
223
224
225
226
227
228
229
230
231
232
233
234
235
236
237
238
239
240
241
242
243
244
245
246
247
248
249
252
253
254
255
256
257
258
259
260
261
262
265
266
267
267
268
269
270
271
272
273
274
275
277
278
281
282
284
285
286
287
288
289
290
291
293
294
295
296
297
299
302
303
304
305
306
307
308
309
310
312
315
316
318
320
322
323
324
325
326
327
328
329
330
331
332
333
334
335
336
339
340
341
342
343
344
345
346
346
347
348
349
350
351
352
353
354
355
356
361
362
363
364
365
366
367
368
369
370
371
372
373
374
375
376
377
377
378
379
380
381
382
383
384
384
385
386
387
388
389
390
391
392
393
394
395
396
397
398
399
400
401
402
403
404
405
406
407
408
409
410
411
412
413
414
416
417
418
419
420
421
422
423
424
425
426
427
428
428
429
430
431
432
433
434
435
436
437
437
438
439
440
441
442
443
444
445
446
447
448
449
450
451
452
453
454
455
456
457
458
459
461
462
463
464
465
466
467
468
469
470
471
472
473
474
475
475
476
477
478
479
480
481
482
483
484
485
486
487
487
488
489
490
491
492
493
494
495
496
497
498
501
502
503
504
505
506
507
508
509
510
511
512
513
514
514
515
516
517
518
519
520
521
522
524
525
527
528
529
530
531
532
533
534
535
536
537
538
539
540
541
542
543
544
545
546
546
547
548
549
550
551
552
553
554
555
556
557
558
558
559
559
560
561
562
563
564
565
566
568
570
571
572
573
574
575
576
577
578
579
580
581
582
583
584
585
586
587
588
589
590
591
592
593
594
595
595
596
597
598
599
600
601
602
603
604
605
606
607
608
609
610
610
611
612
613
614
615
615
616
617
618
618
619
620
621
622
623
624
625
626
627
628
629
630
631
632
635
636
637
638
639
640
641
642
643
644
644
645
646
647
648
649
649
650
651
652
653
654
655
656
657
658
659
660
661
662
663
663
664
665
666
667
668
669
670
671
672
673
674
675
676
677
678
679
680
681
682
683
684
685
686
687
688
689
690
691
692
693
694
695
696
697
698
699
700
701
702
703
704
705
706
707
708
709
710
711
712
713
714
715
716
717
718
721
723
725
726
727
728
729
730
731
732
733
734
735
736
737
739
740
742
743
744
745
746
747
748
749
750
751
752
753
754
755
756
757
758
759
760
761
762
763
764
765
766
767
768
769
770
771
772
773
774
775
776
777
778
779
780
781
782
783
784
785
786
787
788
789
791
793
794
795
796
797
798
799
800
801
802
803
804
805
806
807
808
810
811
812
815
816
817
818
819
820
822
823
824
825
826
827
828
829
830
831
832
833
834
835
836
837
838
839
840
841
842
843
846
847
848
849
850
851
852
853
854
855
856
857
858
859
860
861
862
863
864
865
866
867
868
869
870
871
872
873
874
875
876
877
878
879
880
881
882
882
883
884
885
886
887
888
889
890
891
892
893
894
895
896
897
898
899
903
904
905
906
907
908
909
910
911
912
913
914
915
916
917
918
919
920
921
922
923
925
926
927
928
929
930
931
932
933
934
935
936
937
938
939
940
941
942
943
943
944
944
946
947
948
950
952
953
954
955
956
957
958
959
960
961
962
963
964
965
966
967
968
969
970
971
972
973
974
975
976
977
978
979
980
981
982
983
984
985
986
987
988
989
990
991
992
993
994
995
996
997
998
1001
1002
1003
1004
1005
1006
1007
1008
1009
1010
1011
1012
1013
1014
1015
1016
1017
1018
1019
1020
1021
1022
1023
1024
1025
1026
1027
1028
1029
1030
1031
1032
1033
1034
1035
1036
1037
1038
1039
1040
1041
1042
1043
1044
1045
1046
1047
1048
1049
1050
1051
1052
1053
1054
1055
1056
1057
1058
1059
1060
1061
1062
1063
1064
1065
1066
1067
1068
1069
1070
1072
1073
1074
1075
1076
1078
1079
1081
1082
1083
1084
1085
1086
1087
1088
1089
1090
1091
1092
1093
1094
1095
1096
1096
1097
1098
1099
1100
1101
1102
1103
1104
1105
1106
1107
1108
1109
1110
1111
1112
1113
1114
1114
1115
1116
1118
1119
1120
1121
1122
1123
1125
1126
1127
1128
1129
1130
1131
1132
1133
1134
1135
1136
1137
1138
1139
1140
1141
1142
1143
1144
1146
1147
1148
1150
1151
1152
1153
1154
1155
1156
1157
1158
1159
1160
1161
1162
1163
1164
1165
1166
1167
1168
1170
1172
1173
1174
1175
1176
1177
1178
1178
1180
1181
1183
1184
1185
1186
1187
1188
1189
1190
1191
1192
1193
1194
1195
1196
1197
1198
1199
1200
1201
1202
1203
1204
1206
1207
1208
1209
1210
1211
1212
1213
1214
1215
1216
1217
1218
1219
1220
1221
1222
1222
1223
1224
1225
1226
1227
1228
1229
1230
1231
1232
1233
1234
1235
1236
1237
1238
1239
1240
1241
1242
1243
1244
1245
1246
1247
1248
1249
1250
1251
1252
1253
1255
1256
1257
1258
1259
1260
1261
1262
1263
1264
1267
1268
1269
1270
1271
1272
1273
1274
1275
1276
1277
1278
1279
1280
1281
1282
1283
1284
1285
1286
1287
1288
1289
1290
1291
1292
1293
1294
1295
1296
1297
1298
1299
1300
1301
1302
1303
1304
1305
1306
1307
1308
1309
1310
1311
1312
1313
1314
1315
1316
1317
1318
1319
1320
1321
1322
1323
1324
1325
1326
1327
1328
1329
1330
1331
1332
1333
1334
1335
1336
1337
1338
1339
1340
1341
1342
1343
1344
1345
1346
1347
1348
1349
1350
1351
1352
1353
1353
1354
1355
1358
1359
1360
1361
1364
1365
1366
1367
1368
1369
1370
1371
1372
1373
1374
1375
1376
1377
1378
1379
1380
1380
1381
1382
1383
1384
1385
1386
1387
1388
1389
1390
1391
1392
1393
1394
1395
1396
1397
1398
1399
1400
1401
1402
1403
1404
1405
1406
1407
1408
1409
1410
1411
1412
1413
1414
1415
1416
1417
1418
1419
1420
1421
1422
1423
1424
1425
1426
1427
1428
1429
1430
1431
1432
1433
1434
1435
1436
1436
1437
1438
1439
1440
1441
1442
1443
1444
1445
1446
1447
1448
1449
1450
1451
1452
1453
1454
1457
1458
1459
1460
1461
1462
1463
1464
1465
1466
1467
1470
1471
1472
1473
1474
1475
1476
1480
1484
1485
1486
1487
1488
1489
1490
1491
1492
1493
1494
1495
1496
1497
1498
1499
1500
1501
1502
1503
1504
1505
1506
1507
1508
1509
1510
1511
1512
1513
1514
1515
1516
1517
1518
1519
1520
1521
1522
1523
1524
1525
1526
1527
1528
1529
1530
1531
1532
1533
1534
1535
1536
1537
1538
1539
1540
1541
1542
1543
1544
1545
1546
1547
1548
1549
1550
1551
1552
1553
1554
1556
1558
1559
1560
1561
1562
1563
1564
1565
1566
1567
1568
1569
1570
1571
1572
1573
1574
1575
1576
1577
1578
1579
1580
1581
1582
1583
1584
1585
1586
1587
1588
1589
1590
1591
1592
1593
1594
1595
1596
1597
1598
1599
1600
1601
1602
1603
1604
1605
1606
1607
1608
1609
1610
1611
1612
1613
1614
1615
1616
1617
1618
1619
1620
1621
1622
1623
1626
1628
1629
1630
1631
1632
1634
1635
1636
1639
1642
1643
1644
1645
1646
1647
1648
1649
1650
1651
1652
1653
1654
1655
1656
1657
1658
1659
1660
1661
1662
1663
1664
1665
1666
1667
1668
1669
1670
1671
1672
1673
1674
1675
1676
1677
1678
1679
1680
1681
1682
1683
1684
1685
1686
1687
1688
1689
1690
1691
1692
1693
1694
1695
1696
1697
1698
1699
1700
1701
1702
1703
1704
1705
1706
1707
1708
1709
1710
1711
1712
1713
1714
1715
1716
1717
1718
1719
1720
1721
1722
1723
1724
1725
1726
1727
1728
1729
1730
1731
1732
1736
1737
1738
1739
1740
1741
1742
1743
1744
1745
1746
1747
1748
1749
1750
1751
1752
1753
1754
1755
1756
1757
1758
1759
1760
1761
1762
1763
1764
1765
1766
1767
1768
1769
1770
1771
1772
1773
1774
1775
1776
1777
1778
1779
1780
1781
1782
1783
1784
1785
1786
1786
1787
1788
1789
1790
1791
1792
1793
1794
1795
1797
1798
1799
1800
1801
1802
1803
1805
1806
1807
1808
1809
1810
1811
1812
1813
1816
1817
1817
1818
1819
1820
1821
1822
1823
1824
1825
1826
1827
1828
1829
1830
1831
1832
1833
1834
1835
1836
1837
1838
1839
1840
1841
1844
1845
1846
1847
1848
1849
1850
1851
1852
1853
1854
1855
1856
1857
1858
1859
1860
1861
1863
1865
1866
1867
1868
1868
1869
1870
1871
1872
1873
1874
1875
1876
1877
1878
1879
1880
1881
1882
1883
1884
1885
1886
1887
1889
1891
1893
1894
1896
1897
1898
1899
1900
1901
1902
1903
1906
1906
1907
1908
1909
1911
1913
1914
1915
1916
1917
1918
1919
1920
1921
1922
1923
1924
1925
1926
1927
1928
1929
1930
1931
1932
1933
1934
1935
1936
1937
1937
1938
1939
1939
1940
1941
1943
1945
1946
1947
1948
1949
1950
1951
1952
1953
1954
1955
1956
1957
1958
1959
1960
1961
1962
1963
1964
1965
1966
1967
1968
1969
1970
1971
1972
1973
1974
1975
1976
1977
1978
1979
1980
1981
1982
1983
1984
1985
1986
1987
1988
1989
1990
1991
1992
1992
1993
1994
1995
1996
1997
1998
1999
2000
2001
2002
2003
2004
2005
2006
2007
2008
2009
2010
2011
2012
2013
2014
2015
2016
2017
2018
2019
2020
2021
2024
2028
2029
2034
2035
2036
2037
2038
2039
2040
2041
2042
2043
2044
2045
2046
2047
2048
2049
2050
2051
2052
2053
2054
2055
2056
2057
2058
2059
2060
2061
2062
2063
2064
2065
2066
2067
2068
2069
2070
2071
2072
2073
2074
2075
2076
2077
2078
2079
2080
2081
2082
2083
2084
2085
2086
2087
2088
2089
2090
2091
2092
2093
2096
2097
2098
2099
2100
2101
2104
2105
2106
2107
2108
2109
2110
2111
2112
2113
2114
2115
2116
2117
2118
2119
2120
2121
2122
2123
2123
2124
2125
2126
2127
2129
2130
2131
2132
2135
2137
2138
2139
2140
2141
2142
2143
2144
2145
2146
2147
2148
2149
2150
2151
2152
2153
2156
2157
2161
2162
2163
2164
2165
2166
2167
2168
2169
2170
2171
2172
2173
2174
2175
2176
2177
2178
2179
2180
2181
2182
2183
2185
2186
2188
2189
2189
2191
2192
2193
2195
2196
2197
2198
2199
2200
2201
2201
2202
2202
2203
2204
2205
2206
2207
2208
2209
2210
2211
2212
2213
2215
2216
2217
2219
2220
2221
2222
2223
2224
2227
2227
2228
2229
2230
2231
2232
2233
2234
2235
2236
2237
2238
2239
2240
2241
2242
2243
2244
2245
2246
2247
2248
2249
2250
2251
2252
2253
2254
2255
2256
2257
2258
2259
2260
2261
2262
2263
2264
2265
2266
2267
2268
2269
2270
2271
2272
2273
2274
2274
2275
2276
2277
2278
2279
2279
2280
2281
2282
2283
2284
2285
2286
2286
2287
2288
2289
2290
2291
2292
2293
2295
2296
2297
2298
2299
2300
2301
2302
2303
2304
2305
2306
2307
2308
2309
2310
2311
2312
2313
2314
2315
2315
2316
2317
2318
2319
2320
2323
2324
2325
2326
2327
2328
2329
2330
2331
2334
2335
2336
2337
2338
2339
2340
2341
2342
2343
2344
2345
2346
2347
2349
2351
2352
2353
2356
2359
2360
2361
2362
2363
2364
2365
2366
2367
2368
2369
2370
2371
2372
2373
2374
2375
2376
2377
2378
2379
2380
2381
2382
2383
2384
2385
2386
2387
2388
2389
2390
2391
2392
2393
2394
2395
2396
2397
2398
2399
2400
2401
2402
2403
2404
2405
2406
2407
2408
2408
2410
2411
2412
2413
2414
2415
2416
2417
2418
2419
2420
2421
2422
2425
2426
2427
2428
2429
2430
2433
2434
2435
2436
2437
2438
2439
2440
2441
2441
2442
2443
2444
2445
2446
2447
2448
2449
2450
2451
2452
2453
2454
2455
2456
2457
2457
2458
2459
2460
2461
2462
2463
2464
2465
2466
2467
2468
2469
2470
2471
2472
2473
2474
2475
2476
2479
2480
2481
2482
2483
2484
2485
2486
2487
2488
2489
2490
2491
2492
2493
2494
2495
2496
2497
2498
2499
2500
2501
2502
2503
2504
2505
2506
2507
2508
2509
2510
2511
2512
2513
2514
2515
2516
2517
2518
2519
2520
2521
2522
2523
2524
2525
2526
2527
2527
2528
2530
2533
2534
2535
2536
2537
2538
2539
2540
2541
2542
2543
2544
2545
2546
2547
2548
2549
2550
2551
2552
2553
2554
2555
2556
2557
2558
2559
2560
2561
2562
2563
2565
2566
2567
2568
2569
2570
2572
2573
2574
2575
2576
2577
2578
2579
2580
2582
2584
2585
2586
2587
2588
2589
2590
2591
2592
2593
2594
2595
2596
2597
2598
2599
2600
2601
2602
2603
2604
2605
2606
2607
2608
2609
2610
2611
2612
2613
2614
2615
2616
2617
2618
2619
2620
2621
2622
2623
2624
2625
2626
2627
2628
2629
2630
2631
2632
2633
2634
2635
2636
2637
2638
2639
2640
2641
2642
2643
2644
2645
2646
2647
2648
2649
2650
2651
2652
2653
2655
2657
2658
2659
2660
2661
2662
2663
2664
2665
2666
2667
2668
2669
2670
2671
2672
2673
2674
2675
2676
2677
2678
2679
2680
2681
2682
2683
2684
2685
2686
2687
2688
2689
2692
2693
2694
2695
2696
2697
2698
2699
2700
2701
2702
2703
2704
2705
2706
2707
2708
2709
2710
2711
2712
2713
2714
2715
2716
2717
2718
2719
2720
2721
2722
2723
2724
2725
2726
2727
2728
2729
2730
2731
2732
2733
2734
2736
2737
2738
2739
2740
2741
2742
2743
2744
2745
2746
2748
2749
2750
2751
2752
2753
2754
2755
2756
2757
2758
2759
2760
2761
2762
2763
2764
2765
2766
2767
2769
2773
2774
2775
2777
2778
2779
2780
2781
2782
2783
2784
2785
2786
2787
2788
2789
2790
2791
2792
2793
2794
2795
2796
2797
2798
2799
2800
2801
2802
2803
2804
2805
2806
2807
2808
2809
2810
2811
2812
2813
2814
2815
2816
2817
2818
2819
2820
2821
2822
2823
2824
2825
2826
2827
2828
2829
2830
2831
2832
2833
2834
2835
2836
2837
2838
2839
2840
2842
2843
2844
2845
2846
2847
2848
2849
2850
2851
2852
2853
2854
2855
2856
2857
2858
2859
2860
2861
2862
2863
2864
2865
2866
2867
2868
2869
2870
2871
2872
2873
2874
2875
2876
2877
2878
2879
2880
2881
2882
2883
2884
2887
2888
2889
2890
2891
2892
2893
2894
2895
2896
2897
2898
2899
2900
2901
2902
2903
2904
2905
2906
2909
2910
2911
2912
2913
2914
2915
2916
2917
2918
2919
2920
2921
2922
2923
2924
2925
2926
2927
2928
2929
2930
2931
2932
2933
2934
2935
2937
2938
2939
2940
2941
2942
2943
2944
2945
2946
2947
2948
2949
2950
2951
2952
2953
2954
2955
2957
2958
2959
2960
2961
2962
2963
2964
2965
2966
2967
2968
2969
2970
2971
2972
2973
2974
2975
2976
2977
2978
2979
2979
2980
2981
2982
2983
2984
2985
2986
2987
2988
2989
2990
2991
2992
2993
2994
2995
2996
2997
2998
2999
3000
3001
3002
3003
3004
3005
3006
3007
3008
3009
3010
3011
3012
3013
3014
3015
3016
3017
3018
3019
3021
3022
3023
3024
3025
3026
3027
3028
3029
3030
3031
3032
3033
3034
3035
3036
3037
3038
3039
3040
3041
3042
3043
3044
3045
3046
3047
3048
3049
3050
3051
3052
3053
3054
3055
3056
3057
3058
3059
3060
3061
3062
3063
3064
3065
3066
3067
3068
3069
3070
3071
3072
3073
3074
3075
3076
3078
3079
3081
3082
3083
3084
3085
3086
3087
3088
3089
3090
3091
3092
3093
3094
3095
3096
3097
3098
3098
3099
3100
3100
3104
3105
3106
3107
3108
3109
3110
3111
3112
3113
3114
3115
3116
3117
3118
3119
3120
3121
3122
3123
3124
3125
3126
3127
3128
3129
3130
3131
3132
3133
3134
3135
3136
3137
3138
3139
3140
3141
3142
3143
3144
3145
3146
3147
3148
3149
3150
3151
3152
3153
3154
3155
3156
3157
3158
3159
3161
3162
3163
3164
3169
3170
3171
3172
3173
3174
3175
3176
3177
3178
3179
3180
3181
3182
3183
3184
3185
3186
3187
3188
3189
3190
3191
3192
3193
3194
3195
3196
3197
3198
3199
3200
3200
3201
3202
3203
3204
3205
3206
3207
3208
3209
3210
3211
3212
3213
3214
3215
3216
3217
3218
3219
3219
3220
3221
3222
3223
3224
3225
3226
3227
3228
3229
3230
3231
3232
3233
3234
3235
3236
3237
3238
3239
3240
3241
3242
3243
3244
3247
3248
3249
3250
3251
3252
3253
3254
3255
3256
3257
3258
3259
3260
3261
3263
3265
3266
3267
3268
3269
3270
3271
3272
3273
3274
3275
3276
3277
3278
3279
3280
3281
3282
3283
3284
3285
3286
3287
3288
3289
3290
3291
3292
3293
3294
3295
3295
3296
3299
3300
3301
3302
3303
3304
3305
3306
3307
3308
3309
3310
3311
3313
3314
3315
3316
3317
3318
3319
3320
3321
3322
3323
3324
3325
3326
3327
3328
3329
3330
3331
3332
3333
3334
3335
3336
3337
3338
3339
3340
3341
3342
3343
3344
3346
3347
3348
3349
3350
3351
3352
3353
3354
3355
3356
3358
3359
3360
3361
3362
3363
3364
3365
3366
3367
3368
3369
3371
3372
3373
3374
3375
3378
3379
3380
3381
3382
3383
3384
3387
3388
3389
3390
3391
3393
3394
3395
3396
3398
3399
3400
3401
3402
3403
3404
3405
3406
3407
3408
3411
3412
3413
3414
3415
3416
3417
3418
3419
3420
3421
3422
3425
3426
3427
3428
3429
3430
3431
3432
3433
3434
3435
3436
3437
3438
3439
3440
3441
3442
3443
3444
3445
3446
3447
3448
3449
3450
3451
3452
3453
3454
3455
3456
3457
3459
3460
3461
3462
3463
3464
3465
3466
3467
3468
3469
3471
3472
3474
3476
3477
3478
3479
3480
3481
3482
3483
3484
3485
3486
3487
3488
3489
3490
3492
3493
3494
3495
3496
3497
3498
3499
3500
3501
3502
3503
3504
3505
3506
3507
3508
3509
3510
3511
3512
3513
3514
3515
3516
3518
3519
3520
3521
3522
3523
3524
3526
3529
3530
3531
3532
3533
3534
3536
3537
3538
3539
3543
3544
3545
3545
3546
3547
3548
3549
3550
3551
3552
3553
3554
3555
3556
3557
3560
3561
3562
3563
3564
3565
3566
3569
3570
3571
3572
3573
3574
3575
3576
3577
3578
3579
3580
3581
3582
3583
3584
3585
3586
3587
3588
3589
3590
3591
3592
3593
3594
3595
3596
3597
3600
3601
3602
3604
3606
3607
3608
3609
3610
3611
3612
3614
3616
3617
3618
3619
3620
3621
3622
3623
3624
3625
3626
3627
3628
3629
3630
3631
3632
3633
3634
3635
3636
3637
3638
3639
3640
3641
3642
3643
3644
3647
3648
3649
3650
3651
3652
3653
3654
3655
3659
3661
3662
3663
3664
3665
3666
3667
3668
3669
3670
3671
3672
3672
3673
3674
3675
3676
3677
3679
3681
3682
3683
3685
3687
3688
3689
3690
3691
3694
3695
3696
3697
3698
3699
3700
3701
3702
3703
3704
3705
3706
3707
3707
3708
3709
3710
3710
3711
3712
3712
3713
3713
3714
3715
3716
3717
3719
3721
3722
3724
3725
3726
3727
3728
3729
3730
3731
3732
3733
3734
3735
3736
3737
3738
3739
3740
3741
3742
3743
3744
3745
3746
3747
3748
3749
3750
3751
3752
3753
3754
3754
3755
3756
3757
3758
3759
3760
3761
3762
3763
3764
3765
3767
3768
3769
3770
3771
3772
3773
3776
3777
3778
3779
3780
3781
3782
3783
3784
3785
3786
3787
3788
3788
3790
3791
3792
3793
3794
3795
3796
3797
3798
3799
3800
3801
3802
3803
3804
3805
3806
3807
3808
3809
3810
3811
3813
3814
3815
3816
3817
3818
3819
3820
3821
3822
3823
3824
3825
3826
3827
3828
3831
3832
3833
3834
3835
3836
3837
3838
3839
3840
3844
3845
3846
3847
3849
3850
3851
3852
3853
3854
3855
3856
3857
3858
3859
3861
3862
3864
3865
3867
3868
3868
3869
3870
3871
3872
3873
3874
3875
3876
3877
3878
3879
3880
3881
3882
3883
3884
3885
3886
3888
3889
3890
3892
3893
3894
3895
3896
3897
3898
3899
3900
3904
3905
3906
3907
3908
3909
3911
3912
3913
3914
3915
3916
3917
3918
3919
3925
3927
3928
3929
3930
3931
3932
3933
3934
3935
3936
3937
3938
3938
3939
3940
3941
3942
3943
3944
3945
3946
3947
3948
3949
3950
3951
3952
3953
3954
3955
3956
3957
3958
3959
3960
3961
3962
3963
3964
3965
3966
3967
3968
3969
3970
3971
3972
3973
3974
3975
3976
3977
3978
3979
3981
3982
3983
3984
3985
3986
3987
3988
3989
3990
3991
3992
3993
3994
3995
3996
3998
3999
4000
4001
4002
4003
4004
4005
4006
4007
4008
4009
4010
4011
4012
4013
4015
4017
4018
4019
4020
4021
4022
4022
4023
4023
4024
4025
4026
4027
4028
4029
4030
4031
4032
4033
4034
4034
4035
4036
4037
4038
4039
4040
4042
4043
4044
4046
4047
4048
4049
4050
4051
4052
4053
4054
4055
4056
4056
4057
4058
4059
4060
4061
4062
4063
4064
4068
4069
4070
4071
4072
4073
4074
4075
4076
4077
4078
4079
4080
4081
4082
4083
4084
4085
4086
4087
4088
4090
4092
4092
4093
4094
4095
4096
4096
4097
4098
4099
4100
4101
4102
4103
4104
4105
4106
4107
4108
4109
4111
4112
4113
4114
4115
4116
4118
4119
4121
4122
4123
4124
4125
4126
4127
4128
4129
4130
4131
4132
4133
4134
4135
4136
4137
4138
4139
4140
4141
4142
4143
4144
4145
4146
4147
4148
4149
4150
4151
4152
4155
4156
4157
4158
4159
4160
4161
4162
4163
4164
4165
4166
4167
4168
4169
4170
4171
4172
4173
4174
4175
4176
4177
4178
4179
4180
4181
4182
4185
4186
4187
4188
4189
4190
4191
4191
4192
4193
4194
4195
4196
4197
4198
4199
4199
4200
4201
4202
4203
4204
4205
4206
4207
4208
4209
4210
4211
4212
4212
4213
4214
4214
4215
4216
4217
4218
4219
4220
4221
4222
4223
4224
4225
4226
4227
4228
4229
4230
4231
4232
4233
4234
4235
4236
4237
4238
4239
4240
4241
4242
4243
4244
4245
4246
4247
4248
4249
4250
4252
4254
4255
4257
4258
4261
4262
4263
4264
4265
4266
4267
4268
4269
4270
4271
4272
4273
4274
4275
4276
4277
4278
4279
4280
4281
4282
4283
4284
4285
4286
4288
4289
4291
4292
4293
4294
4295
4298
4299
4300
4301
4302
4303
4304
4305
4306
4307
4308
4309
4310
4311
4313
4314
4315
4316
4319
4320
4321
4322
4323
4324
4325
4326
4328
4329
4330
4331
4332
4333
4334
4335
4336
4337
4338
4339
4340
4341
4342
4343
4344
4346
4347
4349
4350
4351
4352
4353
4354
4355
4356
4357
4358
4359
4360
4362
4363
4364
4365
4366
4367
4368
4369
4370
4371
4372
4373
4374
4375
4376
4377
4378
4379
4380
4381
4382
4383
4384
4385
4386
4387
4388
4389
4390
4391
4392
4393
4394
4395
4397
4398
4399
4400
4401
4402
4403
4404
4406
4407
4408
4409
4410
4411
4412
4413
4414
4415
4416
4417
4418
4419
4420
4421
4422
4423
4424
4425
4426
4427
4428
4429
4431
4432
4433
4434
4435
4436
4437
4438
4439
4440
4441
4442
4443
4444
4445
4446
4447
4448
4449
4450
4451
4452
4453
4454
4455
4456
4457
4458
4459
4460
4461
4462
4463
4464
4464
4465
4466
4467
4468
4469
4471
4473
4475
4476
4478
4479
4480
4481
4482
4483
4484
4485
4486
4487
4488
4489
4490
4491
4492
4493
4494
4495
4496
4497
4498
4499
4500
4501
4502
4503
4504
4505
4508
4509
4510
4511
4512
4513
4514
4515
4518
4519
4520
4521
4522
4523
4524
4525
4526
4527
4528
4529
4530
4531
4532
4533
4534
4535
4536
4537
4538
4540
4541
4542
4543
4544
4545
4546
4547
4548
4549
4550
4551
4552
4553
4554
4555
4556
4557
4558
4559
4560
4561
4562
4563
4564
4565
4566
4567
4568
4569
4570
4571
4572
4573
4574
4575
4576
4577
4578
4579
4580
4581
4582
4583
4584
4585
4586
4587
4588
4589
4590
4591
4592
4593
4594
4595
4600
4602
4603
4604
4605
4606
4607
4608
4609
4610
4611
4612
4613
4614
4615
4616
4617
4618
4619
4620
4621
4622
4623
4623
4624
4625
4626
4627
4628
4629
4630
4631
4632
4633
4634
4635
4635
4637
4638
4639
4642
4643
4644
4645
4646
4647
4648
4649
4650
4651
4652
4653
4654
4655
4656
4657
4658
4659
4660
4661
4662
4663
4664
4664
4665
4665
4667
4668
4669
4670
4671
4672
4673
4674
4675
4676
4677
4678
4679
4680
4681
4682
4683
4685
4686
4687
4688
4689
4690
4691
4692
4693
4694
4695
4696
4697
4698
4699
4700
4701
4702
4703
4704
4705
4706
4707
4708
4709
4710
4711
4712
4713
4714
4715
4716
4717
4718
4719
4720
4721
4722
4723
4724
4725
4726
4727
4728
4729
4730
4731
4732
4733
4734
4735
4736
4737
4738
4739
4740
4741
4742
4743
4744
4745
4746
4747
4748
4749
4750
4751
4752
4753
4754
4755
4755
4756
4757
4758
4759
4760
4761
4762
4763
4764
4765
4766
4768
4769
4770
4771
4772
4773
4774
4775
4776
4777
4778
4779
4780
4781
4782
4783
4784
4785
4786
4787
4788
4789
4790
4791
4792
4793
4794
4795
4796
4797
4798
4799
4800
4801
4802
4803
4804
4805
4806
4807
4808
4809
4810
4811
4812
4813
4814
4815
4816
4817
4818
4819
4820
4821
4822
4823
4824
4828
4829
4830
4831
4832
4833
4834
4835
4836
4837
4838
4838
4839
4840
4841
4842
4843
4844
4845
4846
4847
4848
4849
4850
4851
4852
4853
4854
4855
4856
4857
4858
4859
4860
4861
4863
4864
4865
4866
4867
4868
4869
4870
4871
4872
4873
4874
4875
4876
4877
4878
4879
4880
4881
4882
4883
4884
4885
4886
4887
4888
4889
4890
4891
4892
4893
4894
4895
4896
4897
4898
4899
4900
4901
4902
4903
4904
4905
4906
4907
4907
4908
4909
4910
4911
4912
4913
4914
4915
4916
4917
4918
4919
4920
4921
4922
4923
4924
4925
4926
4927
4928
4929
4930
4931
4932
4933
4934
4935
4936
4937
4938
4939
4940
4941
4942
4943
4944
4945
4946
4947
4948
4949
4950
4951
4952
4953
4954
4955
4956
4957
4958
4959
4961
4962
4963
4964
4965
4966
4967
4968
4969
4970
4971
4972
4973
4974
4975
4976
4977
4978
4979
4980
4981
4982
4983
4984
4985
4986
4987
4988
4989
4990
4991
4992
4993
4994
4995
4997
4998
4999
5000
5001
5002
5003
5004
5005
5006
5007
5008
5009
5010
5011
5012
5013
5014
5015
5016
5017
5018
5019
5020
5021
5022
5023
5024
5025
5026
5027
5028
5029
5030
5032
5033
5034
5035
5036
5038
5039
5040
5043
5044
5046
5047
5048
5049
5050
5051
5052
5053
5054
5055
5056
5057
5058
5059
5060
5061
5064
5065
5066
5067
5068
5069
5070
5071
5072
5073
5075
5078
5079
5081
5083
5084
5085
5086
5087
5088
5089
5090
5091
5092
5093
5094
5095
5096
5097
5098
5099
5100
5101
5102
5103
5104
5105
5106
5107
5108
5109
5110
5111
5112
5113
5114
5115
5116
5117
5118
5119
5119
5120
5121
5122
5124
5126
5127
5128
5129
5130
5131
5132
5133
5134
5135
5136
5137
5138
5140
5143
5144
5145
5146
5147
5148
5149
5150
5151
5152
5153
5154
5155
5156
5157
5158
5159
5160
5161
5162
5163
5165
5166
5168
5169
5170
5171
5172
5173
5174
5175
5176
5177
5178
5179
5180
5181
5182
5183
5184
5185
5187
5188
5190
5191
5192
5194
5196
5197
5198
5199
5200
5201
5202
5203
5204
5205
5206
5207
5208
5209
5210
5211
5212
5213
5214
5215
5216
5217
5218
5219
5220
5221
5222
5223
5224
5225
5226
5227
5228
5229
5230
5230
5231
5232
5233
5234
5235
5236
5237
5238
5239
5241
5242
5243
5244
5245
5246
5250
5251
5252
5253
5254
5255
5256
5258
5259
5260
5261
5262
5263
5264
5265
5266
5267
5268
5269
5270
5271
5272
5273
5274
5275
5276
5277
5278
5279
5279
5280
5281
5282
5283
5284
5285
5286
5287
5288
5289
5290
5291
5292
5293
5294
5295
5296
5297
5299
5300
5301
5302
5303
5304
5305
5306
5307
5308
5309
5310
5311
5311
5312
5312
5313
5313
5314
5315
5316
5317
5318
5319
5320
5321
5322
5323
5324
5325
5327
5330
5331
5332
5332
5333
5334
5335
5336
5337
5338
5339
5340
5341
5342
5343
5344
5345
5346
5347
5348
5349
5350
5351
5352
5353
5354
5355
5356
5358
5359
5360
5361
5362
5363
5364
5365
5366
5367
5368
5369
5370
5371
5372
5373
5374
5375
5376
5378
5379
5380
5381
5382
5383
5384
5385
5386
5387
5388
5389
5390
5391
5392
5392
5394
5395
5396
5397
5398
5399
5400
5401
5402
5403
5404
5405
5407
5409
5410
5413
5414
5415
5416
5417
5418
5419
5420
5422
5423
5424
5427
5428
5429
5430
5431
5432
5433
5434
5435
5436
5437
5438
5439
5440
5441
5442
5443
5444
5445
5446
5447
5448
5449
5450
5451
5452
5452
5453
5454
5455
5456
5457
5458
5459
5460
5461
5462
5463
5464
5465
5466
5467
5468
5469
5470
5471
5472
5472
5473
5474
5475
5476
5477
5478
5479
5481
5482
5483
5484
5485
5486
5487
5488
5489
5490
5491
5492
5493
5494
5495
5496
5497
5498
5499
5500
5502
5503
5504
5505
5506
5507
5508
5509
5510
5511
5512
5513
5514
5515
5516
5517
5518
5519
5520
5521
5522
5523
5524
5525
5526
5527
5528
5530
5531
5533
5534
5535
5536
5537
5538
5539
5540
5541
5542
5543
5544
5545
5546
5547
5548
5549
5550
5551
5552
5553
5554
5555
5556
5557
5558
5559
5560
5561
5562
5563
5564
5565
5566
5567
5568
5569
5570
5571
5572
5573
5574
5575
5576
5577
5578
5579
5580
5581
5582
5583
5584
5585
5586
5587
5588
5589
5590
5591
5592
5593
5594
5595
5596
5597
5598
5599
5600
5601
5602
5603
5604
5605
5606
5607
5608
5609
5610
5611
5612
5614
5615
5616
5619
5619
5620
5621
5622
5623
5624
5625
5626
5627
5628
5629
5630
5631
5632
5633
5634
5635
5636
5637
5638
5639
5640
5641
5642
5643
5644
5645
5646
5647
5648
5649
5650
5651
5652
5653
5656
5658
5659
5660
5661
5662
5663
5665
5666
5667
5668
5669
5670
5671
5672
5673
5674
5675
5676
5677
5678
5679
5680
5681
5682
5683
5684
5685
5686
5687
5688
5689
5690
5691
5692
5693
5694
5695
5696
5697
5698
5699
5700
5701
5702
5703
5704
5705
5706
5707
5708
5709
5710
5711
5712
5713
5714
5715
5716
5717
5718
5719
5720
5721
5722
5723
5724
5725
5726
5727
5728
5729
5730
5731
5732
5733
5734
5735
5736
5737
5738
5739
5740
5741
5742
5743
5744
5745
5746
5747
5748
5749
5750
5751
5752
5753
5754
5755
5756
5757
5758
5759
5760
5761
5762
5763
5764
5766
5769
5770
5771
5772
5773
5774
5774
5775
5776
5777
5778
5780
5784
5786
5787
5788
5789
5790
5791
5792
5793
5794
5795
5796
5797
5798
5799
5800
5801
5802
5803
5804
5805
5806
5807
5808
5811
5812
5813
5814
5815
5816
5817
5818
5819
5820
5821
5822
5823
5824
5825
5826
5827
5828
5829
5830
5831
5832
5833
5834
5835
5836
5837
5838
5839
5840
5841
5842
5843
5844
5845
5846
5846
5847
5848
5849
5850
5851
5852
5853
5854
5855
5856
5857
5858
5859
5860
5861
5862
5863
5864
5865
5866
5867
5868
5869
5870
5871
5873
5874
5875
5876
5877
5878
5879
5880
5881
5882
5883
5884
5885
5886
5887
5888
5889
5890
5891
5892
5893
5894
5895
5896
5897
5898
5899
5900
5901
5902
5903
5904
5905
5906
5907
5908
5909
5911
5912
5913
5914
5915
5917
5918
5919
5921
5922
5923
5924
5925
5926
5927
5928
5928
5929
5930
5931
5932
5933
5934
5935
5936
5937
5938
5939
5940
5941
5942
5943
5944
5945
5946
5947
5948
5949
5950
5951
5952
5953
5954
5955
5956
5957
5958
5959
5960
5961
5962
5963
5964
5965
5966
5967
5968
5969
5970
5971
5972
5973
5974
5975
5976
5977
5978
5979
5980
5981
5982
5983
5984
5984
5985
5988
5989
5990
5991
5992
5993
5994
5995
5996
5997
5998
5999
6000
6001
6002
6003
6004
6005
6006
6007
6008
6010
6012
6013
6014
6015
6016
6017
6018
6019
6022
6023
6024
6027
6028
6029
6030
6031
6032
6033
6034
6035
6036
6037
6039
6040
6041
6044
6045
6046
6047
6048
6049
6050
6051
6054
6055
6056
6057
6058
6059
6060
6061
6062
6063
6064
6065
6068
6069
6070
6071
6072
6073
6074
6075
6076
6077
6078
6079
6080
6083
6084
6087
6088
6089
6090
6091
6092
6093
6094
6095
6096
6097
6098
6099
6100
6102
6106
6107
6108
6109
6110
6111
6112
6113
6114
6115
6116
6117
6118
6119
6120
6121
6122
6123
6124
6125
6126
6127
6128
6129
6130
6132
6133
6134
6135
6136
6139
6140
6141
6142
6145
6146
6147
6148
6149
6150
6151
6152
6153
6154
6155
6156
6157
6158
6160
6162
6163
6164
6165
6166
6167
6168
6169
6170
6171
6172
6173
6176
6177
6179
6180
6181
6182
6183
6184
6185
6186
6187
6188
6189
6190
6191
6192
6194
6195
6197
6198
6199
6200
6201
6202
6203
6204
6205
6206
6207
6208
6209
6210
6211
6212
6213
6214
6215
6216
6217
6218
6219
6220
6221
6222
6223
6224
6225
6226
6227
6228
6229
6230
6231
6232
6233
6234
6235
6236
6236
6237
6238
6238
6239
6240
6241
6242
6243
6244
6245
6246
6247
6248
6249
6250
6251
6252
6254
6255
6257
6258
6259
6260
6261
6262
6263
6264
6267
6268
6269
6270
6271
6272
6273
6274
6275
6276
6277
6278
6279
6280
6281
6282
6283
6284
6285
6286
6290
6292
6293
6294
6295
6296
6297
6298
6299
6300
6301
6302
6303
6304
6305
6306
6307
6308
6311
6312
6313
6314
6315
6316
6317
6318
6319
6320
6321
6322
6323
6324
6325
6326
6327
6328
6329
6330
6331
6332
6333
6334
6337
6341
6342
6346
6347
6348
6349
6350
6351
6352
6353
6354
6355
6356
6357
6359
6360
6361
6362
6364
6365
6366
6367
6368
6369
6370
6371
6372
6373
6374
6375
6376
6377
6378
6379
6380
6381
6382
6383
6384
6385
6386
6387
6388
6394
6396
6397
6398
6399
6400
6401
6402
6403
6404
6405
6406
6407
6408
6409
6410
6411
6412
6413
6414
6415
6416
6417
6418
6419
6420
6422
6424
6426
6427
6428
6429
6430
6431
6432
6433
6435
6436
6438
6441
6442
6443
6444
6445
6446
6447
6448
6449
6450
6451
6452
6453
6454
6455
6456
6457
6458
6459
6460
6461
6462
6463
6464
6467
6468
6469
6470
6471
6472
6474
6475
6476
6477
6478
6479
6480
6481
6482
6483
6484
6485
6486
6487
6488
6488
6489
6490
6491
6492
6493
6493
6494
6495
6496
6497
6498
6499
6500
6502
6503
6504
6505
6506
6507
6508
6509
6510
6511
6512
6513
6514
6515
6516
6517
6518
6519
6520
6521
6522
6523
6524
6525
6526
6527
6528
6529
6530
6531
6532
6533
6534
6535
6536
6537
6538
6539
6540
6541
6542
6543
6544
6545
6546
6547
6548
6550
6551
6552
6553
6554
6555
6556
6557
6558
6559
6560
6561
6562
6563
6564
6565
6566
6567
6568
6568
6569
6570
6570
6571
6572
6573
6574
6575
6576
6577
6578
6579
6580
6581
6582
6583
6584
6585
6586
6587
6588
6589
6590
6591
6592
6593
6594
6595
6596
6597
6598
6599
6600
6601
6602
6603
6604
6605
6606
6607
6608
6609
6610
6611
6612
6613
6614
6615
6616
6617
6618
6619
6620
6620
6621
6622
6623
6624
6625
6626
6627
6628
6629
6630
6631
6632
6633
6634
6635
6636
6637
6638
6639
6640
6641
6642
6643
6644
6645
6646
6647
6648
6649
6650
6651
6652
6653
6654
6655
6656
6658
6659
6660
6661
6662
6663
6664
6665
6666
6667
6668
6669
6670
6671
6672
6673
6674
6675
6676
6677
6678
6679
6680
6681
6682
6683
6684
6685
6686
6687
6688
6689
6690
6691
6692
6693
6694
6695
6696
6697
6698
6699
6700
6701
6702
6703
6704
6705
6706
6707
6707
6708
6708
6709
6710
6711
6712
6713
6714
6715
6716
6717
6718
6719
6720
6721
6722
6723
6724
6725
6726
6727
6728
6729
6730
6731
6732
6733
6734
6735
6736
6737
6738
6739
6740
6741
6742
6743
6744
6745
6746
6747
6748
6749
6750
6751
6752
6753
6754
6755
6755
6756
6757
6758
6758
6759
6760
6761
6762
6763
6764
6765
6766
6767
6768
6769
6770
6771
6772
6773
6774
6775
6776
6777
6778
6779
6780
6781
6782
6783
6784
6785
6786
6787
6788
6789
6790
6791
6792
6793
6794
6795
6796
6797
6798
6799
6800
6801
6802
6803
6804
6805
6806
6807
6808
6809
6810
6812
6813
6814
6815
6816
6817
6818
6819
6820
6821
6822
6823
6824
6825
6826
6827
6828
6829
6830
6831
6832
6833
6834
6835
6836
6837
6838
6839
6840
6841
6842
6843
6844
6845
6846
6847
6848
6849
6850
6851
6852
6853
6854
6855
6856
6857
6858
6859
6860
6861
6862
6863
6864
6865
6866
6867
6868
6869
6871
6872
6873
6874
6875
6877
6879
6880
6881
6882
6883
6884
6885
6886
6887
6888
6889
6890
6891
6892
6893
6894
6895
6896
6897
6898
6899
6900
6901
6902
6903
6904
6905
6909
6910
6911
6912
6913
6914
6915
6916
6917
6921
6922
6923
6924
6925
6926
6927
6928
6929
6930
6931
6932
6933
6934
6935
6936
6937
6938
6939
6940
6941
6942
6943
6944
6946
6947
6948
6949
6950
6951
6952
6953
6954
6955
6956
6957
6958
6959
6960
6961
6962
6963
6964
6965
6966
6967
6968
6969
6970
6971
6972
6973
6977
6978
6979
6980
6981
6982
6983
6984
6985
6986
6987
6988
6989
6990
6991
6992
6993
6994
6995
6996
6999
7000
7001
7002
7003
7003
7004
7005
7007
7008
7009
7011
7012
7013
7014
7015
7016
7017
7018
7019
7020
7021
7022
7023
7024
7025
7026
7027
7030
7031
7032
7033
7034
7035
7036
7037
7038
7039
7040
7041
7042
7043
7044
7045
7046
7047
7048
7049
7050
7051
7052
7053
7053
7054
7055
7056
7057
7058
7059
7060
7061
7064
7065
7066
7067
7068
7069
7070
7071
7072
7073
7074
7075
7075
7076
7077
7078
7079
7080
7081
7082
7083
7084
7085
7086
7087
7088
7089
7090
7091
7092
7093
7094
7095
7096
7097
7099
7100
7101
7102
7103
7104
7105
7106
7107
7108
7109
7110
7111
7112
7113
7114
7116
7117
7118
7119
7121
7122
7123
7124
7125
7126
7127
7128
7129
7132
7133
7134
7135
7136
7138
7139
7140
7141
7142
7142
7143
7144
7145
7146
7147
7148
7149
7150
7153
7154
7155
7156
7157
7158
7159
7160
7161
7162
7163
7164
7165
7166
7167
7168
7169
7170
7171
7172
7173
7174
7175
7176
7177
7179
7181
7182
7183
7184
7185
7186
7187
7188
7189
7189
7190
7191
7192
7193
7194
7195
7196
7196
7197
7198
7199
7200
7201
7202
7203
7204
7205
7206
7207
7208
7209
7210
7211
7212
7213
7214
7215
7216
7217
7218
7219
7220
7221
7222
7223
7224
7225
7226
7227
7228
7229
7230
7231
7232
7233
7234
7235
7236
7237
7238
7241
7242
7243
7244
7245
7246
7247
7248
7249
7250
7251
7252
7253
7254
7255
7256
7257
7258
7259
7260
7261
7262
7263
7264
7265
7266
7267
7268
7269
7270
7271
7272
7273
7274
7275
7276
7277
7278
7279
7280
7281
7282
7283
7284
7285
7286
7287
7288
7289
7290
7291
7292
7293
7294
7295
7296
7297
7298
7299
7300
7301
7302
7303
7304
7305
7306
7307
7308
7309
7310
7311
7312
7313
7314
7315
7316
7317
7318
7319
7320
7321
7322
7323
7324
7325
7326
7327
7330
7331
7332
7333
7334
7335
7335
7336
7337
7338
7339
7340
7341
7342
7343
7344
7345
7346
7347
7347
7348
7349
7352
7353
7354
7355
7356
7357
7358
7359
7360
7361
7362
7363
7364
7365
7366
7367
7368
7369
7370
7371
7372
7373
7374
7375
7376
7377
7378
7379
7380
7381
7383
7384
7386
7387
7388
7389
7390
7391
7392
7393
7394
7395
7396
7397
7398
7399
7400
7401
7402
7403
7404
7405
7406
7407
7408
7409
7410
7411
7412
7413
7414
7415
7416
7417
7418
7419
7420
7421
7422
7423
7424
7425
7426
7427
7428
7429
7430
7431
7432
7433
7434
7435
7436
7437
7438
7439
7440
7441
7442
7443
7444
7445
7446
7447
7448
7449
7450
7451
7452
7453
7454
7455
7456
7457
7458
7459
7460
7461
7462
7463
7464
7465
7466
7467
7471
7471
7472
7473
7474
7475
7478
7479
7480
7481
7482
7483
7484
7485
7486
7487
7488
7489
7490
7491
7493
7494
7495
7496
7497
7498
7499
7500
7501
7502
7504
7506
7507
7508
7509
7510
7511
7512
7513
7514
7516
7518
7519
7520
7521
7521
7522
7523
7524
7525
7526
7527
7528
7529
7530
7531
7532
7533
7534
7535
7536
7538
7540
7541
7542
7545
7546
7547
7548
7549
7550
7550
7551
7552
7553
7554
7555
7556
7557
7558
7559
7560
7561
7562
7563
7564
7565
7566
7567
7568
7569
7569
7570
7571
7572
7574
7575
7575
7576
7577
7578
7579
7580
7581
7581
7582
7583
7584
7585
7586
7586
7587
7588
7589
7591
7592
7593
7594
7595
7596
7597
7598
7599
7600
7601
7602
7603
7604
7605
7606
7607
7610
7611
7612
7613
7614
7615
7616
7617
7618
7619
7620
7621
7622
7623
7624
7625
7626
7627
7628
7629
7630
7631
7632
7633
7634
7637
7638
7639
7640
7641
7642
7643
7644
7645
7646
7647
7648
7649
7650
7651
7652
7653
7654
7655
7656
7657
7659
7661
7662
7663
7665
7666
7667
7669
7670
7670
7671
7672
7673
7674
7675
7676
7677
7679
7681
7682
7684
7685
7686
7687
7688
7689
7690
7691
7692
7693
7694
7695
7696
7697
7698
7700
7701
7702
7705
7706
7707
7707
7708
7709
7710
7711
7712
7713
7714
7715
7716
7717
7720
7721
7722
7723
7724
7728
7729
7729
7730
7731
7732
7733
7734
7734
7735
7736
7737
7738
7739
7740
7741
7743
7745
7746
7747
7748
7749
7750
7751
7752
7753
7754
7755
7756
7757
7758
7759
7760
7761
7762
7763
7764
7765
7765
7766
7767
7768
7770
7771
7773
7774
7775
7776
7777
7778
7779
7780
7781
7782
7783
7784
7785
7786
7787
7788
7789
7790
7791
7792
7793
7794
7795
7796
7798
7799
7801
7802
7803
7804
7805
7806
7807
7808
7809
7810
7811
7813
7814
7815
7816
7817
7818
7819
7820
7821
7822
7823
7824
7827
7828
7829
7830
7831
7832
7833
7834
7835
7836
7837
7838
7839
7840
7841
7842
7843
7844
7845
7846
7847
7848
7849
7850
7851
7852
7853
7854
7855
7856
7857
7858
7860
7861
7862
7863
7864
7865
7866
7867
7868
7869
7870
7871
7872
7873
7874
7875
7876
7877
7878
7879
7880
7881
7882
7883
7885
7886
7887
7888
7889
7890
7891
7892
7893
7894
7895
7896
7897
7898
7899
7900
7901
7902
7903
7904
7905
7906
7907
7908
7909
7910
7911
7912
7913
7914
7915
7916
7917
7917
7918
7919
7921
7923
7924
7925
7926
7930
7931
7932
7933
7934
7935
7937
7938
7940
7941
7942
7943
7944
7946
7947
7948
7949
7950
7951
7952
7953
7954
7955
7956
7957
7958
7959
7960
7961
7962
7963
7964
7965
7966
7967
7968
7969
7970
7971
7972
7973
7974
7975
7976
7977
7979
7981
7982
7983
7984
7985
7986
7987
7988
7989
7990
7991
7992
7993
7994
7995
7995
7996
7996
7997
7998
7999
8000
8001
8002
8003
8004
8005
8006
8007
8008
8009
8010
8011
8012
8013
8014
8015
8016
8017
8018
8019
8020
8021
8022
8023
8024
8025
8026
8027
8028
8029
8030
8031
8032
8033
8034
8035
8036
8037
8038
8040
8041
8042
8043
8044
8045
8046
8047
8048
8049
8050
8051
8052
8053
8054
8055
8056
8057
8058
8059
8060
8061
8062
8063
8064
8064
8065
8066
8067
8068
8069
8070
8071
8072
8073
8074
8076
8077
8078
8079
8080
8081
8082
8082
8083
8084
8086
8087
8088
8089
8090
8091
8092
8093
8094
8095
8096
8097
8098
8099
8100
8101
8102
8103
8106
8107
8108
8109
8110
8111
8112
8113
8114
8117
8119
8120
8121
8122
8123
8124
8125
8126
8127
8128
8129
8130
8131
8132
8133
8134
8135
8136
8137
8138
8139
8140
8141
8142
8143
8144
8145
8146
8147
8148
8149
8150
8151
8153
8154
8155
8156
8157
8158
8159
8160
8161
8162
8163
8164
8165
8166
8167
8168
8169
8170
8171
8172
8173
8174
8175
8176
8177
8178
8179
8180
8181
8182
8183
8184
8185
8186
8187
8188
8189
8190
8191
8192
8193
8194
8195
8196
8197
8198
8199
8200
8201
8202
8203
8204
8205
8206
8207
8208
8209
8210
8211
8212
8213
8214
8215
8216
8216
8217
8218
8219
8220
8221
8222
8223
8224
8228
8229
8230
8232
8233
8234
8236
8237
8238
8239
8241
8242
8243
8244
8245
8246
8247
8248
8249
8250
8251
8252
8253
8254
8255
8256
8257
8258
8259
8262
8263
8264
8265
8266
8267
8268
8270
8271
8272
8273
8274
8275
8276
8277
8278
8279
8280
8281
8282
8283
8284
8285
8286
8287
8288
8289
8290
8291
8292
8293
8294
8297
8298
8299
8300
8301
8302
8303
8304
8305
8306
8307
8308
8309
8310
8311
8311
8312
8313
8314
8315
8316
8318
8319
8320
8321
8322
8323
8324
8325
8326
8327
8328
8329
8330
8331
8332
8333
8334
8335
8336
8337
8338
8339
8340
8341
8342
8343
8344
8345
8346
8347
8348
8349
8350
8351
8352
8353
8354
8355
8356
8357
8358
8361
8363
8364
8365
8366
8367
8368
8369
8370
8370
8371
8372
8373
8374
8378
8379
8380
8381
8382
8383
8384
8385
8386
8387
8388
8389
8390
8391
8392
8393
8395
8397
8398
8399
8400
8401
8402
8403
8404
8405
8406
8407
8408
8409
8410
8411
8412
8413
8414
8415
8416
8417
8418
8420
8421
8425
8426
8435
8436
8437
8439
8440
8441
8443
8444
8445
8448
8449
8450
8451
8452
8453
8454
8455
8456
8457
8458
8459
8461
8462
8463
8464
8465
8466
8467
8468
8469
8470
8471
8472
8473
8474
8477
8478
8479
8480
8481
8482
8483
8484
8485
8486
8487
8488
8489
8490
8491
8492
8493
8494
8495
8496
8497
8498
8499
8500
8501
8502
8503
8504
8505
8506
8507
8508
8510
8511
8512
8513
8514
8515
8516
8517
8518
8519
8520
8521
8522
8523
8524
8525
8527
8528
8529
8530
8531
8532
8533
8534
8536
8537
8538
8539
8540
8541
8544
8545
8546
8547
8548
8549
8550
8551
8552
8553
8554
8555
8556
8558
8559
8560
8561
8562
8564
8565
8566
8567
8568
8569
8570
8571
8572
8573
8574
8575
8578
8579
8580
8581
8582
8583
8584
8585
8586
8587
8588
8589
8590
8591
8594
8595
8596
8596
8597
8598
8599
8600
8601
8603
8604
8605
8606
8608
8609
8610
8611
8612
8613
8614
8615
8616
8617
8618
8619
8620
8621
8622
8623
8624
8625
8626
8627
8628
8629
8630
8632
8633
8634
8635
8636
8637
8638
8639
8641
8642
8643
8644
8645
8646
8647
8648
8649
8650
8651
8651
8652
8653
8654
8655
8656
8657
8658
8659
8660
8661
8662
8663
8664
8665
8666
8667
8668
8669
8670
8671
8672
8673
8674
8675
8676
8677
8678
8679
8680
8681
8682
8683
8684
8685
8686
8690
8691
8693
8694
8695
8696
8697
8698
8699
8700
8701
8702
8703
8704
8705
8706
8707
8708
8709
8710
8711
8712
8713
8714
8715
8716
8717
8718
8719
8720
8721
8722
8723
8724
8725
8726
8727
8728
8730
8732
8733
8734
8735
8739
8741
8742
8743
8744
8745
8746
8748
8749
8750
8751
8752
8753
8756
8757
8758
8759
8761
8762
8764
8766
8768
8769
8770
8771
8772
8773
8776
8777
8778
8779
8780
8781
8782
8783
8784
8785
8786
8787
8788
8789
8790
8791
8792
8793
8794
8795
8796
8799
8800
8801
8801
8802
8803
8804
8805
8806
8807
8808
8809
8810
8811
8812
8813
8814
8815
8816
8817
8818
8819
8820
8821
8821
8822
8823
8824
8825
8826
8827
8828
8829
8830
8831
8832
8833
8834
8835
8836
8836
8837
8838
8839
8840
8841
8842
8843
8844
8845
8846
8847
8848
8849
8850
8851
8852
8853
8854
8855
8856
8857
8858
8859
8860
8861
8862
8863
8864
8864
8865
8866
8867
8868
8869
8870
8871
8872
8873
8874
8875
8876
8877
8878
8879
8880
8881
8882
8883
8884
8885
8886
8887
8888
8889
8890
8892
8895
8896
8897
8898
8898
8899
8900
8901
8904
8905
8906
8907
8908
8909
8910
8911
8912
8913
8914
8915
8916
8919
8920
8921
8922
8923
8925
8926
8927
8928
8929
8930
8931
8932
8934
8935
8936
8937
8938
8939
8940
8942
8943
8944
8945
8946
8947
8948
8949
8950
8951
8952
8953
8954
8955
8956
8957
8957
8958
8959
8960
8961
8963
8964
8964
8965
8966
8967
8968
8969
8970
8972
8973
8975
8976
8977
8978
8979
8980
8981
8982
8983
8984
8985
8986
8987
8988
8989
8990
8991
8992
8993
8994
8995
8996
8997
8998
8999
9000
9001
9002
9003
9004
9005
9005
9006
9007
9008
9009
9010
9011
9012
9013
9014
9015
9016
9017
9018
9019
9020
9021
9022
9024
9026
9027
9028
9029
9030
9031
9032
9034
9035
9036
9037
9038
9039
9040
9041
9042
9043
9045
9046
9047
9048
9051
9052
9054
9054
9055
9056
9056
9057
9059
9060
9061
9062
9063
9064
9065
9066
9067
9068
9069
9070
9071
9072
9073
9074
9076
9077
9078
9079
9080
9081
9082
9083
9085
9087
9088
9089
9090
9092
9093
9094
9095
9096
9097
9098
9099
9100
9101
9102
9103
9104
9105
9106
9107
9108
9109
9110
9111
9112
9113
9114
9115
9116
9117
9118
9119
9122
9123
9124
9126
9127
9128
9129
9131
9133
9134
9135
9136
9137
9139
9140
9141
9145
9146
9148
9149
9150
9151
9152
9153
9154
9155
9156
9157
9158
9159
9160
9161
9162
9163
9164
9165
9166
9167
9168
9169
9170
9171
9172
9173
9174
9175
9176
9177
9178
9179
9180
9181
9182
9183
9184
9185
9186
9187
9188
9191
9192
9193
9194
9195
9196
9197
9198
9199
9200
9201
9202
9203
9204
9205
9206
9207
9208
9209
9210
9211
9212
9213
9214
9217
9219
9219
9220
9221
9222
9223
9224
9225
9226
9227
9228
9229
9231
9232
9233
9234
9235
9236
9237
9238
9240
9240
9241
9242
9243
9246
9246
9247
9248
9249
9250
9251
9252
9253
9254
9255
9256
9257
9258
9259
9260
9261
9264
9265
9266
9267
9268
9268
9269
9270
9271
9272
9273
9274
9275
9276
9277
9278
9279
9280
9281
9282
9283
9284
9285
9286
9287
9287
9288
9289
9290
9291
9291
9292
9293
9294
9295
9296
9297
9298
9299
9300
9301
9302
9303
9304
9305
9305
9306
9307
9308
9309
9310
9310
9311
9312
9313
9314
9315
9316
9317
9318
9319
9320
9321
9322
9324
9327
9328
9330
9330
9331
9331
9332
9333
9334
9335
9336
9337
9338
9339
9340
9341
9342
9343
9344
9345
9346
9347
9348
9349
9350
9351
9353
9354
9355
9356
9357
9358
9359
9360
9361
9362
9363
9364
9365
9366
9367
9368
9369
9370
9371
9372
9373
9374
9375
9376
9377
9378
9379
9380
9381
9382
9383
9384
9385
9386
9387
9388
9389
9390
9391
9392
9393
9394
9395
9396
9397
9398
9399
9400
9401
9402
9403
9404
9405
9406
9407
9408
9409
9410
9411
9412
9413
9414
9415
9416
9417
9418
9419
9420
9421
9422
9423
9424
9425
9426
9427
9428
9429
9430
9431
9432
9433
9434
9435
9436
9437
9438
9439
9440
9441
9442
9443
9444
9445
9446
9447
9448
9449
9450
9451
9452
9453
9454
9455
9456
9457
9458
9459
9460
9461
9462
9463
9464
9465
9466
9467
9468
9469
9470
9471
9472
9473
9474
9475
9476
9477
9478
9479
9480
9481
9482
9483
9484
9485
9486
9487
9488
9489
9490
9491
9492
9493
9494
9495
9496
9497
9498
9499
9500
9501
9502
9503
9504
9505
9506
9507
9508
9509
9510
9511
9512
9513
9514
9515
9516
9517
9518
9519
9520
9521
9522
9523
9524
9525
9526
9527
9528
9529
9530
9531
9532
9534
9535
9536
9537
9538
9539
9540
9541
9543
9546
9547
9548
9549
9551
9552
9553
9554
9555
9556
9557
9558
9559
9560
9561
9562
9563
9564
9565
9566
9567
9568
9569
9570
9571
9571
9572
9573
9574
9575
9576
9577
9580
9581
9582
9583
9584
9584
9585
9586
9587
9587
9588
9589
9590
9591
9592
9593
9594
9595
9596
9597
9598
9599
9600
9601
9602
9603
9604
9605
9606
9607
9608
9609
9610
9611
9612
9613
9614
9615
9616
9618
9619
9620
9621
9622
9623
9624
9625
9626
9627
9628
9630
9631
9632
9633
9634
9635
9636
9637
9638
9639
9640
9641
9642
9643
9644
9645
9646
9647
9648
9649
9651
9652
9653
9654
9655
9656
9657
9658
9659
9660
9661
9662
9663
9664
9665
9666
9667
9668
9669
9670
9671
9672
9673
9674
9675
9676
9677
9678
9679
9680
9681
9682
9683
9684
9685
9686
9687
9688
9689
9689
9690
9691
9692
9693
9694
9695
9696
9697
9698
9699
9700
9701
9702
9703
9704
9705
9706
9707
9708
9712
9713
9717
9718
9719
9720
9721
9722
9723
9724
9725
9726
9727
9728
9729
9730
9731
9732
9733
9734
9735
9736
9737
9738
9739
9740
9741
9742
9743
9744
9745
9747
9748
9749
9750
9751
9752
9753
9754
9755
9756
9757
9758
9759
9760
9761
9762
9766
9767
9769
9771
9772
9773
9774
9775
9776
9777
9778
9779
9780
9781
9782
9783
9784
9785
9786
9787
9788
9789
9790
9791
9792
9793
9794
9796
9797
9798
9799
9800
9801
9802
9803
9804
9805
9806
9807
9808
9809
9810
9811
9812
9813
9814
9815
9816
9817
9818
9819
9820
9821
9822
9823
9824
9825
9826
9827
9828
9829
9830
9831
9832
9833
9834
9835
9836
9837
9838
9839
9840
9841
9842
9843
9844
9845
9846
9847
9848
9849
9850
9851
9852
9853
9854
9855
9856
9857
9858
9859
9860
9861
9865
9866
9867
9868
9870
9872
9873
9874
9875
9876
9877
9878
9879
9880
9881
9882
9883
9884
9885
9886
9887
9888
9889
9890
9891
9892
9893
9894
9897
9898
9899
9900
9901
9902
9903
9903
9904
9905
9906
9907
9908
9909
9910
9911
9912
9913
9914
9915
9916
9917
9918
9919
9920
9921
9922
9923
9924
9925
9926
9927
9928
9929
9930
9931
9932
9933
9934
9935
9936
9937
9938
9939
9940
9943
9944
9945
9946
9947
9948
9949
9950
9951
9952
9953
9954
9955
9956
9957
9958
9959
9960
9961
9962
9963
9964
9965
9966
9967
9968
9969
9970
9971
9972
9973
9974
9975
9976
9977
9978
9979
9980
9981
9982
9983
9984
9985
9986
9987
9988
9989
9990
9991
9992
9993
9994
9995
9996
9997
9998
9999
10000
10001
10002
10003
10005
10007
10008
10009
10010
10011
10012
10013
10014
10015
10016
10017
10018
10019
10020
10021
10022
10023
10024
10025
10026
10027
10028
10029
10030
10031
10032
10033
10034
10035
10036
10037
10038
10039
10040
10041
10042
10043
10044
10045
10046
10047
10048
10049
10050
10051
10052
10053
10054
10055
10056
10057
10058
10060
10061
10062
10063
10064
10065
10066
10067
10068
10069
10071
10072
10073
10075
10076
10077
10078
10082
10083
10084
10085
10086
10087
10088
10089
10090
10091
10092
10093
10094
10095
10096
10097
10098
10099
10100
10101
10102
10103
10104
10105
10106
10107
10108
10109
10110
10111
10112
10113
10114
10115
10116
10117
10118
10119
10120
10121
10122
10123
10124
10125
10126
10127
10128
10129
10130
10131
10132
10133
10134
10135
10136
10137
10138
10139
10140
10141
10142
10143
10144
10145
10147
10148
10149
10150
10151
10152
10153
10154
10155
10156
10157
10158
10159
10160
10161
10162
10163
10164
10165
10166
10167
10168
10169
10170
10172
10173
10174
10175
10176
10177
10179
10180
10182
10183
10184
10185
10188
10189
10190
10191
10192
10194
10195
10198
10199
10200
10201
10202
10203
10204
10205
10206
10207
10208
10209
10210
10211
10212
10213
10214
10215
10216
10217
10218
10219
10220
10221
10222
10223
10224
10225
10226
10227
10228
10229
10230
10231
10232
10233
10234
10235
10236
10237
10238
10239
10240
10241
10242
10243
10244
10245
10246
10247
10247
10248
10249
10250
10251
10252
10253
10254
10255
10256
10257
10258
10259
10260
10261
10262
10263
10264
10265
10266
10267
10268
10269
10270
10271
10272
10273
10274
10275
10276
10277
10279
10280
10281
10282
10283
10284
10285
10286
10287
10288
10289
10290
10291
10291
10292
10293
10294
10295
10296
10297
10298
10299
10300
10301
10302
10303
10304
10305
10306
10307
10308
10309
10310
10311
10312
10313
10314
10316
10317
10318
10319
10320
10321
10322
10323
10324
10325
10326
10327
10328
10329
10330
10331
10332
10333
10334
10335
10336
10337
10338
10339
10340
10341
10342
10343
10344
10348
10350
10352
10353
10354
10355
10356
10357
10358
10359
10360
10361
10362
10363
10364
10365
10366
10367
10368
10369
10370
10371
10372
10373
10374
10375
10376
10377
10378
10379
10380
10381
10382
10383
10384
10385
10387
10388
10390
10391
10392
10393
10394
10395
10396
10397
10398
10399
10400
10401
10402
10403
10404
10405
10406
10409
10409
10410
10411
10412
10413
10415
10418
10419
10420
10421
10422
10423
10424
10425
10426
10427
10428
10429
10430
10431
10432
10433
10434
10435
10436
10437
10438
10439
10440
10441
10442
10443
10444
10445
10446
10447
10448
10449
10450
10451
10452
10453
10454
10455
10456
10457
10458
10459
10460
10461
10462
10463
10464
10465
10466
10467
10468
10469
10471
10473
10474
10475
10476
10478
10480
10481
10482
10483
10484
10485
10486
10487
10488
10489
10490
10491
10492
10493
10494
10495
10496
10497
10498
10499
10500
10501
10502
10503
10504
10505
10506
10507
10508
10509
10510
10511
10512
10514
10515
10516
10517
10518
10519
10520
10522
10524
10525
10526
10527
10528
10530
10531
10533
10534
10535
10536
10537
10538
10538
10539
10540
10541
10542
10543
10544
10545
10546
10547
10548
10550
10552
10553
10554
10555
10556
10557
10558
10559
10560
10561
10562
10563
10564
10565
10566
10567
10568
10569
10570
10571
10572
10573
10574
10575
10576
10577
10578
10579
10580
10581
10582
10583
10584
10585
10586
10587
10588
10589
10590
10591
10592
10593
10594
10595
10596
10597
10598
10599
10600
10601
10602
10603
10604
10605
10606
10607
10608
10609
10610
10611
10612
10613
10614
10615
10617
10618
10619
10620
10621
10625
10626
10627
10628
10629
10630
10632
10633
10634
10635
10636
10637
10638
10639
10640
10641
10644
10645
10646
10647
10648
10649
10650
10651
10652
10653
10654
10655
10656
10657
10659
10660
10661
10662
10663
10664
10665
10666
10667
10668
10669
10670
10671
10672
10673
10674
10675
10676
10677
10678
10679
10681
10683
10684
10685
10688
10689
10690
10691
10692
10693
10694
10695
10696
10697
10698
10699
10702
10703
10704
10708
10709
10710
10711
10712
10713
10714
10715
10716
10717
10718
10719
10720
10721
10722
10723
10724
10725
10726
10727
10728
10729
10730
10731
10732
10733
10735
10735
10737
10738
10739
10740
10741
10742
10743
10744
10745
10746
10747
10748
10749
10750
10751
10752
10753
10754
10755
10756
10757
10758
10759
10760
10761
10762
10763
10768
10769
10770
10772
10773
10774
10775
10776
10777
10778
10779
10780
10781
10782
10783
10784
10785
10786
10787
10788
10789
10790
10791
10792
10793
10794
10795
10796
10797
10798
10799
10800
10801
10802
10804
10805
10806
10807
10808
10810
10812
10813
10814
10815
10816
10817
10818
10820
10821
10822
10823
10824
10825
10826
10827
10828
10829
10830
10831
10832
10833
10834
10835
10836
10837
10838
10839
10840
10841
10842
10843
10844
10845
10846
10850
10851
10852
10853
10854
10855
10856
10856
10857
10858
10859
10860
10861
10862
10863
10864
10865
10866
10867
10868
10869
10870
10871
10872
10873
10874
10875
10876
10877
10877
10878
10879
10880
10880
10881
10882
10883
10884
10885
10886
10887
10888
10889
10890
10891
10892
10893
10894
10895
10896
10897
10898
10899
10900
10901
10902
10903
10904
10905
10906
10907
10908
10909
10910
10911
10912
10913
10914
10915
10916
10917
10918
10919
10920
10921
10922
10923
10924
10925
10926
10927
10928
10929
10930
10931
10932
10933
10934
10936
10937
10938
10940
10941
10943
10944
10945
10946
10947
10948
10949
10950
10951
10952
10953
10954
10955
10956
10957
10958
10959
10960
10961
10962
10963
10964
10965
10966
10966
10968
10969
10970
10971
10972
10973
10974
10975
10976
10977
10978
10979
10980
10981
10982
10983
10984
10987
10988
10989
10990
10992
10994
10996
10997
10998
10999
11000
11001
11003
11005
11006
11006
11007
11008
11009
11010
11011
11012
11013
11014
11015
11016
11018
11020
11021
11022
11023
11023
11024
11025
11026
11028
11030
11031
11032
11033
11035
11037
11038
11039
11041
11044
11045
11045
11046
11047
11048
11049
11050
11051
11052
11053
11054
11055
11056
11057
11059
11060
11061
11062
11063
11064
11065
11066
11067
11068
11069
11070
11071
11072
11075
11076
11077
11078
11079
11080
11081
11082
11083
11084
11085
11087
11092
11093
11094
11095
11096
11097
11098
11099
11100
11101
11102
11103
11104
11105
11107
11108
11109
11110
11111
11112
11113
11114
11115
11116
11117
11118
11119
11120
11121
11123
11124
11125
11126
11127
11128
11129
11130
11131
11132
11133
11134
11135
11136
11137
11138
11139
11140
11141
11142
11142
11143
11144
11145
11146
11147
11148
11149
11151
11155
11156
11157
11158
11159
11160
11164
11165
11166
11167
11168
11169
11170
11171
11173
11174
11175
11176
11177
11178
11179
11180
11181
11182
11183
11184
11185
11186
11187
11188
11189
11190
11191
11192
11193
11194
11195
11196
11197
11198
11199
11200
11201
11202
11203
11204
11205
11206
11207
11208
11209
11211
11213
11214
11215
11216
11217
11218
11219
11220
11221
11222
11223
11224
11225
11226
11228
11229
11230
11231
11232
11233
11234
11235
11236
11237
11238
11239
11240
11242
11243
11244
11245
11246
11247
11249
11250
11251
11252
11253
11254
11256
11259
11260
11261
11262
11263
11264
11265
11266
11267
11268
11269
11270
11271
11272
11273
11274
11275
11276
11277
11278
11279
11280
11281
11282
11283
11284
11285
11286
11287
11288
11289
11292
11293
11294
11295
11296
11297
11298
11299
11300
11301
11302
11303
11304
11305
11306
11307
11308
11311
11312
11313
11314
11315
11316
11317
11318
11319
11320
11321
11322
11323
11324
11325
11326
11327
11328
11329
11330
11331
11332
11333
11336
11337
11338
11339
11340
11341
11343
11344
11345
11346
11347
11348
11349
11350
11351
11352
11353
11354
11355
11356
11357
11358
11359
11360
11361
11362
11363
11364
11365
11366
11367
11368
11369
11370
11371
11372
11373
11374
11375
11376
11377
11378
11379
11380
11382
11383
11385
11386
11387
11388
11389
11390
11391
11392
11393
11394
11395
11396
11397
11398
11399
11400
11401
11402
11403
11404
11405
11406
11407
11408
11409
11410
11411
11412
11413
11414
11415
11416
11417
11418
11419
11420
11423
11424
11425
11426
11427
11428
11429
11430
11431
11432
11433
11434
11437
11438
11439
11440
11441
11442
11443
377
51
59
57
85
60
65
64
99
66
68
82
80
454
88
91
90
94
93
125
95
106
105
109
108
130
115
119
117
124
123
156
155
160
159
176
175
150
175
176
174
181
180
192
191
199
198
200
199
198
200
195
203
201
206
205
216
215
554
219
227
222
246
228
560
236
251
250
261
258
264
263
658
267
269
267
658
279
276
803
277
809
280
283
298
292
296
296
295
302
296
295
301
300
305
304
283
313
311
311
313
321
314
319
317
338
337
866
344
347
346
348
346
347
351
350
359
357
362
357
359
415
358
428
374
376
375
381
378
386
386
382
382
385
384
387
387
386
382
58
430
388
389
389
388
388
430
395
390
395
390
390
389
388
388
430
390
395
395
392
398
390
390
395
395
392
393
392
392
395
395
390
390
395
395
392
392
393
393
391
404
401
420
419
360
427
421
426
425
441
435
438
437
437
438
438
433
465
465
437
438
457
456
463
459
462
462
461
466
466
465
477
475
501
478
476
487
484
487
487
484
460
500
500
499
507
506
506
515
515
514
516
514
515
526
523
523
526
526
524
532
532
531
534
534
533
534
533
533
527
537
537
535
535
535
537
537
536
536
546
545
545
546
544
559
558
558
559
558
556
556
558
558
559
559
534
533
562
561
569
569
567
985
576
986
579
584
582
984
588
593
593
592
596
593
592
595
594
594
595
559
559
558
597
594
594
595
600
599
609
608
611
611
610
613
610
611
612
611
610
616
615
616
615
615
569
567
676
617
619
618
620
618
619
632
630
634
633
638
633
634
638
633
633
643
636
647
641
645
644
648
644
645
649
646
646
646
649
645
645
644
644
648
651
650
709
653
653
656
655
660
659
664
662
673
671
683
682
686
685
720
719
724
722
730
728
734
733
736
735
741
738
748
746
771
754
760
759
766
765
806
806
780
782
781
792
790
1204
794
805
804
814
813
1254
821
845
844
853
851
852
851
851
853
876
874
878
877
880
879
886
885
889
888
1332
890
1316
892
902
901
900
909
907
907
945
924
933
932
944
943
947
944
944
943
947
944
944
943
943
500
499
500
943
944
947
951
949
949
951
951
950
951
950
955
952
980
953
968
967
979
978
1539
988
990
989
993
992
1011
1011
992
992
993
997
996
996
997
996
994
1000
999
1005
1004
1039
1006
1010
1009
1013
1012
1048
1047
1080
1077
1091
1091
1083
1106
1086
1095
1094
1679
1096
1098
1096
1679
1679
1096
1096
1098
1098
1097
1124
1117
1122
1119
1123
1121
1149
1145
1146
1145
1149
1185
1147
1159
1154
1846
1846
1155
1158
1157
1171
1169
1175
1172
1216
1178
1182
1179
1188
1187
1152
1206
1205
1215
1215
1214
1218
1215
1214
1266
1265
1280
1279
1284
1281
1916
1285
1920
1307
1346
1345
1353
1352
1352
1353
1351
1352
1353
1353
1351
1351
1350
1357
1356
1363
1362
1364
1362
1363
1423
1380
1405
1384
1407
1406
1411
1411
1410
1415
1412
1426
1424
1433
1432
1439
1436
1453
1452
1455
1455
1456
1458
1457
1492
1459
1464
1462
1469
1468
1478
1477
1481
1479
1483
1482
1507
1494
1541
1540
2057
1542
1544
1544
1543
1557
1555
2075
1566
1590
1570
1612
1579
1610
1607
1614
1613
1625
1624
1637
1627
1632
1632
1631
1633
1641
1640
1071
1652
1649
1651
1650
1654
1653
1686
1660
1662
1661
1678
1676
1683
1681
2171
1687
1703
1701
1705
1705
1704
1709
1705
1704
1721
1720
2180
2180
1726
1726
2180
1726
1724
1735
1733
1734
1763
1763
1762
1764
1763
1762
1771
1770
1770
1771
1770
1769
2286
1772
1787
1773
1847
1786
1789
1788
1792
1791
1794
1793
1804
1796
1808
1806
1815
1814
1821
1817
1828
1826
1870
1830
1833
1830
1830
1870
1832
1831
1837
1836
1845
1841
1843
1842
1871
1842
1843
1842
1842
1871
1849
1846
1155
1859
1856
2345
1857
1861
1860
1864
1862
1890
1862
1864
1864
1890
1890
1862
1862
1864
1864
1863
1862
1862
1864
1864
1863
1866
1865
1865
1866
1865
1862
1862
1864
1869
1868
1872
1868
1869
1882
1879
1887
1886
2409
1888
1888
1888
2409
2409
1889
1895
1892
1903
1903
1902
1902
1906
1902
1902
1903
1905
1904
1905
1905
1904
1901
1907
1906
1906
1902
1902
1903
2434
1903
1902
1906
1907
1912
1910
1910
1921
1918
2435
1919
1926
1925
1939
1934
1934
1939
1937
1950
1938
1944
1942
1949
1948
1964
1949
1949
1948
1962
1961
1981
1980
1983
1982
1992
1991
1995
1991
1991
1992
2011
2010
2529
2022
2026
2025
2023
2030
2027
2033
2032
2031
2060
2041
2056
2053
2059
2058
2074
2061
2065
2064
2556
2556
2076
2084
2083
2089
2088
2097
2093
2571
2094
2095
2094
2571
2105
2100
2101
2100
2100
2105
2103
2103
2102
2102
2106
2103
2102
2103
2106
2593
2117
2120
2117
2117
2593
2119
2118
2124
2123
2136
2128
2134
2133
2616
2133
2133
2134
2146
2144
2661
2145
2155
2154
2198
2157
2159
2160
2134
2133
2160
2159
2158
2163
2163
2162
2164
2163
2162
2168
2165
2167
2166
2169
2168
2168
2165
2169
2168
2168
2165
2165
2162
2162
2163
2163
2164
2181
2181
2180
2180
1726
2183
2183
2182
2182
2245
2183
2182
2189
2186
2190
2187
2184
2186
2189
2188
2667
2191
2195
2196
2194
2201
2199
2199
2201
2200
2674
2674
2202
2649
2203
2203
2649
2649
2204
2218
2214
2228
2227
2233
2231
2243
2243
2242
2260
2243
2242
2253
2252
2255
2252
2252
2253
2287
2267
2281
2280
2283
2282
2282
2283
2282
2279
1772
2286
2284
2292
2291
2294
2293
2295
2295
2300
2295
2293
2294
2298
2296
2785
2319
2322
2322
2321
2326
2325
2333
2332
2829
2336
2349
2347
2350
2348
2841
2354
2355
2358
2357
2357
2358
2355
2354
2378
2357
2357
2358
2855
2368
2375
2374
2387
2383
2390
2385
2392
2391
2397
2395
2408
2407
2407
2408
2406
2424
2423
2432
2431
2438
2436
2452
2450
2903
2451
2457
2455
2478
2478
2477
2477
2477
2478
1945
2520
2519
2522
2521
2527
2523
2535
2524
2532
2531
2540
2533
2544
2542
2579
2556
2076
2580
2578
2583
2581
2592
2591
2592
2591
2591
2572
2609
2608
2612
2610
2622
2611
2611
2614
2613
2619
2618
2641
2623
2629
2628
2636
2628
2628
2629
2642
2634
2637
2635
2646
2643
2652
2651
2656
2654
2654
2656
2654
2618
2618
2619
3080
2654
2656
2656
3080
2654
2656
2655
2654
2654
2656
2656
2655
3089
2658
2664
2664
2663
2670
2667
2667
2191
2675
2674
2202
2685
2684
2691
2690
2699
2698
2715
2714
3126
2717
3160
3160
2735
2737
2736
2738
2737
2737
2736
2759
2758
2776
2768
2772
2771
2771
2772
2770
2775
2774
2786
2778
2781
2779
3239
2783
2790
2788
2812
2809
2811
2810
2817
2816
2822
2821
2833
2832
2860
2838
2838
2860
2860
2839
2862
2850
2858
2857
2877
2876
2886
2885
2900
2899
2908
2907
2912
2911
2914
2913
2913
3363
2914
2914
2913
2919
2917
2923
2922
2928
2927
2956
2936
2937
2936
2936
2956
2936
2956
2951
2952
2952
2954
2952
2951
2956
2956
2936
2958
2957
2961
2960
2979
2963
2966
2965
2963
2979
2978
2982
2981
3006
3005
3011
3008
3017
3012
3491
3491
3020
3038
3021
3057
3032
3066
3065
3069
3068
3075
3073
3101
3077
3079
3077
3101
3097
3096
3100
3099
3099
3100
3098
3103
3103
3102
3111
3111
3110
3127
3125
3153
3152
3161
3160
2735
3160
3161
3166
3165
2747
3168
3167
3173
3172
3176
3176
3175
3201
3200
3202
3200
3201
3219
3218
3229
3228
3236
3234
3246
3245
3264
3262
3274
3271
3300
3292
3295
3293
3293
3295
3294
3316
3316
3296
3298
3297
3308
3307
3800
3309
3812
3312
3317
3316
3296
3328
3326
3809
3327
3848
3345
3866
3345
3848
3357
3355
3369
3369
3359
3358
3362
3360
3366
3364
3862
3369
3355
3357
3862
3369
3369
3355
3355
3386
3370
3377
3376
3392
3385
3410
3409
3397
3422
3413
3413
3424
3423
3915
3423
3424
3423
3423
3915
3470
3458
3475
3473
3502
3486
3020
3491
3489
3489
3491
3496
3494
3503
3502
3502
3486
3506
3504
3984
3505
3535
3517
3537
3522
3067
3532
3525
3528
3527
3538
3538
3529
3539
3539
3530
3541
3540
3542
3542
3541
3541
3540
3540
3547
3542
3541
3541
3540
3545
3543
3543
3545
3543
3540
3541
3542
3543
3545
3544
3552
3551
3557
3556
3560
3556
3556
3557
3559
3558
3559
3558
3555
3561
3560
3560
3556
3556
3557
3561
3560
3560
3556
3556
3557
3557
3554
3568
3567
3586
3592
3590
3599
3598
3605
3603
4065
3615
3613
3620
3619
3619
3620
3620
3618
3630
3628
3632
3631
3646
3645
3660
3656
3655
3655
3663
3658
3657
3667
3666
3672
3671
3671
3672
3670
4165
3674
3677
3676
3680
3678
3686
3684
3694
3689
3693
3692
3699
3701
3692
3693
3705
3704
3710
3707
3707
3715
3712
3713
3712
3715
3713
3710
3710
3707
3711
3707
3710
3713
3713
3712
3712
3715
4199
3714
3714
4199
3675
3717
3716
3723
3723
3718
3720
3724
3723
3718
3720
3718
3718
3723
3723
3724
3723
3724
3728
3726
4219
3746
3749
3748
3754
3752
3752
3754
3752
3745
3762
3760
3766
3765
3741
4236
3772
3775
3774
3788
3785
3789
3786
3783
3785
3788
3787
3312
3812
3812
3790
3812
3790
3795
3794
3794
3795
3795
3793
3807
3806
3830
3829
3846
3831
3834
3833
3833
3834
3834
3805
3836
3835
3839
3837
3842
3841
3843
3845
3844
4293
3847
3863
3860
3871
3868
3878
3877
3884
3883
3902
3902
3887
3905
3887
3902
3889
3888
3890
3892
3891
3906
3893
3908
3893
3893
3906
3895
3894
3902
3887
3887
3905
3905
3898
3907
3899
3903
3903
3901
3901
3903
3902
3887
3887
3887
3902
3902
3903
3914
3909
4361
3910
3925
3911
3937
3919
3926
3926
3920
3921
3921
3924
3923
3923
3923
3924
3924
3920
3926
3923
3923
3924
3924
3922
3926
3923
3924
3922
3921
3924
3924
3923
3923
3926
3920
3924
3923
3923
3926
3926
3928
3928
3927
3929
3928
3927
4381
3938
3944
3939
3942
3940
3942
3940
3940
3938
4381
3940
3942
3942
3941
4397
3951
3974
3973
3979
3978
4013
3993
3995
3994
3998
3996
3998
3996
3996
3982
4430
3997
4439
4012
4016
4014
4022
4020
4020
4022
4021
4454
4023
4034
4029
4029
4034
4032
4457
4033
4045
4041
4068
4048
4070
4049
4069
4051
4056
4054
4060
4058
4067
4066
4072
4071
4083
4082
4085
4084
4526
4085
4085
4084
4091
4091
4089
4093
4091
4089
4089
4091
4091
4093
4093
4088
4091
4093
4093
4091
4093
4092
4094
4092
4093
4093
4091
4098
4096
4097
4096
4098
4102
4101
4105
4105
4104
4108
4107
4539
4110
4120
4117
4542
4124
4124
4542
4542
4119
4126
4124
4124
4542
4542
4119
4131
4130
4140
4139
4196
4150
4154
4153
4178
4170
4184
4183
4190
4189
4192
4192
4191
4194
4191
4192
4193
4192
4191
4198
4197
4197
4204
4202
4206
4205
4227
4214
4216
4214
4227
4227
4214
4214
4216
4216
4215
4257
4226
4654
4226
4226
4257
4242
4241
4250
4249
4253
4251
4251
4251
4253
4253
4252
4253
4253
4252
4256
4258
4258
4257
4257
4226
4256
4260
4259
4259
4260
4262
4261
4703
4271
4284
4283
4290
4287
4297
4296
4306
4305
4327
4312
4316
4315
4318
4318
4317
4317
4330
4330
4318
4318
4317
4312
4327
4327
4325
4325
4327
4325
4324
4312
4327
4327
4325
4325
4324
4344
4343
4348
4345
4351
4350
4355
4354
4791
4360
4386
4385
4389
4387
4810
4387
4387
4389
4405
4405
4396
4401
4400
4410
4402
4407
4405
4405
4396
4396
4405
4407
4415
4414
4419
4416
4421
4420
3980
4456
4456
4455
4939
4463
4458
4467
4464
4468
4466
4472
4470
4474
4477
4474
4470
4472
4477
4925
4488
4507
4507
4506
4506
4507
4491
4527
4514
4517
4517
4516
4960
4516
4517
4963
4960
4516
4516
4517
4517
4963
4963
4517
4110
4539
4539
4537
4537
4539
4537
4536
4110
4539
4539
4537
4537
4536
4972
4543
4549
4547
4552
4552
4551
4552
4551
4551
4129
4983
4552
4551
4597
4596
4598
5045
4598
4596
4597
4601
4599
4608
4606
4633
4609
4620
4618
4624
4623
4628
4626
4634
4632
4638
4635
5074
5074
4636
4635
4638
4638
4637
4641
4640
4647
4646
4664
4664
4663
4665
4665
4664
4684
4666
4694
4691
4693
4692
4692
4693
4693
4690
4709
4708
4713
4713
4712
4714
4714
4713
4736
4735
4735
4736
4736
4734
4741
4740
4743
4742
4746
4745
5231
4747
4752
4752
4751
4754
4753
4754
4753
4753
4317
4318
4756
4755
4747
5231
5231
4755
4756
5240
4767
4783
4781
5265
4793
4799
4794
5266
4794
4794
4799
4831
4831
4817
4819
4818
4823
4822
4826
4825
5298
4827
5311
4831
4817
4833
4832
4835
4834
4838
4836
4844
4842
5357
4862
4869
4867
4911
4905
4919
4919
4918
4922
4921
4921
4953
4952
4962
4961
4962
4961
4961
4957
4969
4968
4977
4976
4987
4985
4992
4991
4995
4994
5501
4996
5069
5026
4588
5037
5031
5036
5035
5042
5041
5056
5055
5059
5057
5070
5058
5063
5062
5563
5066
5075
5074
4636
4636
5074
5074
5075
5075
4635
4638
5074
5075
5077
5076
5077
5076
5073
5082
5080
5591
5092
5103
5099
5101
5100
5109
5108
5605
5108
5108
5109
5112
5111
5125
5123
5126
5123
5125
5131
5128
5142
5139
5157
5156
5167
5164
5175
5175
5173
5176
5175
5173
5183
5181
5189
5186
5195
5193
5656
5196
5218
5216
5224
5223
5230
5227
5227
5230
4749
5239
5232
5248
5247
5257
5249
5252
5250
5281
5281
5279
5280
5280
5279
5279
5281
5297
5296
5318
5303
5310
5309
5313
5312
5747
5314
5314
5747
5314
5313
5313
5312
5322
5320
5328
5326
5329
5326
5328
5333
5332
5340
5339
5365
5363
5769
5366
5364
5783
5377
5411
5393
5412
5396
5395
5401
5398
5408
5406
5425
5425
5421
5426
5426
5426
5426
5425
5431
5430
5434
5433
5467
5466
5472
5470
5473
5471
5470
5472
5471
5471
5473
5872
5480
5481
5480
5480
5872
5489
5487
5885
5491
5492
5491
5491
5885
5494
5493
5507
5505
5514
5513
5518
5517
5520
5519
5532
5529
5928
5533
5929
5541
5561
5560
5571
5570
5579
5574
5581
5580
5984
5582
5990
5583
5595
5584
5594
5586
5597
5596
5602
5599
6050
5619
6050
5619
5620
5613
5659
5659
5641
5648
5646
5647
5646
5646
5648
5650
5649
5657
5655
5657
5655
5654
5660
5659
5641
5663
5662
6101
5664
5666
5665
5678
5677
5680
5679
5679
5683
5682
5696
5695
5733
5732
5742
5741
6243
5756
5764
5761
5774
5772
5772
5774
5773
5785
5779
5765
5782
5782
5781
5782
5781
5765
5782
5782
5781
5781
5768
5767
5768
5781
5782
5765
6319
5801
5810
5809
5826
5825
5845
5825
5825
5826
5828
5827
5830
5829
5832
5831
6374
5833
5849
5846
5848
5846
5849
5852
5851
5853
5851
5851
5852
5857
5856
5874
5874
5859
5859
5919
5862
5480
5872
5867
5868
5868
5870
5868
5867
5872
5872
5480
5878
5878
5877
5492
5491
5491
5885
5885
5878
5877
5884
5883
5890
5885
5885
5491
5909
5903
5915
5907
6434
5910
5910
6434
5910
5904
5920
5916
6394
5921
6459
5926
5976
5970
5974
5973
5978
5977
5980
5979
5582
5984
5983
5987
5986
6006
5991
6008
6007
6011
6009
6021
6021
6020
6022
6021
6020
6026
6026
6025
6030
6026
6025
6037
6035
6043
6038
6549
6042
6051
6046
6048
6047
6560
6049
6053
6052
6055
6055
6054
6067
6067
6066
6070
6069
6069
6082
6081
6086
6085
6105
6104
6104
6104
6105
6103
6109
6106
6130
6613
6131
6133
6132
6138
6137
6144
6143
6158
6156
6159
6160
6159
6161
6178
6161
6159
6159
6160
6164
6162
6172
6171
6175
6174
6663
6187
6196
6193
6217
6195
6216
6210
6690
6225
6229
6228
6235
6235
6234
6237
6237
6236
6257
6236
6237
6240
6240
6238
6238
6238
6240
6240
6239
6239
6256
6253
6253
6256
6256
6254
6256
6254
6266
6265
6288
6287
6291
6289
6300
6299
6310
6309
6323
6322
6357
6357
6324
6335
6339
6338
6380
6338
6339
6343
6340
6345
6345
6344
6346
6345
6344
6353
6351
6363
6811
6358
6385
6383
6395
6395
6389
6390
6390
6393
6392
6392
6392
6393
6393
6389
6395
6392
6392
6393
6393
6391
6395
6392
6393
6391
6390
6393
6393
6392
6392
6395
6389
6393
6392
6392
6395
6395
6856
6404
6425
6421
6870
6423
6882
6438
6440
6439
6466
6465
6477
6476
6480
6478
6473
6489
6488
6492
6488
6489
6493
6490
6490
6490
6493
6493
6489
6489
6488
6488
6492
6930
6491
6945
6501
6543
6541
6554
6554
6553
7016
6561
6567
6566
6569
6568
6571
6570
6582
6581
6587
6586
6620
6619
6619
6620
6618
6638
6631
6633
6632
6632
6656
6655
6655
6656
6655
6654
6662
6656
6656
6655
7098
6657
6680
6670
6709
6703
6708
6707
6707
6708
6707
6705
6705
6707
6707
6708
6708
6237
6236
7156
6723
6755
6754
6781
6779
6792
6789
6827
6804
6840
6837
6846
6846
6845
6852
6847
6850
6848
6850
6848
6848
6846
6845
6848
6850
6850
6849
6863
6862
6873
6872
6878
6876
6901
6901
6900
6904
6903
6907
6906
6920
6908
7310
6913
6916
6915
6919
6918
7331
6932
6934
6933
6939
6938
6943
6942
7364
6944
6950
6948
6976
6974
6975
6998
6997
7004
7003
7420
7003
7004
7010
7006
7021
7017
7468
7025
7027
7029
7028
7041
7041
7040
7054
7053
7055
7053
7054
7069
7061
7063
7062
7063
7062
6627
6625
7508
7064
7511
7070
7074
7073
7076
7076
7075
7078
7075
7076
7077
7076
7075
7085
7081
7103
7102
7105
7104
7120
7115
7128
7127
7589
7129
7131
7130
7133
7132
7140
7140
7139
7143
7140
7139
7142
7141
7141
7142
6708
6708
6707
7144
7144
7141
7141
7142
7149
7146
7148
7147
7137
7152
7151
7641
7175
7180
7178
7183
7182
7189
7185
7188
7185
7185
7189
7186
7199
7187
7185
7189
7187
7187
7199
7198
7196
7215
7214
7228
7227
7233
7231
7240
7239
7708
7247
7260
7259
7259
7748
7270
7274
7271
7775
7300
7342
7342
7304
7314
7312
7362
7318
7320
7319
7329
7328
7333
7328
7329
7333
7328
7328
7336
7336
7335
7339
7336
7335
7338
7337
7340
7340
7337
7337
7338
7347
7346
7346
7346
7347
7338
7338
7337
7347
7347
7346
7346
7344
7349
7349
7348
7351
7350
7350
7350
7351
7351
7347
7347
7346
7346
7344
7801
7350
7351
7354
7352
7352
7354
7354
7353
7353
7378
7378
7376
7381
7378
7376
7385
7382
7836
7394
7410
7398
7419
7399
7406
7401
7432
7402
7408
7407
7442
7442
7433
7437
7436
7443
7442
7433
7452
7450
7470
7469
7475
7474
7474
7927
7476
7492
7477
7479
7478
7940
7489
7505
7503
7517
7517
7515
7515
7517
7516
7516
7517
7522
7521
7525
7524
7529
7527
7533
7533
7532
7536
7535
7539
7537
7537
7539
7539
7531
7548
7542
7544
7543
7543
7544
7544
7533
7533
7532
7546
7545
7551
7550
8002
7552
7569
7555
7558
7557
7563
7562
8019
7565
7587
7567
7572
7571
7582
7581
7585
7581
7582
7586
7583
7583
7586
7582
7582
7581
7581
7585
7595
7584
8039
7590
7611
7597
7609
7608
7613
7608
7609
7613
7608
7608
7629
7615
8064
7617
7620
7619
7640
7625
7628
7626
7636
7635
8089
7648
7657
7656
7660
7658
7668
7664
7669
7665
7671
7670
7680
7678
7696
7681
8122
7682
7699
7683
7707
7684
7706
7685
7698
7697
7704
7703
7719
7718
7765
7724
7724
7765
7286
7725
7727
7726
7725
7726
7726
7727
7727
7729
7728
7733
7732
7736
7736
7734
7735
7734
7736
7744
7744
7742
7746
7744
7742
7744
7746
7746
7744
7746
7745
8213
7764
7772
7769
7774
7773
7778
7776
7784
7782
7828
7788
7800
7797
7797
7800
7800
7798
7800
7798
7812
7810
7811
8265
7824
7826
7825
7835
7834
7837
7836
7836
7394
7841
7838
7840
7839
7843
7842
7884
7859
7875
7875
7873
7876
7874
7880
7877
7879
7878
7881
7880
7880
7877
8320
7887
7890
7889
7890
7889
7889
7434
7892
7891
7895
7892
7892
7891
7894
7893
7907
7906
7917
7914
7914
7917
7914
7471
7922
7920
7929
7928
7939
7936
8362
7945
7952
7950
7954
7953
7966
7965
7980
7978
7982
7979
7984
7983
7996
7995
8000
7998
8053
8052
8053
8052
8052
8051
8055
8054
8085
8075
8082
8081
8084
8083
8099
8086
8105
8104
8114
8113
8115
8118
8116
8115
8116
8116
8118
8147
8117
8141
8138
8593
8152
8180
8179
8639
8188
8190
8189
8203
8202
8650
8205
8216
8209
8651
8210
8210
8651
8212
8209
8216
8215
8221
8220
8231
8227
8230
8228
8227
8231
8231
8229
8240
8235
8241
8239
8241
8239
8239
7814
8247
8246
8261
8260
8710
8272
8274
8273
8296
8295
8746
8304
8311
8309
8309
8311
8307
8331
8310
8760
8317
8344
8344
8343
8343
8344
8343
8341
7945
8362
8362
8361
8371
8369
8372
8370
8370
8372
8372
7944
8377
8375
8376
8375
8377
8379
8378
8868
8389
8396
8394
8407
8405
8422
8419
8424
8423
8438
8427
8432
8430
8431
8430
8432
8434
8433
8434
8433
8429
8428
8436
8435
8447
8442
8460
8446
8465
8465
8464
8468
8466
8470
8467
8476
8475
8481
8480
8483
8482
8492
8491
8976
8493
8504
8502
8516
8515
8543
8526
8996
8527
8509
8531
8530
9044
8535
8526
8543
8556
8555
8563
8557
9091
8577
9075
8592
9131
8596
9138
8607
8613
8611
8640
8631
8647
8646
8686
8685
8269
8688
8688
8687
8269
8688
8688
8687
8687
8226
8225
8226
8687
8688
8269
8688
8687
8692
8689
8698
8696
8696
8745
8703
8720
8715
8731
8729
8737
8736
8740
8738
8754
8747
8767
8765
8322
8323
8767
8767
8765
8765
8763
8763
8765
8767
8766
8766
8767
8767
8765
8769
8768
8775
8774
8782
8777
8781
8779
8790
8787
8793
8792
9248
9248
8794
9248
8794
8794
8762
8798
8797
8801
8800
8800
8801
8801
8822
8800
8800
8801
9269
8811
8817
8812
8820
8819
9282
8821
9283
8821
9282
8825
8824
8837
8836
8839
8838
9307
8841
8841
8844
8843
8855
8853
8865
8865
8864
8867
8865
8864
8864
8865
8865
8867
8867
8866
8866
8875
8874
8880
8879
8893
8891
8911
8898
8903
8902
9411
8914
8918
8917
8933
8924
8928
8926
8934
8932
8962
8962
8941
9454
8944
8957
8956
8941
8962
8957
8957
8956
9484
8964
8980
8964
8964
9484
9484
9497
8968
8970
8969
8974
8971
8986
8983
8985
8984
8988
8987
8509
8527
8527
8996
8996
8995
8527
8996
8996
8995
9005
9003
9003
9005
9001
9018
9017
9021
9020
9025
9023
9542
9542
9023
9025
9033
9026
9027
9042
9039
9050
9050
9049
9050
9049
9049
8542
8543
8543
8526
9050
9049
8542
9055
9055
9051
9055
9051
9051
9050
9049
9054
9052
9550
9053
9056
9055
9051
9551
9061
9559
9063
9058
9588
9065
9070
9069
9070
9069
9069
8554
9115
9071
9086
9084
9098
9096
9121
9120
9152
9123
9130
9125
9128
9127
9132
9131
8596
8597
9143
9142
9147
9144
9207
9171
9190
9189
9205
9202
9214
9213
9218
9216
9215
9682
9682
9217
9220
9219
9224
9223
9229
9229
9228
9728
9239
9230
9240
9235
9235
9240
9238
9243
9243
9242
9242
9246
9242
9242
9243
9245
9244
9245
9244
9241
9247
9246
9246
9242
9242
9243
9265
9243
9242
9246
9247
9259
9249
9256
9255
9263
9262
9268
9267
9267
9268
9266
9280
9279
9287
9287
9285
9285
9288
9285
9285
9287
9291
9289
9289
9289
9291
9290
9294
9293
9293
9332
9300
9311
9305
9306
9305
9311
9310
9308
9308
9308
9310
9310
9309
9325
9323
9329
9326
9331
9331
9328
9328
9331
9330
9337
9336
9336
9337
9337
9335
9335
9345
9344
9347
9346
9346
9352
9348
9343
9360
9355
9356
9356
9355
9355
9360
9358
9358
9357
9357
9882
9358
9357
9372
9360
9360
9355
9390
9389
9395
9393
9423
9423
9422
9427
9423
9422
9442
9438
9452
9450
9457
9456
10058
9458
9460
9459
9481
9476
9477
9476
9476
9481
9479
9478
9483
9482
9487
9486
9498
9495
10114
10114
9504
9511
9510
9518
9513
9515
9514
9519
9518
9518
9513
9531
9531
9522
9533
9522
9531
9532
9025
9023
9023
9542
9540
9545
9544
9549
9548
9552
9555
9553
9570
9564
10216
9576
9576
10216
9576
9571
9617
9577
9616
9579
9578
9629
9578
9579
9581
9584
9583
9583
9583
9584
9584
9582
9582
9587
9585
9585
9587
9585
9583
9584
9582
9585
9587
9586
10264
9601
9631
9630
10278
9650
10295
9666
9674
9672
9681
9680
9689
9688
9707
9704
9710
9709
10301
9709
9710
9714
9711
9716
9716
9715
9717
9716
9715
9726
9725
9776
9734
10315
9746
9762
9760
10347
9765
9770
9770
9768
9775
9773
10369
9781
10348
9798
10406
9818
9827
9825
9851
9826
9849
9848
9863
9862
9864
9863
9862
9871
9869
9879
9873
9876
9875
9873
9879
9879
9878
9896
9895
9925
9925
9924
10441
9925
9924
9936
9934
9942
9941
9964
9963
9978
9963
9963
9964
9979
9966
9966
9979
9966
9965
10466
9968
10001
10000
10006
10004
10014
10014
10013
10015
10014
10013
10019
10018
10513
10059
10065
10065
10064
10074
10070
10081
10079
10080
10091
10083
10088
10087
10090
10089
10095
10094
10550
10550
10097
10171
10146
10179
10150
10593
10164
10173
10172
10175
10174
10181
10178
10187
10186
10197
10196
10219
10217
10217
10219
10219
10217
10217
10262
10220
10223
10222
10222
10223
10223
10221
10225
10653
10227
10651
10229
10250
10250
10247
10253
10250
10247
9601
10264
10264
10263
10658
10268
10269
10291
10289
10328
10309
10312
10311
10327
10319
10324
10323
10326
10325
10329
10328
10328
10309
10346
10346
10345
10345
10345
10346
9730
10351
10349
10370
10367
10378
10377
10382
10381
10389
10386
10405
10404
10417
10407
10416
10407
10417
10414
10408
10420
10420
10419
10423
10420
10419
10422
10421
10899
10469
10470
10473
10470
10472
10479
10479
10477
10478
10477
10479
10478
10477
10477
10481
10480
10482
10481
10481
10480
10484
10483
10486
10483
10483
10484
10523
10521
10526
10525
10526
10525
10525
10060
10525
10526
10526
10524
10532
10532
10529
10529
10529
10532
10532
10531
10532
10531
10539
10538
10541
10540
10547
10546
10551
10549
10549
10551
10551
10551
10550
10582
10581
10585
10584
11141
10584
10584
10585
10636
10585
10585
10584
11149
10595
10624
10624
10616
10616
10648
10617
10621
10620
10623
10623
10622
10616
10624
10623
10622
10622
10623
10624
10624
10623
10624
10650
10626
10634
10630
11161
10631
10643
10642
10642
10643
10193
10656
10652
10674
10672
10680
10678
10677
10682
10686
10687
10686
10682
10692
10691
10697
10695
10707
10700
10700
10707
10701
10706
10705
10711
10710
10713
10712
10736
10734
10739
10735
10790
10735
10739
10741
10739
10739
10735
10735
10790
10813
10755
10762
10757
10760
10758
10760
10758
10758
10756
10758
10760
10760
10759
10764
10765
10764
10767
10766
10767
10767
10766
10766
10768
10766
10767
10765
10768
10766
10766
10767
10767
10770
10769
11172
10771
10777
10776
10791
10788
10796
10794
10825
10795
10811
10803
10807
10806
10806
10807
10806
10756
10756
10758
10758
10760
10808
10807
10807
10806
10803
10811
10809
10822
10820
10819
10824
10822
10820
10820
10819
10829
10828
10834
10833
10865
10836
10845
10844
10849
10849
10849
10848
10847
10853
10852
10856
10855
10876
10875
10880
10879
10879
10880
10879
10842
10879
10880
10877
10878
10877
10880
10880
10879
10883
10882
10903
10901
10910
10907
10919
10918
10967
10935
10938
10936
10942
10939
10966
10965
10974
10973
10980
10979
10982
10981
10986
10985
10991
11029
10993
10995
11004
11004
11002
11005
11006
10996
11040
11040
11006
11006
11005
11005
11004
11002
11019
11017
11066
11017
11019
11066
11017
11017
11026
11020
11025
11024
10991
11029
11027
11028
11027
11029
11029
10991
11036
11034
11038
11035
11043
11042
11047
11045
11056
11055
11063
11061
11058
11106
11058
11061
11061
11063
11063
11062
11062
11063
11063
11061
11061
11058
11058
11106
11061
11063
11063
11062
11064
11062
11062
11063
11063
11061
11070
11069
11074
11073
11088
11086
11042
11043
11043
11090
11091
11089
11097
11095
11108
11107
11152
11152
11122
11137
11136
11136
11145
11142
11143
11142
11142
11145
11145
11153
11150
11122
11152
11151
11151
11152
11154
11154
11153
11156
11155
11163
11162
11171
11170
11176
11175
11205
11181
11206
11186
11191
11190
11195
11194
11209
11204
11236
11208
11237
11209
11209
11204
11212
11210
11226
11225
11255
11227
11267
11230
11248
11241
11247
11246
11258
11257
11291
11290
11297
11296
11310
11309
11326
11325
11329
11327
11353
11331
11335
11334
11339
11338
11350
11344
11344
11350
11344
11343
11369
11349
11379
11378
11380
11379
11379
11378
11384
11381
11422
11421
11436
11435
11342
37
36
374
428
47
50
49
49
50
50
48
54
52
52
54
51
51
377
378
381
381
53
380
56
429
63
66
99
60
85
85
84
113
166
144
113
147
146
146
146
147
147
148
146
147
113
147
147
146
146
148
174
176
176
175
178
153
183
163
198
198
200
207
206
205
206
206
207
213
211
239
221
223
222
222
227
259
258
258
261
264
263
262
263
263
262
283
313
313
299
298
307
306
325
324
328
326
336
335
353
352
362
357
357
51
377
376
376
375
58
382
382
386
386
58
382
382
386
386
387
387
384
385
410
409
450
422
448
446
909
907
447
484
484
487
487
462
460
484
487
462
470
469
479
475
477
476
478
478
507
506
484
484
487
486
485
536
537
535
505
949
951
951
950
950
515
514
520
519
523
526
530
525
535
537
537
536
532
531
593
592
592
558
559
595
595
594
569
615
616
595
594
594
597
597
587
648
644
644
645
645
649
649
646
646
604
660
659
659
605
649
646
640
709
653
644
644
645
657
657
652
712
657
652
665
663
662
664
664
663
665
730
728
728
687
693
691
733
734
734
692
705
703
708
707
718
717
739
718
718
717
732
731
1084
735
735
736
1093
770
773
772
775
774
795
777
1159
1154
1154
779
1177
793
808
806
780
824
823
826
825
830
829
836
834
854
853
853
851
860
859
865
864
884
882
899
882
884
882
884
884
883
1316
892
892
891
890
1332
1332
893
900
901
904
903
905
903
903
904
1365
906
915
913
922
920
953
980
980
952
952
955
1451
956
1013
1012
1012
1011
992
992
993
1591
1019
1054
1023
1028
1027
1049
1045
1061
1059
1076
1073
1078
1077
1080
1077
1077
1078
1092
1091
1083
1722
1722
1112
1115
1114
1096
1679
1679
1114
1115
1807
1117
1171
1169
1120
1126
1125
1137
1134
1818
1144
1146
1145
1145
1146
1145
1145
1149
1149
1148
1850
1157
1157
1158
1169
1169
1120
1181
1178
1216
1180
1179
1182
1179
1179
1180
1859
1856
1856
1196
1249
1198
1201
1200
1210
1209
1222
1220
1220
1222
1221
1224
1223
1233
1232
1245
1243
1268
1266
1265
1266
1266
1268
1286
1283
1310
1309
1314
1312
1325
1324
1334
1333
1343
1342
1364
1362
1362
1388
1378
1381
1380
1423
1413
1411
1410
1431
1427
1435
1434
1440
1436
1439
1438
1438
1437
1436
1439
1439
1438
1437
1448
1447
1455
1459
1459
1479
1477
1481
1480
1491
1490
1498
1497
1500
1499
1513
1512
1518
1517
1522
1520
1525
1523
1527
1524
1554
1528
2075
1566
1566
1544
1543
1548
1546
1546
1548
1548
1547
1561
1560
1563
1562
1587
1585
1601
1597
1624
1623
1663
1632
1631
1636
1633
1638
1672
1634
1677
1677
1635
1700
1700
1673
1676
1678
1678
1677
1635
1702
1700
1673
1707
1706
1723
1722
1112
1736
1732
1732
1736
1732
1731
1743
1740
1752
1745
1751
1749
1760
1759
1797
1774
2299
1780
2318
1783
1791
1792
1792
1786
1847
1848
1790
1803
1801
2324
1813
1814
1812
1820
1817
1821
1858
1858
1857
1857
2345
1856
1859
1859
1858
1857
1857
2345
1880
1875
1877
1876
1882
1879
1879
1878
2409
2409
1889
2407
2408
2408
2406
2406
1888
1888
2407
2408
2408
2406
2406
1888
2409
1891
1890
1862
1864
1863
1913
1893
1904
1904
1901
1903
1902
1902
1906
1906
1907
1907
1903
1902
1902
1906
1906
1907
1907
1905
1914
1910
1911
1910
1914
1919
2435
2435
1928
1936
1934
1934
1939
1940
1937
1939
1939
1934
1958
1955
2497
1974
1977
1976
2505
1978
1991
1992
1990
2017
2008
2523
2527
2022
2023
2025
2034
2028
2032
2033
2040
2039
2045
2044
2051
2047
2543
2055
2055
2543
2055
2028
2028
2034
2107
2102
2103
2103
2106
2607
2122
2126
2123
2124
2139
2138
2176
2175
2181
2181
1726
2180
2180
2181
2181
2182
2182
2183
2183
2245
2245
2183
2183
2182
2182
2181
2180
2180
1726
1726
1724
2205
2202
2674
2222
2221
2224
2223
2226
2226
2225
2228
2227
2227
2226
2225
2226
2227
2228
2740
2254
2259
2256
2745
2261
2274
2273
2273
2274
2271
2281
2280
2280
2279
2282
2282
2283
2300
2295
2295
2293
2293
2306
2302
2315
2313
2313
2315
2314
2323
2322
2321
2322
2323
2327
2326
2326
2325
2845
2360
2365
2364
2389
2388
2418
2416
2442
2423
2424
2423
2423
2442
2428
2426
2446
2441
2443
2441
2446
2454
2453
2455
2457
2456
2460
2459
2909
2461
1945
2478
1945
2478
2478
2477
2475
2483
2479
2929
2485
2495
2494
2506
2505
2505
1978
2530
2528
2974
2531
2550
2544
2544
2542
2564
2564
2581
2604
2588
3033
2595
2622
2611
2610
2610
2612
2635
2637
2637
2631
2643
2646
2646
2644
2665
2664
2663
2682
2677
2689
2688
2728
2692
2703
2702
2705
2704
2704
2705
2705
2701
2711
2706
2746
2713
2727
2726
2743
2742
2757
2754
2825
2824
2827
2826
2827
2826
2826
2823
3316
3296
3296
2840
2872
2871
2914
2913
2900
2900
2899
3400
2939
2954
2952
2952
2951
2951
2975
2973
2996
2988
3010
3008
3008
3011
3024
3023
3518
3058
3061
3059
3082
3069
3069
3068
3073
3075
3075
3074
3085
3084
3077
3077
3101
3101
3098
3098
3100
3100
3099
3079
3077
3077
3101
3101
3098
3100
3100
3099
3104
3103
3102
3103
3104
3109
3108
3112
3111
3110
3150
3149
3596
3153
3153
3152
2747
3165
3177
3176
3175
3187
3185
3193
3192
3195
3194
3218
3219
3207
3211
3208
3210
3209
3221
3220
3717
3716
3716
3223
3231
3230
3737
3233
3335
3334
3409
3410
3422
3413
3412
3418
3416
3420
3419
3456
3444
3463
3462
3487
3486
3486
3502
3521
3497
3535
3519
3543
3545
3545
3544
3544
3538
3529
4019
3539
3530
3545
3543
3543
3540
3540
3541
3541
3542
3542
3547
3540
3541
3541
3542
3542
3547
3547
3546
3558
3558
3555
3586
4058
4058
3615
4065
3624
3621
3636
3633
4095
3640
4096
4098
4098
3645
3646
4096
4098
4098
3645
3645
3663
3655
3660
3657
3656
4156
3664
3669
3665
4198
4197
3700
3710
3707
3704
3704
3705
3709
3708
3707
3710
3710
3713
3713
3712
3712
3727
3725
3738
3731
3752
3754
3753
4313
3868
3871
3905
3887
3887
3902
3902
3903
3933
3932
3932
3933
3933
3931
3936
3935
3988
3986
4014
4016
4016
4015
4016
4015
4473
4023
4454
4031
4029
4029
4034
4054
4056
4055
4064
4059
4072
4071
4071
4061
4494
4063
4529
4087
4136
4105
4104
4530
4108
4108
4107
4155
4154
4153
4154
4154
4155
4161
4159
4164
4162
4210
4209
4213
4212
4214
4227
4227
4212
4213
4221
4218
4224
4223
4657
4228
4234
4231
4239
4237
4663
4664
4665
4240
4663
4664
4664
4665
4665
4240
4240
4235
4267
4251
4251
4267
4251
4253
4256
4260
4260
4256
4260
4260
4259
4259
4258
4257
4257
4226
4292
4278
4699
4279
4294
4293
4293
3847
4314
4310
4754
4753
4753
4317
4317
4318
4318
4330
4332
4330
4318
4317
4380
4379
4379
4380
4380
4368
4395
4392
4407
4405
4396
4393
4424
4423
4426
4425
4437
4435
4453
4436
4012
4439
4439
4438
4463
4458
4458
4440
4939
4456
4471
4466
4466
4468
4469
4468
4468
4466
4470
4470
4474
4474
4478
4477
4477
4474
4474
4470
4478
4477
4477
4474
4474
4470
4470
4472
4922
4921
4483
4498
4495
4491
4507
4959
4509
4521
4520
4528
4527
4527
4514
4564
4531
4988
4556
4595
4572
4574
4573
4596
4596
4598
4603
4602
4645
4613
4630
4623
4624
4629
4627
5113
5113
4643
4651
4649
4658
4655
4667
4662
4668
4666
4684
4666
4666
4668
5138
4667
4667
4662
4676
4673
4668
4666
4666
4684
4684
4678
4688
4687
4700
4696
4698
4697
4707
4706
4718
4715
4742
4743
4743
4737
4764
4746
4746
4745
5227
5230
5230
4749
4749
4748
4753
4754
4754
4752
4751
4765
4761
4787
4782
4786
4784
4801
4800
4807
4806
4817
4831
4831
5311
4832
4832
4833
4836
4838
4837
4847
4846
4860
4858
4882
4866
4882
4866
4866
4865
4877
4867
4867
4869
4878
4876
4866
4882
4882
4879
5392
4880
4907
4881
4881
4907
4464
4467
4889
4885
4887
4886
4888
4886
4886
4887
4908
4899
4916
4913
4924
4923
4923
4924
4923
4915
4924
4923
4923
4919
4918
4943
4941
4981
4980
4985
4987
4987
4986
4588
5026
5026
5088
5062
5068
5067
5068
5067
5067
4616
5076
5076
5073
5114
5113
4643
5124
5119
5120
5119
5124
5123
5123
5126
5135
5132
5133
5132
5132
5135
5143
5135
5135
5132
5137
5136
5617
5618
5141
5162
5161
5189
4709
4709
4708
5680
5679
5227
5227
5230
5237
5235
5259
5258
5294
5280
5279
5281
5726
5281
5279
5336
5312
5313
5314
5314
5747
5334
5332
5333
5365
5363
5363
5347
5352
5349
5364
5366
5366
5780
5368
5372
5370
5371
5370
5370
5372
5388
5386
4880
5392
5389
5393
5411
5412
5394
5433
5434
5434
5399
5404
5402
5414
5413
5416
5415
5421
5425
5426
5420
5420
5420
5426
5437
5436
5453
5452
5458
5452
5453
5498
5495
5511
5506
5932
5543
5554
5552
5952
5555
5592
5560
5560
5561
5572
5572
5564
5568
5565
5975
5975
5572
5576
5575
5618
5141
5638
5637
5692
5687
6158
6156
6156
5694
5704
5701
5738
5736
6239
6240
6238
5749
5754
5754
5753
5755
5754
5753
5775
5762
5761
5764
5764
5763
5795
5794
5810
5809
5808
5809
5809
5808
5824
5822
6387
5855
5874
5859
5859
5858
5858
5858
5857
5857
5856
5870
5868
5868
5867
5867
5875
5874
5859
5856
5857
5857
5858
5858
5859
5859
5874
5874
5875
5882
5881
5923
5922
5533
5928
5927
5930
5929
5929
5541
5940
5938
5960
5958
5963
5962
5966
5964
5969
5968
6503
5986
5987
6503
5986
5986
6018
6017
6021
6022
6026
6030
6028
6027
6035
6037
6037
6036
6041
6038
6057
6056
6057
6056
6056
6055
6054
6064
6062
6070
6069
6067
6066
6067
6069
6069
6070
6081
6078
6085
6083
6086
6084
6092
6091
6099
6098
6129
6104
6105
6598
6122
6140
6136
6628
6146
6151
6149
6156
6158
6158
6157
6655
6656
6656
6662
6662
6187
6187
6663
6201
6189
6677
6194
5756
6243
6243
6233
6238
6240
6240
6239
6235
6234
6242
6238
6240
6260
6255
6264
6263
6276
6275
6282
6281
6301
6283
6289
6287
6291
6290
6306
6302
6307
6304
6757
6308
6311
6310
6323
6322
6322
6320
6333
6331
6336
6335
6332
6380
6338
6338
6347
6341
6345
6346
6348
6347
6347
6341
6355
6354
6808
6357
6324
6811
6358
6377
6375
6834
6386
6421
6420
6437
6434
6434
5910
5910
6434
6437
6437
6435
6437
6435
6881
6436
6445
6444
6469
6468
6494
6490
6493
6489
6489
6488
6488
6492
6498
6495
6523
6520
6532
6525
6531
6529
6546
6540
6986
6554
6553
6559
6555
6563
6562
6565
6564
6572
6568
6569
7017
7021
7021
6570
6571
6574
6573
6576
6576
6575
7024
6576
6575
6579
6578
6609
6608
6616
6615
6623
6622
6633
6632
6626
6639
6637
6681
6680
6680
6670
7123
6694
6700
6695
6724
6706
7140
7139
7139
6707
6708
7142
7142
7141
6735
6733
6737
6734
7177
6738
6752
6750
6754
6755
6753
6758
6756
6756
6758
6754
6754
6755
6761
6760
6766
6765
7203
6770
7207
6778
6791
6780
6824
6782
6787
6783
6795
6794
6813
6812
6837
6840
6840
6838
6854
6853
7280
6859
7775
7300
7300
6879
7305
7305
6901
6901
6900
6905
6903
6903
6904
6940
6924
6949
6946
6969
6966
6977
6973
6973
6977
6973
6972
6997
6996
7457
7023
7475
7474
7037
7039
7038
7042
7041
7040
7060
7059
7068
7065
7086
7080
7516
7517
7517
7515
7515
7084
7525
7524
7524
7087
7113
7108
7570
7120
7570
7120
7120
7116
7585
7581
7581
7582
7582
7586
7586
7583
7583
7121
7155
7144
7141
7141
7142
7154
7153
7165
7164
7167
7166
7169
7168
7641
7175
7175
7173
7181
7174
7189
7189
7185
7185
7188
7188
7184
7186
7189
7189
7185
7185
7188
7188
7184
7676
7196
7198
7233
7231
7231
7201
7672
7215
7215
7214
7221
7220
7226
7224
7224
7226
7226
7225
7251
7245
7260
7259
7256
7728
7729
7261
7272
7271
7271
7274
7766
7281
7293
7292
7309
7305
6901
6900
7354
7352
7352
7306
7783
7334
7337
7338
7338
7347
7347
7346
7346
7335
7336
7787
7340
7337
7337
7338
7343
7342
7304
7352
7354
7354
7353
7349
7348
7801
7350
7350
7351
7351
7347
7346
7344
7355
7352
7352
7354
7354
7353
7361
7358
7383
7382
7385
7382
7382
7383
7396
7395
7865
7412
7449
7447
7447
7449
7449
7448
7464
7462
7469
7468
7481
7471
7914
7914
7917
7473
7472
7488
7475
7475
7474
7486
7485
7492
7491
7523
7521
7522
7539
7531
7544
7533
7532
7561
7548
7548
7542
7553
7550
7551
7564
7552
7552
8002
7560
7559
7555
7569
7568
7574
7575
7571
7571
7572
7575
7574
7573
7579
7573
7574
7574
7575
7579
7573
7573
7594
7583
7583
7586
7599
7598
7651
7650
7662
7660
7668
7666
7691
7670
7671
7683
7699
7699
7681
7681
7696
7699
7681
7681
7696
7684
7707
7685
7685
7706
7709
7701
8174
7706
7706
7685
7726
7727
7724
7724
7765
7725
7726
7726
7727
7727
7724
7724
7765
8184
7730
8195
7736
7734
7742
7744
7744
7746
7746
7741
8197
7743
7772
7769
7768
7769
7769
7768
7780
7779
7786
7785
7804
7799
8230
8228
8228
7808
7819
7816
7869
7867
7874
7876
7876
7875
7873
7913
7911
7914
7917
7916
7929
7909
7949
7941
8362
8361
7956
7955
7974
7963
7971
7970
8417
7992
8425
7996
7996
7995
8403
7995
7996
8425
8006
8003
8018
8017
8451
8023
8029
8025
7617
8064
8054
8054
8055
8081
8082
8076
8079
8077
8098
8090
8092
8091
8097
8093
8096
8095
8107
8102
8115
8116
8116
8115
8115
8087
8124
8123
8117
8147
8147
8143
8588
8145
8150
8149
8169
8168
8181
8178
8187
8186
8194
8192
8210
8651
8651
8212
8212
8211
8224
8223
8231
8229
8238
8237
8248
8244
8283
8282
8285
8284
8287
8286
8290
8288
8292
8289
8728
8293
8329
8326
8800
8801
8344
8344
8343
8343
8341
8363
8351
8360
8359
8801
8800
8800
8822
8822
8359
8360
8801
8800
8800
8822
8822
8359
8359
8369
8371
8371
8370
8372
8382
8381
8413
8412
8428
8434
8434
8433
8445
8442
8447
8445
8442
8442
8936
8443
8927
8444
8948
8465
8464
8475
8474
8507
8497
8517
8513
8521
8520
8540
8536
8542
8542
8543
8543
8526
9051
9055
9055
9056
8547
9060
8549
8602
8602
8576
8603
8602
8576
8602
8603
8644
8640
8596
9131
9131
8645
8666
8664
8698
8696
8665
8716
8677
8745
8703
8703
8702
9171
9207
9207
8704
8718
8717
8735
8733
8738
8736
8740
8739
9214
9213
9213
8752
9218
9216
9215
9215
8755
8778
8776
8787
8790
8790
8788
8815
8814
9287
9285
9285
9288
9288
8836
8837
9307
8841
8840
9337
9336
9336
8840
8840
8841
8841
9307
8856
8851
9339
8852
8864
8865
8865
8867
8867
8866
8857
8872
8871
8877
8876
9367
8876
8876
8877
8884
8878
8890
8888
8894
8899
8898
8911
8894
8902
8921
8920
8920
8921
8920
8440
9449
8937
8956
8957
8962
8972
8971
8979
8977
8994
8991
9521
8997
9006
8999
9540
9542
9023
9025
9025
9024
9030
9028
9045
9034
9042
9039
9039
9035
9047
9046
9052
9054
9051
9051
9055
9055
9056
9053
9052
9052
9054
9588
9065
9065
9064
9085
9083
9084
9082
9090
9088
9090
9088
9088
9087
9615
9089
9095
9093
9099
9097
9585
9587
9587
9586
9586
9105
9116
9109
9149
9119
9590
9120
9120
9590
9120
9121
9166
9164
9168
9167
9169
9167
9167
9168
9206
9170
9183
9182
9188
9187
9191
9190
9199
9198
9680
9681
9681
9203
8755
9215
9216
9216
9216
9215
9683
9219
9220
9688
9689
9221
9728
9229
9237
9235
9235
9240
9244
9244
9241
9267
9268
9268
9266
9266
9248
8794
9264
9262
9284
9284
9283
9283
8821
8821
9282
9305
9311
9311
9284
9283
9283
8821
8821
9282
9285
9287
9286
9291
9289
9287
9285
9288
9294
9293
9292
9304
9302
9300
9332
9332
9308
9310
9309
9347
9346
9313
9321
9320
9336
9337
9337
9335
9335
9330
9330
9336
9337
9337
9335
9330
9331
9338
9337
9337
9336
9336
8840
8840
8841
8841
9307
9356
9355
9355
9360
9360
9341
9350
9349
9356
9355
9355
9360
9360
9355
9355
9356
9356
9357
9357
9358
9358
9882
9362
9361
9362
9361
9361
8864
8865
9368
9365
9391
9391
9374
9379
9378
9386
9385
9392
9391
9374
9375
9374
9374
9391
9391
9392
9419
9418
9425
9424
9434
9432
9440
9439
8980
8964
9484
9475
9490
9489
9508
9506
9524
9523
9583
9584
9584
9582
9582
9581
9581
9539
9552
9553
9553
9573
9571
9576
9576
10216
10216
9593
9572
9581
9582
9582
9584
9584
9583
9583
9585
9585
9587
9595
9594
9609
9608
10283
9614
9620
9619
9627
9622
9654
9652
9652
9654
9654
9653
9657
9656
9673
9671
9676
9675
9743
9682
9217
9702
9698
9761
9706
10301
9709
9709
9718
9712
9712
9718
9712
9706
9706
9761
9716
9717
9719
9718
9718
9712
9729
9727
9745
9740
9795
9763
9764
9763
9795
9767
9766
9768
9770
9769
9769
9770
9783
9782
9790
9784
9797
9786
9796
9794
9811
9807
10393
9813
9877
9847
9868
9860
9902
9872
9909
9903
9905
9903
9909
9907
9906
9942
9940
9949
9945
9984
9982
10506
9994
9999
9999
9998
10001
10000
10000
9999
9998
10032
10032
10031
10069
10032
10031
10034
10033
10043
10040
10051
10049
10066
10065
10064
10107
10073
10082
10078
10078
10082
10078
10077
10113
10086
10115
10114
9504
10121
10120
10153
10152
10162
10153
10153
10152
10596
10163
10185
10184
10186
10181
10181
10186
10181
10180
10243
10186
10186
10181
10245
10187
10192
10190
10201
10200
9576
10216
10216
10217
10217
10219
10219
10218
10218
10219
10217
10216
10216
9576
9576
9571
9571
9573
10225
10229
10229
10232
10231
10234
10233
10248
10247
10250
10254
10253
10253
10250
10250
10247
10260
10259
10270
10267
10658
10230
10285
10281
10286
10284
10290
10287
10289
10291
10290
10290
10287
10322
10320
10347
10342
9730
10346
9730
10346
10346
10345
10343
10353
10352
10366
10365
10415
10383
10389
10388
10412
10409
10424
10409
10412
10414
10410
10426
10425
10440
10439
10446
10443
10450
10449
10464
10461
10917
10479
10477
10477
10478
10943
10502
10504
10503
10536
10524
10524
10526
10526
10525
10531
10532
10529
10527
10534
10533
10538
10539
10539
10537
10542
10538
10539
10552
10543
10549
10551
10551
10550
10556
10555
10573
10570
10616
10580
10587
10586
10607
10605
10580
10616
10616
10624
10624
10623
10623
10657
10641
10646
10645
10671
10668
10676
10675
10677
10678
10678
10680
10742
10701
10701
10742
10701
10707
10707
10700
10708
10705
10753
10715
10719
10718
10732
10730
10745
10744
10768
10766
10766
10767
10767
10764
11174
10770
10770
10769
10773
10771
11172
10771
10771
10773
10820
10822
10822
10880
10879
10879
10842
10842
10841
10848
10848
10847
11202
10849
10849
10848
10848
10847
10848
10849
11202
10855
10856
10850
10906
10905
10984
10940
10965
10966
10964
10974
10973
10973
10969
10971
10970
10989
10987
11039
10997
11005
11006
11006
11040
11008
11007
11060
11010
11023
11022
11022
11023
11016
11028
11027
11027
11041
11040
11040
11006
11006
11005
11005
11041
11040
11006
11005
11004
11005
11006
11006
11040
11040
11041
11042
11043
11090
11046
11045
11047
11093
11048
11052
11051
11058
11061
11061
11063
11063
11062
11062
11053
11084
11079
11085
11084
11084
11079
11048
11093
11093
11092
11137
11136
11094
11095
11097
11097
11096
11143
11142
11145
11098
11119
11117
11147
11144
11170
11171
11171
11169
11180
11179
11220
11201
11216
11211
11256
11227
11255
11227
11227
11256
11234
11232
11260
11257
11258
11257
11257
11260
11230
11267
11267
11265
11280
11276
11285
11282
11294
11287
11329
11327
11327
11289
11313
11310
11327
11329
11329
11328
11435
11436
11363
11347
11380
11379
11379
11378
11378
11366
11426
11424
