1
13
18
38
35
36
44
62
72
76
80
91
115
128
129
143
148
133
163
166
184
217
221
259
292
294
344
350
400
435
477
483
514
519
535
545
577
633
653
661
666
676
683
697
726
727
734
746
780
785
788
796
801
817
824
825
872
880
883
903
961
980
993
1003
1038
62
1043
1059
1068
1080
1112
1113
1116
1124
1156
1159
1174
1180
1202
1215
1225
1245
1271
1281
1288
1315
1358
1418
1436
1437
1444
1476
865
1488
62
1504
1520
1533
1599
1608
1659
1731
1732
1742
1744
1755
1048
1823
1833
1845
1856
1858
1869
1900
1893
1907
1919
1933
1932
1947
1950
1962
1971
2022
2029
2058
2081
2083
2118
1059
2135
2174
2190
2203
2209
2216
2304
2307
2324
2335
2336
2335
2338
2348
2359
2409
2414
2417
2437
2454
2506
2518
2523
2536
2560
2567
2589
2597
2608
2637
2648
2649
2663
2681
2700
2705
2704
2717
2724
2745
2755
2768
2816
2875
2899
2934
2938
2939
3017
3026
3038
3092
3099
3104
3118
3120
3148
3190
3201
3217
3220
3275
3276
3277
3276
3286
3297
3313
3315
3345
3371
3370
3383
3406
3422
3427
3431
3446
3422
3453
3474
3488
3500
3501
3507
3524
3532
3534
3540
3570
3580
3118
3583
3630
3639
3648
3666
3680
3727
3731
3744
3752
3754
3757
3791
3837
3850
3874
3854
3887
3892
3903
3895
3924
3925
3924
3947
3950
3964
3965
3964
3989
4009
4019
4028
4043
4071
4097
4102
4121
4165
4168
4178
4186
4199
4201
4242
4245
4275
4300
4326
4312
4323
4332
4341
4338
4362
4407
4437
4451
4438
4513
4540
4562
4570
4575
4577
4575
4599
4607
4654
4675
4686
4687
4686
4171
4691
4762
4794
4809
4833
4845
4882
4900
4905
4907
4911
4914
4918
4940
4953
4969
4997
5001
5005
5015
5016
5015
5031
5053
5077
5087
5091
5100
5103
5112
5128
5130
5132
5160
5166
5177
5179
5197
5212
5252
5263
5292
5297
5307
5323
5342
5351
5353
5383
5395
5426
5439
5449
5471
5487
5490
5504
5508
5516
5528
5536
5542
5591
5608
5609
5608
5631
5635
5639
5655
5672
5670
5686
5706
5713
5735
5743
5756
5770
5777
5782
5814
5830
5854
5872
5877
5908
5916
5926
5973
5978
5979
5985
5990
5991
6016
6056
6106
6112
6148
6151
6156
6187
6198
6209
6265
6271
6276
6287
6290
6298
6348
6357
6393
6421
6430
6466
6472
6489
6503
6512
6521
6539
6549
6569
6576
6597
6604
6611
6636
6662
6670
6671
6670
6694
6748
6760
6787
6810
6814
6838
6845
6848
6858
6884
6891
6903
6907
6910
6929
6937
6994
7005
7009
7024
6558
7041
7054
7055
7100
7105
7110
7146
7159
7166
7210
7261
7291
7428
7431
7448
7463
7501
7520
7532
7536
7589
7600
6719
7604
7608
7609
7613
7636
7642
7687
7698
7708
7706
7733
7748
7750
7773
7787
7806
7832
7838
7843
7853
7878
7891
7894
7900
7902
7932
7085
7945
7948
7952
7949
7948
7955
7990
7996
8025
8030
8032
8034
8051
8054
8103
8137
8151
7248
8165
8183
8193
8213
8219
8224
8243
8245
8247
7336
8262
8297
8304
8376
8389
8400
8435
8483
8504
8505
8515
8540
8542
8545
8546
8545
8548
8561
8545
8546
8563
8571
8590
8606
8633
8634
8636
8645
8647
8656
8670
8719
8722
8726
8753
8768
8770
8792
8793
8824
8855
8842
8856
8866
8882
7979
8909
8917
8924
8933
8462
8952
8956
8978
8982
9004
9011
9015
9024
9029
9058
9060
9062
9070
9083
9105
9115
9145
9144
9163
9178
9179
9186
9280
9290
9292
9300
9308
9319
9334
9341
9349
9358
9379
9382
9385
9409
9449
9458
9502
9524
9528
9534
9544
9543
9548
9567
9575
9590
9593
9600
9608
9639
9647
9648
9658
9662
9665
9673
9716
9728
9748
9756
9754
9761
9776
9800
9799
9815
9848
9854
9925
9940
9971
9974
9975
9982
9991
10001
10021
10037
10052
10068
10120
10127
10164
10167
10202
10208
10210
10218
10220
10224
10248
10275
10298
10307
10312
10341
10363
10366
10406
10432
10443
10469
10501
10532
10552
10616
10633
10659
10701
10705
10722
9658
10730
10755
10762
10776
10780
10802
10830
10844
10842
10860
10864
10872
10888
10890
10902
10907
10902
10922
10970
10997
11014
11015
11014
11062
11086
11089
11092
11099
11100
11155
11156
11180
11183
11182
11190
11192
11226
11234
11256
11258
11256
11353
10734
11359
11381
11383
11381
11393
11401
11450
11451
11472
11475
11478
11517
11526
11561
11578
11589
11593
11697
11720
11722
11732
11744
11749
11754
11764
11763
11777
11816
11818
11831
11839
11850
11851
11850
11864
11888
11886
11889
11913
11936
11947
11949
11952
11961
11962
11964
11976
11981
11442
12006
12017
12036
12070
12078
12113
12112
12114
12136
12167
12182
12186
11039
12198
12212
12239
12278
12288
12329
12347
12375
12382
12383
12419
12442
12454
12455
12485
12495
12498
12495
12504
12546
12554
12563
12564
12566
12602
12633
12646
12648
12653
12652
12673
12683
12687
12702
12715
12719
12722
12731
12779
12763
12797
12807
12825
12848
12872
12876
12883
12891
12915
12906
12944
12961
12963
12980
13052
13074
13082
13096
13138
13164
13182
13187
13193
13194
13211
13247
13255
13259
13265
13277
13290
13318
13319
13318
13322
13337
13340
13339
13372
13450
13451
13459
13503
13513
13517
13516
13520
12881
13523
13524
13531
13534
13541
13561
13580
13613
13615
13634
13640
13653
13679
13692
13695
13692
13714
13720
13754
13780
13792
13794
13796
13247
13794
13847
13852
13855
13859
13864
13877
13909
13915
13923
13948
13952
13962
14009
14016
14077
14078
14077
14085
14103
14183
14194
14238
14252
14306
14311
14346
14383
14387
14401
14410
14418
14431
14437
14474
14475
14478
9125
14500
14521
14537
14562
14567
14575
14589
14604
14609
14623
14643
14647
14650
14700
14717
13952
14718
14740
14745
14778
14787
14796
14802
14811
14821
14844
14873
14903
14949
14953
14955
14986
14993
15007
15053
15074
15089
15115
15122
15166
15179
15180
15195
15230
15249
15267
15271
15299
15305
15306
15435
15473
15502
15512
15519
15550
15558
15560
15571
15594
15670
15681
15685
15696
15711
15715
15719
15720
15733
15738
15755
15772
15773
15790
15801
15826
15855
15109
15858
15891
15930
15952
15955
15983
15990
16000
16022
16041
16049
16072
16087
16093
16099
16125
16117
16131
16155
16159
16162
16168
16175
16205
16216
16220
16224
16236
16242
16289
16305
16318
16330
16342
16380
16405
16408
16422
16493
16508
16507
16534
16550
16548
16555
16575
16567
16596
16611
16619
16628
16642
15435
16648
16654
16663
16694
16715
16721
16736
16767
16792
16809
16861
16870
16891
15623
16896
16901
16902
16914
16927
16969
16974
16987
16995
16996
16999
17001
17010
17062
17117
17130
17156
17159
17157
17166
17169
17188
17202
17220
17238
17247
17263
17291
15807
17299
17303
17305
17311
17312
17321
17348
17350
17372
17376
17395
17433
17469
17480
17505
17530
16207
17537
17540
17558
17646
17654
17653
17656
17696
17704
17723
17758
17821
17833
17838
17847
16547
17857
17040
17889
17897
17907
17924
17937
17957
17979
17982
18004
18008
18032
18051
18070
18084
18086
18111
18140
18156
18166
18190
18202
18236
18259
18275
18278
18329
18340
18346
18350
18359
18364
18371
18380
18393
18396
18401
18422
18437
18435
18440
18443
18454
18457
18473
18483
18492
18499
18506
18514
18542
18563
18597
18606
18629
18641
18651
18652
18671
18683
18702
18748
18751
18764
18767
17411
16074
18775
18799
18805
18807
18818
18828
18831
18844
18890
18896
18894
18902
18923
18953
18968
18970
18992
19019
19029
19046
19135
19156
19184
7719
19191
19204
19209
19252
19303
19332
19337
19354
19362
19383
19387
19395
19401
19411
19437
19439
19465
19558
19567
19592
19594
19600
19605
19621
19670
19673
19706
19708
19742
19743
19755
19762
19768
19777
19797
19814
19832
19843
19885
19889
19916
19926
19939
19962
19965
19988
20018
20028
20047
20052
20108
20118
20124
20126
20130
20139
20160
20161
20188
20199
20212
20221
20229
20251
20258
20271
20285
20324
20328
20394
19646
20407
20414
19660
20417
20416
20423
20431
20435
20443
20449
20456
20448
20476
20486
20488
20504
20506
20521
20527
20547
20584
20609
20613
20622
20650
20660
20685
20727
20736
20792
20805
20848
20851
20863
20890
20917
20930
20954
20979
21013
21014
21013
21027
21035
21051
21069
21076
21075
21077
21085
21087
21112
21132
21146
21148
21162
21185
21197
21212
21225
21242
21247
21285
21292
21299
21305
21375
21378
21396
21410
21420
21423
21430
21439
21465
21481
21491
21520
21527
21563
21566
21563
21571
21573
21574
21587
21621
21648
21667
21674
21714
21742
20184
21741
21753
21759
21777
21784
21787
21827
17782
19191
21875
21887
21917
21931
22013
22018
22028
22065
22077
22086
22138
22169
22186
22221
22239
22266
22275
6720
22280
22287
22300
22319
22330
22354
22384
22390
22384
22406
22417
21641
20910
22437
22443
22464
22481
22500
22501
22545
22553
22589
22591
22598
22606
22617
22634
22666
22685
22694
22700
22702
22704
22727
22704
22756
22764
22769
22776
22791
22804
22811
22809
22813
22819
22823
22843
22852
22857
22869
22882
22848
22887
22894
22908
22917
22927
22945
22948
22952
22962
22979
22993
22998
23011
23022
23046
23069
23068
23076
23078
23076
23118
23129
23134
23176
23175
23182
23185
23193
23211
23218
23225
23231
23246
23251
23278
23281
23284
23296
23323
23335
23371
23401
23416
23438
23451
23452
23451
23462
23482
23489
23488
23491
23493
23494
23502
23517
23518
23517
23556
23559
23562
23563
23569
23589
23612
23639
23640
23646
23700
23744
23747
23749
23752
23757
23764
23770
23781
23804
23814
23830
23860
23863
23867
23876
23884
23915
23897
23959
23965
23980
23991
24042
24046
24051
24077
24083
24118
24137
24140
24158
24184
24189
24239
24265
24290
24301
24335
24340
24352
24369
24380
24399
24409
24408
24413
24415
24454
24518
24526
24550
24576
24588
24605
24615
24636
24645
24674
24693
24695
24693
24701
24729
24745
24751
24753
24771
24772
24771
24775
24796
24802
24821
24825
24810
24833
24835
24873
24878
24885
24889
24915
23827
24920
24928
24931
23556
24953
24969
24990
24998
25004
25009
25019
25065
25069
25102
25106
25108
25111
25117
25121
25125
25138
25141
25147
25150
25171
25173
25185
25188
25195
25223
25279
25301
25312
25315
25324
25334
25343
25376
25379
25389
25425
25458
25472
25490
25496
25524
25558
25584
25607
25606
25610
25617
25619
25617
25633
25692
25703
25713
25725
25729
25747
25760
25761
25775
25805
25808
25809
25823
25854
25890
25893
25896
25905
25926
25941
25966
25985
25986
25991
25994
26025
26038
26042
26051
26058
26067
26073
26081
26073
26102
26109
26130
26153
26162
26168
26197
26207
26215
26235
26240
26227
26246
26261
26287
26290
26318
26328
25180
26332
26379
26397
26419
26427
26451
26462
26488
26495
26500
26574
26597
26619
26626
26648
26658
26667
26678
26681
26682
26718
26732
26749
26751
26768
26794
26812
26818
26859
26860
26886
26935
26962
26976
26982
27030
27068
27086
27098
27107
27120
27126
27146
27151
27161
27166
27171
27181
27203
27204
27232
27258
27274
27301
27313
27379
27397
27410
27411
27414
27424
27437
27439
27454
27461
27480
27485
27534
27539
27540
27567
27576
27598
27608
27622
27658
27705
27698
27712
27740
27783
27796
27801
27803
27820
27822
27846
27855
27878
27888
27900
27901
27912
27971
28015
28020
28032
28074
28109
28152
28165
28174
28189
28217
28222
28233
28297
28309
28318
28324
28349
28381
28390
28407
28416
28426
28481
28516
28523
28549
28633
28647
28658
28717
28733
28731
28737
28752
28759
28763
28764
28770
28780
28782
28794
28853
28893
28949
28954
28970
28982
28987
29000
29004
29007
29022
29026
29032
29033
29037
29050
29054
29056
29062
29071
29095
29120
29144
29157
29159
29157
29161
29165
29186
29201
29214
29229
29233
29246
29264
29266
29274
29285
29288
29333
29334
29388
29427
29437
29445
29462
29495
29496
29545
29559
29561
29598
29629
29632
29642
29657
29678
29688
29704
28390
29710
29700
29764
29798
29843
29849
29851
29879
29898
29908
29923
29922
29932
29949
29974
29997
30039
30063
30085
30101
30102
30129
30150
30160
30168
30167
30240
30244
30248
30247
30249
30299
30306
30307
20245
30333
30337
30353
30393
30405
30388
30407
30431
30458
30468
30470
30468
30487
30495
30551
30557
30575
30570
30584
30603
30625
30641
30639
30689
30692
30710
30716
30728
30757
30765
30779
30789
30810
30836
30838
30845
30848
30856
30865
30881
30889
30934
30976
30978
31016
31030
29856
31035
31044
31054
31067
31069
31114
31147
31159
31160
31173
31194
31198
31201
31229
31227
31241
31252
31265
31270
31281
31310
31313
31297
31338
31370
31418
31450
31464
31488
31495
31528
31534
31544
31588
31593
31595
31607
31618
31663
31665
31668
31694
31714
31726
31735
31744
31727
31694
31757
31762
31768
31782
31807
31813
31811
31832
31856
31855
31859
31867
31951
31959
31968
31978
31997
32035
32046
32084
32094
32112
32137
32197
32225
32232
32261
32263
32269
32283
32286
32308
32318
32322
32342
32344
32355
32363
32369
32377
32384
32397
32430
32435
32398
32448
32452
32478
32486
32487
32516
32528
32536
32560
32563
22955
32589
32620
32630
32637
32643
32648
32653
32696
32782
32792
32801
32822
32834
32851
32879
32894
32911
32930
32966
32981
32979
32983
32990
32989
33005
33000
33048
33094
33105
33123
33129
33134
33156
33165
25496
33175
33192
33212
33214
33212
33233
33249
33273
33281
33270
33284
33299
33312
33319
33326
33356
33381
33396
33411
33435
33447
33456
33493
33498
33542
33546
33565
33641
33649
33652
33675
33695
33719
32384
33734
33748
33767
33768
33781
33793
33801
33818
32452
33839
33863
33864
33865
33873
33898
33900
33906
33915
33916
33915
33945
33988
33992
33993
33998
33992
33993
34002
34006
34022
34040
34045
34061
34134
34184
34195
34212
34232
34233
34250
34253
34271
34272
34282
34275
34297
34316
34368
34412
34427
34479
34487
34510
34515
34537
34551
34556
34563
34584
34593
34602
34605
34608
32952
34652
34674
34677
34754
34775
34791
34806
34826
34835
34836
34849
34869
34883
34943
34945
34986
35005
35028
35030
35028
35057
35055
35073
35080
35084
35090
35103
35119
35120
35119
35125
35127
35134
33723
35157
35164
35175
35181
35199
35208
35231
35233
35270
35275
35288
35293
35335
35373
35393
35404
35403
35455
35497
35547
35555
35556
35575
35585
35597
35600
35604
35627
35632
35651
35655
35669
35676
35677
35686
35724
35763
35798
35808
35812
35824
35825
35824
35841
35849
35871
35890
35891
35899
35902
35929
36002
36003
36014
36058
36068
36092
36110
36169
36173
36191
36198
36205
36209
36225
36248
36251
36266
36268
36272
36320
36333
36383
36389
36394
36408
36414
36440
36441
36447
36470
36472
24846
36481
36509
36532
36544
36586
36595
36603
36612
36611
36658
36665
36666
36669
36674
36728
36735
36741
36752
36754
36755
36754
36791
36793
36804
36805
36808
36825
36865
36871
36891
36901
36917
36925
36973
36990
37030
37032
37095
37110
37123
37129
37095
37159
37167
37169
37183
37213
37232
37239
37244
37264
37275
37290
37298
37323
37351
37353
37363
37378
37387
37390
37395
35669
37407
37404
37415
37433
37451
37456
37468
37476
37488
37495
37507
37518
37530
37546
37555
37593
37610
37613
37627
37636
37665
37696
37721
37725
37741
37745
37766
37779
37791
37794
37809
37816
37838
37841
37842
37951
37974
37990
38003
38016
38019
38024
38044
38065
38070
38076
38104
38107
38132
38161
38180
38200
38263
38297
38273
38295
38307
38329
38369
38405
38407
36527
38440
38405
38443
38448
36964
38482
38494
38520
38525
38546
38559
38560
38559
38565
38591
38600
38599
38622
38626
38638
38648
38652
38660
38666
38696
38702
38719
38764
38806
38819
38829
38842
38845
38863
38867
38925
38930
38947
38961
38962
38961
38967
38970
38978
38990
38996
38995
39021
39036
39038
39048
39064
39070
39117
39119
39130
39140
37644
39155
39165
37693
39181
39192
39247
39270
39292
39325
39348
39375
39379
39425
39424
39446
39453
39467
39471
39483
39509
39576
39581
39591
39602
39604
39618
39629
39641
39649
39661
39666
39688
39709
39711
39722
39728
39730
39740
24914
39748
39752
39754
39759
39773
39776
39804
39824
39831
39833
39841
39847
39841
39851
39859
39878
39915
39961
39960
39992
40000
38696
40018
40061
40060
40063
40066
40070
40076
40082
40085
40116
40181
40184
40190
40188
40202
40223
40224
40225
40227
40233
40234
40256
40319
40349
40366
40452
40465
40472
40486
40591
40597
40622
40638
40655
40659
40686
40720
40722
40742
40744
40783
40785
40849
40866
40886
40897
40917
40918
40917
40964
40972
40982
40981
41034
41031
41041
41097
41100
41179
41182
41207
38381
41221
41274
41294
39754
41302
41307
41343
41353
41405
41451
41456
41455
41473
41474
41473
41483
41485
41491
41497
41516
41525
41528
41549
41567
41572
41586
41605
41620
41625
41632
41642
38829
41650
41668
41672
41673
41690
41708
41731
41747
41760
41761
41765
41809
41841
41859
41876
41883
41889
41919
41943
41948
41967
41985
42010
42020
42024
42030
42059
42071
42079
42082
42130
42136
42187
42201
42215
40223
42225
42229
42296
42322
42349
42357
42378
42388
42409
42438
42487
42541
42558
42557
42561
42565
42573
42583
42590
42595
42634
42636
42639
42655
42666
42669
42675
42682
42686
42690
42708
42711
42715
42719
42727
42760
42805
42814
42815
42823
42859
42909
42927
42957
42972
42978
42988
43005
43059
43077
43127
43130
43159
43195
43199
43220
43223
43289
43338
43345
43357
43370
43379
43384
43386
43402
43425
43438
43455
43469
43498
43505
43601
43610
43621
43639
43675
43682
43675
43717
43743
43758
43774
43786
43797
43843
43855
43861
43871
43879
43887
43903
43952
43967
43974
43976
43974
43999
44008
44010
44045
44058
44071
44075
44099
44100
44136
44139
44182
44230
44237
44239
44256
44270
44275
44279
44296
44338
44348
44362
44368
44370
44384
44389
44386
44414
44421
44473
44508
44509
44516
44523
44530
44547
44564
44572
44579
44649
44650
44654
44649
44691
44708
44716
44729
44734
44739
44763
44768
44780
44813
44859
44863
44872
44885
44839
44886
44903
44906
44907
44933
44941
44949
44885
44952
44979
44989
45003
45024
45025
45024
45043
45055
45091
45124
45134
45139
45185
45188
45222
45249
45257
45258
45257
45261
45299
45311
45323
45327
45331
45337
45343
45352
45357
45360
45374
45389
45397
45416
45414
45425
45435
45450
45478
45484
45500
45515
45553
45569
45397
45571
45570
45607
45652
45664
45669
45697
45700
45702
45713
45725
45743
45747
45753
45772
45771
45800
45812
45819
45839
45848
45869
45895
45901
45808
45907
45922
45934
45964
45974
45994
46003
46019
46029
46028
46027
46037
46038
46091
46103
46127
46211
44768
46230
46247
44795
46260
46330
46339
46385
46386
46404
46420
46432
46447
46465
46471
46476
46487
46492
46517
46531
46533
46538
46572
46589
46600
46631
46645
46639
46649
46651
46671
46679
46710
46733
46734
46739
46740
46747
46751
46787
46797
46822
46851
46860
46875
46887
46905
46915
46922
46926
46950
46957
46965
46991
47002
47025
47031
47039
47049
47054
47077
47081
47123
47140
47144
47176
47219
47229
47269
47285
47290
47296
47317
47350
47362
47364
47408
45851
47409
47434
47448
45873
47453
47476
45933
47485
47505
47515
47546
47549
47553
47562
47568
47576
47607
47612
47656
47698
47708
47732
46189
47731
47755
47759
47770
47782
47845
47853
47864
47880
47891
47911
47916
46449
47944
47945
47944
47954
48013
48012
48037
46618
48040
48044
48057
48073
48114
48140
48147
48155
48157
48163
48170
48191
48205
48218
48222
48228
48233
48234
48276
48282
48302
48310
48340
48354
48377
48376
48386
48403
48381
48426
48447
48451
48492
48495
48503
48515
48519
48635
48641
48731
48736
48745
48764
48765
47172
48771
48779
48788
48804
48827
48835
48838
48843
48856
46533
48866
48890
48911
48922
48974
49002
49054
49061
49064
49114
49116
49118
49124
49139
49151
49163
49164
49186
49196
49202
49211
49273
49299
49312
49324
49327
49428
49437
49445
49460
49485
49509
49516
49523
49525
49529
49553
49555
49559
49516
49515
49563
49576
49605
49616
49629
49642
49657
49662
49668
49680
49690
49695
49703
49705
49707
49721
49724
49742
49745
49761
49791
49792
49791
49804
49833
49837
49843
49856
49858
49877
48246
49897
49900
49912
49968
49969
49985
50017
50048
50050
50052
50074
50087
50104
50107
50129
50172
50176
50177
50179
50189
50191
50227
50233
50247
50270
50304
50309
50315
50333
50336
50343
50345
50346
50351
50360
50365
50371
50411
50436
50440
50474
50479
50494
50499
50505
50519
50544
50576
50598
50607
50625
50649
50651
50649
50667
50683
50710
50719
50730
50732
50730
50745
50757
50760
50769
50797
50801
50804
50820
50822
50820
50858
50861
50871
48685
50879
50897
50898
50908
50921
50928
50946
50964
50967
51010
51018
51062
51071
51080
51090
51109
51135
51140
51139
51144
51150
51155
51166
51169
51166
51168
51203
51264
51273
51278
51279
51283
51289
51304
51340
51368
51381
51388
51408
51420
51471
51483
51502
51514
51519
51528
51531
51571
51570
51579
51674
51680
51701
51709
51739
51741
51755
51842
51876
51919
51938
51933
51954
51960
51987
52003
52022
52035
52094
52101
52123
52133
52156
52161
52177
52192
52217
52218
52230
52233
52291
52306
52345
52374
52391
52393
52401
52402
52401
52403
52407
50635
52409
52422
52436
52450
52429
52486
52513
52529
52537
52563
52566
52590
52625
52646
52651
52658
52671
52680
52684
52694
52740
52752
52756
51192
52765
52767
52778
52776
52792
52820
52824
52844
52846
52860
52862
52922
52941
52960
52992
53007
53023
53091
53165
53168
53177
53209
53211
53230
53293
53297
53303
53325
53332
53335
53342
53366
53369
53377
53401
53435
50494
53437
53464
53466
53475
53512
53514
53520
53526
53556
53567
53588
53616
53630
53646
53674
53678
53702
53674
53741
53780
43596
53793
53806
53826
53837
53883
53893
53911
53931
53945
53950
53952
53994
54050
54054
54061
52208
54075
54088
54103
54115
54134
54139
54153
54195
54200
54201
54235
54239
54292
54307
54336
54340
54343
52004
52003
54353
54365
54385
54384
54388
54398
54415
54420
54441
54492
54520
54548
54555
54580
54584
54593
54612
54622
54629
54644
54661
54674
54688
54700
54717
54727
54729
54751
54776
54789
54790
54791
54824
54838
54858
54881
54931
54940
54925
54984
55008
55052
55056
55057
55087
55109
55128
55139
55145
55154
55155
55162
55168
55194
55205
55208
55213
55257
55266
55288
55299
55305
55333
55321
55354
55364
55426
55464
55475
55474
55476
55478
55482
55499
55549
55553
55579
55586
55593
55601
55586
55608
55623
55630
55634
55640
55657
55693
55702
55705
55717
55721
55759
55771
55774
55779
55785
55806
55843
55842
55871
55882
55885
55888
55889
55935
55939
55946
55995
53952
56009
56027
56103
56125
56130
56146
56149
56160
56171
56175
56201
56220
56224
56248
56295
56333
56335
56333
56388
56395
56363
56409
56416
56418
56455
56462
56444
56487
56512
56529
56534
56537
56543
56586
56590
56596
56603
56624
56584
56669
56686
56688
56703
56736
56739
56755
56760
56770
56783
56779
56790
56817
56822
56835
56838
56844
56849
56852
56853
56856
56860
56863
56868
56875
56915
56939
56940
56959
56981
56983
56987
56973
57004
57013
57014
57013
57024
57030
57032
57030
57037
57043
57063
57083
57084
57094
57116
57177
57190
57216
57220
57258
57279
57289
57301
57312
57301
57320
57328
57333
57322
57320
57334
57320
57305
57322
57366
57371
57375
57392
57395
57397
57393
57419
57435
57473
57486
57496
57506
57516
57518
57538
57541
57562
57569
57592
57602
57625
57637
57643
57657
57694
57717
57728
57731
57765
57767
57788
57799
57808
57819
57824
57879
57881
57928
57939
57973
57975
57989
57987
58022
58057
8165
58063
58065
58079
58083
58130
58108
58139
58157
58161
58191
58200
58205
58241
58252
58262
58273
58294
58391
58394
58417
58445
58453
56501
58459
58462
58469
58480
58483
58513
58532
58547
58568
58582
58591
58599
58634
58657
58692
58719
58722
58749
58766
58812
58826
58830
58831
58862
58865
58867
58872
58925
58939
58942
58962
58975
59031
59040
59054
59115
59128
59154
2033
59158
59166
59195
59211
59234
59257
59278
59294
59286
59301
59333
59344
59365
59385
59414
57295
59429
59434
59436
59441
59506
59603
59615
59616
59617
59616
59620
59624
59644
59678
59690
59688
59691
59697
59678
59707
59715
59754
59755
59759
59760
59795
59797
59799
59808
59819
59824
59839
59840
59839
59875
59880
59898
59918
59927
57808
59968
59972
59978
59981
59984
60017
59996
60015
60111
60124
60135
60140
60148
60175
60188
60190
60197
60213
60261
60294
60328
60329
60368
60373
60376
58639
60390
60411
60434
60436
60446
60451
60455
60504
60555
60565
60578
60596
60619
60620
60632
60636
60641
60642
60660
60665
60671
60737
60739
60744
60755
60768
60785
60792
60798
60808
60830
22746
60834
60863
60885
60892
60926
60935
60943
56747
60958
60962
60977
60992
61034
1875
61055
61068
61082
61115
58840
61151
61166
61154
61172
61197
61222
61261
61267
61275
61284
61294
61353
61369
61402
61407
61414
61418
61464
61492
61547
61594
61607
61640
61693
61700
59382
61702
61716
61727
61700
61734
61743
61745
61743
61756
61778
61780
61792
61788
61805
61816
61830
61841
61859
61868
61885
61887
61904
61905
61937
61943
62003
62024
62038
62059
62069
62074
62108
62136
62146
62203
62225
62227
62233
62256
62262
62280
62293
62309
62311
62345
62362
62367
62414
62448
62488
62519
62548
62558
62586
62617
62630
62750
62763
62792
62833
62837
62900
62909
62924
62925
62929
62931
62956
62970
62971
63013
63019
63079
63099
60620
63102
63110
63118
22823
63127
63147
63191
63202
63215
63221
63271
63306
63382
63403
63407
63413
63418
63422
63437
63458
63477
63483
63485
63494
61115
63503
63523
63548
63583
63586
63603
63612
63615
63654
63675
63703
63761
63783
63788
63799
63812
63825
63830
63881
63907
63909
63939
63943
64011
64019
64018
64020
64034
64041
64054
64059
64070
64079
64083
64092
64094
64098
64099
64115
64129
64134
64178
64182
64198
64214
64241
64239
64263
64265
64304
64330
64333
64341
64352
64358
64364
64368
64390
64401
64415
64428
64425
64497
64524
64560
64562
64560
64599
64665
64670
64668
64688
64728
64750
64778
64810
64824
64841
64869
64894
64930
64948
64957
64962
65013
65020
65023
65056
65036
65077
65128
65138
65139
65143
65146
65161
65166
65172
65179
65200
65240
65268
65309
65321
65323
65363
65372
65374
65408
65407
65433
65442
65459
65487
65497
65504
65527
65551
65581
65633
65696
65688
65672
65734
65739
65805
65817
65864
65859
65863
65872
65887
65903
65906
65910
63498
65933
65954
65977
65994
66005
66042
66091
66096
66101
66118
66143
66141
66219
66227
66230
3856
5112
3856
5113
66236
66239
66256
66258
66259
66286
66294
66323
66329
66386
66403
66464
66465
66506
66528
64054
66553
66561
66581
66592
66654
66671
66684
66716
66773
66785
66807
66829
66845
66860
66877
66906
66918
66943
66956
66971
67004
67007
66999
67035
67061
67062
67071
67126
67127
67131
67138
67151
67159
67171
67223
67238
67258
67263
67278
67339
67343
67346
67378
67411
67484
67502
67505
67508
67522
67527
67554
67566
67582
65099
67590
67606
67615
67619
45603
67617
45603
67679
67710
67737
67748
67758
67771
67806
67826
67841
67844
67853
67871
67880
67886
65350
67902
67909
67914
67928
67954
67980
68018
68028
68056
68063
68068
68101
68143
68146
68209
68225
68237
65697
68269
68288
68292
68302
68343
68355
68364
60302
68387
68417
68437
68466
68477
68510
68544
68524
68555
68604
68605
68622
68674
68691
68726
68779
68791
68797
68811
68831
68826
68846
68864
68898
68904
68972
68993
68997
69028
69038
69037
69080
69115
69157
69168
69179
69195
69216
69228
69242
69249
69264
69269
69318
69341
69367
69382
69420
69432
69454
69495
69499
69495
69546
69636
69677
69709
69737
69745
69808
69826
69835
69860
69940
69943
69963
69985
69996
69997
69996
69999
70016
28314
70033
70035
70037
70069
70081
70082
70113
70065
70125
70148
70181
70222
38633
70228
70249
70286
70266
70292
70304
70399
70410
70445
70447
70538
70566
70590
70592
26048
70624
70627
70629
70675
70699
70721
70730
70764
70791
70790
70809
70850
70877
70885
70925
70954
70994
71071
71092
71096
71129
71159
71184
71199
71207
71222
11736
71220
11736
71243
71304
71306
71313
71368
71373
71389
71400
71413
71423
71443
71489
71500
71507
71545
71553
71615
71618
71645
71693
71699
71681
71708
71726
71803
71844
71919
71923
71928
71972
71996
72021
72025
72041
72052
72070
72106
72152
72238
69515
72276
72310
72312
72375
72382
72472
72475
72501
72540
72556
72582
72606
72608
72632
72656
70099
72688
72703
72731
72747
72790
72829
72845
72878
72895
72909
72958
72972
72978
73003
73006
73050
73076
73121
73131
73167
73164
73192
73193
73192
73202
73211
73218
73219
73243
73246
73245
73260
73263
73274
73279
73289
73265
73316
73386
73404
73411
73447
73477
73540
73549
73581
73594
73581
73579
73633
73676
73714
73751
73784
73804
73815
73825
73843
73847
73869
73871
73880
73885
73935
73968
73994
74005
74006
74005
74060
74071
74119
74157
74180
74195
74230
74231
74291
74305
71673
74454
74457
74475
74480
74506
74508
74517
74523
71945
69037
74586
74609
74610
74684
74725
74764
74817
74828
74845
74886
3924
74887
74978
74998
75007
75069
75086
75100
75109
75140
75181
75196
75202
75218
75221
75225
75264
75360
75374
75415
75419
75439
75419
75441
75459
75473
75483
75592
75605
75603
75619
75628
75637
75682
75683
75697
75706
75713
75777
75778
75803
75809
75851
75881
75892
75910
75930
75946
75962
75972
76042
76064
76090
76130
76137
76156
76161
76166
76214
76268
76289
76302
76396
76405
76442
76454
76467
76590
76621
10917
76624
76658
76678
76705
76736
76801
76818
76819
76823
76837
76840
76866
76872
76890
76909
76953
76993
77004
77048
77054
77063
77107
77124
77101
77132
77133
77167
77172
77167
77189
77213
77215
77234
77240
77243
77242
77264
77275
77335
77341
77348
77358
77412
77456
77475
77498
77565
77602
77623
75208
77638
77663
77664
77687
77701
77713
77727
77839
77865
77879
77884
77897
77929
77953
77960
77970
77973
77975
77983
77984
77983
77989
77992
77994
77998
78002
78029
78026
78051
78071
78103
78157
78106
78180
78190
78197
78217
78260
78297
78303
78316
78345
78366
78369
78382
78390
78418
78419
78422
78432
78451
78469
41956
78482
78490
78512
78538
78560
78562
78578
78588
78617
78612
78652
78660
78719
78737
78746
78765
78798
78813
78871
78902
78907
78910
78952
78945
78954
78980
78981
78983
78986
78995
79005
73274
79018
79041
71497
79077
79095
79135
79155
79164
79208
79215
3433
79264
79281
79292
79382
79417
79448
79451
79454
79494
79539
79560
79562
79568
79570
79615
79638
79654
79657
79679
79712
79736
79744
79746
79747
79761
79798
79811
79817
79836
79871
79881
76834
79898
79900
79927
76624
79933
79949
79956
80027
80075
80078
80086
80104
80110
80127
80139
80181
80200
80211
80139
80225
80197
80223
80197
80310
80351
80360
80368
80429
80509
80522
80554
80567
80597
80622
80689
80708
80707
80709
80726
80766
80786
80845
80859
80883
80907
80913
80945
80956
80980
80998
81007
81012
81015
81034
81048
81061
81083
81105
81115
81150
81209
81237
81250
81301
81311
81312
81352
81395
81413
81436
81454
81481
81528
81530
81541
81547
81546
81567
81670
81677
81682
81728
81731
81736
81779
81850
81900
81934
81942
81949
81955
81966
81997
82003
82031
82032
82058
82060
82061
82063
82077
82090
82098
82099
82098
82123
82155
82190
82211
82213
82235
82297
79736
82300
82352
82364
82434
82456
82473
82498
82536
82562
82568
82576
82592
79460
82618
82695
82718
82720
82751
82759
82776
82797
82808
82853
82861
82873
82898
82896
82905
82925
82938
82996
83023
83046
83049
83060
80004
83111
83193
83200
83199
83210
83252
83260
83266
83309
83315
83333
83332
83356
83366
83381
83441
83451
83498
83509
83513
83529
83568
83586
83597
83704
83703
83722
83726
83722
83735
83759
83760
83763
77516
83818
83854
83886
83889
83975
83979
83984
84027
84034
84060
84066
84072
84115
84117
84131
84155
80956
84156
84165
84172
84181
84195
84215
84229
84230
84229
84239
84240
84269
84291
84301
84347
84389
84394
84436
84432
84455
84508
84528
84538
84550
84558
84588
84599
84600
84617
84623
84637
84640
84669
84698
84699
84711
84715
84719
84730
84760
84806
84824
81889
84828
84832
44823
84836
84835
84851
84846
84848
84855
84858
84892
84952
84960
84991
85000
85010
85022
85027
85050
85057
85061
85057
85127
85129
85161
85171
85204
85259
85270
85329
85339
85340
85363
85401
82829
85426
85470
85489
85507
85510
85532
85534
85570
85576
85579
85619
85634
85643
85657
52382
85679
85701
85749
85758
85749
85761
85770
85801
85838
85841
85847
85904
85900
85919
85933
85961
85976
86007
86021
86024
86046
86078
86089
86109
86111
86109
86168
86167
86223
86224
86223
86313
86355
86405
86429
86435
86441
86465
86477
86485
86514
86540
86563
86585
86593
86635
86641
86642
86645
86681
86684
86689
86693
83435
86692
86709
86718
86712
86735
86738
86750
86775
86785
86790
86809
86816
86852
86866
86933
86935
86949
86952
86956
86977
87007
87054
87075
87097
87117
87132
87134
87132
87145
87156
87193
87209
87225
87194
87246
87259
87262
87272
87277
87332
87333
87346
87356
87378
87446
87497
87534
87538
87541
87558
87559
87558
87561
85050
87566
87558
87559
87620
87622
87639
87657
87672
87715
87725
87731
87737
87747
87773
87786
87791
87872
87878
87902
87913
87933
87938
87939
87953
87998
88023
88026
88039
88042
88069
88071
88103
88115
88118
88121
88135
88139
88168
88166
88179
88195
82028
84985
82028
88209
88247
88249
88260
88294
88303
88362
88438
88448
88461
88478
88497
88521
88569
88600
88672
88758
88782
88818
88830
88850
88898
88917
88936
88943
88983
88987
88998
89007
89047
89051
89085
89112
89117
89149
89165
89166
89197
89201
89210
89220
89254
89260
89280
89286
89293
89309
89311
89334
89351
86157
89399
89425
89434
89460
89483
54804
89515
89524
89537
89532
89540
89549
89562
89602
89627
89635
89646
89661
89666
89686
89738
89806
89820
89850
89883
86593
89900
89905
89910
89915
89931
89945
89949
89951
89980
89981
89992
90001
90014
90026
90032
90036
90075
90079
90098
90111
90124
90160
90226
90231
90309
90320
90322
90325
90326
90331
90354
90358
90371
90381
90393
90441
90486
90490
90495
90518
87890
90542
90547
90602
90626
90660
90626
90730
90732
90762
90767
90766
90863
90875
90904
90965
90972
90980
90983
91038
91053
91055
91053
91081
91107
91115
91126
91153
90965
91183
91199
91202
91209
91216
91223
91259
91260
91267
91281
91283
91326
91334
91350
91353
91380
91391
91409
91416
91425
91402
91440
88115
91453
91454
91481
91514
91531
91533
91548
91576
91577
91587
91591
91629
91648
91620
91720
91733
91794
91831
91861
91878
91879
91881
91907
91908
91915
91946
91961
91983
92000
92004
92013
92113
92131
92134
92159
92166
92213
92222
92278
92281
92284
92295
92284
92300
92340
92342
92349
92372
92374
92393
92439
92453
92515
92522
92533
92545
92547
92550
92563
92572
92650
92668
92676
92690
92704
92710
92743
28384
92759
92774
92779
92782
92784
92811
92831
92865
92894
92956
92957
93007
93019
93040
93061
93066
93071
93078
93108
93110
93116
93142
93146
93222
93236
93237
93236
93305
93312
93320
93396
93405
93419
93462
93473
93510
89856
93530
93560
93564
93640
93652
93658
90024
93661
93687
93704
93707
93711
93712
93711
93718
93721
93751
93753
93772
93775
93802
93838
93847
93855
93883
93886
93936
94026
94040
94072
94147
94170
94191
94228
94243
94252
94272
94276
94339
94365
94437
94464
94471
94511
94520
94519
94542
94554
94561
94591
94610
94616
94659
94667
94670
94718
94727
94787
94792
94814
94812
94862
94889
94888
94962
94973
92439
94980
94983
94998
95034
95055
95061
95073
95075
95089
95113
95114
95134
95220
95234
95257
95262
95264
95270
95299
95301
95323
95339
95345
95386
95456
95458
95498
95521
95538
95552
95559
95575
95605
95620
95668
95683
95703
95708
95751
95756
95761
95798
95817
95828
95833
95838
95842
95861
95869
95891
95900
92478
95928
95938
95952
95998
96014
96028
96044
96049
96065
96076
92670
96080
96084
96092
96111
96115
96136
96146
96149
93661
96172
96180
92762
96181
96194
96245
96246
190
96256
96266
96308
96323
96363
96378
96396
96399
96408
96411
96419
96483
96496
96513
96544
93065
96546
96558
96561
96593
96605
96607
96610
96646
96661
96698
96705
96712
96742
96743
96813
96828
96842
96843
96856
96860
96892
96893
96892
96947
96949
96966
96968
96986
96992
97029
97040
97045
97049
97087
97097
97101
97160
97172
97181
97190
97205
97203
97211
97247
97252
97247
97244
97291
97332
97340
97332
97345
97356
97393
97401
97410
97418
97484
97494
97525
97530
97537
97557
97567
97575
97604
97612
97614
97655
97658
97689
97692
97715
97774
97793
97838
97839
97846
97864
97900
97903
97910
97912
97936
97956
97979
97983
97996
98002
98013
98042
98066
98109
98119
98134
98223
98238
98249
98289
98297
98332
98340
98345
98369
98375
98383
98392
98395
98416
98418
98437
98446
98476
98474
98538
98558
98562
98570
98574
98575
98558
98591
98596
95124
98624
98665
98680
98685
98726
98730
98754
98765
98813
98843
98828
98852
98862
98878
98886
98889
98954
98992
99006
99038
99033
99115
99151
19939
99170
99180
99209
99246
99276
99298
99314
99319
99324
99325
99337
99342
99351
99361
99369
99375
99379
99375
99420
99435
99454
99488
99492
99506
99515
99520
99522
99548
99589
99598
99607
99641
99643
99711
99745
99751
99752
99777
99801
99827
99872
99882
99883
99890
99891
99925
99941
99928
99947
99968
99998
100027
100035
100042
100055
100097
100134
100195
100207
100228
100234
100257
100262
100266
100265
100269
100277
100301
100318
100376
100400
100461
100490
100509
100512
100517
100518
100588
100600
100613
100619
100630
100643
100657
100695
100704
100708
100710
100718
100736
100775
100778
100812
100816
100815
100845
100853
100856
100863
100882
100891
100874
100910
100916
100926
100935
100946
100956
100986
100997
101000
101029
101060
101128
101135
101137
101150
101152
101160
101174
2831
101187
101193
101244
101249
101305
101312
101329
101345
101349
101375
101432
98134
101448
101515
101518
101519
101531
101552
101480
101554
101566
101603
101649
101656
101684
101719
101724
101727
101738
101694
101737
101748
101788
101830
101835
101839
101847
101893
101943
98501
101969
101973
102157
102166
102181
102191
102216
102237
102256
102283
102293
102302
102307
102358
102410
102427
102436
102442
102477
102492
102498
102509
102531
102547
102591
102601
102667
102679
102697
102704
102719
102740
102762
102778
102786
102811
102827
102850
102877
102888
102897
102906
102937
102938
102940
102977
102989
103017
103026
103036
103048
103054
103088
103083
103102
103115
103116
99698
103124
103125
103129
103157
103176
103178
103234
103233
103260
103264
103355
103359
103394
103395
103397
103420
103425
103450
103448
103466
100194
103478
103592
103603
103653
103668
103672
103689
103715
103726
103785
100300
103877
103904
103908
103945
103943
104001
104013
103992
104025
104033
104042
104049
104060
104100
104122
104127
104138
104198
104205
104263
104267
104292
10021
104307
104308
104310
104350
104368
104380
104433
104439
104440
104455
104461
104474
104500
104505
104516
104606
104635
104702
104707
104723
104725
104730
104743
104754
104757
104762
104770
104780
104809
104813
104817
104827
104824
104869
104886
104889
104897
104909
104912
104915
104918
104932
104936
104935
104937
104942
104963
104959
104969
104976
1845
104991
104997
105009
105028
105055
105060
105064
105094
105161
105165
105196
105223
105245
105290
105357
105419
105430
105429
105459
105487
105514
105519
105527
105547
105561
105628
105631
105679
103369
105702
105723
105745
105780
105835
105852
103591
105864
105872
105870
105873
105883
105906
105910
105942
105969
105981
105997
106044
106047
106086
106124
106139
106147
106157
106184
106199
106241
106247
106272
106301
106321
106334
106340
106362
106390
106440
106435
106455
106466
106471
106476
106498
106511
106516
106526
37353
106525
106561
106583
106657
106676
106694
106692
106716
106727
106731
106733
106742
106744
106785
106788
106816
106817
106861
106889
106911
106926
106943
106946
106950
106957
106961
106948
106976
106988
107068
107075
103537
107107
107109
107136
107139
107163
107167
107196
107197
107196
107200
107228
107231
107318
107342
107343
107345
103859
107343
107357
107359
107400
107449
107458
107492
107504
107521
107534
107576
107582
107600
107612
107624
107642
107654
107683
107757
107767
107726
107794
107798
107810
107814
107820
105718
107846
107930
107931
107943
107975
108022
108036
108046
108059
108082
108098
108105
108113
108134
104690
108133
108138
108120
108145
108155
108168
108200
108217
108219
108252
105260
108263
108264
108279
108310
108334
108359
108372
108385
108397
108400
108463
108496
108515
108530
108533
108557
108548
108569
108588
108595
108601
108634
108660
108661
108689
108698
108704
108714
108737
108750
108751
108750
108763
108794
108800
108840
108842
108840
108853
108874
108876
108891
108916
108922
108932
108993
108996
109031
109042
109055
109068
109091
105772
109101
109125
105805
109123
109148
109168
109189
109220
109223
109230
109309
109326
109336
109345
109363
109395
109406
109415
109418
109466
109488
109495
109523
109535
109629
107425
109646
109673
109679
109686
109707
109712
109735
109749
109788
109802
109826
109823
107619
109837
109839
109854
109875
109893
109916
109943
109997
110027
576
577
653
577
110089
110132
110137
110151
110163
110164
110163
110188
110199
110224
106943
110246
110306
110321
110320
110378
110380
110383
103893
110392
110458
110485
108342
110507
110534
110552
110553
110570
110571
110620
110632
110627
110663
110692
110567
110696
110699
110698
110815
110904
110911
110918
110925
111015
40319
111035
111103
111112
111113
111153
111174
111193
111217
111218
111217
111226
111253
111267
111313
111335
111346
111370
111381
111405
111418
111427
111430
111446
111451
111495
111516
111520
111526
111558
111567
109790
111570
108172
111595
111608
111654
111688
111694
111700
111701
111712
111716
111719
111751
111786
111847
111865
111874
111865
111885
111893
111950
112118
112146
112152
112172
112278
112287
112298
112330
112342
112382
112407
112423
112496
112508
112516
112527
112544
112584
112588
112596
112630
112638
112663
112677
112693
112699
112780
112808
112809
112832
112841
112858
112870
112872
112904
112905
112912
112917
112945
112978
112981
112986
113061
113080
113088
113095
113144
113161
113176
113180
113187
113191
113219
113225
113231
113241
113283
113286
113288
113318
113423
113432
113435
113449
113477
110151
113500
113522
113541
111451
113575
113576
113581
113612
113651
113675
113678
113681
113689
113702
113741
113756
113762
113765
113778
113786
113826
113862
113871
113872
113871
113889
113964
113997
114000
113976
114019
114054
114074
114196
114233
114236
114237
114240
114255
114261
114283
114291
114323
114418
114465
114506
114520
114532
114535
114541
114549
114595
114600
114633
114637
114659
114679
114683
114684
114733
114766
114791
114818
114820
114835
114851
114853
114870
114875
114894
114918
114894
115024
115044
112021
115097
115103
115112
115111
115114
115123
115139
115140
115152
115177
115236
115267
115269
115342
115345
115377
115470
115489
115526
115529
115536
115573
115576
115591
115593
115587
115638
115672
115692
115696
115703
115704
115720
115727
115751
112616
115749
115775
115780
115784
115873
115879
115898
113612
115919
115921
115996
116021
116048
116052
116064
116070
116090
116106
116115
116116
116157
116164
116108
116181
116194
116207
116212
116215
116225
116233
116236
116254
116283
116327
116331
116334
116352
116378
116393
116403
116439
116446
116486
116492
116502
116504
116545
116611
116627
116648
37390
116655
116661
116682
116685
116701
116703
116712
116764
116803
116818
116847
116870
116913
116957
116962
116982
117004
117006
117020
117033
117035
117054
117081
117083
117091
117104
117117
117124
117189
117223
117243
117263
117284
117344
117347
117400
117453
117476
117479
117492
117493
117509
117566
117572
117626
117641
115450
117646
117649
117706
117733
117755
117753
117776
117784
117791
117813
117814
117813
117826
117831
117852
117869
117878
117879
117887
117905
117917
117926
117932
117954
117976
117985
118000
118011
118021
118045
118049
118096
118111
118139
118150
118282
118299
118301
118311
118361
118398
118401
118436
118437
118445
118494
118525
118543
118549
118572
118575
118616
118610
118618
118656
118681
118696
118753
118757
118813
118822
118897
118945
5518
118980
118983
116048
118974
118990
118991
118990
118993
119023
119047
116115
119056
119098
119120
119122
119128
119169
119189
119190
119198
119232
119236
119264
119278
119337
119347
119354
119347
119366
119375
119392
119402
119407
119417
119423
119432
119472
119488
119498
119534
119539
119552
119564
119585
119586
119609
119612
119638
119644
119680
119692
119702
119708
119717
119720
119750
119798
119828
119839
119848
119859
119906
119926
117835
115612
119934
119943
119949
119995
120024
120034
120030
120048
120051
120059
120061
120080
120086
117953
120106
120129
120142
120161
120183
120187
120202
117116
120201
120208
120209
120218
120223
120241
120253
120277
120297
120300
120315
120347
120367
120378
120390
120392
120425
120464
120479
17947
120540
120525
120553
120559
120598
120606
120614
120622
120638
120643
120649
120664
120681
120685
120688
120720
49278
120739
120773
120804
120813
120828
120846
118669
120850
120962
117926
117925
120990
120991
120999
121004
121014
121020
121116
121150
121179
121194
121243
121292
121293
121305
121307
121311
121330
121347
121383
121406
121424
121445
121450
119164
121466
121525
121534
121533
121535
121534
121533
121563
121610
121613
121650
121709
121728
121797
121825
121851
121852
121872
121873
121887
121893
121905
121923
121940
121964
121997
121998
122010
122011
122038
122049
122089
122106
122112
122150
118188
122195
122232
122231
122240
122245
122250
122258
122293
122323
122350
122396
112584
122404
122438
122440
122447
122456
122460
122467
122485
122488
122508
122514
122563
122596
122616
122621
122653
122656
122671
122687
122691
122709
122716
122747
122774
122793
122808
122819
122842
122927
122932
122964
122977
123020
123041
123053
123062
123071
123089
123095
123101
123150
123162
120106
123168
123172
123176
123182
123193
123196
123257
123268
123279
123284
123345
123361
123379
123383
123406
123419
123461
123466
123512
123528
123536
123563
123567
123575
17480
123577
123585
123596
123594
123599
123613
123659
123697
123732
123745
123756
123822
123825
123829
123836
123842
123859
123886
123907
123914
123915
123926
123932
123964
123994
124000
124022
124024
124028
124039
124050
124080
124113
124125
124158
124175
124180
124200
124214
124228
124232
124234
124264
124333
124342
124374
124485
124502
124524
124543
124556
124557
124567
124613
124616
124664
124688
124704
124709
124789
124808
124825
124837
124851
124876
124898
124921
124944
124948
124953
124961
125007
125015
125104
125113
125134
125136
125139
125147
125188
125207
125213
125239
125243
125253
125269
125285
125287
125291
125294
125296
125315
125318
125321
125342
125352
125365
125373
125374
125387
125403
125426
125432
125466
125476
125496
125535
125601
125610
125651
125705
125712
125734
125751
125757
125784
125796
125806
125817
125827
125830
125842
125876
125915
125895
125927
125953
122725
125978
126001
126006
122790
126099
126104
126153
126171
126184
126194
126245
126248
126252
126266
126268
126292
126303
126306
126314
126362
126396
126401
126399
126420
126440
126441
126449
126451
126478
126514
126551
126562
126574
126576
126595
126603
126606
126613
126617
126618
126665
126637
126702
126719
126746
120347
126744
126746
126753
126754
126782
126796
126829
126852
126869
126886
126887
126902
126919
126922
126927
126952
126950
126986
127005
127009
127028
127045
127092
127103
127112
127117
127140
127147
127146
127149
127156
127174
127206
127210
127211
127227
127234
127247
127274
127277
127290
127292
127311
127338
127343
127341
127365
127379
127411
127456
127469
127514
127525
127534
127563
127574
127610
127618
127630
127655
127661
127659
127701
127728
127731
127734
127751
127755
127758
127778
127786
127793
127795
127814
127818
127846
124567
127882
127889
127906
127910
127963
127973
127990
128022
128037
128041
128055
128085
128106
128120
128141
128155
128168
128170
128200
128202
128203
128211
128263
128260
128266
128271
128320
128331
128355
128377
128389
128420
128464
128471
128513
128514
128530
128547
128639
128654
128666
126399
128678
128687
128701
128712
128726
128741
128751
128754
128764
128782
128799
128801
128807
128811
128808
128836
128852
128857
128877
128883
128897
128907
128921
128924
128968
128991
129001
129013
129022
129035
129054
129070
129099
129127
129133
129161
129201
129215
129229
129242
129292
129321
129331
129341
129354
129365
129381
129407
129451
129468
129489
129514
129538
129559
129568
129569
129579
129586
129588
129614
129619
129629
129630
129637
129643
129654
129702
129729
129776
129778
129783
129837
129852
129860
129864
129906
129912
129914
129912
129913
129925
129932
129964
129971
129989
130016
130034
130039
130054
130095
130111
130123
130129
130149
123579
130201
130234
130243
130246
130298
130336
130359
130409
130446
130457
130460
130467
130484
130532
130623
130649
130683
130696
130739
130760
130763
130798
130814
130851
130854
130865
130869
130872
130890
130908
130915
130912
130946
130953
130962
130980
131011
131022
131056
131064
131083
131094
131097
131108
131143
131199
131250
131251
131267
131301
131305
131315
131353
131370
131376
131382
131398
131399
131398
131447
131450
131477
131485
131493
131496
131503
131518
131577
131588
131600
131613
131616
131619
131622
131647
131654
131704
131706
131715
131723
131724
131732
131733
131732
131783
131793
131871
131886
131938
131961
131977
131997
132002
132005
128202
132073
132099
132120
132123
132155
132168
125535
132170
132173
132243
132254
132257
132262
132280
132281
132295
132304
132302
132317
132318
132329
132326
132339
88998
132358
132401
132414
132422
132429
132464
132475
132481
132479
132500
132538
132540
132558
132570
132572
132607
132610
132614
132643
132665
132682
132695
132730
132773
132799
132845
132850
132871
132885
132939
132957
133003
133009
133018
133026
133060
133063
133077
133090
133109
133124
133151
133156
133159
133166
133179
133204
133240
133242
133247
133256
133259
133267
133259
133284
133346
133358
133365
133368
133405
133417
133445
133468
133496
133588
133615
133622
133710
133729
133777
133781
133802
133827
133837
133860
133893
133908
133943
134035
134041
134046
134061
134076
134103
134112
134138
130451
134149
134157
134159
134161
134167
134160
134171
134170
134181
134299
134302
134324
134353
134384
134404
134431
134451
134470
134509
134518
134523
134534
134544
134528
134569
134575
134578
131195
134585
134597
125712
134604
134610
134644
134676
134692
134703
134717
134738
134749
134805
134816
134836
134839
134876
134884
15541
134894
134904
134906
134904
134911
134878
134928
134939
134956
134966
134964
134904
134980
134992
135016
135056
135063
135090
135094
135101
135120
135123
135194
135220
135232
135248
135296
135338
135352
135364
135366
135371
135420
135444
135469
135473
135493
135553
135573
135585
135630
135634
135645
135694
135710
135733
135734
135735
135742
135806
135850
135857
135897
135905
133658
135942
135964
135966
135987
136001
136019
136046
136072
136093
136112
136133
136147
136171
136174
136198
136211
136231
136245
136251
136258
136317
136323
136330
136385
136399
136420
136477
136478
136522
136534
136564
136578
136581
136590
136596
136602
136619
136627
136629
136645
136678
136685
136687
136692
136726
136732
136746
136765
136782
136797
136810
136820
136831
136842
136851
136874
136918
137013
137036
137042
137040
137095
137101
137133
137153
137188
137216
137222
137248
137257
137266
137305
137344
137358
137381
137389
137408
137421
137429
137469
137482
137488
137493
137533
137544
137530
137617
137631
137644
137667
137681
137683
137689
137727
137686
137729
137686
137768
137813
137815
137819
8687
137820
137821
137827
137857
137869
137876
137880
137911
137949
137957
137958
137964
137981
138000
138040
138104
138105
138110
138150
138178
138179
138178
138190
138195
138222
138246
138267
138279
138292
138311
138324
138331
138354
138364
138370
138378
138386
138390
138398
138400
138411
138423
138439
138417
138449
138461
138515
138525
138545
138589
138673
138675
138695
138719
138788
138842
138850
138868
138887
138908
138911
138913
138915
138939
138957
139005
139037
139040
139061
139067
139074
139106
139109
139117
139132
139156
139193
139206
139232
139237
139344
139362
139386
139389
139436
139447
139455
139459
139466
137149
139486
139514
139520
139536
139543
139553
139557
139578
139630
121854
139646
139675
139679
139695
139717
139723
139725
139755
139820
139846
139869
139893
139919
139933
139943
139960
139958
139963
139969
139975
139982
139981
140002
140019
140021
140019
140060
140071
140083
140092
140097
140135
140138
140153
140165
140171
140184
140195
140219
140236
140260
136454
140263
140266
140268
140279
140299
140300
140307
140323
140351
140371
140376
140381
140390
140393
140415
140430
140476
140505
140531
140537
140544
140549
140609
140618
140663
140736
140757
140777
140804
140806
140819
140823
140804
140852
140870
140876
140887
140945
140962
140970
141001
141003
141013
141069
141071
141084
141088
141130
141139
141143
141169
141258
141284
141304
139087
141317
141332
141350
141364
141368
141376
141379
141378
141386
141384
141405
141427
137584
141434
141464
141475
141485
141500
141506
141517
141546
141552
141566
141574
141579
141583
141594
141599
141628
141635
141654
141663
141693
141700
141730
141738
141760
141787
141789
141800
141824
141849
141896
141911
141938
141948
139646
141953
141951
142036
142051
142066
142073
142082
142107
142154
142166
142171
142201
142226
142248
142252
142268
142267
142289
142300
142346
142344
142352
142384
142399
142400
142410
142402
142421
142439
142442
142439
142475
142525
142552
142569
142622
142670
142681
142765
142785
142823
142849
142866
142885
142891
142904
142908
142923
142942
142945
142951
142996
143022
143030
143045
143051
143056
143074
143079
143097
143113
143165
143183
143210
143221
143259
143266
143326
143354
143356
143390
143391
143443
143458
143489
143522
143532
143549
143583
143595
143611
143622
143624
143626
143656
143661
143672
143674
141234
143680
143686
143701
143739
143757
143795
143798
143805
143813
143830
143865
143879
143888
143890
143882
139725
143908
143923
143947
143956
143969
143978
143989
143973
143997
144012
144051
144053
144059
144061
144065
144106
144116
144117
144122
144143
144161
144174
144202
141772
144209
144228
144240
144244
144271
144283
144285
144299
144307
144311
144337
144362
144379
144396
144416
144477
144488
144498
144505
144531
142180
144540
144541
144558
144559
144558
144578
144581
144592
144605
144621
144624
144653
144658
144679
144682
144707
144768
144801
144805
144858
144863
144861
144878
144902
144900
144917
144940
144952
144956
145020
145029
145042
145096
145112
145114
145228
145271
145313
145354
145376
145384
145386
145412
145441
145443
145455
145465
145471
145476
145507
145518
145537
145543
145544
145547
145546
145564
145598
145613
7480
145647
145673
145678
145715
145743
145746
145754
145786
145846
96661
145873
145890
145896
145903
145970
145972
145980
146013
146015
146017
146036
146039
146044
146054
146052
146036
146091
146116
146136
146155
146161
146180
146188
146263
146284
146339
146350
146364
146379
146441
146446
146463
146497
146552
146554
146569
146577
146582
146615
146630
146637
146673
146696
146707
146712
146718
146732
146754
146775
146773
146813
146819
146824
146857
146896
146918
146948
147004
147020
147019
147035
147048
147052
147056
147071
147104
147132
147139
147148
147158
147166
147188
147186
147235
147240
147252
147257
147299
147301
147303
147391
147405
147440
147447
147471
147482
147501
147506
147554
147565
147574
147614
147617
147641
147646
147668
147701
147705
147728
147737
147752
147778
147786
147808
147834
147846
147854
147861
147864
147884
147885
147902
147935
147955
147989
148005
148021
148051
148059
148064
148083
148123
148205
148230
148237
148241
148255
148262
40981
148283
148272
148300
148304
148331
148344
148354
148359
148396
148403
148406
148414
148461
144112
148466
148469
148507
148522
148529
148534
148541
148546
148558
148585
148607
148619
148624
148641
148658
148663
148700
148704
148748
148753
148760
148778
148783
148810
148818
148828
148883
148899
148952
149009
149024
149079
149090
149088
149100
149121
149177
149290
149296
149305
149345
149378
149388
149393
149404
149407
149421
149474
149492
149497
149503
149525
149544
149561
149553
149563
149569
149584
149602
149648
149654
149656
149664
37627
149672
149684
149687
149704
149708
149720
149717
149771
149773
149814
149825
149838
149843
149852
149862
149872
149893
149903
149935
149953
149954
149956
149981
147593
150005
150014
150026
150039
150076
150093
150103
150144
150153
150156
150169
150178
150179
150178
150190
20609
149989
150194
150223
150257
150256
150263
150313
150360
150322
150430
150451
150454
150460
150517
7855
150532
150586
150612
150620
150639
150646
150673
150682
150711
150733
150754
150762
150784
150793
150800
150818
150827
150837
150842
150881
150900
151041
151069
151078
151088
151149
151156
151194
151210
151214
151216
151240
151245
151280
151351
151370
151388
151400
151441
151458
151464
151503
151508
151516
151558
151570
151572
151595
151596
151612
151636
151635
151643
151661
151700
151712
151766
151772
151816
151820
151868
151892
151922
151949
151984
151996
152004
152008
152026
151964
152039
152060
152068
152073
152112
152129
152141
152177
152179
152184
152205
152223
152227
152285
152328
152436
152448
152569
152593
152606
152632
152636
152654
152678
152707
152724
152752
152754
152800
152825
152833
152861
152862
152865
152876
152933
152947
152969
152971
152993
153025
153043
153056
153073
153149
153160
153165
153179
153182
153219
153228
153243
153248
153258
153347
153352
153357
153415
153429
153448
153462
153491
153486
153505
153515
153524
153535
153566
153588
153602
153626
153634
153685
153745
153754
153776
151503
153791
153801
153810
153816
151508
153827
153864
153888
153898
153905
153950
154026
154060
154075
154110
154125
154159
154165
154174
154173
154186
154187
154208
154210
154227
154232
154247
154309
154351
154361
154383
154391
154401
154418
154433
154494
154498
154502
154554
154562
154569
154589
154614
154625
154623
154661
154669
154682
154723
154735
154750
154763
154785
154789
154814
154839
154848
154874
154880
154891
154895
154926
154946
154964
154962
154965
154986
154998
155000
155015
155020
155043
155050
155062
155091
155106
155112
155125
155143
155181
155207
155220
155223
155270
155280
155281
155280
155300
155318
155339
155351
155368
155369
155368
155422
155427
155431
155437
155450
63676
155468
155478
155481
155464
155486
155489
155495
155524
155546
155573
155582
155589
155608
155615
155683
155707
155763
155781
155803
155812
155814
155824
155827
155833
155877
155943
155945
155965
155972
29483
155977
155979
155948
155946
156002
156001
156043
156050
156052
156074
156077
156094
156097
156098
156097
156135
156138
156149
156173
156247
156269
156271
156273
153066
156340
156346
156348
156366
156377
156413
156424
156448
156451
156466
156469
156470
156498
156511
156600
154173
156606
156633
156641
156642
156645
156646
156668
156686
156694
156693
156714
156718
156726
156728
156750
156728
156757
156766
156785
156850
156873
156894
156915
156932
156965
156978
156981
157012
157011
157024
157049
157086
157096
157150
157169
157195
157242
157263
157296
157301
157317
152943
157327
157340
157358
157370
157399
157392
157408
157468
157485
155106
157494
157499
157517
157568
157573
157566
157591
157597
157634
157685
157700
157718
157722
157732
157750
157796
157819
157820
157833
157848
157883
157857
157900
157907
157912
157953
157961
158074
158107
158123
158151
158154
158201
158203
158229
158238
158241
158259
158284
158321
158328
158331
158334
158338
158334
158394
158457
158463
158471
158481
158495
158516
158600
158601
158613
158630
158635
158638
158644
158648
158676
158679
158699
158709
158716
158740
158747
158788
158822
158847
158867
158885
158907
158923
158951
158954
158977
158986
159001
159013
159023
159028
159051
159075
96008
159081
159103
159124
159128
159138
159165
159204
159209
159214
159271
159315
159322
159343
159327
159350
159374
159384
159392
159431
159476
159498
159500
159512
159556
159563
159562
159599
159611
159623
8504
159630
159689
159690
159693
159705
159695
159693
159716
159726
159740
159745
159751
159778
159783
159818
159830
159832
159841
159846
159867
159881
159888
159909
159947
159950
159968
159978
159983
160001
160007
160012
160018
159974
160051
160058
160064
160089
153696
160104
160111
160138
160159
160168
160193
160217
160218
160224
160231
160250
160268
160305
160317
160401
160403
160439
160441
160529
160534
160542
160556
160563
160565
160563
160580
160581
160584
160590
160605
160625
160740
160751
160756
160773
160789
160796
160844
160856
160859
160856
160868
160887
160922
160930
160933
37878
160962
160984
161012
161016
161066
161071
161084
161088
156548
161137
161168
161173
161210
161216
161250
158708
161288
161342
161362
161387
161445
161490
161493
161494
161517
161542
161555
161591
161602
161612
161614
161620
161630
161659
161686
161682
161692
161699
161697
161744
161755
161799
37613
161883
161896
161913
161919
161954
162018
162031
162030
162046
162067
162115
162140
162162
162202
162237
162286
157688
162313
162334
162358
162410
162437
162445
162484
162503
162505
162515
162528
162557
162567
162580
162582
162624
162630
162635
162660
162667
162735
162759
162781
162829
162839
162852
162887
162907
162980
162986
163000
163006
163026
163081
163109
163167
163177
163233
163259
163286
163294
163310
163317
163322
163329
163375
163379
163390
163399
163402
163410
163415
163436
163452
163462
163468
163470
163526
163552
163592
163613
163655
163660
163695
163709
163701
163724
163725
163738
163763
163761
163817
163818
163853
163859
163865
163892
163905
163919
163920
163933
163943
163946
163955
159319
163970
163981
163982
163989
164031
164045
164052
164076
164087
164095
159501
164092
164117
164149
164166
164191
164210
164211
159659
164251
164256
164270
164274
164293
159887
164295
164312
164340
164365
164388
164404
164417
164419
164388
164444
164453
164455
164481
164483
164487
164549
164555
164580
164583
164594
164597
164601
164610
164629
164634
164700
164702
164704
164776
164789
164790
164833
164839
164851
164858
164885
164887
164896
164909
164944
164979
164986
164991
165006
165040
165057
165059
165143
165146
92563
165166
165224
165321
165339
165414
165427
165449
165458
165491
165520
165529
165539
165540
165545
165555
165564
165578
165581
165583
165592
165622
165645
165654
165655
165693
165707
14589
165720
165730
165733
165749
165741
165759
165760
165768
163294
165799
165825
165833
165844
165884
165946
165980
165991
166058
166076
166118
166119
166126
166142
166153
166172
166183
166203
166204
166213
166219
166249
166279
166289
166295
166296
166336
166330
166354
166355
166357
166360
166366
163903
166382
166390
166412
166420
166430
166439
166440
166478
166486
166488
166491
166518
166546
166579
166582
166591
166590
166634
166635
166672
166678
166710
166725
166734
166742
166758
166768
166808
166810
166851
166870
166891
166906
166918
166920
166923
166932
166936
166944
166955
166963
166961
167003
167032
167045
167046
167042
167050
167078
167097
167102
167131
167146
167153
167226
167281
167286
167289
89998
167295
167363
167471
167469
167479
167481
167506
167511
167513
167537
167533
167554
167560
167567
167571
167577
167587
167630
162763
167713
167726
167768
167798
167800
167833
167850
167902
167956
167958
167964
167972
167992
168020
168034
168047
168058
168069
168093
168111
168093
168168
163664
168173
168189
168194
168195
168208
168242
168311
168313
168367
168388
168395
168402
168442
168546
168583
168591
168691
168703
168738
168749
168808
168827
168828
168854
168862
168871
168875
168880
168900
168912
168925
168938
168956
168957
168995
169006
169014
169025
169030
169031
169098
169099
169109
169142
169152
169164
169181
169214
169226
169232
169274
169280
169312
169338
169363
169396
169424
165581
169427
169461
169499
169504
169567
169578
169600
169627
169647
169655
169670
169677
169680
169700
169706
169707
169796
169811
169837
169864
169886
169900
169933
169959
169965
170000
170020
170024
170025
170000
170034
170043
170052
170066
170077
170094
170101
170126
170171
170174
170188
170195
170196
170222
170241
170253
170262
170267
170322
170354
170357
170377
170400
170405
170424
170514
170532
165724
170545
170576
170583
86949
86950
170594
170600
170633
170647
170650
170671
170695
170704
170734
170751
170799
170806
170814
170845
170850
170907
170925
170992
170997
171011
171020
171023
171037
171058
171060
171061
171068
171081
171092
171166
171223
171226
171228
171238
171252
171303
171327
171328
171361
171365
171381
171403
171460
171471
171490
171502
171504
171507
171513
171514
171521
171590
171589
171605
171637
171686
171710
171708
171734
171746
171782
171799
4168
171803
171813
171818
167607
171847
171853
171856
171888
171623
171892
171938
171946
171949
171960
171979
172014
172036
172048
172067
172086
172090
172114
172145
172153
172155
172192
172212
172218
172268
172327
172357
172397
172402
172410
172416
172439
172446
172452
172456
172461
172483
172491
172517
172522
172525
172536
172541
172545
172574
172630
172675
172684
172694
172720
172722
172733
172734
172779
172783
172791
172824
172831
172841
172853
172873
172903
172939
172944
172947
172992
173012
173042
173048
173063
173064
173077
173085
173091
173096
173139
173203
169024
173240
173238
173249
173255
173303
173330
173337
173346
173349
173360
173394
173403
173426
173433
173448
173480
173538
173544
173558
173575
173588
173593
173607
173630
173634
173645
173643
173678
173706
173711
173712
173771
173774
173786
173811
173815
173837
173846
173866
173896
173908
173915
173943
173989
173990
173996
174034
174042
174050
174096
174178
174181
174190
174220
174302
174310
174358
174323
174397
174464
174471
174499
174516
174564
174575
171942
174597
174616
174640
174643
174668
174675
174709
174735
174750
174777
174795
174797
174795
174800
174833
174938
174965
174986
49170
174993
174997
175039
175076
175122
175126
170871
175199
175205
175212
175239
175265
175283
175332
175336
175338
175352
175355
175363
175387
175402
175447
175449
175455
175477
175479
175497
175506
175508
175506
175535
175542
175567
175626
175629
175648
175659
175664
175698
175718
175754
175757
168228
175761
175781
175839
175869
175875
175880
175896
175898
175900
175905
175919
175927
175943
175944
175957
175979
175998
176021
176024
176043
176066
176080
176108
176122
176132
176149
176178
176189
176191
176195
176231
176233
176243
176265
176243
176273
176278
176287
176291
176302
176301
176319
176331
176351
176409
176427
176494
176510
176508
176539
176554
176556
176562
176631
174034
176635
176647
176694
176704
176708
176723
176746
176758
176778
176788
176818
176822
176827
176939
176940
176948
172985
176967
176982
176994
177012
177026
177041
177040
177047
177054
177113
177150
177153
177164
177174
177186
177187
177186
177218
177243
177247
177271
177278
177305
177315
177321
177330
177351
177414
177421
177443
177464
177463
177482
177528
177537
177540
177591
177618
177626
177637
177642
177668
177685
177706
177727
177753
177768
177772
177778
177785
177788
177848
177857
177869
177874
177912
178010
178049
178075
178077
178097
178109
178145
178169
178206
178222
178224
178225
178274
178315
178353
178379
178382
178390
178480
178489
178491
178501
178568
178589
178593
178604
178632
178638
178662
178685
178699
178732
178745
178767
178801
178832
178840
178844
178862
178868
178867
178875
178878
178890
178932
178947
176457
178955
178987
179034
179061
179098
179119
179153
179190
179207
179245
179247
179263
179298
179320
179325
179320
179345
179351
179364
179366
179399
179415
179426
179433
179465
179486
179501
179527
179544
179584
179597
179603
179609
179650
179679
179707
179708
179747
179789
179806
179837
179844
179859
179877
179879
179880
179902
179904
179917
179919
179926
179953
179975
180002
180007
180013
180044
180063
180065
180063
180073
180101
180140
180154
180153
180182
180202
180244
180264
180277
180283
180308
180346
180354
180364
180397
180459
180478
180482
180508
180559
180568
180578
180580
180606
180620
180625
180643
180644
180664
180702
180706
180708
180753
180759
180770
180798
180801
180812
180860
180861
180872
180929
180963
180973
180983
180989
180992
181013
181021
181039
181060
181114
181134
181157
181161
181173
181185
181201
181273
181289
181304
181338
178676
181354
181363
181376
181467
181494
181516
181522
181530
181551
181591
181747
181781
181794
181801
181805
181814
181826
181854
181867
181875
181889
181910
181911
181957
182017
182020
182017
182049
182078
182079
182100
182113
182177
182197
182209
182219
182241
182288
182403
182413
182433
182437
182473
182501
178638
182590
182602
182619
182647
182653
182654
182722
172998
182734
182737
182763
182812
182817
182840
182871
182884
182889
182892
182902
182918
182921
182932
182944
182963
182967
182988
183019
183021
183042
183050
183052
183059
183116
183140
183177
183197
183231
183290
183294
183326
183331
183398
183399
183410
183417
183444
183455
183467
183469
183473
180971
183485
183487
183497
183505
183542
183548
183546
183553
183576
183596
183615
183618
183629
183683
183688
183730
183739
183747
183750
183752
183763
183771
183776
183788
183803
183804
183812
183838
183857
183873
183879
183892
183896
183923
183925
183944
183948
183972
183976
183978
183986
183994
184024
184064
184067
184068
184093
184095
184093
184144
184170
184179
184199
184207
63676
184223
184260
184293
184313
184323
184326
184335
184387
184391
184397
184403
184410
184431
184480
184485
184516
184576
184603
184645
184666
184681
184680
184694
184700
184717
184725
184743
184747
184759
184774
184792
184804
184805
184817
184875
184894
184901
184930
184936
184943
184961
184969
184994
185006
185046
185067
185098
185174
185192
185196
185211
185226
185192
185233
185253
185267
185269
185277
185304
185305
185312
185330
185332
185386
185393
185395
185425
185432
185450
185460
185483
185489
185460
185506
185520
185529
185533
185539
185540
185586
185608
185613
185636
185663
185668
185708
185716
185717
185720
185730
185737
185787
185795
185808
185807
185820
185824
185829
185833
185843
185855
185875
185892
185898
185908
185965
186005
186039
178798
186104
186114
186150
186153
186217
186228
186240
186270
186322
186347
186363
186368
186397
186455
186461
186494
186495
186508
186533
186566
186585
186596
186594
186607
186618
186655
186679
186687
186695
186701
186721
186729
186733
186746
186718
186750
186758
186782
186817
186821
186827
186849
186881
186883
186895
186900
186937
187006
187018
187043
187092
187141
187160
187225
187274
187289
187299
187315
187349
187356
187363
187369
187387
187407
187416
187472
187553
187580
187694
187697
187706
187724
187728
187769
176846
187791
187804
187846
187896
187894
187909
187985
188002
188061
188086
188096
188102
188117
188120
188131
188148
188155
188157
188168
188197
188215
188220
188231
188251
188270
188273
188347
188365
188419
188437
188443
188450
188459
188489
188498
188521
188537
188549
188572
188576
188612
188660
188672
188693
188725
188730
188731
188744
4717
188756
188764
188778
188806
188809
188889
188916
188926
188954
188959
188966
188973
188997
188999
189038
189041
189044
189062
189111
189161
189195
189229
189245
189253
189260
189271
189289
189296
189307
189310
189319
189326
189338
189373
189390
189430
189437
189457
189478
189483
189494
189499
189498
189511
189528
189542
189550
189567
189578
189600
189616
189619
189633
189657
189672
189699
189725
189791
189826
189856
189860
189875
189897
189904
189916
189967
189981
190028
190069
190097
190156
186530
190162
190170
190174
190206
190228
190245
190277
190286
190301
190167
190322
190370
190385
190405
190424
190439
190461
190509
190515
190601
190604
186817
190614
190618
190627
190651
190660
190686
190696
190723
190743
190788
190880
190891
190975
190979
190990
190991
191001
191028
191064
191103
191110
104147
191135
191142
191145
191156
191164
191169
191184
191187
191201
191209
191216
191256
191270
191269
191293
191292
191302
191310
191312
191310
191324
191333
191339
191350
191353
191356
191385
191389
191410
191426
191432
191439
191483
191496
191510
191515
191553
191575
191601
191645
191657
191681
191725
191767
191769
191779
191832
191884
191905
191930
191935
191959
191962
191966
191973
192001
192004
192013
192019
192045
192063
192071
192118
192122
192121
11845
192130
192131
192145
192161
192162
192195
192228
192266
192290
192310
192321
192383
192391
192424
192433
192438
192436
192435
192476
192546
192560
192594
192618
192629
192638
192651
192662
192667
192677
192738
192754
192776
192792
192831
192862
192879
192886
192951
192982
193003
193011
193019
193038
193070
193099
193114
193124
193133
193134
193157
193176
193235
193237
193268
193275
193288
193332
193349
193355
193391
193412
193417
193418
193426
193438
193445
193476
193494
193503
193523
193529
193535
193542
193546
193547
193570
193617
193636
193642
193657
193727
193737
193755
193765
193774
193790
193798
193866
193872
193946
193970
193998
194005
194007
194030
194056
194082
194099
194101
194124
194178
190863
194209
194213
194216
194221
194265
194281
194297
194303
194361
194368
191064
194387
194397
194441
194477
194523
194552
194572
194596
194653
194715
194740
194781
194797
194833
194852
194858
194886
194924
194941
194969
194975
194979
195015
195046
195055
195122
195139
195174
195202
195256
195261
192749
195278
195285
195305
195324
195327
195332
195378
195394
195407
195444
195481
195516
195522
195544
195563
195595
195615
195650
195752
195762
195779
195781
195792
195860
195877
195898
195907
195923
195907
195954
195958
195997
196066
196083
196087
196112
196136
196229
196237
196243
196245
196260
196263
196283
196284
196297
196312
196365
196371
196376
196385
196419
196442
196466
196501
196520
196531
196553
196682
196692
196712
196715
196729
196745
196768
196792
196797
196814
196822
196824
196838
196898
196902
196913
196919
196973
196985
197086
197116
197142
197148
197195
197274
197294
197299
197315
197317
197325
197340
197390
197392
197409
197471
197476
197464
197524
197540
197561
197573
197611
197636
197694
197726
197811
194489
197852
197893
30789
197894
30789
197951
197962
197963
198000
198052
198058
198068
198083
198086
198089
198090
198140
198155
198167
198175
198192
198218
198245
198265
198269
198287
198300
198317
198443
198476
198503
198561
198602
194005
198632
198642
198719
198745
198760
198796
198824
198858
198869
193617
193618
198886
198914
198927
198936
198948
198977
198989
199000
199010
199016
199018
199052
199082
199089
199112
199143
199161
199167
199175
199184
199192
199271
199359
199396
199400
199504
199513
199538
199536
199573
199615
199660
199669
199726
199769
199793
199796
199824
199841
199842
199886
99180
199918
199929
200074
200091
200199
200238
200265
200275
200306
200322
200348
200359
200360
200359
200421
200461
200493
200504
200536
200544
200602
200618
192463
200625
200627
198127
200660
200671
200698
200739
200757
200760
200775
200812
200846
200857
200949
200934
200972
200977
201056
201093
201104
201139
201194
201199
201201
201279
201346
201414
201473
201571
201627
201641
181134
201672
201699
201773
201798
201886
201892
201963
201970
201966
201963
201991
202020
202124
202154
202155
202170
202187
202202
202207
195565
202214
202217
202266
202268
202286
202289
202297
202302
202330
202356
202367
202406
202409
202396
202422
202430
202432
202452
202493
202514
202535
202595
202654
202668
202673
202657
202788
202830
202867
202892
202909
202916
202963
202980
203015
203017
203089
203131
203159
203206
203247
203255
203313
203334
203387
203402
203426
203428
203476
203518
203533
203539
203655
203671
203678
203741
203767
203766
203833
203927
203955
203981
204047
204063
204080
204135
204137
204138
204192
204196
204243
204269
204281
204321
204323
204361
204410
204423
204549
204599
204666
204681
204684
204685
204732
204738
204785
204837
204857
204869
204919
204933
204982
204992
205004
205011
205021
205093
205097
205105
205108
205129
192458
205195
205201
205239
205246
205312
205322
205345
205412
205421
205463
205511
205524
205603
205636
205669
205676
205773
202289
205783
205816
195752
205826
205878
205901
205951
205961
205992
206168
206167
206214
206236
206267
206278
206309
206343
206403
206461
206491
206503
206548
206582
203340
206587
206653
206674
206708
203493
206760
206811
206887
206891
206928
206935
206969
207049
207089
207088
207092
207252
207268
207292
207335
207391
207428
207447
207448
207462
207495
207500
207504
207542
193268
207596
207599
207735
207748
207892
207879
207900
207920
207925
208000
189366
208026
208048
208083
208097
208164
208211
208295
208311
208334
208422
208459
208502
208459
208524
208588
208601
208610
208622
208689
208709
208749
208754
208756
208819
208857
208882
208972
209034
209045
209060
209115
209239
209297
209453
209460
186050
209467
209475
174583
209496
209584
209589
209593
209636
209683
209703
209701
209720
209721
209746
209759
209785
209842
209864
209911
209958
210049
210133
210221
210224
210228
210268
210278
210282
210329
210330
210333
210338
210343
210360
210398
210427
210429
210486
204196
210480
210503
210504
210524
210514
210627
210631
210643
210674
210696
210745
210756
210806
210813
210886
210901
210939
210943
210970
210979
210996
211019
211041
211149
211166
211201
211263
211329
211384
211414
211433
211472
211557
211583
211594
211717
26770
211745
211753
211817
211860
211896
211903
211913
211936
211938
212087
212085
212094
212099
212124
212128
212183
212188
212196
212246
212255
212295
212317
212322
212339
212348
212368
212377
212420
209056
212429
212440
212511
212512
212600
212619
212662
212669
212721
212722
212721
212765
212770
212790
165535
212800
212815
212912
212922
212941
212959
212963
212959
212969
213002
209636
213046
213092
213138
213116
213151
213188
213250
213254
213250
213265
213279
213292
213315
213330
213335
213346
213487
210801
213512
213526
213535
213555
213571
213594
213614
213622
213636
213675
213714
213748
213783
213811
213816
213830
213846
213893
213920
213932
213972
213991
214025
214037
214033
172947
214044
214057
214069
214094
214101
214132
214147
214185
214247
214255
214273
214293
214322
214350
214367
214406
214433
214484
214502
214505
214586
214750
214758
214816
146427
214604
214905
214922
214975
214984
215021
215097
215123
211583
215167
215183
215191
215202
215247
66465
215300
215302
215320
215383
215414
215418
215469
215499
215503
215516
215528
215509
215561
215563
215561
215567
215585
215587
215585
215599
215653
215659
215661
215668
215678
165602
170288
215678
215703
215717
215728
215750
215724
215756
215783
215839
215840
215839
215925
215936
215959
215973
216049
216057
216146
216166
216205
216194
216210
216281
216283
216291
216304
216356
216403
216420
216477
216484
216487
216492
216555
216566
216593
216619
216694
216764
216775
216832
216873
216880
216893
216913
216924
216951
216975
217002
182285
217039
8575
217085
217129
217141
217172
217219
217261
217266
217279
213897
217287
217305
217313
217321
163275
217327
217345
217358
217399
217454
217457
217461
217566
217572
217580
217572
217605
217616
162951
214531
217651
217688
176631
217703
217851
217861
217889
217901
217928
218003
218062
218090
218198
218216
218214
218249
218297
218305
218308
218314
218347
218356
218393
218435
218461
218505
218540
218633
218634
218692
218707
218732
218745
218752
165726
218767
218825
218856
218864
218875
218911
218919
212412
218928
218936
218939
218979
215756
219014
219031
219092
219146
219149
219157
219170
219184
219194
219289
219300
219319
219327
219416
219428
164910
219453
219522
219584
219678
219799
219889
219893
219944
219953
220012
220021
220041
220059
220114
220174
220206
220240
217125
217129
220328
220394
220398
220410
220426
10361
220439
220531
220562
220617
220652
220673
220762
220885
220892
220913
220927
220944
221018
221040
221062
221074
221109
221157
221166
221206
221223
221277
221306
221368
221367
221381
221517
221557
221574
221579
221637
221668
221746
221751
221807
221823
221854
221818
221858
221869
221890
221896
221903
221931
221937
221944
221952
222017
222048
222166
222180
222192
222221
222273
222285
222293
222372
222451
222467
222502
222508
222575
222593
222599
222639
222723
222782
222794
222835
222894
222909
222917
222951
222986
222985
223055
223094
223130
223143
223206
223322
223345
223362
223422
223486
223498
223608
223669
223693
223754
223763
223781
223811
223821
223854
223872
223922
223927
223969
224012
224023
224026
224037
224043
224171
224205
224285
224320
224503
224562
224594
224624
224676
224697
224706
224710
224742
219998
224783
224787
224809
224830
224879
224809
224881
224901
224947
224964
224972
224979
224980
224979
225007
225031
225061
225078
225092
225096
225136
225179
225204
225241
222144
225244
225253
225256
225221
225322
225346
225365
225396
225416
225506
156149
225562
225569
225695
225723
225740
225772
225795
225808
225810
225928
225958
225963
226003
226070
226100
226142
226148
226161
226177
226179
226199
226216
226230
226217
226243
40261
226273
226294
226298
226305
150586
226315
226335
226354
226357
226381
226385
226390
226406
226454
226458
226461
226532
226531
226562
226598
226603
226620
226640
226659
226679
226690
226711
226723
226726
226736
224026
224015
226766
226778
226792
226794
226811
226834
226851
226862
226875
226886
226927
226934
226936
226948
226956
227001
227030
227077
227120
227178
227190
227227
227262
227296
227321
227383
227399
227428
227486
224619
227484
227501
227545
201150
227557
227566
227628
227657
227714
227719
227800
227821
227840
227861
227893
227905
227909
227971
227981
228050
7656
228093
228115
228118
228159
172779
228173
228200
228208
228245
228252
228302
228340
228384
228404
228422
228502
228569
228581
228637
228667
228637
228672
228702
228739
228784
228787
228811
228838
228862
228886
228890
228923
228944
228979
229010
229036
229040
229019
229064
229078
229079
229145
229151
229220
226142
229252
229264
229363
229372
229380
229403
226246
229425
229440
229485
229529
229542
229555
229568
229587
229611
229644
229697
229698
229703
229781
229840
229881
229885
229890
229935
229963
177150
229974
229991
230001
230005
230054
230084
230132
230140
230196
230260
141284
230269
230345
230352
230396
230402
230428
230449
230483
230514
230527
230567
230571
230581
230598
230605
230629
230650
230684
230686
230705
230704
230811
230821
230880
230889
230930
230939
230945
230939
230982
231026
231043
231085
231139
231174
231271
231423
231436
231459
231469
231506
231522
231556
231555
231591
231610
231667
231762
231815
231816
231854
231869
231959
231969
232014
232021
232066
232091
232097
232099
145546
145547
232122
232150
232253
232283
232295
232311
232356
232388
232432
232431
232442
232468
232474
232494
232554
232653
232689
232700
232739
232746
232764
232778
232785
232794
156107
232785
232819
229932
232845
232858
232871
232903
232935
232996
233116
233129
233171
233178
233252
233322
233368
233376
233414
233425
233449
233453
233459
233483
233501
233622
233689
233701
233710
165888
233806
233851
233879
233955
233970
234042
234047
234119
234147
234175
234205
234224
234254
234257
234266
234315
234379
234429
234524
234527
234529
234573
234605
234708
234712
234761
234844
234881
234942
234956
234976
235007
235081
235107
235122
235144
235208
235224
235239
235290
235297
235311
235335
235423
235471
235510
235548
235567
235625
235628
235663
235676
235712
235738
235759
235901
136581
235934
236018
236054
236089
236107
236125
236160
236168
236200
236246
236249
236256
236333
236350
236374
164884
164885
236403
236416
236492
236531
236565
236578
236600
236621
236802
236936
236951
237000
237034
237045
237052
237061
237078
237136
237138
237168
237214
237220
237238
237253
237265
237278
139459
237353
237413
237424
237418
237445
237464
237517
237599
237623
237646
237671
237670
237677
237906
237948
237978
237988
237996
238002
238020
238045
238078
238089
238123
238133
238132
238145
238146
238163
238173
138511
238225
238229
238241
238299
238313
238319
238372
238406
238499
238525
238527
238636
238686
238722
238726
238775
238863
238908
238911
238915
238927
238946
239003
239043
239067
239138
239145
239148
239184
239186
239220
239234
239322
239552
239569
239610
236638
239615
239634
239663
239684
239707
239715
239726
239745
239750
239759
239761
239815
239837
239846
239881
239906
5985
239933
239990
240000
240083
240104
240169
240220
240272
240276
240286
240306
240328
240348
240387
240402
240418
240423
240464
240494
240600
240631
240699
240749
240781
240818
240867
240877
240873
240883
240887
240895
240906
240990
241039
164293
241076
241078
241096
241106
241116
241118
241140
241156
241164
241166
241177
241200
241252
241277
241276
241313
241314
241317
241331
20052
241344
241400
130513
238535
241411
138050
241435
241445
241491
241506
238636
241513
238645
241645
241695
241722
241720
241743
241834
241867
241941
241950
143739
241989
242015
242031
242063
242100
242125
242134
242237
242259
242265
242299
242345
242360
242387
242423
242484
242502
242516
242525
242594
242598
242603
242645
242649
242673
242696
242710
242721
242776
242815
242853
242859
242861
242868
242875
242911
240029
242944
242994
243043
243070
243081
243132
243166
243268
243365
243379
243398
243434
243528
243538
243551
243634
243719
243746
243774
243794
243798
238132
243819
243842
243872
243876
243963
244065
244064
244076
244105
134159
244121
244132
244156
241357
244178
244283
244309
244311
244319
244330
244351
244386
244461
244513
244535
244562
244637
244642
244684
244699
244709
244773
244816
244922
244925
244994
21252
245123
245154
245181
245224
245247
245328
245383
245418
245425
245437
131306
131305
245498
245515
245521
245540
245567
245616
245661
245672
245683
245716
245774
245942
245979
245989
245994
246001
246084
246088
246116
246141
246196
246237
246255
246267
246385
246395
246413
246416
246428
246432
246490
246520
246538
246554
246565
246581
246585
246614
246658
246696
246697
246728
246697
246696
246883
246894
246899
246910
246909
246966
247022
247102
247107
247109
247139
247167
247179
247186
247217
247218
247315
247329
247338
247359
247407
247414
247417
247420
247435
247451
247604
247698
247704
247809
247856
247873
247929
247931
247957
247963
247962
247979
247980
247984
248056
248069
248129
248147
248167
248173
248235
248238
248263
248270
248279
248407
248420
248434
248407
248440
248518
248526
248527
248536
248550
248601
248624
248630
248636
248678
248728
248751
248772
248837
248849
248854
248862
248875
248889
248900
248918
248917
248941
248960
249014
249040
249125
249192
249218
249289
249291
249312
249402
249525
249529
249551
249577
249637
249706
249714
249724
249791
249820
249840
249957
249974
249986
250013
250034
250045
250078
250098
250106
250123
250143
250192
250218
250233
250244
250312
250422
250509
250527
250569
250608
250613
250621
250720
250724
250738
250790
250819
250823
250834
250845
250877
250936
250942
250987
251016
251069
251143
251152
251154
251182
251193
251239
251299
251321
251333
251335
251370
251383
251416
251419
251461
251475
251525
251531
251553
251570
251576
251587
251589
251592
251637
251647
251752
251773
251810
251824
117521
251855
251861
251865
251967
20731
252056
252074
252083
252116
252142
252186
252243
252256
252269
252268
252314
252304
252313
252355
252378
252390
252467
252495
252555
252581
252588
252689
252690
252819
252828
252835
252947
252976
252978
252980
252978
252988
253007
253066
253071
253094
253122
253144
253218
253263
253350
253367
253366
253369
253392
253411
253540
253579
253644
250738
253658
253661
253695
253750
253805
253851
253891
253907
253908
253925
253975
253987
253986
253994
254111
254129
254130
254153
254164
254210
254293
254333
254351
254353
254381
254464
254497
254500
249488
254550
254557
254624
254634
254665
254675
254680
254692
254693
254704
254741
254768
254891
254908
254918
254919
252436
254936
252451
254939
254976
255018
255047
255050
255207
255272
255274
255349
255365
255429
255473
255541
112841
255544
255736
255748
255779
255808
255820
255841
255887
255930
255954
256032
256058
256067
256087
256100
256104
256168
256285
256320
256395
256414
256417
256456
256467
256499
256505
256511
256520
256542
256562
256571
256573
256638
256653
256722
256755
256796
114240
256814
120762
256846
256849
256870
256872
256892
256894
256907
256951
256985
256996
256999
257026
257040
257090
257149
257190
257198
257207
257249
257268
257274
257336
257397
257471
257473
257520
257526
254665
257633
2731
257646
257707
257719
257755
257767
257774
257828
257873
257959
257962
257965
257980
258024
255596
258125
258142
258183
258198
258216
258266
258300
258343
258356
258375
258395
258397
258404
258538
258589
258632
258652
258669
258690
258785
258790
258793
258797
258835
258899
258904
258998
259046
259079
259158
259165
259338
259371
259402
259420
259440
259474
259528
259555
113974
259639
259643
259744
259862
259874
259887
259874
259916
2731
259958
260000
260007
260020
260043
260047
260079
260095
260096
260095
260125
257845
260160
257350
260196
260209
260292
260312
260361
260514
260544
260546
260544
260562
260568
260593
260612
260629
260703
260767
260776
260804
260812
260817
260837
260842
260906
15305
260950
260991
261014
261017
261035
261040
261039
261108
261231
261238
261279
261284
261363
261410
261441
261492
261494
261598
261622
261640
261652
261660
261663
261668
261748
261768
261988
262016
262039
262042
262052
262126
262243
262259
262369
262376
262482
262505
262561
262655
262677
262755
262753
262779
262799
262835
262859
262897
262927
262947
262967
262986
233130
233129
263002
263011
263045
263058
263107
263115
263223
263265
263304
102803
263316
263388
263404
263407
263417
263425
149546
263419
263472
263482
261160
263495
263494
263533
263543
263533
263550
263533
263583
263609
263615
260776
263630
263659
263706
263727
263762
263774
263789
263794
263797
263803
263813
263825
101839
263844
263853
263865
263882
263893
263918
263943
263987
261628
264011
103712
264037
264091
264098
264118
264152
264184
264216
264292
264310
264326
264433
264540
264549
264620
264638
264687
264675
264715
264711
264735
264756
264785
264794
264798
264866
264869
264883
264906
264961
264971
264981
265103
265104
265114
265125
265154
265161
265197
265225
265283
265312
265318
265332
265343
265367
265384
265392
265402
265421
265468
265512
265608
265668
265763
265786
265860
265872
263606
265920
265930
265952
262883
265965
266040
266052
266072
266080
266072
266101
266174
266175
266201
263881
266261
266301
266299
266342
266377
266383
266397
266507
266539
266561
266598
266618
266635
16941
16945
266644
266647
244535
266702
266725
266750
266768
266775
266837
266852
266854
266864
266884
266902
266946
267004
267027
267046
267064
267170
267185
267190
267203
100308
267232
267241
267262
267406
267505
267547
267555
267597
267617
267675
267819
267841
267852
267883
102699
267887
267923
267954
267957
267978
268025
268028
268052
268070
268076
268091
268268
268277
268303
268351
268387
268618
268760
268762
268790
268817
268853
268904
268999
269017
269035
269044
269047
269055
269060
269059
269093
269101
269117
269138
269211
269257
269349
269370
269390
269413
269427
269618
269623
269641
269645
269648
269676
269710
269748
269772
269776
269841
269861
269920
270014
270022
270072
270090
270095
270154
270173
270228
270301
270387
270402
270438
270425
270424
270526
270565
270579
16209
270617
270618
270655
270701
270706
270713
270722
270750
270757
270810
89347
270898
270952
271002
271049
271053
271089
271105
271153
271179
271238
132231
271242
271326
271346
271398
271415
271473
271537
271559
271561
271564
271604
271623
271630
271631
271672
271694
271721
271739
271768
271787
271793
89788
271799
271850
271864
271875
271897
271964
271968
271993
271992
272055
272092
272105
272078
272125
269117
272127
272176
272216
272261
272260
272268
272278
272329
272345
272412
272458
272462
272493
272511
272545
272549
272559
272572
272712
272728
272736
272770
272813
272811
272818
272835
270555
272871
272913
272974
272989
273030
273085
273103
273118
142237
273153
273154
273164
94591
273193
273231
273252
273290
273405
273499
273524
273547
273550
273553
273705
273758
273788
273798
273881
273888
273939
273991
274026
274101
274114
274137
274167
271968
274169
271968
274182
274218
274232
274239
274267
274299
274312
274325
274326
104049
274374
274394
274460
274604
274655
274657
274690
274715
274747
274788
274810
274824
274841
274855
274881
274884
274898
274912
274919
274912
274932
274993
275006
275008
275018
275049
275093
77994
275154
275155
275207
275233
14603
275309
275364
275370
275426
275441
81900
81934
275471
275584
275600
275651
275671
275687
275718
275729
275781
275802
275816
273816
275873
275920
275937
136133
276025
276080
276081
276102
276156
276188
276225
276237
276244
276256
276296
276298
276301
276313
276347
276301
276407
276492
276495
276521
276554
276668
276689
276719
276728
276759
276819
276826
276829
78810
276841
276851
276855
276890
276910
276923
276947
276956
276959
276979
277009
277022
277047
277067
277119
277153
277187
275178
277205
277221
277229
277251
277266
277269
277305
277346
277371
277381
277426
277477
277522
277568
277602
115690
277642
277648
277679
277712
277730
277745
277749
277755
88257
276714
277813
277840
277857
277863
277934
278009
278010
278029
278054
278114
278119
278163
278192
278198
278324
278351
278402
278417
278472
278476
278482
278506
278523
278529
278568
278585
278591
278595
278607
278627
278642
276566
278672
278684
278746
278761
278818
278825
278876
278880
278942
276973
278978
278994
278995
75187
279010
279039
279042
279112
279106
279120
273755
279124
279175
75809
279165
279180
279189
279240
279302
279374
279376
279453
279459
279490
279512
279526
279553
279584
137266
279605
279608
279656
279730
279731
279786
279850
279870
279900
279989
280005
280089
280177
280270
280327
280373
278424
280386
280373
278424
280401
280407
280408
280425
280440
280459
280462
280463
280465
280475
280490
280513
280516
280565
280574
280618
280619
280659
280670
280672
136490
280718
280759
280880
280990
281047
281058
281078
281155
281205
281224
281234
281283
281323
281314
281346
281395
281415
281537
281559
281606
70836
281637
15326
281671
281700
281723
281782
281834
281846
281932
281933
281971
282060
282089
282115
282122
280030
282157
282187
282192
282244
282289
282318
282370
282376
282382
282384
76324
282468
282496
282499
215781
282520
282542
282600
282626
280612
282637
282661
282668
282637
282735
282744
282793
282827
282829
282867
282886
282887
282910
282934
282948
282958
283014
283040
283126
283161
283171
283178
283187
283221
283281
283304
283305
283336
283339
283361
283374
283381
283404
283418
283444
283484
283498
283505
283600
283622
283664
283670
283675
283681
127533
283707
283735
281519
283758
283785
283836
283855
283934
284017
284128
284149
284211
284247
284350
284375
284441
284446
284471
282368
284488
282399
284532
284553
284561
282457
284572
284585
284610
284692
284751
284779
284784
284794
284894
284937
284963
284971
285054
281785
285191
285204
283116
285242
285245
285256
285280
285320
285331
285351
285415
285502
285522
285545
285563
285575
285677
285691
285768
285856
285865
285917
285990
286013
286092
286153
286159
286182
286204
286268
286367
286384
286408
286419
286432
286462
286511
286536
286597
286608
286618
286638
286681
286682
286681
286684
286703
286747
286759
286771
286768
286920
286963
286985
286990
287020
287127
287178
287212
287229
287280
284534
287309
284572
287313
287335
287347
287373
287407
287416
287509
287542
287570
287584
287666
287672
287680
287795
287803
287887
287900
287907
287926
287949
287960
288004
288030
288057
288070
288150
288193
288204
288248
288285
288300
288335
288360
288424
288505
288519
288566
288600
288615
288623
288628
288651
288658
288753
288766
288768
288829
287150
288842
288865
288931
288971
288973
288998
289029
289059
289106
289108
289118
289158
289208
289213
289233
289243
289247
289290
289327
289388
289400
289420
289505
289513
289520
289529
289579
289624
289643
289802
289853
289899
289864
289916
289923
289940
289981
290035
290072
290078
290118
290126
290173
290234
290272
62909
290302
290321
290349
290356
290398
290427
290444
290462
290494
290546
290602
290642
290649
290692
290698
290713
290741
290765
290800
290822
290846
290870
290872
290881
290914
290937
290970
291003
291097
291171
291280
291375
291394
59545
288551
291399
291437
291449
291458
291490
291535
291541
291542
291558
291599
291644
291695
291744
291762
291777
291821
291879
291922
291923
291934
291987
292017
292098
292121
292143
292154
292166
292184
292210
292215
292228
56817
292242
292254
292261
292304
292312
292376
292445
292447
18135
292499
292503
292585
292610
292659
292669
292696
292698
292725
292750
292865
292895
292925
292950
292976
293059
293088
293141
293151
293329
293360
293431
293447
293466
293463
293485
293551
291682
293585
293601
293636
293693
293766
293811
293880
293906
293923
293930
293965
293979
294067
294082
294282
294305
294349
294351
294403
294428
294451
294456
294484
294551
294647
294667
294673
294686
294705
294731
294756
294788
294807
294788
294887
294915
294945
294966
294985
294999
295026
295030
295063
295076
295101
295165
295238
295247
295280
295297
295306
295351
295362
295395
295499
295541
295558
295581
295587
295604
10776
11401
295611
295646
295686
295750
295801
295815
295906
254948
295923
295928
295945
295962
296164
296260
296264
296301
296410
296411
296421
296526
296534
296571
296584
296601
296608
296631
296667
296709
296740
296759
296786
296817
296822
296817
296898
296929
296962
297030
297173
297223
297260
297289
297420
297529
297526
297541
297579
297683
297715
297732
297755
297789
297826
297876
297880
297917
297961
298001
298132
298163
298179
120024
298207
298257
298292
298322
298368
298411
298418
298446
49830
298483
233419
298557
298573
298586
298585
298621
298740
298744
81307
298822
298882
299065
299097
299146
299160
299167
295631
299208
299218
299240
299359
299384
299594
299602
299636
299724
299854
299899
299918
