73
195
883
1292
1296
1309
1376
1378
1521
1575
1593
1718
2000
2002
2721
2734
2850
2976
2995
3459
3792
3797
3808
4291
4293
4309
4419
4472
4508
4546
4553
4593
4609
4611
4622
4593
4702
4704
4717
4720
4709
4725
4730
4731
4737
4777
4798
4839
4852
4854
4845
4859
4920
4925
4943
4948
4972
4979
4800
5002
5003
5008
5010
5015
5000
5023
5038
5044
5063
5065
5067
5074
5075
5087
5101
5104
5110
5111
5110
5117
5122
5123
5134
5178
5205
5213
5215
5236
5243
5273
5275
5277
5289
5488
5525
5675
5697
5702
5713
5721
5728
5735
5739
5860
5876
5887
5895
5902
5912
5943
5950
6151
6153
6166
6178
6187
6231
6253
6255
6260
6271
6288
6289
6288
6291
6301
6319
6326
6331
6333
6343
6345
6350
6361
6373
6378
6385
6391
6415
6378
6421
6423
6428
6413
6436
6444
6458
6464
6476
6478
6489
6490
6499
6501
6506
6539
6542
6573
6603
6649
6698
6702
6711
6721
6723
6736
6739
6728
6777
6786
6788
6810
6815
6817
6874
6883
6911
6941
6990
7104
7120
7125
7305
7663
7698
7741
7774
7781
7792
7806
7811
7822
7843
7855
7875
7881
7886
7897
7912
7944
7945
7944
7957
7959
4607
7964
7984
8026
8038
8049
8054
8055
8092
8073
8220
4955
8225
8076
8227
8236
8257
8260
8273
8284
8339
8411
8413
8428
8452
8411
8457
8462
8545
8554
8543
8556
8561
8578
8614
8616
8656
8662
8665
8673
8780
8782
8791
8826
8854
8950
9037
9116
9133
9162
9193
9205
9301
9355
9357
9397
9406
9415
9404
9427
9422
9441
6201
9445
9453
9457
9462
9486
9532
9550
9602
9617
9621
9643
9658
9667
9677
9679
9651
9681
9703
9706
9736
9735
9778
9787
9797
9799
9785
9801
9814
9811
9813
9826
9869
9931
9946
9977
9975
10026
10039
10045
10049
10123
10141
10143
10148
10159
10179
10183
10200
10246
10248
10253
10264
10344
10349
10357
10528
10530
10552
10554
10559
10570
10763
10854
10885
10891
11050
11062
11068
11075
11083
11106
11110
11129
11137
11154
11188
11235
11291
11374
11407
11494
11496
11501
11587
11596
11636
11647
11688
11749
11848
11971
12089
12135
12240
12326
12330
12337
12355
12380
12388
12433
12435
12440
12448
12459
12472
12530
12529
12556
12565
12620
12640
12649
12695
12727
12745
12762
12781
12786
12811
12830
12852
12868
12911
12936
12958
12996
13012
13014
13019
13095
13183
13185
13228
13230
13235
13252
13254
13259
13267
13303
13407
13409
13417
13573
13575
13580
13591
13714
13759
13773
13806
14031
14072
14163
14175
14179
14180
14192
14199
14204
14192
14324
14325
14353
14362
14377
14386
14413
14432
14436
14530
14532
14545
14558
14576
14595
14602
14603
14609
14617
14631
14640
14602
14698
14700
14705
14716
14838
14843
14854
14897
15030
15042
11571
15047
15053
15047
15058
15064
15075
15080
15082
15091
15077
15093
15190
15192
15293
15301
15358
15360
15365
15376
15603
15656
15665
15667
15468
15669
12320
15679
15665
15701
15703
15705
15693
15790
15797
15799
15801
15880
15887
15912
15917
15928
16054
16072
16103
16107
16120
16128
16142
16144
16153
16214
16216
16253
12674
16209
12674
16264
16214
16297
16357
16367
16369
16371
12830
16377
16382
16384
16393
16395
16445
16555
16920
17091
17111
17113
17125
17131
17133
17283
17288
17299
17465
17466
17473
17533
17534
17535
17540
17551
17594
17653
17660
17677
17679
17695
17841
17889
17905
18075
18133
18135
18140
18159
18193
18195
18200
18255
18348
18364
18366
18939
19243
19249
19251
19345
19347
19352
19363
19371
19387
19442
19465
19467
19472
19483
19491
19611
19663
19670
19672
19674
19754
19771
19773
19778
19789
19797
19813
19824
19837
19858
19898
19988
20011
20053
20071
20073
20138
20156
20175
20184
20206
20222
20224
20237
20222
20326
20333
20344
20350
20352
20357
20368
20376
20656
20667
20697
20702
20704
20710
20877
20905
20907
20908
20915
20919
20939
20941
20943
20988
21072
21077
20915
21088
21096
21101
21109
21221
21240
21261
21264
21263
21311
21313
21315
21372
21377
21383
21442
21444
21526
21529
21542
21674
21682
21717
21722
21724
21730
21747
21781
21783
21914
21916
22049
22066
22073
22084
22090
22092
22108
22189
22192
22205
22260
22327
22360
22362
22426
22580
22582
22600
22624
22631
22648
22650
22655
22666
22743
22755
22760
22774
22783
22785
22805
22807
22936
22943
22960
22962
22967
22978
22989
23056
23063
23080
23082
23087
23098
23192
23194
23502
23578
23669
23753
23779
23781
23852
24082
24194
24251
24275
24304
24306
24311
24392
24416
24529
24536
24589
24591
24596
24604
24745
24752
24763
24771
24787
24818
24882
24889
24891
24896
24907
24864
24942
24962
24964
25006
25014
25086
25228
25330
25332
25337
25348
25385
25414
25416
25421
25429
25443
25480
25482
25504
25547
25677
25759
25834
25846
25893
26277
26494
26779
26882
26958
27004
27026
27036
27067
27109
27277
27394
27595
27673
27691
27693
27732
27765
27775
27777
27854
27873
27967
28069
28136
28153
28282
28394
28398
28411
28518
28556
28558
28576
28668
28779
28899
28904
28906
28951
29095
29199
29370
29375
29383
29651
29655
29668
29858
29923
29925
30046
30102
30127
30129
30134
30142
30204
30209
30636
30641
30649
30671
30694
25404
25402
25401
30697
30715
30721
30723
30736
30745
30747
30831
30867
30872
30874
31096
31159
31168
31186
31187
31192
31194
31199
31184
31207
31228
31230
31235
31243
31360
31516
31528
31536
31541
31543
31549
31587
31592
31654
31656
31661
31713
31805
31809
31911
32079
32124
32129
32211
32317
32319
32324
32326
32356
32364
32399
32401
32403
32435
32519
32524
32536
32538
32575
32584
32591
32602
32608
32610
32623
32662
32669
32730
32743
32795
32803
32991
33026
33046
33066
33201
33222
33229
33222
33283
33285
33290
33319
33321
33326
33369
33374
33427
33501
33724
33726
33731
33739
33760
33762
33767
33775
34002
34113
34234
34689
34776
34780
34787
34795
34816
34824
34853
34864
34896
34929
34936
34937
35014
35130
35133
35130
35209
35317
35322
35398
35400
35405
35446
35453
35464
35474
35524
35578
35580
35780
35788
35847
35873
36027
36030
36040
36244
36246
36438
36467
36475
36604
36606
36611
36622
36628
36630
36635
36643
36676
36678
36683
36691
36703
36897
36972
36977
37050
37061
37089
37186
37188
37210
37212
37214
37217
37228
37270
37378
37380
37385
37426
37428
37433
37441
37453
37558
37560
37565
37637
37636
37642
37667
37687
37689
37696
37708
37715
37732
37734
37739
37750
37806
37871
37888
37903
37978
37746
38085
38091
38108
38109
38136
38141
38166
38508
38513
38524
38692
38800
38806
38808
38813
38821
38849
38976
39001
39003
38994
39008
39019
39044
39018
39055
39087
39099
39103
39145
39134
39147
39152
39163
39160
39162
39168
39174
39199
39201
39208
39215
39226
39329
39516
39587
39710
39714
39727
40026
40111
40113
40139
40149
40283
40285
40305
40321
40374
40530
40535
40543
40556
40636
40643
40728
40741
40789
40872
40873
40888
40901
40900
40909
40969
41002
41004
41017
41038
41062
41069
41150
41206
41226
41233
41241
41246
41248
41503
41590
41605
41637
41685
41703
41758
41808
41859
41866
42003
42008
42020
42087
42133
42146
42150
42193
42195
42264
42499
42501
42492
42506
42517
42529
42531
42536
42547
42577
42584
42595
42649
42651
42639
42656
42692
42703
42721
42723
42728
42739
43001
43003
43011
43016
43024
43061
43065
43072
43425
43432
43852
43882
43884
43889
43900
44167
44182
44242
44255
44259
44279
44283
44400
39332
44405
44416
44434
44436
44605
44620
44686
44805
44910
44955
45010
45036
45034
45072
45078
45083
45094
45096
45106
45196
45238
45475
45491
45496
45556
45595
45604
45606
45611
45628
45630
45643
45658
45659
45670
45678
45679
45678
45712
45714
45772
45774
45823
45822
45850
45851
45875
45910
45976
45978
45983
46003
46037
46057
46069
46200
46363
46461
46488
46486
46531
46538
46567
46587
41637
46596
46662
46667
46678
46749
46954
47029
47042
47044
47206
47208
47297
47363
47367
47380
47470
47664
47735
47749
47895
48078
48083
48094
48168
48173
48175
48184
48303
48350
48352
48374
48501
48499
48303
48518
48691
48712
48849
48851
48881
48934
48956
48961
48972
48977
49115
49124
49331
49368
49380
49385
49395
49400
49435
49450
49468
49477
49538
49594
49596
49620
49633
49671
49913
49912
49918
50213
50224
50230
50232
50237
50245
50285
50332
50339
50356
50358
50447
50487
50567
50822
50821
50827
50833
50975
50977
51039
51079
51081
51086
51097
51110
51121
51169
51194
51223
51265
51275
51298
51307
51333
51338
51356
51359
51360
51605
51625
51753
51758
51776
51781
51811
51869
51888
51792
51925
51976
52043
52063
52230
52254
52259
52584
52623
52804
52811
52854
52946
52963
52974
53111
53155
53194
53196
53210
53218
53234
53242
53263
53265
53311
53313
53394
53401
53474
53750
53752
53760
53765
53767
53779
53816
53830
53884
53896
53897
53914
53938
53927
53964
54024
54152
54154
54229
54288
54415
54426
54454
54586
54610
54666
54669
54702
54710
54727
54795
54800
54807
54990
55024
55082
55133
55144
55146
55170
55189
55312
55337
55342
55380
55378
55564
55595
55632
55637
55639
55743
55816
55821
55822
55821
55837
55861
55848
55872
55960
55962
55967
55978
56008
56021
56025
56035
56037
56050
56381
56401
56482
56530
56532
56537
56545
56554
56581
56583
56638
56640
56742
56832
56839
56937
56942
56949
56953
57222
57227
57238
57592
57600
57636
57788
57820
57863
58090
58092
58083
58097
58108
58246
58248
58239
58253
58264
58289
58107
58300
58417
58419
58424
58435
58533
58675
58752
58758
58780
58787
58798
58819
58828
58843
58845
58938
54152
58954
59059
59061
59095
59102
59113
59110
59159
59160
59215
59217
59230
59280
59291
59293
59353
59568
59601
59606
59614
59645
59656
60005
60016
60024
60108
60113
60124
60152
60162
60184
60323
60530
60619
60608
60621
60626
60637
55562
60634
60657
60710
60790
60898
60905
60922
60924
60937
60948
60964
60973
61005
61173
61290
61327
61329
61342
61436
61447
61456
61458
61465
61472
61483
61528
61579
61621
61623
61628
61639
61926
61981
62060
62077
62386
62388
62393
62478
62578
62580
62585
62673
62678
62703
62719
62721
62808
62826
62865
62951
62992
63018
63021
63018
63037
63039
63123
58408
63211
63243
63338
63340
63349
63361
63363
63376
63434
63451
63453
63458
63466
63499
63501
63506
63517
63524
63526
63527
63562
63570
63714
63730
63736
63752
63787
63789
63794
63805
63818
63860
63909
63927
63948
64289
64297
64354
64356
64378
64380
64385
64393
64397
64488
64503
64612
64630
64632
64755
64766
64810
64981
64983
64988
64996
65017
64986
65041
65101
65103
65125
65127
65132
65143
65335
65409
65427
65509
65511
65516
65524
65540
65546
65612
65623
65722
65739
65745
65849
65745
65868
65959
65961
65966
66085
66157
66159
66164
66288
66378
66415
66417
66422
66453
66458
66777
66827
66829
66831
66974
66985
67216
67228
67230
67292
67324
67321
67357
67359
67372
67395
67408
67507
67508
67513
67520
67505
67528
67537
67667
67711
67713
67718
67726
67723
67765
67766
67768
67774
67781
67792
67854
67915
67980
67993
68007
68039
68044
68423
68514
68549
68565
68589
68590
68589
68683
68696
68691
68737
68754
68761
68833
68878
68880
68885
68870
68893
68908
68913
69059
69083
69091
69147
69152
69154
69160
69198
69238
69268
69275
69286
69311
69319
69583
69607
69743
69757
69770
69796
69803
69852
69890
69987
70139
70168
70170
70175
70267
70269
70274
70305
70548
70553
70564
70702
70850
70854
70867
71010
71121
71126
71249
71266
71293
71333
71499
71520
71525
71539
71572
71611
71631
71636
71644
71660
71689
71698
71708
71725
71793
67323
71798
71797
71806
71817
71830
71841
71976
72200
72202
72211
72229
72231
72303
72315
72328
72349
72351
72429
72434
72445
72457
72459
72464
72472
72484
72500
72508
72584
72792
72797
72799
72831
72937
73072
73241
73305
73312
73381
73404
73493
73519
73531
73533
73538
73546
73567
73569
73574
73628
73808
73830
73874
73921
73938
73951
74000
74004
74017
74042
74072
74074
74096
74098
74100
74122
74134
74136
74150
74169
74174
69239
74185
74198
74209
74222
74323
74660
74703
74869
75060
75065
75076
75179
75459
75475
75705
75761
75904
75906
75911
75919
76135
76215
76231
76288
76295
76471
76504
76506
76511
76519
76563
76578
76602
76615
76626
76631
76639
76820
76822
76864
76866
76871
76879
76888
76890
76895
76903
76912
76914
76919
76927
77152
77159
77167
77183
77279
77359
77386
77394
77463
77468
77470
77476
77495
77601
77657
77772
77826
77937
77947
77971
77973
77987
77989
77995
77997
78010
78012
78020
78024
78031
78033
78020
78038
78057
78126
78133
78142
78145
78158
78188
78356
78423
78530
78532
78542
78554
78603
78644
78662
78708
78713
78961
78967
78969
78974
79058
79056
79066
79105
79114
79116
79161
79221
79226
79267
79269
79282
79291
78822
79293
79298
79306
79425
79438
79447
79454
79478
79593
79617
79630
79639
79646
79771
79773
79778
79786
79795
79802
79810
79862
79917
79969
79976
79978
79980
79991
79993
80014
80063
80065
80101
80107
80109
80114
80190
80422
80448
80461
80471
80507
80509
80590
80692
80698
80722
80773
80842
80851
80866
80872
80859
80879
80886
80907
80912
80914
80932
80934
80939
80963
80979
80984
81016
81019
81052
81054
81075
81084
74358
81193
81214
81216
81275
81370
81568
81570
81598
81882
81904
81906
81911
81919
82144
82146
82151
82159
82168
82170
82175
82183
82192
82194
82199
82207
82239
82252
82432
82439
82456
82463
82539
82566
82611
82617
82618
82635
82752
82765
82802
82837
82918
82929
83116
83118
83123
83131
83287
83325
83490
83650
83778
83783
83794
83972
84141
84214
84258
84270
84272
84275
84308
84368
84451
84503
84275
84508
84514
84550
84552
84557
84565
84599
84306
84603
84604
84603
84610
84579
84627
84648
84662
84664
84674
84676
84688
84696
84721
84730
84732
84748
84754
84756
84761
84773
84784
84840
84962
85019
85116
85132
85197
85219
85220
85226
85224
85249
85258
85280
85282
85279
85284
85305
85442
85458
85461
85463
85461
85489
85498
85506
85513
85520
85522
85524
85543
85550
85704
85811
85815
85828
85993
85995
86000
86011
86005
86029
86036
86071
86073
86078
86089
86118
86127
86143
86148
86155
86162
86164
86166
86154
86173
86175
86258
86260
86262
86250
86288
86031
86286
86299
86036
86326
86328
86333
86344
86421
86577
86582
86584
86594
86605
86979
86984
86995
87103
87127
87145
87175
87177
87200
87202
87204
87619
87621
87626
87642
87713
87981
88066
88130
88138
88146
88157
88173
88186
88195
88228
88277
88279
88281
88313
88312
88350
88355
88366
88372
88374
88379
88387
88399
88426
88432
88444
88446
88451
88462
88560
88603
88613
88614
88615
88614
88705
88712
88729
88738
88759
88797
88819
88821
88837
88880
88882
88903
88922
88942
89141
89165
89167
89212
89224
89219
89226
89214
89242
89248
89310
89323
89368
89415
89446
89494
89499
89590
89602
89604
89626
89628
89671
89748
89901
89906
89914
89924
89928
89935
89961
89997
90028
90030
90035
90043
90082
90089
90118
90387
90513
90562
90594
90599
90610
90659
90674
90706
90708
90713
90724
90796
90817
90826
90815
90828
90833
90851
90853
90862
90877
90885
90890
90899
90909
90916
90934
90936
90964
91079
91090
91102
91198
91205
91216
91228
91221
91303
91305
91336
91338
91343
91383
91424
91426
91428
91464
91479
91489
91525
91569
91576
91581
91588
91598
91600
91581
91609
91667
91679
91681
91682
91703
91708
91710
91715
91719
91724
91756
91822
91824
91829
91841
91845
91888
91912
91927
91929
91934
91938
91943
91954
91955
91963
91977
91978
91981
91994
91982
91996
91998
92011
92100
92105
92107
92217
92243
92241
92289
92328
92362
92371
92378
92389
92395
92461
92470
92378
92523
92571
92581
92591
92593
92397
92595
92749
92751
92784
92791
92800
92808
92813
92824
92833
92848
92857
92846
92864
92869
92864
92896
92977
92984
92995
93003
93009
93014
93025
93037
93048
93053
93061
93074
93085
93103
93121
93123
93128
93139
93159
93157
93166
93168
93184
93192
93228
93618
93773
93775
93833
93860
93879
93898
94047
94057
94064
94069
94108
94141
94164
94187
94299
94312
94314
94319
94336
94338
94343
94350
94351
94350
94359
94366
94372
94389
94401
94490
94525
94512
94531
94549
94561
94359
94567
94569
94574
94559
94582
94611
94677
94699
94735
94737
94750
94753
94742
94765
94773
94778
94795
94801
94826
94832
94867
94878
94880
94916
94941
94993
95013
95018
95020
95026
95041
95050
95080
95112
95116
95127
95134
95158
95163
95168
95181
95297
95313
95127
95362
95405
95404
95413
95434
95436
95441
95460
95470
95472
95485
95488
95477
95494
95532
95566
95568
95573
95584
95668
95669
95674
95676
95681
95666
95689
95701
95703
95716
95703
95722
95724
95729
95740
95762
95881
95887
95923
95943
95934
96080
96137
96175
96177
96184
96186
96211
96228
96382
96395
96493
96499
96558
96601
96651
96667
96718
96720
96725
96736
97311
97421
97423
97530
97674
97746
97794
98050
98111
98168
98170
98603
98656
98663
98801
99435
99451
99675
100221
