16
21
36
47
68
125
141
156
208
270
284
310
332
333
402
420
284
424
447
454
484
497
565
596
604
607
628
634
641
654
671
702
715
719
723
761
765
788
797
806
835
869
909
919
954
965
1004
932
1028
1066
1070
1090
1135
1150
1154
1150
1194
1211
1135
1216
1236
1286
1311
1317
1371
1387
1414
1416
1443
1465
1491
1499
1508
1533
1570
1618
1636
1641
1642
1664
1703
1737
1787
1836
1846
1885
1904
1918
1953
1957
1964
1975
1979
2002
2009
2043
2095
2121
2127
2195
2238
2244
2282
2300
2317
2328
2379
2405
2432
2446
2450
2477
2510
2515
2546
2554
2556
2613
2623
2649
2754
2765
2780
2824
2838
2849
2867
2869
2887
2894
2935
2979
2985
2991
3037
3044
3096
3129
3138
3140
3150
3157
3146
3171
3179
3201
3210
3253
3285
3289
3295
3411
3436
3497
3506
3515
3529
3531
3540
3557
3588
3651
3652
3657
3709
3730
3771
3786
3792
3805
3831
3847
3849
3855
3868
3898
3950
3955
3972
3989
4021
4078
4090
4082
4151
4228
4314
4345
4360
4374
4379
4555
4561
4583
4591
4604
4620
4629
4647
4670
4679
4677
4682
4688
4686
4744
4758
4769
4776
4794
4802
4887
4909
4928
4981
4990
5004
5056
5079
5123
5155
5169
5170
5187
5224
5266
5293
5301
5308
5329
5344
5359
5388
5407
5461
5501
5514
5520
5588
5611
5626
5648
5672
5697
5713
5719
5736
5747
5768
5483
5791
5790
5842
5878
5880
5885
5888
5891
5895
5958
5974
5991
6083
6105
6127
5888
6151
6168
6171
6250
6253
6271
6285
6337
6362
6367
6370
6372
6440
6449
6460
6464
6465
6482
6530
6583
6639
6653
6663
6671
6706
6740
6761
6489
6763
6811
6839
6929
6953
6966
7002
7013
7020
6744
7042
7043
7064
7091
7142
7154
7160
7172
7198
7228
7232
7270
7295
7318
7329
7439
7460
7483
7551
7572
7630
7639
7643
7667
7772
7784
7788
7825
7819
7840
7877
7895
7906
7907
7928
7945
7979
7996
8045
8076
8158
8175
8216
8246
8287
8315
8330
8410
8407
8460
8517
8567
8583
8600
8611
8633
8728
8797
8862
8987
9055
9100
9108
9157
9176
9182
9258
9290
9308
9324
9379
9464
9492
9503
9554
9630
9639
9646
9677
9701
9732
9783
9815
9830
9866
9883
9929
9949
9962
9976
9991
9995
10005
10026
10062
10064
10070
10080
10101
10108
10125
10131
10155
10190
10198
10277
10291
10328
10377
10396
10400
10406
10412
10444
10445
10474
10480
10577
10590
10614
10622
10651
10666
10694
10744
10755
10799
10818
10830
10833
10845
10911
10916
10941
11033
11048
11064
10755
11168
11176
11180
10882
11231
11229
11234
11241
11249
11255
11264
11295
11318
11349
11048
11372
11379
11396
11505
11176
11516
11531
11559
11581
11727
11737
11784
11828
11855
11864
11890
11902
11581
11910
11938
11941
12038
12040
12086
12101
12107
12112
12140
12181
12219
12232
12248
12266
11884
12279
12277
12320
12341
12373
12383
12394
12429
12505
12510
12585
12599
12629
12626
12641
12646
12654
12671
12681
12692
12747
12786
12800
12811
12833
12842
12872
12905
12940
12946
12983
13001
12998
13016
13021
13027
13034
13050
13070
13084
13098
13106
13115
12747
13145
13167
13239
13256
13278
13292
13354
13380
13385
13390
13379
13398
13407
13451
13465
13485
13501
13524
13531
13583
13591
13606
13622
13635
13652
13721
13754
13769
13800
13830
13833
13855
13864
13912
13933
13980
14023
14025
14028
14107
13758
14114
14126
14129
14151
14234
14258
13841
14263
14279
14286
14292
14304
14329
14369
14367
14394
14413
14408
14515
14519
14515
14524
14535
14557
14571
14591
14654
14659
14696
14700
14729
14732
14753
14777
14794
14809
14819
14043
14868
14914
14954
14966
15061
15062
15091
15110
15111
15166
15204
15220
15238
15246
15238
15251
15303
15306
15340
15364
15371
15382
15389
15436
15439
15508
15530
15565
15632
15656
15697
15731
15757
15758
15770
15785
15836
15862
15874
15878
15901
15926
15952
16077
16109
16143
15472
16153
16168
16204
16221
16251
16259
16278
16298
16340
16425
16440
16450
14737
16473
16502
16555
16565
16570
16614
16625
16645
16673
16720
16746
16803
16812
16839
16844
16867
16899
16939
16961
16945
17017
17036
17057
17063
17071
17076
17096
17176
17192
17208
17216
16461
17267
17324
17343
17363
17399
17428
17446
17456
17466
17476
17490
17498
17506
17560
17576
17592
17633
17659
17672
17688
17697
17775
17770
17833
17871
17878
17926
17242
17963
17984
17991
18037
18059
18073
18153
18163
18248
18277
18296
18364
18412
17830
18416
18495
18559
18569
18596
18599
18602
18604
18605
18640
18691
18697
18716
18832
18834
18877
18913
18919
18924
18960
18974
19008
19041
19053
19054
19053
19081
19084
19116
19201
19230
19239
19253
19254
19272
19277
19296
19325
19332
19396
19402
19412
19428
19507
19513
19548
19604
19616
19621
19640
19646
19677
19724
19785
19836
19859
19861
19887
19904
19921
19926
19989
20024
20055
20058
20071
20110
20211
20226
20229
20335
20345
20350
20365
20369
20392
20396
20402
20400
20452
20479
20505
20511
20533
19887
20536
20551
20666
20685
20766
20782
20829
20868
20898
20916
20937
20948
20950
20994
21034
21044
21070
21101
21116
21128
21156
21204
21241
21250
21269
21331
21353
21355
21380
21400
21413
21442
21478
21482
21602
21618
21640
21684
21712
21717
21737
21747
21768
21784
21827
21831
21917
21916
21950
21953
22010
22026
22113
22122
22149
22167
21540
22180
22224
22238
22242
22254
22269
22282
22291
22292
22327
22331
22484
22491
22568
22607
22609
22010
22669
22686
22692
22696
22707
22721
22797
22840
22870
22896
22902
22908
22942
22953
22985
23010
23017
23052
23059
23150
23149
23156
23182
23192
23214
23212
23240
23261
23277
23285
23342
23437
23449
23485
23493
23509
23569
23584
23665
23676
23693
23734
23746
23757
23777
23852
23864
23868
23896
23931
23937
23984
24004
24011
24016
24029
24045
24046
24062
24087
24108
24118
24167
24199
24239
24242
24245
24377
24431
24435
24454
24486
24489
24553
24574
24627
24670
24713
24746
24764
24768
24791
24809
24887
24908
24933
24942
24982
24989
25021
25094
25099
25118
25157
25194
25216
25219
25284
25308
25323
25383
25397
25410
25414
25451
25465
25477
25485
25535
25542
25569
24310
25602
25617
25627
25652
25659
25679
25690
25704
25723
25836
25896
25946
25954
25974
25978
26001
26061
26068
26076
26090
26152
26163
25483
26175
26193
26234
25584
26240
26266
26262
26302
26361
26364
26385
26403
26427
26474
26485
26518
26539
26559
26571
26622
26701
26171
26756
26787
26795
26827
26849
26861
26881
26903
26926
26928
26958
26973
26982
27009
27062
27078
27092
27128
27153
27173
27164
27237
27244
27265
27299
26135
27323
27318
27332
27368
27383
27388
27424
27435
27498
27528
27540
27568
27621
27645
27770
27794
27850
27870
27903
27914
27922
27959
27966
28044
28085
26819
28086
28095
28131
28157
28160
28157
28169
28211
28227
28257
28263
28327
28333
28350
28381
28392
28404
28416
28420
28432
28440
28492
28511
28537
28580
28588
28614
28618
28614
28629
28025
28678
28688
27446
28736
28742
28769
28787
28811
28850
28860
28858
28887
28895
28284
28900
28908
28938
28959
28967
29044
29067
29147
29151
29190
29202
29205
29266
29313
29325
29342
29363
29413
29450
29454
29546
29553
28392
29570
29574
29608
29619
29669
29699
29706
29713
29724
29730
29751
29802
29811
29835
29843
29853
29888
29896
29901
29912
29919
29942
29943
30005
30006
30023
30047
30076
30099
30109
30116
30117
30151
30192
30246
30257
30301
30318
30327
30349
30458
30473
30489
30512
30516
30528
30550
30568
30581
30598
30621
30643
30668
30684
30693
30699
30748
30759
30774
30800
30860
30871
30874
30917
31005
31059
31077
31086
31122
31151
31155
31229
31244
31248
31316
31323
31344
31365
31417
31434
31444
31473
30885
31541
31557
31564
31571
31583
31614
31631
31682
31683
31700
31709
31767
31805
31826
31824
31847
31859
31958
31974
32005
32020
32024
32046
32090
32130
32136
32158
32183
32241
32293
32344
32358
32376
32391
32412
32413
32412
32471
32470
32478
31824
32507
32538
32591
32601
32655
32664
32693
32698
32714
32717
32800
32810
32850
32906
32980
33008
33018
33032
33066
33068
33096
33103
33131
33146
33152
33168
33182
33185
33213
31920
33276
33291
33316
33327
33333
33345
33362
33371
33375
33386
33397
33454
33521
33536
33560
33630
33637
33775
33788
33841
33850
33894
32613
33960
33345
33966
33985
34081
34117
34132
33551
34143
34151
34195
34184
34230
34235
34272
34275
34331
34376
34392
34400
34453
34487
34489
34487
34496
34503
34520
34534
34557
34564
34584
34618
34626
34668
34705
34845
34901
34931
34963
35002
35072
35113
34472
35132
35161
35178
35189
35195
35223
35247
35268
35298
35324
35330
35340
35373
35381
35448
35456
35470
35479
35483
35479
35505
35533
35558
35577
35624
35642
35645
35663
35703
35723
35764
35825
35828
35846
35938
35985
35990
36012
36139
36178
36217
36241
36251
36269
36308
36358
36357
36419
36425
36434
36530
36532
36568
36632
36664
36685
36697
36713
36736
36759
36772
36778
36807
36820
35663
36833
36872
36903
36914
36930
36976
36978
37010
37016
37023
37041
37049
37114
37142
37172
37185
37250
37312
37322
37396
37430
37439
37447
37448
37466
37485
37503
37505
37510
37545
37557
37576
37583
37649
37668
37702
37744
37775
37778
37789
37819
37821
37827
37841
37847
37856
37861
37876
37917
37933
37938
37943
37969
37970
37993
38014
38054
38067
38070
38092
38136
38175
38203
37576
38220
38283
38338
38364
38377
38393
38397
38429
38476
38490
38580
38647
38678
38684
38701
38736
38749
38777
38819
38940
39037
39130
39167
39198
39201
39208
39246
39293
39311
38717
39382
39426
39469
39488
39493
39496
39498
39578
39581
39578
39587
39578
39591
39600
39624
39669
39706
39771
39798
39804
39813
39834
39895
39897
39878
39143
39881
39908
39922
39998
40003
40010
40028
39307
40053
40076
40108
40123
40126
40137
40150
40155
40242
40263
40272
40281
40330
40338
40347
40350
40347
40385
40405
40461
40473
40515
40535
40543
40592
40632
40653
40695
40736
40835
40858
40908
40945
40959
41053
41062
41089
41092
41105
41117
41156
41151
41171
41198
41209
41237
41238
41245
41383
41402
41411
41407
41412
41418
41531
41579
41582
41590
41641
41645
41686
41736
41757
41798
41828
41836
41855
41866
41875
41883
41887
41895
41920
41929
41972
42001
42028
42031
42074
42135
42140
42153
42160
42185
42215
42230
42316
42358
42392
42414
42423
42440
42445
42448
42455
42448
42464
42514
42521
42575
42586
42606
42728
42757
42759
42767
42804
42810
42850
42868
42897
42902
42919
42930
42974
42984
42997
43053
43071
43079
43095
43128
43142
43149
43154
43157
42586
43213
42618
43234
43274
43271
43327
43401
43430
43435
43444
43449
43471
43484
43531
43620
43660
43678
43690
43720
43745
43766
43761
43803
43820
43803
43842
43945
43982
44000
44007
44073
44108
44174
44223
44236
44285
44295
44302
44312
44324
44322
44333
44336
44389
44463
44476
44482
44539
44549
44615
44690
44707
44732
44808
44941
44950
44997
45003
45010
43769
45038
45053
45132
45136
45152
45193
45207
45231
45262
45272
45297
45306
45319
45343
45388
45444
45464
45504
45512
45521
45549
45578
45635
45676
45685
45713
45717
45752
45758
45760
45875
45928
45971
45992
46016
46076
46152
46200
46235
46265
46283
46297
46339
46350
46382
46478
46491
46517
46519
45901
46537
46564
46575
46580
46597
46634
46715
46722
46727
46729
46750
46757
46761
46777
46804
46844
46853
46865
46933
46972
47045
47061
47114
47233
47243
47257
47261
47316
47324
47316
47402
47435
47440
47490
47540
47591
47647
47680
47689
47723
47748
47768
47785
47813
47820
47853
47892
47959
47973
47994
47995
48011
48029
48073
48106
48110
48131
48148
48161
48200
48209
48215
48256
48275
48281
48308
48325
48337
48349
48408
48419
48438
48505
48527
48541
48554
48581
48604
48677
48694
48755
48765
48787
48796
48810
48840
48860
48864
48868
48965
48980
48984
49014
49024
49045
49066
49093
49111
49114
49154
49165
49184
49241
49313
49334
49364
49394
48766
49396
49413
49441
49470
49473
49511
49543
49568
49591
49594
49617
49627
49649
49655
49677
49696
49733
49739
49766
49785
49856
49861
49241
49907
49939
49951
49957
50029
50030
50034
49413
50079
50085
50088
50108
50113
50199
50205
50215
50258
50276
50303
50313
50355
50366
50386
50410
50491
50519
50520
50549
50559
50628
50650
50660
50669
50704
50743
50752
50776
50783
50791
50807
50809
50813
50845
50949
50976
50986
50991
50386
50998
51053
51102
51134
51153
51189
51192
51200
51234
51253
51258
51272
51284
51293
51296
51299
51301
51299
51336
51347
51362
51418
51435
51455
51501
50907
51507
51524
51614
51637
51669
51710
51718
51736
51753
51762
51782
51794
51818
51834
51843
51184
51854
51858
51873
51918
51932
51947
51948
51956
51983
51992
52016
52052
52058
52063
50845
52058
52167
52209
52281
52287
52342
52347
52363
52394
52467
52477
52493
52540
52554
52564
52575
51258
52622
51944
52630
52635
52643
52718
52723
52827
52953
52966
52968
52983
52994
53001
53005
53031
53069
53081
53108
53121
53149
53202
53260
53274
52566
53298
53312
51947
53318
53324
53364
53398
53438
53441
53446
53459
53469
53502
53532
53549
53573
53584
53586
53608
53613
53640
53653
53679
53727
53734
53738
53753
53772
53795
53813
53853
53860
53879
53899
53917
53920
53300
53966
53991
54016
54087
54129
54161
54176
54181
54245
54278
54300
54326
54364
54401
54411
54419
54456
54492
54501
54536
54590
54622
54635
54641
54674
54696
54723
54734
54782
54786
54830
54906
54915
54981
54986
55010
55026
55056
55105
55147
55152
55155
55207
55214
55221
55222
55235
55243
55258
55292
55393
55426
55456
55513
55593
55619
55691
55699
55732
55731
55780
55809
55820
55850
55880
55888
55919
55931
55963
55993
56017
56029
56035
56068
56190
56201
56205
56245
56312
56326
56350
56385
56417
56424
56463
56487
56517
56522
56531
56539
56546
56579
56600
56666
56682
56687
56701
56693
56719
56737
56816
56860
56872
56898
56935
56985
56999
57002
57033
57054
57072
57086
57129
57136
57137
57136
57160
57193
57219
57224
57260
57314
57322
57332
57353
57372
57418
57428
57430
57459
57478
57517
57526
57529
57534
57565
57596
57600
57632
57650
57654
57673
57713
57747
57775
57813
57872
57868
57917
57926
57959
58000
58006
58014
58017
58071
58080
58087
58116
58205
58209
58233
58237
58283
58322
58347
58363
58420
58451
58454
58475
58522
58528
58534
58542
58552
58577
58600
58624
58631
58641
58658
58699
58751
58796
58826
58856
58869
58867
58212
58873
58880
58907
58931
58948
58959
58985
59048
59068
59086
59089
59137
59145
59172
59222
59240
59242
59279
59291
59368
59391
59394
59405
59481
59484
59507
59508
59518
59540
59542
59575
59593
58862
59603
59640
59654
59692
59701
59749
59761
59899
59910
59924
59978
59983
59255
59996
60052
60105
60121
60135
60141
60156
60206
60210
60228
60322
60331
60341
60366
60383
60418
60442
60546
60575
60605
60613
60646
59899
60683
60681
60719
60788
60803
60891
60897
59417
60928
60933
60941
60942
61010
61025
61063
61113
61159
61199
61216
61220
61216
61226
61229
61255
61263
61282
61333
61361
61394
61415
61425
61448
61478
61488
61496
61525
61561
61565
61610
61621
61636
61652
61668
61676
61700
61707
61719
61730
61737
61746
61789
61799
61807
61825
61839
61868
61881
61901
61947
61954
61968
61974
61977
62014
62018
62014
62059
62066
62081
62092
62134
62143
62152
62254
62269
62285
62353
62406
62410
62464
62474
62510
62532
62626
62631
62626
62650
62657
62664
62686
62695
62735
62738
62762
62814
62821
62827
62848
62867
62890
62988
63018
63032
63024
63038
63070
63078
63094
63126
63142
63171
63180
63241
63368
63373
63381
63405
63476
63484
63526
63582
63624
63650
63672
63679
63682
63724
63736
63759
63824
63840
63856
63872
63894
63921
63940
63987
63997
64012
64038
64048
64057
64069
64121
64132
64178
64223
64232
64247
64262
64342
64370
64380
64386
64406
64451
64501
64520
64530
64568
63812
64582
64681
64690
64734
64740
64761
64781
64842
64846
64858
64867
64873
64947
64995
65060
65088
65107
65145
65154
65156
65163
65184
65251
65388
65391
65421
65440
65463
65517
65630
65675
65735
65741
64994
65789
65796
65825
65827
65856
65869
65933
65941
65971
65975
66000
66003
66018
66041
66044
66070
66082
66083
66121
66201
66209
66220
66229
66237
66273
66327
66337
66356
66376
66387
66430
66508
66513
66522
66572
66614
66642
66654
66709
66723
66739
66767
66770
66768
66809
66819
66882
66907
66943
66998
67005
67063
67105
67142
67147
67153
67159
67169
67195
67211
67250
67369
67372
67383
67406
67467
67519
67539
67560
67595
67648
67690
67754
67818
67836
67847
67889
67908
67922
67925
67928
67940
67946
67954
67969
67972
67995
68058
68067
68079
68104
68109
68128
68149
68173
68196
68214
68228
68248
68261
68311
68404
68410
68481
68503
68520
68543
68615
68656
68686
68720
68721
68725
68805
68818
68820
68835
68858
68868
68913
68918
68925
68933
69024
69039
69095
69132
69267
69299
69330
69374
69382
68615
69386
69398
69410
69411
69416
68651
69437
69445
69486
69537
69648
69655
69733
69743
69754
69780
69783
69795
69815
69834
69838
69841
69853
69857
69946
70006
70041
70046
70048
70095
70104
70130
70183
70187
70196
70248
70274
70279
69544
70309
70333
70342
70344
70361
70367
70396
70408
70445
70493
70513
70539
70562
70580
70642
70654
70675
70812
70819
70829
70835
70841
70836
70848
70852
70888
70898
70934
70954
71000
71015
70211
71131
71145
71172
71177
71183
71242
71246
71261
71268
71309
71320
71311
71333
71347
71377
71396
71447
71564
71565
71611
71633
71683
71744
71746
71753
71775
71802
71819
71857
71866
71870
71954
71990
72012
72044
72079
72092
71347
72209
72232
72242
72278
72302
72314
71577
72323
72332
72374
72379
72390
72398
70852
72432
72449
72473
72505
72529
72535
72592
72619
72645
72648
72665
72669
72687
72737
72749
72758
72762
72766
72775
72806
72834
72922
72966
72988
73008
73019
73027
73039
73049
73115
73120
73128
73134
73152
73163
73176
73209
73223
73233
73294
73302
73357
73369
73383
73414
73415
73430
73461
73462
73473
73521
73545
73551
73564
73583
73589
73598
73607
73616
73644
73662
73676
73699
73709
73714
73724
73733
73808
73849
73854
73891
73929
73985
73149
73992
74013
74018
74045
74057
74081
74160
74171
74220
74277
74311
74331
74377
74399
74445
74473
74525
74580
74583
74760
74779
74780
74786
74804
74894
74903
74147
74906
74912
74913
74928
74987
74986
75000
75007
75016
75029
75039
75099
75112
74364
75126
75135
75153
75167
75182
75209
75223
75264
75284
75287
75299
75332
75357
75360
75385
75394
75413
75484
75485
75484
75498
75503
75509
75519
75531
74730
75565
74779
75605
75623
75632
75641
75643
75659
75673
75693
75698
75726
75733
75754
75755
75776
75790
75813
75837
75858
75886
75916
75929
75932
75947
75959
75972
75990
76005
76031
76054
76065
76089
76165
76168
76169
76182
76184
76197
76213
76218
76278
76285
76297
76301
76323
76332
76339
76374
75558
75560
76380
76403
76427
76436
76453
76470
76493
76498
76510
76598
76609
76631
76644
76701
76738
76779
75947
76782
76779
75947
76806
76825
76837
76874
76886
76909
76961
76966
76995
77003
77029
77094
77100
77104
77134
77147
77159
77185
76397
77213
77225
77236
77264
77278
77286
77299
77348
77376
77382
77387
77395
77483
77492
77512
77581
77588
77594
77624
77641
77665
77675
77713
77752
77757
77786
77796
77865
77867
77893
77911
77922
77927
77960
77958
77966
77996
78007
78058
78060
78058
78069
78120
78177
78199
78239
76666
78255
78272
78282
78300
78327
78330
78336
78433
78461
77662
78462
78490
78629
77858
78631
78641
78666
78669
78684
78697
78709
78725
78742
78764
78779
78785
78015
78792
78839
78845
76470
78875
78881
78899
78908
78920
78948
78955
78990
79016
79038
79039
79088
79090
79144
79207
79211
79232
79275
79313
79378
79399
79413
79423
79425
79526
79554
79598
79618
79622
79624
79635
79656
79650
79658
78749
79656
78749
79672
79682
79686
79703
79710
79719
79754
79784
79806
79813
79861
79872
79881
79985
80006
80013
80023
80071
80143
80153
80157
80162
80184
80190
80206
80228
80271
80334
80397
80418
80494
78776
80510
80551
80587
80597
80641
80733
80787
80792
80809
80831
80872
80899
80936
81007
81014
81055
81061
81071
81084
81115
81193
81201
81207
81237
81259
81303
81309
81314
81315
81327
81334
81375
81398
81419
81446
81451
81453
81451
81605
81667
81684
81707
81714
81753
81778
81781
80840
81836
81842
81869
81924
81934
81938
81941
81938
81963
81974
82010
82020
82034
82038
82045
82054
82101
82188
82264
82302
82356
82398
82408
82427
82448
82449
82564
82586
82650
82760
82875
82872
82891
82897
82903
82908
82938
82949
82950
82975
82994
83010
83016
83112
83121
83143
83191
83192
83194
83192
83191
83232
83291
83310
83319
83324
83359
83367
83373
83386
83396
83429
83434
83448
83446
83452
83460
83480
83512
83570
83624
83626
83651
83655
83664
83718
83721
83749
83818
83827
83834
83859
83901
83906
83907
83906
83936
83950
83965
83970
83968
84021
84103
84196
84206
84238
84266
84298
84342
84393
84423
84429
84432
84442
84448
84449
84456
84489
84498
84513
84594
84610
84623
84629
84661
84742
84757
84779
84790
84822
84829
84843
84875
84913
84917
84927
84965
84966
85010
85015
85025
85064
85066
85106
85118
85126
85139
85145
85176
85192
85197
85214
85239
85247
85342
85367
85389
85450
85506
85573
85577
85584
85596
85609
85615
85642
85656
85676
85682
85681
85722
83444
85723
85793
85846
85858
85870
85956
86038
86073
86102
86118
86140
86152
86161
86176
86212
86241
86261
86265
86312
86336
86350
86370
86382
86453
86476
86524
86533
86572
86587
86608
86609
86608
86619
86638
86642
86638
86651
86732
86733
86822
86843
86845
86861
86928
86968
86992
87024
87036
87044
87056
87095
87099
87144
87178
87197
87209
87220
87227
87251
87268
87344
87354
87359
87355
87392
87393
87443
87453
87456
87466
87547
87572
87579
87580
87590
87611
87618
87623
87618
87705
87717
85276
87737
87759
87777
87804
87808
87804
87878
87883
87897
87903
87931
87967
87988
88007
88033
88038
88053
88059
88069
88118
88166
88220
88295
88298
88321
88336
88356
88362
88356
88378
88388
88390
88415
88491
88519
88561
88563
88565
88596
88601
88620
88652
88686
88737
88813
88815
88804
88828
87593
88831
88842
88922
88989
88996
89095
89101
89144
89213
89236
89261
89277
89351
89352
89355
89367
89402
89463
89528
89560
89566
89579
89618
88404
89723
89741
89763
89775
89783
89824
89858
89870
89893
89936
89953
89980
89992
90012
90023
90061
90085
90088
90093
88842
90112
90144
90145
90177
90212
90275
90277
90291
90293
90340
90350
90386
90402
90407
90518
90565
90579
90590
90653
90655
90673
90706
90728
90727
90730
90736
90797
90900
90930
90936
90945
90954
90964
90976
90984
91039
91048
91062
91076
91078
91084
91098
91123
91127
91129
89610
91153
91171
91269
91314
91337
91348
91428
91447
91453
91456
91482
91485
91493
91507
91543
91554
91569
91579
91592
91615
91674
91748
91765
90383
91788
91812
91822
91836
91859
91885
91901
91913
91914
91935
91942
91998
92037
92080
92189
92203
92217
92226
92260
92264
92266
92265
92332
92358
92364
92393
92430
92434
92468
92495
92536
92538
92554
92583
92611
92623
92669
92693
92713
92737
92756
92777
92779
92777
92799
92802
92831
92848
92856
92859
92871
92895
92918
92930
92956
92980
92981
93022
93064
93081
93185
93195
93219
93249
93254
93262
93279
93310
93337
93393
93418
93427
93580
93589
93616
93613
93622
93626
93640
93698
93741
93777
93783
93786
93793
89775
93812
93814
93827
93826
93856
93874
93888
93906
93924
93928
93934
93960
93981
94060
92729
94069
94075
94080
94085
94094
94136
94163
94169
94290
94318
94355
94356
94359
94356
94378
94389
94447
94474
94500
94508
94600
94610
94613
94632
94634
94632
94652
94662
94675
94694
94700
94721
94757
94767
94816
94829
94851
94872
94898
94955
94982
95016
95017
95073
95083
95111
95210
95232
95277
95279
95277
95304
95325
95332
95419
95474
95498
94257
95501
95508
95553
95556
95601
95639
95640
95656
95665
95682
95691
95716
95745
95749
95813
95841
95853
95869
94662
95877
95912
95992
96016
96032
96070
96096
96147
96196
96206
96207
96240
96269
96271
96300
96399
96415
96452
96473
96481
95183
96561
96623
96692
96746
96781
96785
96807
96869
96886
96893
96886
96944
96951
96962
97045
97095
97107
97115
97136
97139
97154
97187
97227
97256
97261
97310
97328
97332
97346
97407
97417
97426
97432
97444
97454
97471
97483
97498
97510
97523
97532
97550
97562
97563
97566
97583
97649
97665
97689
97716
97772
97800
97824
97828
97841
97865
97872
97893
97929
97956
98054
98065
98126
98200
98232
98240
98270
98281
98307
98313
98324
98327
98375
98412
98468
98482
98497
98546
98576
98600
96214
98598
98666
98707
98727
98750
98753
98765
98781
98813
98819
98835
98858
98926
98956
98976
99004
99033
99054
99061
99075
99082
99087
99107
97861
99112
99126
99130
99155
99161
99199
99277
99291
99313
99325
99337
98088
99336
99373
99386
99419
99447
98155
99454
99476
99482
99566
99576
99610
99616
99753
99840
99911
99944
99942
99988
100025
100054
100080
100084
100112
100118
100168
100177
100219
100225
100226
100274
100279
100309
100316
100333
100336
100348
100372
100387
100400
100425
100462
100469
100542
100544
100583
100594
100621
100707
100710
100761
100753
100792
100836
100842
100869
100905
100935
100951
100957
101059
101101
101119
101138
101162
101173
101180
101187
101237
101251
101268
101266
101278
101301
101307
101310
101330
101338
101351
100196
101399
101436
101500
101583
101604
101620
101626
101649
101652
101656
101690
101719
101728
101751
101800
101855
101862
101869
101936
101940
101996
102007
102056
102118
102129
102133
102130
102160
102167
102168
102170
102168
102254
102262
102308
102306
102317
102318
99968
102335
102346
102406
102422
102426
102432
102440
102480
102486
102494
102589
102592
102625
102642
102655
102680
102692
102705
102712
102726
102785
102825
102878
102930
102937
102949
102983
102988
103005
103010
103024
103042
103059
103062
103102
103119
103128
103149
103203
103227
103263
103275
103280
102039
103287
103297
103306
103363
103422
103445
103480
103495
103494
103497
103552
103579
103650
103668
103733
103743
103775
103790
103818
101377
100219
103866
103879
103895
103933
103938
103969
103992
104001
104012
102775
104035
104066
104081
104088
104109
104126
104139
104242
104245
104271
104285
104288
104293
103057
104308
104310
101809
104323
104325
104360
104379
104382
104409
104420
104428
104482
104497
104527
104537
104599
104648
104697
104764
104777
104866
104873
104937
104944
104943
104954
104957
105026
105043
105049
105053
105063
105083
105103
105134
105144
105169
105177
105193
105256
105275
105283
105280
105288
105305
105310
105322
105325
105361
105383
105386
105455
105464
105468
105487
105536
105573
105647
105667
105681
105683
105681
105701
105753
105786
105894
105926
104782
106043
106049
106057
106082
106084
104892
106092
106109
106113
106126
106177
106236
106284
106307
106328
106358
106459
106494
106549
106553
106564
106570
105421
106581
106587
106647
106682
106690
106699
106706
106723
106735
106800
106802
106856
106885
106904
106920
106955
106966
106986
107013
107017
107057
107092
107127
106082
107159
107175
107181
107187
107221
107255
107268
107356
107382
107391
107401
107448
107457
107486
107494
107526
107539
107560
107587
107611
107673
107678
107710
107722
107726
107735
107744
107752
107759
107767
107791
106706
107811
107822
107842
105578
107852
107917
107939
107962
108002
108055
108072
108079
108101
108111
108123
108157
108164
108167
108191
108212
108218
108239
108255
108262
108304
108331
108383
108410
108424
108426
108433
108457
108468
108472
108503
108562
108567
108578
108577
108592
108638
108648
108658
108664
108747
108753
108818
108848
108863
108871
108893
108915
108923
108938
108944
108956
108969
109004
109078
109157
109178
109191
109264
109306
109317
109329
109364
109398
108221
109419
109422
109469
109523
109612
109646
109691
109687
109723
109759
109768
109771
109784
109811
109815
109881
109945
109997
110001
110018
110016
110020
110051
110060
110093
110147
108956
110179
110183
110201
110232
110242
110248
110281
110338
110378
110556
110554
110563
110570
110592
110618
110638
109525
110642
110651
110657
110678
110747
110763
110766
110774
110787
110792
110801
110803
110854
110859
110896
110898
110980
111007
111009
111103
111169
111180
111227
111315
111361
111364
111361
111376
111387
111398
111422
111432
111449
111453
111468
111488
111539
111542
111563
111564
111622
111643
111655
111665
111689
111723
111729
111750
111781
111793
111814
111877
111893
111901
111967
109922
112041
112072
112094
112099
112105
112108
112124
112131
112163
112166
112181
112212
112230
112252
112260
112312
112367
112369
112377
112387
112462
112475
112473
112534
112545
112552
112590
112600
112657
112699
112709
110666
112736
112752
112785
112923
112961
112977
112982
112986
113015
113069
113098
113115
113132
113140
113142
113180
113187
113255
113294
113331
113413
113421
113482
113510
113558
113559
113567
113585
113596
113612
113622
113663
113666
113676
113682
113685
113729
113747
113749
113782
113789
113845
113859
113877
113884
113917
113921
113935
113952
113962
113982
113991
114003
114006
114003
114031
114043
114066
114068
114076
114104
114119
114125
114145
114198
114208
114229
114235
114245
114248
114250
114277
114311
114338
114422
114454
114486
114529
114572
114617
114621
114692
114695
114712
114671
114840
114853
114879
114889
114891
114929
114992
115025
115038
115091
115102
115105
115112
115130
115136
115167
115176
115179
115193
114119
115199
115206
115248
115252
115263
114169
115303
115331
114208
115335
115339
115361
114240
115368
115427
115432
115466
115475
115479
115491
115502
115510
115513
115536
115619
115633
115664
114621
115823
115843
115861
115878
115925
115939
115944
115954
115983
116036
116061
116067
116070
116082
116152
116157
116166
116189
116191
116224
116287
116289
116314
116317
116343
116355
116365
116371
116425
116477
116482
116486
116497
116502
116515
116513
116528
116551
116560
116582
116595
116630
116683
116703
116710
116737
116810
116820
116831
116859
116903
116939
116941
116944
116978
117032
117058
115116
117067
117076
117084
117092
117114
117133
117164
117180
117183
117195
117205
117217
117231
117233
117240
117269
117289
117309
117314
117325
117376
117396
117428
117473
117510
117508
117512
117537
117590
117611
117659
117739
117752
117766
117775
117791
117833
117897
117914
117982
117992
118024
118032
118040
118083
118087
118096
118160
118173
118176
118198
118214
118218
118242
118291
118296
118331
118346
118373
118412
118423
118437
118511
118517
118533
118597
118598
118597
118615
117712
118644
118650
118670
118682
118706
118734
118747
118755
118772
118814
118817
118819
118840
117894
118872
118906
118915
118934
117963
118940
118943
118985
118989
118996
118997
119029
119039
119090
119092
119101
119106
119154
119179
119197
119205
119231
119257
119287
119381
119411
119419
119439
119516
119552
119618
119612
119641
119669
119671
119723
119725
119787
119797
119818
119821
119832
119836
119879
119911
119958
119968
119987
119989
120013
120014
120023
120027
120032
120057
120093
120137
120143
120174
120230
120268
120314
120323
120341
120346
120397
120410
120416
120428
120433
120437
120438
120451
120463
120469
120496
120501
120511
120523
120538
120551
120553
120582
120636
120700
120744
120773
120789
120810
120821
120822
120829
120832
120839
120847
120871
120913
120023
120935
120947
120950
120952
120954
120968
120987
120996
120999
121035
121057
121062
121075
121092
121110
121163
121204
121211
121235
121262
121272
121283
121290
121326
121375
121476
121483
121501
121535
121569
121602
121603
121613
121643
121651
121674
121696
121705
121716
121717
121743
121778
121798
121874
121900
121902
121924
121957
121963
121998
122021
122043
122061
122128
122129
122140
122183
122197
122268
122272
122296
122409
122494
122511
120807
122562
122585
122604
122625
122629
122637
122676
122696
122745
122751
122773
122802
122821
122844
122877
122888
122906
122914
122919
122936
122964
123028
123038
123083
123102
123126
123133
123167
123191
123208
123212
123218
123237
123247
123283
123308
123338
123351
123377
123411
123423
123439
123489
123509
123527
123562
123570
123591
123596
123607
123647
123648
123662
123670
123685
123715
123739
123863
123881
123893
123934
123979
123980
123998
124001
124044
124064
124085
124090
124098
124102
124107
124112
124117
124125
124145
124166
124198
124205
124220
124265
124267
124272
124291
124299
124328
124342
124360
124390
124404
124405
124451
124469
124488
124496
124511
123631
124524
124528
124570
124589
124602
124609
124615
124628
124665
124666
124665
124680
124693
124694
124693
124697
124734
124777
124792
124807
124837
124859
124866
124880
124913
123198
124927
124935
124998
125013
125040
125111
125117
125138
125150
125156
125166
125231
125232
125241
124440
125245
125288
125310
125318
125325
125341
125349
125370
125390
125409
125453
125468
125472
125478
125494
125503
125515
124647
125524
125543
125562
125599
125717
125738
125777
125778
125783
125795
125800
125847
125951
125992
126008
126032
126047
126048
126057
126129
125238
126169
126199
126241
126246
126259
126278
126341
126445
126456
126468
126511
126532
126582
126632
126635
126669
126679
126712
126715
126750
126760
126815
126823
126862
126896
126923
126939
126945
126133
126976
126997
127007
127079
127105
127116
127127
127135
127150
127157
127158
127169
127187
127244
127253
127288
127325
127388
127454
127461
127478
127534
127547
127557
127592
127623
127634
127650
127656
127676
127699
127707
127714
127744
127809
127860
127869
127908
127948
127959
127976
127987
127993
128035
128020
128043
128056
128080
128088
128147
128153
128185
128227
128252
128262
128327
128346
128384
128398
128401
128410
128414
128421
128468
128499
128511
128518
128521
128550
128570
128599
128614
128711
128753
128780
128783
128789
128795
128833
128849
128879
128900
128912
128924
128928
128932
128942
128951
128961
128971
129043
129107
129111
129118
129125
129135
129151
129155
129160
129189
129242
129269
129286
129291
129308
129342
128434
129362
129428
129444
129455
129471
129475
129484
129506
129537
129549
129551
129549
129575
129606
129633
129637
129654
129657
129654
129660
129669
129694
129716
129742
129747
129774
129793
129797
129831
129850
129911
129920
129931
129969
129973
129980
129988
129118
130004
130010
130046
130074
130091
130105
130120
130157
130222
130238
130251
130324
130364
130378
130397
129494
130400
130398
130406
130436
130479
130497
130510
130511
130510
130519
130527
130538
130584
130595
130603
130626
130627
130680
130729
130787
130804
130825
130828
130892
130921
130936
130994
131004
131018
131050
131059
131123
131125
131150
131152
131175
131191
131211
131217
131228
131308
131324
131338
131340
131359
131364
131413
131432
131475
131512
131516
131523
131540
131555
131554
131546
131636
131716
131727
131745
131749
131796
131827
131837
131839
131869
131873
131930
132031
132053
132082
132092
132096
132109
132114
132162
132167
132263
132295
132298
132315
132316
132315
132378
132411
132422
132436
132476
132505
132519
132582
132682
132685
132682
132714
132718
132727
132753
132764
132803
132832
132836
132838
132842
132878
132883
132889
132913
131990
132919
132925
132937
132950
132958
132983
132985
132984
133030
133036
133057
133069
131136
133080
133091
133133
133152
133172
133194
133290
133293
133316
133320
133347
133459
133530
133529
133547
133587
133593
133594
133605
133623
133661
133675
133702
133700
133718
133728
133741
133746
133764
133775
133785
133839
133862
133900
133907
133923
133938
133951
133986
134011
134043
134057
134062
134074
134108
134134
134136
134148
134161
134172
134204
134218
134207
134256
134262
134271
134286
134291
134306
134326
133244
134332
134340
134368
134382
134381
134396
134405
134425
134466
134507
134534
134549
134613
134663
134664
134667
134695
134765
134773
134796
134828
134831
134838
134863
134893
134906
134908
134920
134962
134980
135009
132878
135040
133951
135071
135083
135149
135185
135217
135241
135245
135246
135251
135253
135265
135270
135316
135322
135325
135322
135329
135335
135333
135341
135351
135355
135349
135357
135358
135369
135373
135394
135423
135424
135467
135469
135472
135491
135505
135546
135562
135572
135626
135691
135692
135703
135763
135792
135796
135801
135823
135858
135868
135869
135874
135878
135961
135994
134796
136004
136055
136056
136109
136112
136109
136137
136142
136278
136286
136297
136308
136321
136379
136411
136413
136414
136431
136437
136449
136453
136462
136471
136473
136477
136491
136525
136529
136556
136555
136562
136586
136594
136673
136699
136722
136769
136788
136792
136794
136807
136822
136834
136840
136874
136879
136886
136938
136960
137000
137006
137028
137037
137050
137102
137116
137169
137183
137198
137211
137219
137235
137238
137288
137297
137304
137338
137360
137409
137437
137452
137457
137460
137464
137470
137472
137481
137484
137503
137499
137515
137534
137540
137556
136515
137588
137591
137601
137602
137614
137657
137670
137678
137730
137737
137750
137757
137768
137785
137789
137791
137825
137858
137876
137886
137919
137923
137950
137970
137974
137990
137998
138002
138012
138027
138086
138104
138108
138121
138118
138190
138197
138212
138289
138293
138347
138376
138403
138409
138426
138427
138458
138463
138473
138534
138548
138676
138681
138685
138696
138698
138734
138733
138738
138745
138768
138818
138826
138830
138841
138878
138911
138919
138942
138987
139020
139023
139029
139045
139054
139061
139083
139115
139118
139139
139146
139176
139214
139232
139265
139272
139303
137970
139310
139319
139360
139366
139389
139408
139409
139472
139523
139561
139586
139640
139649
139727
139729
139734
139819
139851
139881
139891
139930
139961
139990
139994
139999
140005
140014
140018
140020
138721
140033
140038
137495
140042
140054
140073
140091
140100
140106
140174
140187
140221
140222
140263
140276
140280
140332
140336
140332
140369
140385
140395
140408
140413
140408
140461
140554
140618
140645
140644
140677
140690
140736
140744
140746
139409
140811
140866
140885
140919
140951
140965
140986
141004
141037
141101
141126
141141
141144
141147
141197
141234
141270
141284
141316
141333
141343
141380
141386
141410
141432
141434
141452
141463
141469
141479
141482
141500
141512
141523
141545
141544
141578
141599
141606
140332
141615
141631
140353
141665
141671
141681
141707
141719
140388
141740
141790
141821
141907
141928
141971
141974
142058
142107
142123
142128
142185
142189
142199
142264
142283
142317
142320
142372
142424
142429
142465
142470
142475
142483
142501
142520
142555
142576
142598
142662
142674
142692
142713
142720
142728
142753
142743
142790
142818
142829
142837
142846
142847
142846
142878
142891
142967
142980
143007
143014
143030
143063
143077
143090
143138
143146
143149
143168
143203
143234
143230
143242
143252
143283
143306
143318
143341
143398
143417
143436
143447
143454
143472
143477
143535
143560
143606
143623
143630
143646
143635
143660
143750
143752
143871
143895
143926
143946
143966
143983
143999
144010
144069
144070
144069
144151
144162
142820
144203
144214
144225
144316
144319
144332
144372
144484
144518
144560
144565
144620
144695
144706
144740
144807
144845
144893
144952
144961
144968
144974
145005
145001
145064
145086
145097
145114
145126
145145
145148
145145
145168
145173
145208
145249
145274
145292
145307
145311
145319
145324
145348
145361
145420
145428
145438
145447
144468
145474
145484
145488
145500
145522
145622
145620
145640
145654
145684
145698
145706
145721
145724
145746
145771
145833
145889
145901
145928
145939
145960
145974
145987
145991
146009
146026
146071
146091
146089
146106
146117
146124
146132
144113
146134
146135
146148
146174
146182
146184
146217
146224
146248
146256
146261
146264
146256
146293
146320
146329
146394
146415
146424
146484
146519
146554
146592
146603
146640
146646
146703
146715
146736
146747
146797
146799
146803
146956
146966
146968
146114
146981
147011
147023
147029
147030
147038
147042
147082
147085
147088
147094
147101
147112
147132
145500
147146
147198
147266
147275
147278
147312
147333
147340
147444
147478
147484
147543
147548
147563
147639
147646
147649
147656
147665
146894
147672
147710
147715
147730
147758
147759
147754
147789
147804
147811
147829
147834
147939
147974
147975
147979
147990
148009
148021
148046
148057
148068
148118
148124
148156
148170
148239
148264
148292
148301
148310
148337
148376
148406
148426
148455
148469
148481
148497
148523
148544
148545
148558
148575
148589
148590
148600
148641
148645
148710
148786
148796
147975
148828
148841
148843
148874
148068
148910
148982
149046
149078
149091
149092
149113
149116
149153
149184
149255
149261
149282
149300
149314
149317
149342
149350
148545
149352
149357
149374
149389
149398
148596
149458
149467
149478
149511
149556
149582
149616
149635
149657
149672
149683
148867
149701
149703
149774
149795
149828
149856
149910
149914
149949
149964
149970
149990
150014
150065
150083
150092
150142
150145
150151
150163
150166
149385
150179
150250
150259
150328
150341
150387
150395
150407
150412
150417
150412
150435
150444
150461
150465
150491
150502
150530
150563
150574
150604
150619
150628
150651
150701
150715
149085
150760
150798
150807
150814
150818
150904
150909
150951
150964
150971
150994
151019
151028
151044
151049
151046
151044
151166
151174
151166
151180
151213
151219
151227
151230
151239
151271
151304
151308
151360
151388
150491
151414
151441
151479
151494
151556
151563
151575
151611
151616
151658
151677
151689
150807
151717
151732
151742
151752
151797
151800
151833
151854
151862
150958
151874
151882
151885
151884
151891
151907
151915
151914
151925
151931
151948
151952
151956
151958
151971
152004
152038
152114
152117
152128
152183
152192
151292
152244
152283
152281
152306
152331
152391
152434
152453
152499
152505
152523
152538
152541
152575
152586
152620
152635
152648
152693
152682
152697
152715
152726
152745
152755
152773
152776
152838
152869
152874
152881
152890
152891
152900
152902
152919
152931
152953
152972
152989
153034
153037
153047
153081
153087
153099
153112
153138
153239
153283
153311
153340
153422
153490
153506
153527
153533
153561
153607
153670
153691
153716
153728
153731
153765
153790
153814
153851
153852
153868
153928
153949
153963
153986
154005
154010
154054
154086
154103
154110
154129
154142
154176
154211
154220
154244
154257
154300
154329
154348
154353
154367
154382
154390
154395
154403
154422
154426
154436
154441
154474
154494
154503
154535
154553
154565
154568
154635
154669
153602
154737
154739
154737
154760
154782
154823
154838
154860
154897
154935
154943
154966
154982
154989
155004
155079
155118
155138
155147
155155
155209
155220
155222
155228
155238
155283
155304
155347
155350
155362
155391
155410
155418
155436
155475
155477
155555
155563
155581
155631
155639
155700
155706
155729
155766
155881
155899
155912
155917
155966
155998
156009
156017
156061
156067
156071
156073
156093
156099
156104
156122
156162
156213
156224
154972
156236
156277
156289
156292
156317
156352
156395
156401
156405
156422
156428
156437
156451
156457
156461
156466
156481
156491
156521
156536
156539
156536
156554
156574
156596
156615
156639
156646
156649
156694
156702
156726
156724
156770
156802
156819
156859
156932
156940
156944
156959
156967
157070
157078
157147
157169
157210
157275
157296
157297
157302
157316
157320
157388
157434
157474
157490
157527
157535
157543
157554
157552
157610
157644
156317
157675
157682
157727
157732
157739
157748
157760
157761
157768
157799
157824
157881
157889
157893
157913
157924
157949
157952
157978
158002
158022
158047
158056
158063
158070
158090
158126
158144
158234
158253
158261
158267
158279
158314
158316
158324
158331
158352
158376
158386
158421
158419
158474
158514
158510
158533
158538
158574
158577
158580
158609
158614
158643
158644
158643
158650
158661
158670
158672
158712
157400
158719
158731
158739
158772
158778
158790
158793
158915
158920
158927
158945
158951
158962
159002
159010
157630
159041
159057
159080
159077
159081
159101
159124
159108
159134
159140
159191
159170
159228
159239
159274
159271
159289
159302
159309
159336
159354
159408
159493
159531
159532
159562
159573
159594
159611
159621
159622
159674
159682
159731
159740
159749
159755
159834
159872
159874
159893
159931
159950
159972
160003
160021
160039
160057
160121
160147
160233
160257
160287
160288
160296
160314
160353
160397
160428
160501
160519
160529
160538
160539
160543
160625
160653
160658
160667
160693
160699
160731
160771
160796
160830
160847
160854
160856
160905
160908
160934
160950
160996
160998
161017
161051
161062
161080
161101
161108
161127
161231
161265
161279
161291
161264
161332
161352
161413
161444
161529
161532
161542
161540
161567
161594
161678
161693
161732
161731
161764
161805
161827
161834
161867
161869
161871
161878
161891
160494
161923
161934
161950
161972
161976
162013
162018
162029
162049
162065
162083
162086
162118
162124
162137
162160
162166
162199
162231
162260
162276
162282
162287
162290
162305
162362
162371
162391
162419
162431
162436
162451
162457
162467
162481
162493
162508
162522
162536
162544
162593
162692
162711
161387
162727
162761
162776
162816
162832
162838
162880
162910
162920
162925
162941
162946
162948
162967
162982
162994
163015
163022
163059
163095
163128
163129
163139
163144
163151
163188
163198
163200
163211
163229
163245
163267
163310
163399
163417
163431
163449
163465
163468
163525
163575
163596
163626
163631
163708
163745
163763
163793
163834
163889
163887
163936
163953
163957
163999
164012
164044
164056
164072
164107
164127
164135
162967
164130
164137
164150
164167
164202
164206
164229
164243
164251
164273
164251
164357
164372
164382
164399
164401
164402
164401
164426
164480
164531
164538
164558
164576
164595
164597
164612
164648
164644
164661
164671
164673
164692
164697
164773
164786
164802
164870
164875
164886
164901
164963
164932
164982
164962
165017
165018
165017
165036
165061
165069
165102
165130
165225
165277
165281
165325
165356
165382
165389
165395
165404
165502
165606
165618
165621
165641
165751
165775
165791
165792
165815
165819
165821
165844
164649
165853
165895
165896
165895
165914
165924
165935
165941
165978
165982
166025
166030
166062
166099
166117
166122
166124
166135
166139
166146
166212
166253
166284
166334
166351
166367
166370
166376
166409
166417
166477
166478
166490
166525
166529
166550
166569
166603
166608
166641
166650
166667
166670
166676
166688
166736
166756
166780
166801
166802
166832
166837
166853
166847
166854
166857
166906
166902
166937
166943
166988
166992
167012
167044
167051
167057
167076
167087
167085
167094
167106
167133
167230
167258
167278
167282
167304
167362
167384
167383
167405
167406
167419
167421
167419
167438
167462
167488
167509
167514
167553
166367
167569
167572
167584
167635
167648
167664
167707
167712
167710
167759
167782
167810
167812
167838
167887
167931
167934
167992
167998
168027
168037
168040
168048
168091
168116
168117
166837
168126
168141
168187
168289
167074
168315
168325
168339
168342
168354
168391
168407
168417
168459
168470
168483
168498
168503
168515
168520
168554
168574
168597
168641
167433
168643
168675
168698
168711
168740
168748
168815
168831
168842
168844
168852
168886
168914
166525
168929
168953
168958
168959
168972
168981
168982
168991
168997
168991
169019
169021
169026
169032
169050
169073
169096
169112
169139
169153
169169
169183
169206
169238
169242
169264
169271
169293
169335
169338
169421
169430
169441
169451
169475
168236
169483
166988
169496
169510
169512
169536
169563
169579
167110
167109
169580
169579
167109
169590
169600
169596
169604
169606
169634
169650
169652
169670
169675
169674
169701
169753
169771
169786
169815
169823
169826
169843
169846
169861
169863
169922
169953
170047
170072
170073
170140
170158
170168
170188
170211
170250
170264
170358
170374
170394
170439
170449
170451
170467
170506
170518
170522
170518
170529
170538
170555
170572
170581
170609
170638
170639
170638
170665
170670
170673
170707
170734
170752
170766
170789
170881
170899
170877
169563
170908
170929
170918
170931
170941
170943
170971
170980
171009
171022
171042
171053
171084
171119
171129
171137
171160
171164
171169
171182
171184
171185
171182
171230
171249
171252
171278
171284
171315
171418
171423
171442
171503
171517
171546
171555
171639
171660
171697
171731
171788
171823
171835
171860
171866
171872
171884
171895
171903
171927
170670
171925
171943
171962
171993
172007
172034
172039
172036
172071
172077
172088
172135
172142
172154
172187
172193
172211
170941
172227
172246
172252
172256
172269
172298
172302
172322
172356
172367
172382
172395
172406
172440
172481
172519
172538
172546
172566
171278
172584
172639
172654
172691
170140
171423
172757
172837
172844
172846
172850
172858
171590
172869
172873
172881
172908
172924
172933
172936
172981
172975
172982
172984
171722
173002
173019
173034
173078
173096
173104
173120
173155
173170
173195
173196
173202
173216
173228
173226
173266
173293
173308
172064
173316
173341
173371
173399
173408
173438
173451
173452
173460
173473
173476
173482
173545
173563
173569
173588
173626
173631
172321
173653
173663
173687
173702
173712
173715
173741
173780
173783
173781
173780
173791
173797
173803
173834
173840
173907
173921
173954
174009
174037
174046
174061
174074
174114
174143
174242
174304
174314
174318
174370
174399
174404
174442
174450
174458
174504
174535
174587
174609
174607
174660
174671
174702
174721
174728
174746
173434
174766
174770
174790
174794
174820
174827
174824
174914
174961
174977
175082
175112
175133
175156
175160
173901
175203
175220
175235
175272
175273
175272
175283
175300
175344
175397
170206
174114
175409
175457
175478
175490
175491
175502
175544
175545
175553
175581
175617
175645
175664
175670
174464
175715
175721
175727
175762
175780
175815
175825
175856
175872
175882
175915
175972
176005
176014
176037
176077
176090
176098
176099
176098
176107
176120
176145
176165
176161
176183
176216
176246
176259
176273
176307
176310
176366
176372
176391
176402
176431
176479
176535
176544
176605
176622
176625
176683
176699
176709
176729
176745
176772
176773
176792
176794
176801
176836
176846
176851
176860
176895
176913
176945
176957
177035
177057
177061
177063
177112
177122
177131
177149
177197
177232
177258
177302
177340
177347
177376
177378
177409
177439
177467
177486
177498
177568
177571
177572
177576
177602
177571
177625
177666
177697
177726
177736
177750
177774
177815
177835
177845
177835
177855
177875
177917
177934
177985
176391
177990
177994
178001
178043
178079
178229
178232
178304
178428
178525
178657
178701
178721
178730
178761
178772
177270
178780
178789
178826
178844
178879
178882
178896
178897
178905
178927
178932
178947
178966
178968
179029
179081
179101
179103
177726
179107
179121
179144
179147
179135
179175
179196
179202
179216
179247
179318
179348
179429
179491
179524
179534
179542
179585
179600
179615
179614
179660
179690
179695
179712
179735
179775
179780
179789
179816
179829
179856
179890
179903
179914
179922
179950
180031
180045
180086
180106
180133
180143
180151
180155
178982
180203
180214
180253
180240
180259
180377
180380
180407
180423
180433
179339
180475
180627
180632
180634
180695
180718
180724
180728
180736
180760
180776
180779
180830
180836
180920
180941
180962
180963
180975
180982
180983
180982
180994
181022
181027
181055
181079
181087
181149
181201
181207
181210
181217
181224
181255
181278
181282
181297
181300
181312
181318
181326
181355
181400
181405
181419
181423
181419
181437
181462
181476
181492
181506
181533
181559
181583
181607
181623
181647
181691
181703
181711
181728
181861
181883
181916
181924
181944
182040
180820
182062
182103
182112
182135
182144
182196
182208
182219
182224
182225
182230
182240
182255
182274
182287
182288
182289
182293
181095
182297
182309
182326
182377
182393
182429
182435
182446
182458
182475
182479
182485
182518
182520
182527
182561
182570
182637
182661
182670
182682
182708
182734
182742
182806
182812
182858
182864
182913
182980
183047
183068
183086
183088
180776
183095
183145
183156
183162
183173
183177
183186
183194
183198
183207
183230
183250
183254
183264
183275
183302
183315
183368
183421
183432
183465
183476
183478
183480
182377
183492
183511
183547
183596
183629
183639
183655
183665
182532
183666
183693
183701
183705
183764
183768
183781
183799
183837
183799
183849
183859
183876
183882
183898
184003
184036
184038
184047
184053
184101
184114
184152
184175
184195
184208
184224
184235
184265
184280
184286
184311
184315
184340
184375
184378
184397
184423
184430
184452
184497
184501
184543
184556
184563
184606
184609
184613
184650
184664
184671
184692
184714
184729
184748
184774
184776
184795
184806
184855
184860
184893
184931
184937
184988
184993
185003
185031
185062
185066
185098
185130
185155
185201
185221
185306
185365
185394
185427
185444
185453
185550
185565
184375
185578
185608
185731
185757
185765
184547
185807
185813
185821
185889
185935
185953
185971
185991
186096
186133
186140
186173
184988
186182
186188
186191
186204
185031
186207
186213
186219
186226
186280
186287
186293
186317
186331
186364
186406
186415
186476
186496
186547
186562
186584
186618
186621
186633
186637
186655
186661
186662
186716
186732
186788
186791
186839
186869
186874
186921
186924
186957
186963
186968
186978
187057
187059
187064
187065
187129
187132
187137
187174
187175
187197
187202
187242
187265
187315
187342
187354
186265
187358
187360
187364
187385
187386
187439
187442
187465
187495
187540
185321
187552
187575
187582
187584
187615
187630
187637
187636
187663
187734
187738
187802
187830
187827
187875
187924
187935
187949
187959
187984
188009
188019
188026
188064
188068
188137
188156
188221
188243
188268
188288
188298
188300
188298
188353
188369
188386
188392
188405
188406
188445
188522
188542
188555
188561
188664
188676
188684
188756
188777
188795
187630
188823
188858
188861
188880
188881
188880
188969
189008
189023
189029
189041
189044
189073
189076
189162
188122
189222
189280
189348
189417
189422
189417
189430
189469
189486
189518
189541
189543
189580
189594
189610
189614
189610
189615
189622
189635
189661
189674
189731
189775
189806
189812
189817
189856
189890
189897
189934
190013
190055
190128
190151
190155
190185
190206
190258
190265
190290
190312
190424
190466
190535
190543
190597
190620
190648
190652
190657
190676
190789
190796
190817
190818
190849
190855
190871
190882
190913
190922
190915
190963
191072
191075
191100
191105
191154
191212
191218
191240
191284
191293
191296
191321
191364
191369
191384
191392
191431
191491
191510
191551
191556
191594
191630
191673
191729
191732
191759
191778
191824
191837
191849
191867
191910
191951
191960
191994
192088
192136
192152
192155
192167
192263
192298
192312
192328
192341
191072
192357
192361
192370
192399
192429
192431
192445
192458
191212
192514
192520
192535
192556
192566
192581
192593
192615
192633
192645
192670
192687
192756
192779
192802
192834
192886
192891
192915
192921
192931
192944
192979
192989
193030
193096
191910
193103
193112
193118
193146
193151
193156
193185
193199
193202
193246
193267
193299
193343
193352
193358
193388
193393
193416
193422
193421
193446
193516
193517
193516
193630
193713
193743
193770
193782
193808
193878
193885
193916
193918
193930
193941
193948
193949
193962
193996
194001
194004
194031
194062
194120
194144
194151
194175
194194
194210
194219
194232
194315
194347
194352
194381
194392
194398
194412
194446
194462
194473
194477
194509
194536
194577
194602
194630
194638
194669
194672
194677
194683
194686
194770
194840
194866
194907
194932
194960
195022
195058
195096
195119
195126
195162
195174
195217
195233
195239
195247
195270
195314
195320
195322
195351
195365
195366
195396
195418
195436
195455
195463
195464
195463
195499
195505
195515
195517
195522
195529
195557
195575
195589
195607
195609
195615
195645
195711
195783
195826
195841
195844
195852
195874
195880
195884
195955
196061
196067
196080
196168
196200
196233
196282
196307
196312
196329
196346
196368
196377
196380
196387
195322
196400
196407
196415
196448
196493
196539
196601
196606
196608
196663
196705
195594
196724
196772
196835
196923
196935
195884
196946
196969
196971
196969
196982
197000
197049
197078
197114
197141
197147
197151
197163
197196
197264
197267
197294
197300
197306
197310
197340
197364
197382
197415
197490
197573
197591
197606
197643
197662
197725
197738
197744
197755
197772
197789
197802
197852
197856
197894
197898
197925
197942
197955
197961
197979
197995
198009
198083
198094
198178
198188
198235
198419
198447
198446
198474
198586
198595
198647
198651
198664
198679
198685
198686
198690
198699
198747
198768
198789
198807
198808
198866
198887
198924
198938
198942
198963
198969
199007
199008
197894
199012
199025
199037
199059
199075
199093
199107
199112
198009
199153
199163
199188
199206
199217
199227
199254
199263
199307
199348
199470
199493
199502
199521
199551
199620
199725
199750
198664
199780
199789
199821
199827
199933
199939
199973
199982
199984
200006
200083
200085
200130
200131
200138
200145
200171
200187
200207
200229
200250
200253
200281
200312
200315
200359
200363
200372
199328
200380
200381
200413
200448
200458
200471
200475
200531
200536
200580
200585
200607
200662
200691
200710
200749
200834
200858
200867
200908
200926
200937
200944
200946
200950
200979
200987
200990
200998
201006
201031
201037
201043
201056
201102
201114
201118
201177
201180
201184
201228
201242
201244
201261
201297
201309
201349
201374
201388
201432
201448
201482
201484
201501
201523
201565
201603
201620
201627
201648
201674
201682
201709
201713
201730
201803
200691
201843
201862
201911
201921
201951
201971
201972
202004
200926
202056
202063
202143
202145
202143
202151
202197
202206
202241
202249
202270
202295
202309
202314
202311
202330
202341
202387
202410
202430
202449
202500
202550
202580
202602
202661
202718
202789
202794
202821
202836
202879
202901
202914
202922
202923
202949
202964
202972
202986
202997
203042
199762
203041
203057
203071
203128
203231
203263
203270
203305
203315
203318
203315
203360
203366
202249
203370
203376
203370
203382
203389
203421
203440
203456
203467
203487
203516
203527
203534
203541
203538
203569
203571
203575
203588
203611
203632
203651
203664
203691
203699
203708
203715
203735
203748
203764
203855
203862
203878
203891
203894
203915
203941
203953
203970
203985
204010
204018
204026
204038
204059
204089
204102
203029
204155
204197
204221
204236
204221
204253
204259
204268
204271
204272
204330
204350
204357
204378
204381
204401
204421
204517
204519
203476
204522
204536
204545
204569
204632
204701
204723
204734
204740
204758
204770
204786
204853
204859
204869
204947
204951
204967
204977
205067
205075
205088
205090
205140
205222
205313
205369
205394
203119
205393
205420
205440
205479
205486
205520
205565
205576
205579
205585
205605
205663
205674
205693
205702
204545
205757
205789
205813
205843
205863
205925
205928
205931
205937
205940
205947
206005
206074
206105
206110
206118
206217
206232
206242
206280
206286
206372
206389
206396
206402
206406
206415
206435
206456
206457
206461
206527
206565
206568
206606
206664
206735
206751
206755
206758
206759
206767
206771
206785
206804
206814
206819
206838
206849
206861
206869
206910
206926
206985
205922
206995
206996
207004
207007
207008
207007
207062
207072
207085
207117
207122
207145
207198
207230
207275
207296
207308
207350
207413
207419
207426
207436
207443
207463
207483
207500
207516
207526
207529
207545
207653
207670
207682
207699
207745
207766
207782
207787
207796
207834
207898
207904
207910
207921
207914
207985
207994
208005
208074
208080
208102
208127
208137
208143
208159
208196
208213
208258
208271
208273
208309
208326
208340
208346
208362
208367
208362
208368
208438
208475
208482
208509
208519
208543
208581
208578
208640
208654
208674
208707
208713
208804
208866
208924
208937
208983
208992
209001
209007
207811
209023
209027
209028
209041
209045
209048
209131
209194
209271
209284
209288
208155
209301
209431
209455
209488
209499
209521
209531
209555
209588
209647
209650
209666
209675
209679
209709
209738
209753
209796
209803
209817
209851
209921
209923
209944
209951
209978
209981
209990
210044
210087
210116
210117
210126
210116
210171
210227
210351
210371
210376
210409
210486
209244
210500
210524
210536
210547
210594
210608
210614
210644
210765
210782
210784
210790
210850
210888
210901
210903
210912
210944
210956
210968
210991
211014
211033
211035
211050
211059
211072
211081
211079
211088
211185
211187
211185
211191
211247
211251
211271
211278
211287
211328
211349
211357
211369
211382
211390
211420
211424
211517
211555
211579
211601
211606
211628
211644
211701
211736
211743
211776
211808
211825
211830
211867
211885
211895
211896
211949
211961
211968
211972
211968
211982
212008
212037
212066
212086
212115
212148
212168
212195
212203
212211
212217
212240
212251
212263
212294
212308
212324
212336
212380
212444
212477
212499
212502
212537
212548
212561
212588
212655
212657
212665
212683
212702
212707
212730
212765
212790
212798
212804
212832
212839
212854
212908
212911
212959
212958
212966
213007
213020
213033
213054
213067
213075
213080
213125
213152
213165
213172
213174
213177
213185
213189
213202
213218
213238
213246
213253
213267
213284
213293
213299
213324
213328
213324
213347
213358
213396
213413
213408
213442
213470
213572
213593
213611
213617
213631
213660
213682
213693
213704
213723
213742
213787
213799
213824
213841
213847
213858
213866
213875
213904
213933
213935
213933
213994
214006
214028
214035
214051
214058
214100
214120
214142
214165
214212
214293
214308
214332
214359
214379
213125
214453
214476
214488
214517
214535
214537
214553
214554
213350
214566
213364
214583
214585
214591
214585
214614
214623
214693
214731
214789
214850
214917
214931
214973
214997
214992
215006
215092
215095
215109
215125
215166
215180
215215
215264
215293
215294
215293
215310
215318
215323
215335
215426
215460
215474
215527
215686
215738
215746
215752
215760
215813
215858
215869
215896
215898
215904
215922
215925
215937
215950
215953
215995
216004
216047
216049
216056
216091
216096
216137
216158
213771
216169
216205
216208
216231
216244
216315
216325
216331
216388
216406
216411
216416
216441
216445
216450
216479
216509
216545
216562
216592
216659
216724
216766
216798
216821
216835
215676
216843
216855
216871
216892
216948
216962
216968
216971
216990
217004
217005
217026
217068
217079
217105
217145
217169
217177
217196
217199
217205
217207
217234
217251
217297
217364
217368
217369
217380
217388
217442
217453
217474
217483
217485
217515
217575
217586
217601
217677
217715
217721
217737
217761
217891
217952
217970
217994
218014
218066
218088
218132
218170
218176
218214
218217
218231
218258
218310
218336
218355
218362
218388
218394
218388
218413
218478
218493
218539
218566
218579
218587
218599
218606
218605
218641
218673
218711
218727
218743
218809
218841
218849
218866
218905
218912
218930
218968
218971
218997
219027
219031
219049
219072
219076
219113
219122
219181
219203
219170
219248
219281
219320
219325
219350
219354
219448
219499
219528
219558
219557
219573
219589
219634
219718
219701
219743
219753
219782
219788
217043
219789
219823
219853
219895
219908
219977
220031
220060
220072
220081
220124
220128
220149
220242
220234
220245
220255
220290
220301
220329
220337
220346
220381
218859
220383
220438
220463
220479
220504
218966
220512
220518
220536
220551
220574
220580
220586
220613
220631
220632
220681
220690
220731
220752
220764
220801
220895
220940
220981
221004
221025
221046
221065
221103
221115
221118
221124
221158
221286
221307
221321
221323
221333
221365
221413
221445
221453
221459
221482
221492
221493
221501
218555
221512
221522
221535
221546
218599
221569
221597
221611
221631
221672
221680
221689
221695
221762
221777
221803
218809
221822
221854
221890
221899
221919
221933
221941
221942
221952
221969
221983
221999
222016
222023
222030
222033
222063
222078
222082
222089
222117
222134
222181
222188
222193
222249
220677
222236
220677
222282
222286
222332
222328
222336
222344
222368
222401
222406
222422
222439
222464
222467
222482
222500
222528
220961
222587
222617
222637
222640
222650
222697
222705
222719
222753
222763
222799
222802
222812
222817
222818
222823
222895
222897
222926
222946
222962
222998
223016
223027
223042
223044
223054
223083
223126
223132
223150
223160
223192
223220
221550
223272
223273
223283
223295
223302
223354
223363
223372
223402
223458
223472
221826
223488
223503
223575
223584
223600
221924
223614
223641
223672
223684
223687
223713
223727
223749
223799
223798
223816
223868
223875
222181
223886
223895
223906
223926
223931
223930
223937
223945
223931
223993
224003
224011
224012
224027
224035
224040
224057
224074
224084
224086
224104
224140
224156
224160
224218
224223
224231
224233
224252
224255
224258
224297
224302
224304
224313
224324
224360
224395
224412
224436
224445
224451
224488
224501
224518
224548
224561
224568
224573
224611
224629
224658
224726
224811
224846
224869
224946
224995
225113
225114
225186
225215
225230
225232
225253
225250
225303
225328
225320
225339
225421
225462
225536
225569
225574
225598
225625
225634
225632
225647
225698
225701
225716
225701
225724
225725
225724
225727
225738
225805
225807
225826
225834
225859
225891
225905
225914
225916
225932
225942
224280
225947
225971
226014
226046
226059
226065
226158
226176
226201
226225
226235
226255
226264
226279
226299
224615
226318
226327
226346
226363
226370
226366
226383
226398
226418
226425
226443
226466
226472
226488
226509
226512
226519
226584
226594
226631
226636
226668
226691
226706
226718
226745
226753
226786
226871
225149
226884
226908
226919
226924
226936
226971
226992
227055
227084
227090
227128
227136
227156
227216
227247
227277
227293
225608
227305
227362
227380
227378
227387
227354
227411
227412
227414
227412
227451
227456
227463
227470
227478
227503
227506
227510
227521
227540
227545
227597
227567
227612
227654
227652
227734
227753
227754
227769
227771
227781
227872
227887
227999
228021
228063
228090
228114
228133
228155
228204
228277
228282
228302
228305
228311
228338
228363
228402
228417
228440
228446
228467
228504
228526
228584
228592
228617
228629
228649
228666
228672
228682
228695
228696
228726
228757
228778
228807
228823
228902
228953
229007
229029
229036
229059
229063
229065
229068
229078
229059
229080
229116
229149
229160
229162
229169
229181
229186
229209
229220
229231
229237
229245
229264
227601
229268
229289
229313
229355
229385
229405
229431
229459
229528
229531
229538
229550
229579
229624
229731
229750
229784
229786
228155
229807
229818
229827
229830
229837
229862
229865
229885
229904
229926
229975
230008
230053
230089
230096
230139
230174
230186
230208
230216
230221
230245
230250
230285
230322
230365
230410
230429
230431
230457
230476
230483
230498
230515
230585
230599
230607
230633
230632
230658
230688
230696
230709
230717
230728
230745
230793
230815
230793
230837
230846
230892
230895
229356
230963
230999
231033
231050
231092
231097
231118
231141
231193
231246
231252
231268
231273
231338
231394
231411
231422
231432
231477
231532
231543
231558
231569
231575
231581
231589
231608
231661
231688
231705
231780
228488
231798
231874
231877
231925
231943
232003
232081
232099
232108
232121
232130
232139
232147
232196
232209
232215
232235
232304
232311
232316
232380
232419
232448
232457
232475
230800
232490
232505
230846
232510
232526
230865
232538
232580
232599
232607
232640
232645
232654
232665
232673
232710
232776
232786
232809
232833
232837
232851
232906
232914
232925
232969
232976
233000
233014
233027
233039
233058
231389
233085
233124
233127
233149
233154
233323
233350
233372
233375
233386
233459
233482
233542
233553
233594
233607
233622
233673
233697
233742
232209
233796
233846
233850
233872
233874
233915
233923
233924
233923
233970
233998
234006
234059
234086
234107
234113
234115
234125
234134
234144
234160
234168
234187
234195
234231
234275
234313
234338
234348
234371
234389
234414
234446
234498
234550
234564
234594
234629
234653
234671
234675
234687
234702
234708
234725
234744
234905
234993
235012
235034
235045
235055
235088
235092
235098
235142
235168
235181
235195
235201
235195
235212
235229
235331
235372
235430
235444
235472
235486
235529
235595
235603
235622
235619
235631
235627
235655
235658
235655
235665
235679
235712
235722
235745
235729
235761
235766
235808
235855
235895
235904
235949
235964
235973
235975
236058
236080
236084
236093
236110
236152
236174
236238
236241
236262
236266
236286
236304
236309
236331
236368
236400
236414
236428
236440
236444
236455
236495
236498
236530
236535
236538
236602
236618
236632
236648
236664
236687
236697
236723
236725
236742
236754
236774
236784
236812
236904
236950
236960
236974
236988
236996
237027
237047
237060
237065
237099
237125
237182
237197
237200
237203
237210
237218
237224
237233
237239
237238
237243
237248
235761
237271
237272
237275
237277
237300
237413
237433
237450
237486
237508
237506
237526
237527
237556
237560
237564
237645
237652
237718
237725
237739
237761
237785
237811
237825
237848
237889
237939
237985
238030
238049
238057
238060
238077
238167
238173
238202
238203
238208
236625
238217
238216
238221
238238
238250
238311
236704
238329
236725
238358
238365
238376
238378
238403
238405
238447
238484
238514
238537
238552
238583
238598
238628
238644
238648
238673
238679
238724
238734
238772
238790
238816
237249
238826
238832
238834
238847
238856
238861
238886
238895
238897
238906
238925
238950
238964
238987
239221
239235
239240
239234
239260
239273
239310
239354
239349
239361
239377
239387
239405
239448
239494
239518
239537
239541
239583
239585
239605
238108
239631
239652
239665
239676
239712
239720
239730
239804
239821
239841
239850
239917
239921
239933
239947
239978
239997
240002
239981
240008
240014
240019
240043
240057
240054
240065
240069
240074
240143
240204
238748
240221
240224
240237
240260
240272
240288
240292
240285
240295
240299
240306
240343
240350
240362
240338
240370
240380
240394
240398
240431
240519
240535
240549
240572
240593
240617
240616
240633
239080
240698
240719
240740
240746
240786
240841
239219
240856
240880
240890
240896
240935
240968
240988
241021
241056
241063
241084
241103
239511
241132
241198
241210
241241
241283
241305
241333
241338
241355
241371
241392
241397
241427
241473
241475
241514
241520
241534
241543
241541
241556
241585
241592
241609
241619
241609
241627
241640
241664
241663
241672
241676
241682
241687
241689
241719
241732
240237
241769
241781
241782
241808
241829
241850
241835
241860
241857
241868
241874
241898
241899
241906
241949
241985
242010
242036
242045
242051
242152
242164
242178
242202
242267
242271
242283
242315
242376
242389
242461
242549
242567
242569
242582
242577
242662
242678
242697
242731
242734
241283
242757
242813
242824
242835
242842
242850
242906
242953
243001
243008
243009
243024
243047
243052
243084
243137
243143
243170
243215
243222
243227
243236
243246
243314
243334
243340
243342
243399
243416
243418
243426
243474
243492
243510
243531
243573
243590
243594
243683
243709
243711
243770
243768
243783
243784
243798
243803
243810
243832
242300
243841
243842
243858
243860
243874
243961
243985
243995
244092
244098
244127
244130
244158
244167
244193
244286
244302
244316
244358
244389
244426
244476
244499
244517
244532
244536
244573
244584
244634
244645
244664
244667
244688
244703
244699
244712
244745
244769
244783
244787
244820
244830
244853
244855
244897
244943
244954
244964
245007
245052
245066
245117
245134
245148
245175
245184
245206
245213
245229
245233
245242
245270
245272
245312
245324
245325
245387
245409
245477
245493
245496
245525
245585
245633
245648
245669
245672
244140
245677
245703
245766
245777
245780
245793
245850
245867
245886
245920
246086
246113
246119
246128
246131
246135
246149
246161
246176
246197
246218
246221
246218
246241
246197
246257
246261
246265
246308
246310
246357
246374
246390
246396
246416
246420
246450
246469
246479
245080
246493
246499
246510
246525
246530
246525
246557
246609
246619
246629
246648
246652
246672
246690
246720
246740
246741
246769
246786
246893
246915
246931
246943
246959
246967
246983
247015
247016
247015
247103
247108
247118
247163
247173
247177
247195
247246
247287
247314
247348
247377
247409
247422
247490
247539
247542
247565
247598
247601
247613
247617
247623
247628
247631
247613
247640
247673
247676
247669
247673
247694
247706
247745
247757
247762
247770
247791
247804
247820
247827
247880
247891
247901
247903
247914
247943
247948
247951
247950
247980
248017
248019
248067
248069
248070
248081
248078
248100
248123
248152
248177
248217
248238
248257
248272
248302
248361
248378
248417
248443
248450
248460
248484
248501
248514
248628
248666
248702
248719
248747
248751
248774
248810
248833
248848
247246
248902
248906
248919
248963
248977
249010
249046
249096
249130
249188
249198
249212
249225
249234
249241
249250
249266
249273
249296
249299
249305
249346
249365
249360
249376
249395
249408
249446
249481
249493
249524
249525
249547
249568
249578
249597
249620
249656
249675
249685
249731
249732
249871
249876
249899
249915
250006
250023
250085
250132
250153
250175
250185
250199
250205
250221
250262
250269
250275
250303
250346
250409
250420
250409
250445
250455
250522
250534
250581
250598
249043
250609
250611
250624
250646
250681
250688
250724
250727
250737
250771
250777
250828
250829
250828
250844
250861
250833
250871
250875
249382
250850
250901
250874
250907
250909
250933
250940
250949
250974
251003
251026
251099
251101
249574
251104
251109
251122
251125
251139
251159
251187
251196
251240
251273
251336
251334
251351
251360
251367
251378
251408
251430
251447
251450
251470
251507
251515
251522
251550
251558
251634
251662
251674
251682
251767
251804
251822
251850
251862
251873
251874
251997
252022
252037
252071
252069
252119
252123
252126
252134
248762
252142
252231
252276
252294
252305
252364
252390
252395
252414
252424
252451
252500
252503
252521
252582
250736
252634
252652
252659
252674
252683
252700
252743
252752
252776
252785
252807
252828
252819
252837
252840
252837
252859
251039
251024
252863
252872
252884
252887
252890
252902
252887
252907
252913
252918
252926
252938
252944
252955
252971
252992
252995
252992
253028
253059
253081
253106
253114
253145
253160
253194
253230
253285
253301
253366
253483
253494
253503
253513
253550
253590
253626
253637
253646
253645
253659
253689
253700
253741
253747
253754
253760
253819
253845
253879
253917
254027
254036
254043
254064
254213
254211
254237
254245
250624
254266
254283
254346
254404
254409
254427
254431
254447
254451
254456
254438
254476
254491
254514
254518
254573
254590
254602
254615
254623
252969
254635
254644
254651
254664
254671
254672
254671
254676
254686
254692
254707
254726
253060
254740
254752
254756
254780
254788
254797
254843
254846
254872
254858
254887
254897
254945
254972
254975
254977
255038
255065
255081
255201
255221
255233
255243
255259
255293
255316
255308
255415
255453
255466
255509
255524
255554
255559
255562
255581
251976
255617
255641
255662
255742
255753
255785
255791
255810
255847
254103
255883
255899
255943
255967
256016
256025
256029
256128
256175
256180
256185
256229
256260
256274
256284
256302
256304
256319
256324
256336
256350
256357
256360
256367
256395
256398
256406
256432
256451
256487
256493
256499
256509
256534
256545
256552
256553
256559
256530
256591
256619
256639
256681
256687
256696
256701
256743
256751
256756
256771
256801
256819
256825
256872
256883
256887
256949
256965
257004
257012
257042
257049
257089
257095
257102
257103
257230
257325
257341
257346
257396
257398
257414
257416
257441
257485
257517
257552
257562
257602
257660
257740
256248
257765
257780
257784
257765
257785
257830
257843
257852
257862
257894
257900
257918
257952
256366
257959
257964
257987
257998
258008
258010
258037
258047
258048
258062
258094
258115
258129
258134
258144
258157
258171
258189
258279
258308
258328
258337
258353
258373
258386
258391
258395
258404
258499
258529
258562
258582
258589
258602
258620
258637
258643
258651
258677
258682
258684
258706
258709
258728
258752
258757
258767
258799
258805
258811
258819
258859
258860
258870
258876
258920
258943
258945
259048
259081
259120
259178
259198
259204
259214
259238
259247
259265
259280
259325
259331
259343
259349
259377
258047
259407
259428
259455
259466
259471
259475
259526
259557
259616
259622
259653
259677
259687
259781
259788
259817
259866
259881
259980
259991
260087
260101
260106
260111
260112
260141
260150
260159
260162
260198
260200
260206
260213
260236
260243
260244
260357
260380
260455
260477
260501
260532
260542
260552
260567
260588
260624
260636
260662
260681
260696
260705
260747
260783
260791
260806
260839
260864
260884
260937
260952
260981
260998
261006
261023
261036
259980
261047
261053
261058
261064
261092
261122
261127
261136
261203
261242
261269
261291
261340
261385
261442
261456
261511
261515
261523
261524
261523
261532
261546
261590
261659
261669
261680
261687
261678
261695
261701
261950
261966
261980
261988
262014
262034
262066
262110
262148
262154
262186
262193
262231
262240
262258
262274
262319
262340
262380
262403
262441
262458
262477
262485
262543
262556
262562
262580
262637
262654
262659
262670
262712
262724
262729
261780
262748
262774
262787
262789
262829
262856
262861
262878
261944
262884
262891
262959
263001
263006
263084
263175
263221
263286
263297
263328
263334
263490
262856
263513
263559
263573
263588
262959
263657
263676
263686
263708
263706
263753
263798
263928
263969
263988
264005
264072
264123
264139
264151
264171
264212
264250
264290
264326
264330
264383
264392
264427
264431
264474
264492
263933
264497
264501
264533
263980
264566
264576
264594
264633
264645
264649
264669
264703
264730
264734
264781
264785
264838
264839
264843
264840
264846
264859
264900
264926
264950
264954
265014
265045
265048
265081
265204
265226
265254
265271
265287
265288
265287
265302
264645
265337
265341
265355
265364
265372
265418
265499
265504
265523
265564
265572
265582
265610
265630
265635
265662
265667
265706
265780
265824
265838
265257
265853
265895
265901
265904
265933
266048
266049
266051
266102
266114
266120
266138
266221
265662
266258
266267
266362
266378
266417
266419
266432
266446
266457
266477
266490
266521
266522
266539
266603
266615
266644
266648
266667
266681
266713
266759
266814
266858
266908
266937
266940
266348
266951
266986
267039
267059
267064
267083
267093
267104
267120
267140
267172
267217
267261
267278
267309
267314
267322
267341
267346
267338
267368
267372
267457
267560
267603
267619
267625
267631
267654
267666
267680
267721
267754
267757
267778
267782
267778
267791
267806
267818
267824
267831
267890
267905
267910
267936
267974
268069
268166
268168
268191
268220
268241
268279
268317
268336
268354
268369
268386
268393
268451
268455
268502
268588
267409
268609
268616
268650
268715
268734
268741
268768
268798
268859
268874
268896
268900
268906
268935
268961
268984
268991
269057
269095
269105
269119
269261
269281
269301
269309
269318
269322
269328
269332
269405
269414
269428
269450
269474
269469
269482
269485
269527
269556
269579
269581
269647
269674
269711
269713
269744
269755
269790
269796
269837
269844
269871
269887
269914
269926
269952
269974
270008
270016
270022
270044
270042
270073
270104
270093
270107
270109
270144
270192
270225
270236
270264
270284
270298
270308
270309
270333
270404
270426
270427
270432
270467
270473
270477
270487
270491
270506
270518
270581
270598
270615
270642
270723
270722
270760
270769
270791
270800
270046
270798
270811
270830
270076
270075
270859
270854
270870
270903
270917
269451
270932
270979
270992
271001
271013
271015
271020
271026
271033
271039
271067
271083
271110
271177
271191
271200
271244
271286
271291
271296
271309
271329
271331
271449
271465
271467
271476
271491
271493
271505
271556
271578
271583
271587
271597
271595
271656
271659
271673
271696
271708
271711
271738
271740
271775
271789
271854
271896
271943
271961
271962
271997
271990
272034
272040
272056
272101
272113
272122
272131
272170
272171
272246
272258
272269
272285
272303
272312
272315
272335
272336
271659
272380
272391
272429
272522
272526
272549
272557
272565
272584
272617
272626
272640
272675
272696
272724
272804
272816
272844
272851
272859
272871
272872
272900
272913
272920
272943
272977
272994
273001
273016
273017
273031
272344
273061
273078
273083
273122
273133
273142
273172
273208
273221
273328
273356
273415
273440
273441
273448
273449
273448
273454
273460
273469
273471
272148
273496
273524
273533
273532
273544
273582
273595
273623
273630
273649
273679
273688
273713
273727
273734
273727
273743
273792
273804
273861
273867
273959
273989
274049
274074
274133
274161
274204
274213
273466
274225
274230
274237
274240
274242
274290
274306
274318
274322
274346
274361
274374
274380
274390
274388
274395
274425
274437
274440
274460
274464
274484
274487
274522
274549
274555
274587
274645
274672
274683
274711
274801
274807
274813
274819
274836
274855
274210
274861
274873
274874
274230
274882
274883
274237
274882
274888
274895
274901
274240
274916
274949
274964
274973
274977
274996
275042
275045
275052
275062
275074
275080
275088
275116
275177
275198
275238
275251
275263
275298
275305
275334
275396
275404
275429
275439
275449
275458
275467
275469
275486
275490
275493
275494
275493
275510
274861
275515
275521
274219
275531
274880
275533
275541
275544
275560
275586
275614
275641
275695
275753
275805
275812
275838
275863
275926
275933
276000
276003
276022
276024
276034
276051
276107
276144
276145
276151
275477
276155
276156
276172
276170
276174
276191
275521
274219
276192
276203
276209
276212
276213
274909
276229
276232
276236
276240
276241
276240
275549
276249
276278
276329
276359
276424
275110
276427
276502
276511
276560
276578
276582
276610
276615
276625
276670
276695
276702
276708
276812
276829
276883
276897
276922
276176
276941
276954
276975
277009
277115
277168
277291
276635
277312
276694
276702
277317
277319
277360
277383
277406
277422
277450
277451
277465
277478
277481
277483
276880
277492
277497
276897
277500
277507
277511
276918
277512
276916
277515
277529
276185
277532
277529
277536
277559
277561
277570
277585
277622
277628
277646
277654
277674
277726
277742
277788
277903
277908
277918
277928
277954
277957
277970
277985
277992
277998
278023
278070
278080
278134
278131
278141
278149
278152
278162
278165
276185
278177
277535
278189
278193
278198
277559
278200
278203
278207
278209
277573
278216
278221
278228
278236
278257
278263
278275
278280
277011
278287
278323
278327
278371
278385
278412
278419
277168
278442
278468
278473
278506
278508
278523
278529
278545
278553
278561
278609
278644
278681
278700
278703
278704
278719
278738
278740
278749
278755
278762
278157
278764
278777
278782
278791
278794
278193
278791
278809
278816
278841
278855
278857
278863
278878
278882
278878
278896
278905
278912
278902
278924
278954
278977
278979
278999
279014
279038
279063
279070
279082
279107
279152
279177
279213
279234
279251
279245
279268
279299
279320
279351
279402
279421
278713
279424
279426
279431
279438
279444
279459
279456
279481
279485
279488
279485
279495
279503
279514
279546
279543
279561
279596
279650
279670
279680
279745
279802
279821
279899
279903
279939
279988
280021
280024
280037
280041
279438
280047
280050
280064
280076
280077
280076
280087
280096
280112
280168
280179
280194
280220
280235
280337
280377
280447
280452
280529
279894
280533
280544
280547
280559
280587
280600
280617
280662
280663
280662
280667
280684
280703
280711
280715
280722
280736
280769
280783
280799
280829
280831
280934
280313
280971
280992
281024
281093
281131
281150
281153
281292
281300
281309
281306
281336
281354
281369
281373
280064
281376
281399
281401
281422
281481
281487
281498
281502
281510
281592
281659
281661
281690
281693
281742
281771
281825
281834
281837
281847
281902
281964
281970
281978
281987
281996
282002
282026
282029
282041
282054
282079
282085
282079
282087
282104
282114
282124
282152
282255
282296
282306
282380
282410
282426
282479
282599
282628
282638
282653
282678
282697
282710
282712
282719
282721
282054
282724
282734
282749
282764
282774
282787
282790
282792
282802
282927
282933
282981
282991
282999
283028
283052
283059
283126
283141
283147
283206
283211
283254
283269
283283
283285
283313
283328
283337
283358
283365
283385
283389
283385
283392
283398
283399
283413
283459
283468
283476
283509
283543
283555
283582
283583
283584
283592
283583
283598
283609
283643
283691
283743
283749
283757
283763
283857
283867
283940
283955
284015
284012
284016
284029
284034
284057
284094
284101
284119
284144
284175
284172
284194
284192
284204
284231
284242
284254
284313
284319
284439
284470
284519
284594
284609
284615
284657
284672
284680
284705
284752
284776
284785
284792
284794
284797
284808
284816
284832
284907
284915
284927
284950
284965
284976
284985
285023
285025
285027
285045
285048
285082
285112
285132
285150
285172
285209
285210
285226
285227
285232
285311
285320
285338
285374
285377
285381
285416
285420
285444
285456
285477
285485
285493
285549
284887
284857
285562
285603
285617
285620
284927
285631
285640
285747
285767
285785
285795
285812
285823
285842
285887
285930
285956
285957
285966
285975
285981
285992
286005
286018
285431
286008
286041
286050
285515
286063
286078
286096
286113
286115
286135
286145
286177
286206
286243
286268
286286
286309
286310
286322
286335
286353
286362
286377
286397
286402
285998
286397
285998
286408
286414
286434
286444
286456
286463
286470
286471
286479
286066
286480
286519
286526
286537
286552
286559
286568
286582
286604
286643
286650
286196
286662
286696
286733
286746
286753
286826
286850
286869
286871
286880
286884
286887
286897
286909
286907
286916
286920
287002
287026
287029
287061
287125
287143
287193
287218
287214
286832
287258
287277
287288
287291
287303
287323
287331
287340
287342
286471
287340
287347
287356
287362
287411
287445
287470
287502
287518
287520
287548
287569
287574
287609
287640
287659
287668
287672
287713
287724
287754
287766
287770
287772
287785
287789
287830
287854
287869
287896
287895
287981
288028
288035
288042
288044
288057
288061
288069
288081
288088
288145
288149
288163
288157
288223
288211
288229
288247
288300
288342
288356
288399
288419
288430
288454
288459
288466
288469
288472
288478
288488
288507
288515
288533
288577
288578
288619
288657
288673
288679
288683
288679
288713
288733
288748
288745
288782
288835
288854
288859
288867
288875
288882
288890
288894
288906
288918
288938
288936
288945
288972
289021
289083
289096
289101
289134
289133
289138
289195
289201
289202
289235
289267
289277
289028
289290
289041
289316
289320
289325
289336
289359
289376
289378
289450
289459
289502
289511
289522
289281
288745
289538
289548
289551
289573
289642
289645
289665
289697
289696
289714
289720
289723
289735
289739
289735
289787
289803
289819
289831
289835
289840
289835
289846
289885
289895
289902
289922
289958
289971
289972
289981
289999
290011
290014
290034
290049
290070
290141
290171
290208
290257
290278
290299
290449
290491
290501
290513
290569
290590
290596
290647
290653
290657
290454
290669
290714
290735
290745
290759
290770
290804
290849
290880
290899
290903
290907
290922
290924
290928
290930
290936
290955
290961
290971
290986
290991
290994
290770
291008
291029
291038
291084
291141
291148
291150
291182
291204
291208
291204
291213
291215
291213
291223
291245
291259
291281
291309
291332
291348
291363
291413
291423
291430
291471
291483
291184
291183
291504
291524
291610
291622
291624
291655
291662
291667
291696
291700
291710
291717
291729
291755
291796
291873
291882
291889
291911
291920
291946
291980
291993
292007
292063
292072
292067
292075
292085
292097
292125
292133
292145
292160
292187
292190
292187
292208
292223
292259
292271
292282
292289
292292
292295
292300
292097
292325
292339
292349
292351
292364
292389
292400
292397
292409
292423
292424
292461
292469
292471
292477
292485
292497
292525
292537
292540
292548
292593
292607
292639
292644
292661
292680
292702
292727
292732
292741
292775
292776
292780
292796
292823
292837
292841
292849
292852
292856
292861
292879
292890
292901
292952
293022
293030
293044
293057
293067
293097
293096
293122
293176
293234
293243
293273
293315
293340
293341
293353
293355
293368
293373
293380
293391
293409
293411
293425
293436
293446
293279
293465
293481
293488
293505
293544
293554
293565
293574
293581
293588
293638
293643
293669
293674
293687
293588
293692
293697
293722
293725
293768
293782
293852
293868
293877
293887
293888
293923
293940
293953
293958
293807
293979
294012
294016
294073
294098
294120
294191
294236
294256
294268
294156
294277
294306
294183
294321
294330
294335
294211
294341
294343
294364
294377
294416
294443
294472
294483
294485
294564
294662
294702
294735
294762
294765
294776
294814
294834
294853
294856
294902
294919
294972
294976
294970
294972
294980
294995
295007
295019
295079
295090
295099
295109
295121
295127
295121
295155
295198
295196
295268
295288
295316
295339
295342
295396
295404
295432
295449
295498
295520
295526
295529
295545
295561
295592
295620
295635
295705
295711
295729
295765
295770
295778
295799
295805
295823
295827
295847
295850
295883
295902
295939
295959
295965
296024
296028
296044
296048
296054
296055
296059
296096
296100
296121
296132
296144
296147
296163
296147
296167
296169
296180
296193
296199
296209
296215
296256
296287
296297
296299
296305
296313
296361
296438
296456
296473
296476
296482
296481
296489
296496
296516
296533
296547
295833
296622
296660
296672
296711
296708
296713
296719
296734
296744
296617
296803
296821
296825
296836
296843
296844
296849
296864
296868
296890
296827
296907
296933
296948
296954
297022
297059
297060
297076
297095
297091
297099
297103
297104
297135
297139
297202
297304
297312
297320
297371
297394
297402
297312
297409
297419
297455
297402
297462
297481
297496
297522
297546
297552
297562
297583
297592
297598
297592
297646
297783
297786
297801
297831
297835
297851
297870
297884
297888
297896
297922
297934
297954
297964
297997
298055
298062
298093
298110
298111
298145
298172
298173
298178
298215
298228
298227
298267
261950
298290
298364
298442
298455
298462
298464
298472
298490
298495
298501
298510
298514
298516
298526
298570
298573
298601
298600
298620
298634
298651
298652
298687
298699
298724
298744
298745
298753
298756
298803
298810
298809
298818
298830
298860
298865
298929
298933
298984
299009
299035
299038
299088
299094
299176
299187
299208
299242
299248
299254
299320
299393
299428
299541
299615
299618
299694
299717
299734
299775
