5
11
14
20
26
35
38
44
50
52
57
59
57
66
80
83
86
95
98
102
107
110
108
116
122
125
123
137
150
155
154
158
156
155
179
185
188
197
209
215
221
224
233
236
242
254
257
260
266
272
278
284
290
296
295
299
297
303
310
312
320
326
334
344
347
350
353
356
359
362
365
371
377
383
385
395
407
419
425
428
431
437
440
446
455
461
464
470
479
485
491
497
500
506
512
521
530
536
542
543
545
543
551
554
563
569
575
578
581
584
587
590
593
596
599
602
617
620
626
632
635
641
650
656
659
665
674
677
686
692
695
701
710
719
722
721
728
737
740
739
749
755
758
779
785
791
797
800
798
803
806
809
812
815
818
821
824
827
830
833
842
841
848
850
857
859
861
868
870
872
880
882
893
896
902
901
910
917
919
932
935
938
941
953
959
962
965
968
971
974
980
986
992
998
1001
1007
1013
1016
1019
1025
1031
1040
1046
1055
1058
1061
1067
1076
1082
1088
1094
1103
1106
1109
1115
1124
1130
1139
1142
1145
1151
1157
1163
1169
1175
1181
1184
1187
1190
1196
1202
1208
1214
1217
1232
1238
1244
1250
1253
1262
1265
1268
1271
1274
1280
1283
1289
1295
1301
1307
1312
1319
1337
1336
1340
1354
1373
1379
1385
1391
1397
1403
1409
1419
1421
1426
1433
1442
1445
1447
1457
1466
1472
1478
1481
1490
1491
1496
1499
1503
1508
1511
1509
1520
1523
1532
1535
1541
1544
1550
1553
1562
1565
1574
1583
1589
1595
1601
1610
1613
1622
1623
1628
1631
1635
1640
1643
1641
1647
1652
1651
1653
1655
1653
1664
1667
1665
1676
1679
1682
1685
1691
1711
1721
1727
1730
1736
1719
1721
1742
1748
1737
1747
1754
1760
1766
1769
1772
1775
1776
1779
1781
1779
1786
1793
1791
1801
1803
1805
1814
1812
1816
1822
1824
1826
1833
1836
1838
1841
1847
1853
1855
1856
1859
1865
1871
1877
1875
1883
1886
1892
1895
1893
1892
1906
1928
1934
1937
1935
1939
1964
1970
1978
1984
1986
1998
2000
2009
2011
2021
2027
2057
2066
2069
2068
2070
2078
2076
2084
2086
2093
2099
2105
2111
2117
2123
2129
2132
2130
2144
2147
2150
2153
2156
2159
2162
2165
2171
2177
2183
2190
2192
2195
2196
2195
2194
2198
2196
2210
2213
2211
2219
2217
2225
2231
2237
2238
2237
2243
2249
2247
2255
2253
2261
2260
2262
2264
2268
2267
2273
2271
2279
2277
2285
2284
2286
2288
2291
2292
2291
2297
2303
2306
2309
2308
2310
2312
2315
2316
2315
2321
2327
2325
2336
2337
2339
2337
2345
2348
2354
2352
2360
2359
2361
2363
2366
2367
2366
2373
2375
2381
2384
2390
2396
2402
2400
2411
2417
2420
2423
2421
2420
2427
2429
2435
2441
2444
2442
2450
2456
2459
2462
2465
2468
2477
2483
2489
2495
2501
2507
2513
2519
2522
2528
2537
2543
2549
2555
2561
2567
2565
2576
2575
2579
2585
2591
2597
2603
2609
2615
2621
2627
2633
2639
2645
2651
2657
2663
2669
2675
2678
2677
2681
2687
2693
2699
2702
2701
2705
2711
2717
2723
2729
2735
2741
2747
2755
2756
2759
2765
2771
2783
2786
2792
2798
2804
2810
2811
2813
2817
2820
2822
2820
2826
2831
2843
2845
2846
2847
2849
2845
2853
2861
2864
2863
2867
2870
2869
2871
2870
2869
2876
2875
2877
2879
2877
2876
2882
2881
2883
2882
2885
2883
2882
2887
2891
2892
2889
2900
2899
2901
2903
2901
2909
2895
2907
2895
2918
2921
2924
2930
2936
2937
2941
2942
2943
2945
2948
2947
2949
2951
2949
2948
2953
2957
2955
2960
2961
2958
2967
2969
2975
2973
2978
2984
2983
2985
2987
2985
2993
2996
3002
3005
3008
2997
3012
3011
3010
3014
3017
3018
3017
3016
3024
3026
3032
3036
3038
3044
3048
3050
3056
3054
3060
3062
3068
3071
3077
3083
3086
3084
3090
3102
3104
3107
3108
3107
3113
3114
3113
3120
3119
3118
3125
3124
3126
3125
3128
3131
3130
3132
3137
3136
3138
3144
3146
3154
3155
3156
3154
3158
3154
3162
3167
3173
3179
3177
3185
3183
3190
3197
3203
3209
3215
3214
3216
3218
3216
3215
3222
3227
3230
3240
3239
3238
3245
3244
3246
3248
3251
3257
3263
3262
3266
3264
3270
3276
3275
3274
3281
3282
3284
3287
3290
3293
3296
3300
3299
3298
3302
3299
3306
3308
3314
3320
3324
3326
3329
3332
3330
3329
3338
3344
3350
3356
3360
3362
3365
3368
3366
3365
3364
3374
3380
3389
3392
3396
3398
3401
3404
3402
3401
3409
3412
3421
3424
3435
3434
3440
3444
3449
3448
3452
3450
3449
3453
3455
3459
3464
3463
3455
3467
3466
3468
3470
3468
3467
3474
3482
3481
3483
3488
3477
3487
3488
3489
3496
3506
3512
3511
3515
3518
3527
3533
3542
3541
3543
3548
3537
3547
3551
3549
3557
3555
3575
3576
3575
3578
3582
3581
3586
3587
3590
3597
3596
3599
3602
3605
3603
3609
3613
3615
3620
3626
3625
3627
3629
3633
3632
3631
3641
3640
3642
3647
3636
3646
3647
3650
3656
3662
3668
3666
3674
3680
3689
3688
3690
3695
3684
3694
3701
3707
3710
3708
3716
3714
3722
3725
3737
3743
3746
3744
3752
3750
3758
3761
3773
3779
3768
3778
3782
3788
3794
3800
3806
3812
3821
3827
3830
3836
3842
3848
3857
3863
3869
3875
3878
3876
3884
3890
3889
3893
3891
3897
3905
3911
3914
3920
3926
3947
3953
3959
3965
3971
3980
3986
3992
4004
4016
4031
4043
4049
4055
4067
4070
4076
4082
4088
4100
4109
4121
4127
4130
4136
4142
4141
4145
4143
4149
4157
4158
4163
4162
4166
4172
4178
4184
4193
4199
4205
4211
4214
4220
4229
4235
4241
4247
4253
4259
4262
4268
4266
4274
4277
4289
4288
4290
4295
4284
4294
4298
4304
4310
4313
4325
4324
4326
4325
4331
4320
4330
4331
4334
4340
4346
4344
4352
4350
4361
4367
4373
4379
4368
4378
4385
4391
4394
4392
4400
4398
4406
4409
4407
4406
4413
4415
4417
4430
4433
4431
4437
4442
4443
4442
4445
4443
4449
4451
4453
4455
4460
4469
4468
4470
4475
4464
4474
4475
4476
4483
4493
4499
4498
4502
4505
4514
4520
4529
4528
4530
4535
4524
4534
4538
4536
4544
4542
4550
4549
4551
4553
4551
4557
4560
4565
4566
4565
4564
4568
4566
4575
4580
4579
4581
4580
4583
4581
4580
4584
4586
4592
4600
4603
4600
4612
4615
4612
4623
4622
4621
4628
4627
4629
4631
4640
4643
4646
4652
4659
4658
4664
4663
4665
4667
4670
4676
4682
4688
4695
4694
4693
4700
4699
4701
4703
4706
4712
4711
4719
4718
4721
4718
4717
4725
4724
4723
4730
4733
4736
4739
4743
4745
4748
4751
4749
4748
4747
4757
4763
4767
4769
4772
4771
4775
4773
4772
4771
4778
4781
4793
4799
4805
4804
4806
4805
4811
4800
4810
4811
4817
4823
4827
4826
4841
4839
4847
4845
4851
4853
4856
4855
4857
4859
4857
4856
4855
4863
4865
4869
4871
4881
4880
4879
4889
4895
4894
4899
4898
4904
4911
4910
4909
4916
4915
4917
4923
4922
4928
4935
4934
4940
4947
4949
4946
4945
4953
4955
4958
4964
4962
4967
4970
4969
4971
4970
4969
4976
4977
4985
4983
4991
4989
4997
5003
5012
5011
5015
5018
5017
5019
5021
5019
5018
5023
5027
5025
5028
5025
5036
5035
5037
5039
5037
5045
5043
5031
5049
5051
5054
5053
5055
5057
5055
5054
5060
5059
5066
5069
5075
5073
5072
5079
5090
5094
5099
5100
5102
5107
5108
5109
5111
5107
5115
5123
5129
5135
5141
5150
5156
5162
5161
5174
5177
5180
5186
5192
5198
5204
5203
5210
5216
5219
5222
5228
5227
5234
5240
5243
5246
5252
5251
5258
5264
5270
5276
5282
5288
5294
5300
5306
5312
5318
5324
5330
5336
5342
5354
5357
5360
5366
5367
5372
5378
5384
5390
5399
5405
5408
5414
5413
5420
5426
5432
5438
5444
5450
5456
5459
5465
5471
5477
5480
5486
5492
5495
5493
5498
5497
5499
5501
5505
5504
5510
5516
5525
5531
5520
5530
5537
5543
5546
5547
5546
5552
5561
5559
5558
5565
5567
5573
5579
5568
5578
5585
5584
5591
5580
5590
5597
5595
5594
5601
5603
5609
5612
5615
5621
5619
5618
5625
5627
5633
5632
5634
5639
5628
5638
5642
5645
5643
5642
5649
5651
5657
5656
5658
5663
5652
5662
5669
5675
5681
5680
5682
5687
5676
5686
5687
5696
5703
5702
5701
5707
5709
5708
5711
5707
5717
5723
5729
5735
5738
5741
5744
5747
5750
5756
5759
5761
5762
5763
5765
5777
5783
5789
5795
5801
5807
5812
5814
5825
5823
5828
5827
5829
5837
5840
5873
5879
5880
5887
5898
5900
5898
5905
5912
5920
5930
5936
5952
5954
5959
5966
5972
5992
6002
6008
6011
6017
6000
6002
6023
6029
6018
6028
6035
6041
6047
6050
6053
6056
6057
6060
6062
6060
6067
6074
6072
6082
6084
6086
6095
6093
6097
6103
6105
6107
6114
6117
6119
6122
6128
6134
6136
6137
6140
6146
6152
6158
6156
6164
6167
6173
6176
6174
6173
6187
6209
6215
6218
6224
6227
6230
6239
6228
6242
6240
6246
6251
6240
6250
6254
6258
6263
6252
6266
6270
6275
6281
6284
6293
6296
6305
6311
6323
6329
6332
6341
6344
6350
6353
6356
6362
6371
6374
6383
6386
6390
6395
6384
6398
6402
6407
6413
6416
6422
6428
6437
6440
6444
6451
6461
6464
6470
6468
6472
6485
6497
6503
6509
6515
6521
6527
6544
6555
6557
6577
6579
6593
6599
6605
6611
6614
6623
6626
6629
6632
6635
6641
6644
6650
6656
6662
6668
6677
6686
6692
6698
6704
6710
6713
6716
6719
6725
6731
6737
6743
6749
6755
6764
6767
6770
6776
6785
6791
6800
6803
6806
6812
6818
6824
6833
6839
6848
6851
6854
6860
6869
6875
6878
6881
6887
6893
6899
6902
6908
6914
6920
6926
6929
6932
6935
6941
6944
6947
6953
6962
6968
6971
6972
6979
6988
6998
7001
7004
7009
7016
7021
7026
7028
7026
7032
7037
7039
7048
7050
7061
7060
7064
7070
7073
7076
7079
7082
7085
7088
7091
7094
7097
7103
7109
7112
7110
7115
7121
7127
7130
7133
7151
7154
7157
7160
7163
7169
7178
7181
7187
7190
7188
7196
7202
7208
7220
7226
7232
7238
7241
7247
7253
7259
7268
7274
7277
7283
7292
7298
7301
7304
7307
7313
7319
7325
7341
7351
7353
7361
7367
7373
7376
7379
7382
7385
7388
7391
7394
7402
7412
7418
7424
7426
7433
7436
7434
7440
7448
7454
7460
7466
7472
7478
7487
7490
7496
7502
7508
7511
7517
7523
7535
7544
7547
7553
7559
7577
7581
7585
7586
7575
7585
7607
7616
7622
7623
7625
7623
7629
7634
7633
7635
7634
7637
7635
7646
7649
7652
7658
7661
7670
7675
7677
7679
7688
7694
7706
7709
7712
7718
7727
7733
7736
7742
7745
7751
7752
7751
7757
7756
7758
7764
7769
7768
7770
7772
7770
7769
7775
7777
7814
7812
7820
7818
7835
7837
7839
7846
7859
7861
7863
7871
7873
7910
7908
7916
7914
7920
7925
7924
7926
7928
7926
7925
7934
7932
7938
7940
7942
7944
7957
7967
7971
7973
7985
7983
7991
8000
8006
7989
8005
8009
8010
8015
8021
8023
8025
8033
8039
8045
8051
8057
8063
8069
8075
8084
8090
8096
8097
8099
8105
8108
8106
8111
8123
8121
8129
8130
8135
8138
8144
8142
8150
8136
8138
8153
8154
8156
8162
8160
8159
8158
8171
8170
8172
8174
8177
8176
8178
8180
8178
8177
8176
8183
8186
8195
8193
8192
8201
8207
8222
8225
8231
8237
8240
8238
8246
8249
8258
8264
8270
8276
8282
8288
8291
8294
8297
8303
8309
8315
8313
8321
8324
8330
8331
8336
8322
8339
8345
8351
8363
8369
8372
8375
8378
8376
8384
8387
8393
8399
8407
8417
8423
8429
8435
8441
8444
8447
8456
8462
8471
8474
8480
8486
8489
8495
8498
8501
8507
8516
8522
8525
8531
8543
8546
8549
8555
8561
8567
8573
8579
8585
8588
8597
8603
8618
8624
8630
8633
8642
8648
8654
8657
8669
8672
8684
8687
8693
8699
8702
8708
8711
8714
8723
8729
8727
8738
8737
8739
8744
8747
8753
8751
8762
8763
8768
8771
8774
8783
8786
8789
8792
8801
8804
8813
8816
8819
8822
8831
8834
8843
8846
8849
8852
8861
8864
8867
8873
8879
8885
8894
8900
8903
8909
8918
8924
8930
8936
8942
8948
8951
8957
8966
8972
8978
8984
8987
8993
8999
9005
9011
9017
9023
9029
9038
9044
9050
9056
9059
9065
9074
9080
9086
9092
9095
9101
9107
9106
9108
9113
9114
9122
9128
9126
9134
9140
9143
9149
9160
9167
9170
9176
9179
9185
9188
9194
9200
9206
9212
9218
9224
9233
9239
9248
9254
9240
9252
9240
9257
9263
9269
9267
9275
9273
9276
9281
9267
9280
9284
9282
9290
9296
9282
9305
9308
9311
9314
9320
9329
9335
9338
9336
9341
9344
9353
9359
9362
9365
9368
9366
9374
9377
9380
9389
9395
9398
9401
9407
9413
9419
9425
9431
9437
9435
9443
9441
9449
9447
9451
9453
9455
9461
9459
9463
9465
9467
9464
9477
9476
9482
9481
9488
9487
9489
9494
9497
9503
9509
9515
9532
9547
9569
9568
9575
9581
9587
9593
9599
9602
9605
9603
9608
9606
9600
9614
9617
9623
9626
9629
9627
9624
9632
9630
9638
9644
9650
9656
9662
9664
9669
9679
9681
9694
9716
9722
9728
9734
9737
9743
9741
9749
9753
9755
9765
9764
9763
9767
9770
9759
9769
9770
9775
9776
9775
9777
9775
9776
9782
9771
9781
9782
9788
9787
9789
9794
9783
9793
9800
9806
9812
9818
9824
9830
9833
9836
9839
9842
9851
9852
9857
9860
9863
9866
9869
9872
9878
9881
9887
9893
9899
9905
9911
9917
9923
9929
9935
9944
9950
9939
9953
9959
9968
9967
9969
9968
9971
9969
9968
9967
9977
9963
9965
9976
9977
9980
9979
9981
9980
9983
9989
9987
9986
10007
10009
10011
10022
10021
10028
10034
10033
10046
10052
10058
10061
10067
10070
10082
10088
10094
10095
10100
10103
10109
10118
10124
10130
10136
10125
10135
10142
10148
10154
10153
10155
10160
10149
10169
10172
10178
10184
10190
10196
10202
10208
10214
10220
10226
10232
10238
10244
10250
10256
10262
10268
10274
10280
10286
10292
10298
10304
10310
10316
10319
10322
10325
10331
10337
10343
10346
10347
10352
10351
10353
10355
10353
10352
10351
10364
10363
10365
10364
10367
10373
10371
10376
10382
10388
10394
10400
10403
10401
10409
10407
10411
10418
10424
10413
10423
10427
10433
10439
10445
10451
10449
10457
10455
10466
10472
10470
10475
10474
10476
10481
10480
10482
10484
10482
10481
10480
10486
10493
10492
10494
10493
10496
10502
10500
10505
10503
10507
10511
10509
10513
10514
10520
10519
10523
10526
10532
10531
10533
10532
10538
10527
10537
10544
10550
10559
10562
10565
10564
10566
10568
10574
10572
10571
10570
10581
10584
10586
10592
10598
10602
10605
10607
10605
10610
10616
10622
10626
10628
10631
10632
10638
10640
10650
10652
10662
10664
10675
10677
10687
10689
10694
10698
10700
10698
10703
10704
10715
10721
10727
10733
10739
10737
10745
10743
10751
10750
10752
10751
10757
10746
10760
10758
10766
10764
10775
10781
10770
10780
10784
10790
10796
10799
10805
10803
10811
10810
10812
10817
10823
10829
10838
10841
10845
10850
10852
10871
10870
10877
10883
10889
10892
10895
10894
10896
10901
10902
10907
10906
10913
10925
10923
10928
10931
10946
10947
10952
10951
10953
10955
10967
10966
10968
10970
10976
10974
10979
10980
10985
10988
10986
10985
11000
10998
11003
11012
11015
11024
11025
11024
11027
11025
11024
11029
11033
11031
11040
11042
11048
11047
11049
11054
11053
11055
11057
11062
11064
11078
11080
11093
11091
11096
11099
11097
11105
11138
11144
11147
11150
11149
11151
11162
11163
11168
11157
11167
11171
11169
11177
11186
11192
11181
11191
11192
11195
11193
11201
11207
11206
11213
11219
11221
11223
11229
11234
11236
11246
11252
11258
11264
11262
11270
11268
11276
11279
11285
11291
11297
11306
11312
11318
11316
11324
11327
11333
11332
11334
11339
11338
11340
11345
11354
11360
11363
11369
11370
11375
11381
11390
11396
11402
11408
11411
11417
11423
11429
11438
11444
11447
11453
11459
11465
11474
11486
11492
11495
11501
11507
11513
11522
11521
11528
11534
11540
11735
11741
11747
11753
11762
11768
11767
11774
11780
11783
11789
11795
11810
11816
11822
11828
11831
11837
11846
11852
11858
11864
11867
11873
11879
11885
11894
11900
11899
11906
11912
11910
11915
11921
11930
11928
11936
11942
11948
11946
11951
11950
11952
11957
11963
11969
11978
11984
11990
11996
11999
11998
12000
12005
12011
12017
12018
12026
12032
12031
12033
12038
12040
12047
12056
12059
12068
12071
12072
12075
12077
12083
12092
12094
12096
12101
12107
12113
12122
12121
12123
12128
12131
12137
12135
12146
12145
12147
12152
12155
12153
12161
12159
12170
12168
12173
12182
12188
12215
12214
12221
12222
12230
12233
12232
12234
12237
12244
12250
12257
12262
12266
12264
12273
12275
12272
12273
12279
12281
12279
12290
12289
12291
12290
12293
12295
12299
12298
12300
12305
12314
12317
12316
12318
12326
12332
12330
12341
12342
12344
12350
12348
12347
12359
12360
12368
12366
12377
12375
12374
12392
12393
12401
12404
12407
12416
12419
12428
12431
12437
12443
12452
12458
12461
12467
12465
12473
12471
12479
12482
12485
12491
12497
12513
12518
12520
12527
12536
12539
12548
12551
12560
12563
12566
12578
12584
12587
12593
12591
12599
12608
12614
12613
12620
12609
12626
12629
12635
12641
12640
12647
12645
12650
12659
12665
12664
12666
12671
12660
12670
12677
12680
12686
12684
12692
12690
12701
12700
12702
12707
12696
12706
12707
12713
12712
12719
12725
12731
12732
12735
12737
12740
12744
12747
12749
12752
12757
12759
12764
12769
12776
12783
12785
12783
12795
12797
12795
12807
12809
12807
12816
12819
12821
12819
12824
12830
12836
12842
12851
12854
12857
12864
12866
12869
12870
12878
12884
12891
12893
12891
12896
12908
12906
12905
12904
12914
12900
12902
12913
12914
12923
12926
12929
12935
12941
12939
12943
12947
12945
12953
12959
12962
12968
12967
12969
12968
12971
12974
12963
12973
12974
12977
12975
12983
12984
12989
12988
12992
13001
13004
13002
13010
13009
13011
13010
13013
13015
13025
13028
13034
13033
13040
13029
13046
13045
13047
13046
13052
13041
13058
13064
13070
13076
13079
13085
13083
13094
13093
13095
13094
13100
13089
13103
13109
13115
13121
13127
13125
13133
13136
13137
13142
13141
13145
13154
13157
13166
13169
13167
13175
13173
13178
13184
13167
13169
13183
13167
13190
13196
13199
13202
13208
13211
13217
13223
13229
13235
13241
13247
13253
13259
13265
13271
13277
13283
13289
13298
13301
13307
13316
13319
13325
13331
13334
13337
13340
13343
13352
13355
13361
13367
13373
13379
13385
13391
13397
13409
13412
13415
13413
13421
13419
13427
13433
13442
13448
13446
13451
13460
13463
13472
13478
13484
13490
13496
13495
13502
13505
13511
13520
13526
13532
13530
13538
13537
13544
13550
13553
13562
13565
13571
13580
13583
13592
13596
13598
13596
13610
13616
13619
13622
13640
13646
13652
13658
13661
13667
13665
13673
13679
13665
13685
13688
13693
13695
13700
13718
13721
13733
13731
13730
13729
13739
13738
13740
13739
13742
13748
13746
13745
13744
13754
13755
13757
13763
13769
13772
13778
13776
13787
13793
13814
13817
13823
13829
13835
13841
13847
13853
13859
13865
13868
13871
13874
13877
13883
13886
13892
13890
13898
13901
13907
13910
13916
13919
13925
13928
13934
13940
13946
13952
13950
13958
13956
13962
13964
13970
13968
13972
13974
13976
13982
13980
13984
13985
13986
13991
13990
13997
14003
14009
13998
14008
14012
14018
14024
14030
14053
14059
14066
14074
14078
14084
14090
14089
14096
14102
14101
14108
14111
14109
14114
14112
14120
14123
14129
14106
14135
14138
14141
14139
14136
14144
14142
14150
14153
14156
14162
14168
14174
14191
14206
14228
14234
14240
14246
14255
14253
14261
14265
14267
14273
14277
14276
14275
14279
14282
14281
14283
14282
14287
14288
14289
14287
14288
14294
14293
14295
14294
14300
14299
14301
14306
14305
14307
14312
14318
14324
14330
14336
14342
14348
14354
14360
14363
14366
14372
14373
14378
14381
14384
14387
14390
14399
14402
14411
14414
14412
14420
14423
14429
14432
14438
14447
14453
14459
14460
14462
14460
14465
14466
14468
14466
14470
14474
14475
14472
14483
14489
14498
14496
14499
14496
14504
14507
14513
14522
14528
14534
14540
14546
14552
14555
14561
14567
14570
14568
14576
14575
14577
14579
14577
14585
14568
14571
14583
14571
14584
14588
14597
14600
14603
14606
14614
14627
14633
14636
14642
14648
14654
14653
14655
14663
14661
14669
14667
14675
14681
14684
14690
14696
14702
14711
14717
14720
14726
14732
14738
14747
14753
14759
14765
14771
14777
14783
14789
14792
14798
14804
14810
14819
14825
14828
14834
14840
14846
14852
14858
14867
14873
14876
14882
14891
14897
14903
14909
14918
14921
14924
14927
14930
14933
14936
14939
14948
14951
14966
14969
14978
14981
14984
14987
14990
14993
14996
14999
15011
15017
15015
15020
15019
15021
15026
15035
15041
15039
15044
15045
15050
15056
15059
15068
15074
15080
15083
15089
15095
15098
15101
15113
15122
15120
15128
15127
15129
15131
15129
15137
15120
15140
15149
15155
15158
15170
15173
15188
15191
15200
15203
15212
15215
15242
15245
15248
15251
15260
15266
15272
15275
15287
15293
15305
15311
15317
15320
15323
15332
15338
15344
15350
15359
15365
15371
15374
15383
15389
15395
15401
15407
15413
15416
15419
15425
15431
15437
15440
15449
15452
15458
15464
15470
15473
15476
15482
15488
15494
15505
15512
15518
15524
15530
15533
15531
15539
15542
15545
15551
15554
15566
15572
15578
15581
15579
15587
15585
15593
15594
15599
15602
15611
15614
15620
15623
15629
15632
15638
15644
15653
15659
15665
15668
15666
15674
15677
15680
15686
15698
15704
15710
15716
15719
15725
15726
15728
15737
15735
15734
15733
15743
15744
15746
15749
15747
15755
15754
15756
15758
15761
15760
15764
15767
15765
15764
15773
15774
15782
15780
15788
15789
15791
15794
15809
15812
15810
15809
15818
15821
15819
15827
15833
15839
15845
15851
15857
15860
15866
15872
15878
15883
15885
15890
15896
15894
15902
15911
15914
15912
15920
15929
7980
7981
15930
15932
15935
15924
15934
15938
15941
15944
15947
15953
15959
15962
15968
15974
15977
12163
15975
15979
15981
15983
15985
12137
15987
15986
15989
15986
15992
15991
15993
15995
15993
12139
15992
15991
15993
15991
15997
16001
16007
16010
16016
16022
16028
16037
16043
16049
16055
16058
16056
16064
16062
16073
16074
16079
16068
16082
16088
16097
16103
16106
16112
16118
16124
16133
16139
16141
16143
16142
16148
16147
16149
16151
16149
16154
16153
16155
16154
16157
11173
16155
16159
16161
16160
16163
16166
7747
16164
16168
16172
6560
6559
16170
16169
16181
6564
16182
16187
16176
16191
16193
16199
16202
16200
16208
7438
16206
16210
16217
16223
16226
16232
16238
16244
16250
16256
16262
16268
16277
16280
16289
16295
16298
16301
8140
16310
7579
7580
7581
16308
16310
16312
7577
16316
6977
16314
16313
16321
16323
16325
16322
8154
16327
16328
16329
16331
8158
16329
16337
16336
7583
7580
7581
16338
16337
16336
7579
16340
16343
7419
16332
16334
7586
16343
16349
16355
16358
16364
16370
16379
16385
16391
16394
16400
16406
16409
16412
16418
16424
16436
16439
16445
16451
16454
16457
16466
16472
16481
16487
16493
16499
16511
16514
16520
16529
16528
7631
16530
16535
16524
16534
16538
8406
16541
8401
16539
16545
16553
16559
16562
16568
16577
16583
16586
16592
16598
16604
16613
16619
16625
16631
16634
16640
16646
16652
16661
16667
16670
16676
16685
16691
16697
16703
16706
16709
16715
16718
16724
16736
16742
16748
16757
16763
16769
16775
16778
16784
16793
16799
16805
16811
16820
16823
16829
16835
16841
16844
16847
8002
16850
16853
16851
16850
16856
16857
16862
7022
16860
8128
16868
7427
16866
16874
16875
16880
16889
16895
16901
16907
16913
7674
7675
16914
16919
6978
16908
16921
16925
16931
16933
16940
16943
16952
16955
16958
16964
16970
16976
16982
16988
16992
16997
16998
17000
7349
17009
17015
17018
7046
17016
17022
17024
17027
17033
17039
17042
17048
17054
17060
17072
17075
17078
17081
17090
17096
17105
17111
17117
17123
17126
17129
17135
17138
17144
17150
17156
17162
17168
17177
17183
17189
17195
17198
17204
17210
17216
17228
17231
17237
17243
17252
17255
17264
17267
17273
17279
17282
17288
17297
17303
17312
17315
17324
17327
17333
8405
17339
17342
17348
17357
17363
17366
17372
17381
17387
17396
17399
17408
17411
17414
17423
17429
17435
17441
17447
17453
17459
17462
17468
17471
17477
17489
8125
17498
17497
17501
17510
17516
17522
7682
7681
17520
17526
17528
17526
17530
17537
17538
17543
17532
17546
17544
17552
17550
17561
17562
17567
7023
17556
17573
17574
17579
17568
17582
17580
17588
17586
17590
17597
17603
17606
17612
17621
17627
17636
17642
17651
17654
17657
17669
17672
17678
17693
17696
17705
17711
17732
17735
17738
17747
17753
17762
17771
17774
17780
17789
17792
17810
17816
17822
17831
17837
17843
17849
17855
17858
17864
17867
17870
17876
17882
17885
17894
17903
17909
17912
17915
17921
17927
17930
17936
17945
17951
17954
17960
17966
17972
17978
17981
17993
17999
18005
18011
18017
18023
18026
18032
18038
18044
18050
18053
18062
18068
18077
18083
18086
18092
18101
18107
18110
18113
18125
18131
18140
18143
18152
18155
18161
18167
18170
18176
18182
18188
18194
18200
18209
18215
18221
18227
18233
18239
18242
18248
4354
18246
18250
18254
18257
18266
18272
18278
18281
18293
18294
18296
18299
18288
18298
4328
18299
18308
18311
18320
18323
18332
18335
18338
18336
18344
4402
4403
18342
18346
4400
18347
18350
18356
18365
18371
18377
18383
18386
7627
18384
18392
6584
18390
18401
18407
18410
18416
18425
18428
18437
18438
18443
6552
18447
18451
18452
18455
18458
18457
18476
18482
18485
18494
18500
18509
18515
18518
18524
18533
18539
18542
18548
18557
18563
18569
18575
18578
18584
18593
18596
18605
18603
18611
18609
18614
18615
18620
18619
18621
18626
18638
18641
18647
18653
18667
18668
18667
18671
9286
18669
18667
18674
5810
18672
18678
18686
18692
18701
18707
18710
6442
18716
18734
18740
18749
18755
18761
18763
18767
9427
18765
18769
18773
9457
9458
18771
18773
18775
18777
18779
9439
18776
18777
18781
9449
18785
9469
9470
18783
18782
18785
18787
9467
18789
18791
9451
9452
9455
18788
9451
18789
18775
18791
18793
9461
18794
18793
9461
18795
9461
18793
18801
18800
18799
9479
18803
9467
9464
18800
18806
18812
18813
18818
18833
18839
18845
18851
18854
18860
18866
18872
18881
18887
18893
18899
9560
18897
18905
18904
18911
18900
18917
18923
18935
18938
6154
18947
18953
18959
18962
18968
18974
18980
18986
18992
18996
18998
18996
6160
19000
19004
6473
19002
19001
19004
19013
19012
19014
19019
6102
6103
19008
19010
19020
9604
19022
19025
6090
19028
6122
19026
19025
6091
6122
6121
19029
19031
19032
19033
19037
6114
6115
6121
19038
19040
6110
19038
6114
6121
19043
19034
19044
9601
19046
6468
19049
6474
19050
19052
19050
6098
6097
6091
19025
6114
6121
19049
6475
6472
19050
6098
19049
6475
19050
19053
19055
6468
19056
19057
19061
6081
6082
19062
19061
19064
5957
5956
19059
19062
5957
19061
19067
5954
19068
19070
19073
6069
19074
19076
6056
19074
19076
6055
19073
19076
19080
19081
9625
19085
6057
6058
19086
19088
6080
6079
6081
19062
19083
19086
6057
6055
6058
6080
6055
19076
19091
19058
5954
19082
19079
19094
6068
6067
19092
19098
19100
6052
19098
6052
19102
6050
19103
19104
19109
5958
5959
5956
19110
19109
19112
19115
19104
19114
19121
19127
19133
19139
19145
19151
19154
19160
19166
19175
19174
19178
19184
19190
19196
19208
19211
19214
19212
19220
6244
19222
19225
19227
19232
19231
19235
9640
19233
19238
9666
19239
19244
6256
19249
19251
19256
19255
19259
9652
19257
19262
19260
19268
6268
19266
19275
19280
19283
19281
19289
19295
19301
19313
19319
19322
19325
19334
19343
19346
19352
19358
19364
19370
19376
19381
19391
19394
19400
19409
19407
19415
19418
19421
19429
9764
9767
19431
19430
19433
9751
9764
19429
19430
9752
19435
19439
9769
19437
9769
19442
19445
19453
19454
9779
9777
19455
19453
19454
9779
19457
19453
19455
19460
19459
9761
19461
19460
19463
19472
19475
19464
19478
19477
19479
19478
19481
9775
19484
19483
9773
19485
19484
19496
19499
19502
19501
19503
19508
19515
19520
19523
19521
19526
19532
19539
19544
19547
19545
19553
19559
19568
19574
19580
19586
19589
19601
19607
19606
19613
19622
19628
19637
19643
19649
19658
19661
19670
19676
19682
19688
19697
19703
19706
6449
19704
19712
5894
5893
19710
19721
5907
19722
19727
5895
19716
19733
19739
19745
19751
19754
19760
19769
19775
19778
19784
19790
19796
19795
19797
19801
19805
9325
19803
19811
19814
19820
19826
19832
19841
19847
19850
19856
19865
19871
19874
19880
19889
19895
19899
19901
19898
19903
19904
19905
19907
9925
19910
19922
19931
19940
19943
19952
19951
19955
19958
19964
19970
19973
19985
19991
19994
19993
19995
19997
20000
20001
20000
20005
9989
20012
20015
20021
20020
5771
5769
20022
20021
20020
5768
20024
20022
20027
20016
20018
5762
20026
20027
20016
20033
20036
20045
10001
20048
9996
9997
20049
20051
20054
10008
20060
5647
20062
20064
20069
20068
5654
20070
20069
20072
20075
20066
20074
5705
20078
20079
20081
20087
20085
20084
20083
13688
20096
20102
20108
20109
20114
20120
20126
20127
20132
20131
20133
20141
20147
20150
20156
5623
20158
20165
20171
20177
20176
20178
20183
20172
20182
20185
20187
20189
20192
20195
10078
20193
20192
20198
20197
20199
20198
20201
20204
20205
20213
20212
4802
4800
20214
20213
20212
4802
20216
20219
20208
20210
4804
20218
20225
20231
10090
20229
20237
20246
20252
5563
20254
20257
20259
20261
20267
10111
20265
20264
20273
20279
20282
13593
20283
20285
20288
20289
20288
20294
20295
20300
20309
20315
20321
20319
20327
10114
20325
20330
20336
20342
20341
20343
20348
20357
20363
20369
20368
5678
20370
20369
20375
20364
20378
20381
20384
20390
20396
20405
20404
20406
20411
20400
20415
20414
20417
20420
20419
20421
20420
20423
20432
20438
20439
20444
20450
20456
20468
20480
20483
20486
20492
20501
20507
20510
20516
20525
20531
20534
20540
20549
20548
5429
20550
20549
20548
20555
20558
20564
20570
20576
20582
20588
20597
20603
20606
20612
20621
20627
20630
20636
20645
20644
20651
20654
20660
20666
20669
20672
20681
20687
20690
20696
20705
20711
20714
20720
20729
20735
20738
20744
20753
20759
20762
20768
20774
20780
20789
20795
20801
20807
20810
20819
20825
20831
20837
20843
20844
20846
5251
5252
20849
20854
20855
20858
20859
20861
20859
20858
20864
20863
10349
20865
20864
20867
20865
20869
10353
20871
20873
20870
20876
20879
10357
20877
20876
20875
13163
20880
20885
20890
20891
20880
20890
5219
5217
20895
20900
20899
20901
20903
20909
20915
20917
20918
20919
20918
20921
10381
20924
20927
10369
10370
20925
20924
20927
20924
20923
10379
20930
20935
20945
20951
20954
20960
20966
20972
20978
5071
20981
20980
20993
11030
11019
20991
20990
11029
20989
20995
11024
20997
20999
10411
10412
20996
10411
20997
20999
21005
21011
21013
21014
21013
21020
21019
21021
21020
21026
21032
21038
21041
21050
21056
21065
21071
21074
21080
21089
10453
21091
10451
21092
21095
21093
21098
5108
21096
5108
21101
21100
5117
5114
5113
5115
21102
21101
21100
5114
21080
21104
21102
21107
21113
10468
10469
21111
21110
21109
10457
21113
10468
21111
21109
10457
21113
21115
21117
21119
10459
10460
10449
21116
21117
10449
21119
21120
21128
5077
5078
5081
20980
20981
21126
21125
21128
5077
20980
20981
20982
20984
21126
21130
5075
5073
5071
20978
21131
21120
21130
5075
5073
20978
21122
20978
5073
21131
21134
21137
10486
21135
10486
21134
21133
10486
13022
21139
10482
21140
21141
21140
21143
13024
21145
21146
10478
21147
21146
21149
10405
10406
21145
21147
10407
10409
10473
10406
20989
21151
10403
10401
20997
21153
21152
21155
10480
21151
10403
10401
20997
21155
21151
21156
21160
21162
21164
5053
21161
21160
21162
21166
21167
21156
5049
21166
5051
5048
21158
21166
21171
21170
21169
12992
21173
21170
12992
12990
21169
21176
21175
21177
21179
12994
12995
12996
12998
21182
5047
5048
5051
21180
21182
5048
21166
21158
21184
5055
5053
21161
5069
21160
21188
5041
5042
21186
21185
21184
5055
21188
5041
21186
21185
21184
21190
5037
5036
21191
21180
21190
21193
21194
10494
21195
21197
10508
21195
21194
21199
10505
21200
21203
10498
10499
21201
21199
21203
10498
21201
21204
21208
21209
21210
21209
21212
5023
21214
21217
10511
10509
21195
21194
21218
21219
21217
21218
21221
10519
21224
21227
10503
21225
21224
21233
21232
5030
21234
21233
21239
21228
21230
21238
21239
21243
21242
21245
21242
21247
21248
10529
21249
21254
21260
21266
21265
10535
21272
21278
21284
21293
21296
21302
4981
4982
4983
4985
21300
21302
4981
21304
4991
4989
4988
21308
2953
21306
2953
21305
21310
2949
21311
21317
21315
21319
21320
21323
21324
21329
21335
21341
21340
4979
4977
21342
21341
21347
21336
21338
21350
10581
21351
21353
10597
21356
21357
21356
21365
10610
10609
21363
21362
21369
21371
21374
10602
21375
21377
12859
12860
12861
21381
21380
21379
12857
12855
21386
21392
4951
4952
4955
21390
21392
21394
21395
21384
21398
21401
21408
21412
21416
21414
21419
21418
21422
21425
10631
21423
21422
10631
21421
10619
21429
21431
10621
21432
21437
21443
21446
10632
10633
21447
21449
10643
21447
21453
21456
21461
21460
21462
21467
21466
21470
10644
10645
21471
21473
10655
21471
21477
21480
21485
21484
21486
21491
21494
10656
10657
21495
21497
10667
21495
21501
21500
21506
10668
10669
21507
21509
10580
21507
21513
21518
4849
4850
21516
21518
21520
4857
21524
4843
21522
21521
21526
21530
4837
21528
21530
21532
21536
3160
3161
21534
21536
21538
3156
21545
10688
21543
21551
21552
21557
21556
21558
21557
21560
21558
21557
4855
21556
4835
4833
4832
4831
21557
21556
4835
21562
21563
21554
4825
4826
4829
21566
12744
21569
10703
21567
21573
21578
10704
21579
21581
21579
10676
10704
10705
10702
10703
12744
21585
21590
21596
21602
21608
21614
4765
21612
21616
21620
21629
21632
21634
21635
21624
21626
21638
21644
21650
21656
5599
21658
21665
21664
21668
21674
21673
10748
21677
10741
21675
21674
21673
10748
10746
10757
10756
21677
10748
21679
10739
21681
21683
10750
10751
10752
10754
21680
10751
10752
21685
21689
10768
21691
21695
10735
21693
21701
21699
21698
21697
12680
12678
12677
12676
21703
10754
21704
21705
21707
12682
12683
12672
12674
21703
21707
21709
21711
21710
21713
21716
21715
12662
21717
21719
10762
21717
10763
21716
10762
21721
21725
21723
21731
21737
21736
21738
21740
4810
21743
21732
21742
4808
4806
21743
21742
21746
4789
21744
21752
3220
3221
21750
21754
3216
21761
21767
21769
21771
21776
21775
21779
10801
21777
21785
21786
21788
21786
21785
21784
4787
4785
4784
4783
21790
21791
21780
21782
4777
4778
4779
4781
21800
21806
21809
10723
21807
21806
21805
10820
10818
10817
10816
21797
21811
21813
21815
10810
10811
10812
10814
21799
21800
21801
21803
12607
12608
21818
21824
3268
21826
21833
21839
21842
21846
21848
21854
21857
21855
21854
21861
21863
10840
10841
21866
21869
21876
21881
21880
4727
4724
21882
21881
21887
21886
21890
21893
10850
21891
10850
21890
10850
21889
12527
21897
21899
12529
12530
21905
21911
21914
21926
10857
21927
21929
12541
12542
12543
12545
21933
21932
21941
21947
21950
21956
21965
21964
21971
21974
21980
21986
21987
21986
21992
21998
21997
21999
21998
22001
12451
12452
22005
22004
22003
12449
22013
22012
22019
22022
22028
22034
22037
22046
22045
22047
22049
12415
22053
22052
22058
22059
22064
10935
22065
22073
22071
22077
22079
22077
10934
22082
22085
22091
22093
22095
22100
22099
22101
22103
11107
22101
22106
22105
22109
22112
22111
22115
11089
22118
22119
22124
11037
11038
22125
22131
22133
22131
22139
11036
11035
22137
22142
22141
22145
11023
22147
22148
22147
22151
11059
22149
22154
5347
5348
22152
22156
22160
4522
22158
22162
22169
22168
22170
22175
22164
22174
22181
22180
22182
22187
22176
22186
22190
22188
22196
7810
22198
22202
5167
5168
5169
5171
22200
22202
22204
5177
22208
4546
4547
22206
22205
22208
22210
4544
22211
22217
22216
22218
22217
22220
22223
22212
22222
4472
22223
22226
11061
22227
22224
22232
4555
22230
22234
4551
22241
22240
22243
22242
22247
11081
22245
22236
22251
22250
22253
22256
11073
22257
22256
22259
11069
11068
22257
11069
11074
11069
22256
22261
22265
22268
22274
4540
22272
22274
22276
22280
4570
4571
22278
22277
22280
22282
4566
22283
22289
7779
22295
22301
22307
22306
22310
22313
22316
22317
22322
22337
22340
22343
22347
22352
22355
11111
22353
22358
22364
4481
22373
22385
22388
22400
22403
22409
22408
22410
22409
22412
4564
22415
22404
22406
22414
4562
22415
22421
22420
22422
22427
22416
22426
22430
22428
22436
4573
4574
22434
22436
22438
4580
4581
22439
22445
22446
22448
22451
22440
22450
4577
22451
22454
7816
22452
22456
22460
7762
22458
22462
7770
7769
22469
22468
3596
22475
22464
22478
22476
22484
4447
22482
22493
22499
22498
22502
22503
22505
22508
22511
22509
22508
22515
22517
22520
22519
22523
12071
22521
22520
22529
22528
22530
22535
22524
22541
22539
22538
22544
22547
22545
22550
22548
22556
4411
4412
22554
22558
22562
22568
5092
22573
22575
22577
22580
22583
11242
22581
22580
22589
22591
22595
11260
22593
22597
22601
22607
22610
4396
22608
22612
22616
4270
22614
22618
22622
22628
22637
22643
22646
22652
22661
22667
22673
22679
22685
22691
22693
22697
9082
22695
22703
11320
22701
22706
22708
22712
22710
22721
22724
22730
22736
22742
22741
22743
22748
22747
22757
22756
4322
22758
22757
22763
22752
22762
22772
22775
22781
22787
22793
22796
22802
22808
22814
22820
22829
22828
22830
22835
22824
22834
22841
22847
22849
22851
22856
22855
22859
11383
22857
22865
22871
22874
22880
4138
22878
22886
22892
22901
22907
22910
22916
22925
22931
22937
22943
22949
22955
22958
22964
22970
22976
22979
22982
22988
22994
22997
23000
23009
23015
23024
23027
23033
23039
23048
23051
23054
23060
23059
23066
23069
23075
23078
23076
23084
4147
23082
23086
23093
23099
23105
23104
23106
23111
23100
23113
23115
23120
23123
23121
23129
23135
23138
23144
23150
23156
23162
23168
23177
23183
23186
23189
23187
23193
23198
23201
23207
23213
23225
23228
23231
23234
23240
23252
23258
23276
23282
23285
23297
23309
23318
23324
23327
23333
23339
23342
23363
23366
23372
23378
23381
23387
23396
23408
23420
23423
23429
23447
23453
23465
23471
23474
23477
23480
23492
23498
23504
23507
23511
23516
23517
23519
23517
23522
23528
23537
23543
23549
23555
23561
23567
23570
23576
23582
23585
23583
23587
23589
23594
23592
23600
3895
23598
23602
23606
23612
23621
23620
23622
23627
23616
23630
23636
23639
23645
11908
23651
23654
23657
23666
23672
23678
23681
23690
23696
23705
23708
23711
23717
23723
23726
23729
23735
23741
23747
23750
23756
23762
23768
23774
23780
23789
23795
23798
23804
23813
23819
23825
23824
23826
23831
23834
23840
23846
23845
23849
11881
23847
23853
23858
23864
23870
3886
23868
23872
23876
3748
23874
23878
23885
23887
23891
23897
23903
23909
23912
23918
23924
23930
23933
23942
3754
23940
23944
23948
3712
3713
23946
23948
23950
3710
23957
14665
23959
23963
11926
23961
23969
23975
23977
23981
23984
23993
23994
23999
24002
24001
24003
24008
24007
24009
24014
24020
24026
24032
24038
24044
24053
24059
24062
24068
24077
24083
24089
24088
24090
24095
24084
24094
24098
24104
24110
24109
24111
24116
24122
24121
24123
24125
24129
24128
24137
24136
24143
24149
24148
3635
24150
24151
24150
24155
24144
24158
24161
24159
24164
24165
24167
24170
24168
24176
3607
24174
24182
24185
24188
24191
24197
24200
24208
24209
24212
24218
12072
24219
24221
12109
24219
24223
24225
24224
24230
24234
24239
24242
24243
24245
24251
24249
24248
24254
24263
24266
2824
24272
24281
24280
24282
24287
24276
24290
24288
24296
3595
24298
3593
24305
24304
24306
24311
24300
24310
24314
7918
7919
24312
24314
24316
7926
24320
24318
24317
24329
24328
7922
7919
24330
24329
24335
24324
24326
24338
3442
24336
24340
3452
24344
7912
24342
24346
24350
3457
3458
24348
24350
24352
3455
24356
3553
24354
24353
24356
24358
24359
24362
24365
24373
24377
24380
24392
24401
7875
24407
24410
12204
24411
24413
24411
24417
24422
24425
24428
24443
24449
24447
24452
24455
24458
7936
24460
24464
24470
24476
3494
24485
24484
3461
3458
24486
24485
24488
24491
24480
24482
3455
24490
24491
24497
24500
24506
12252
24507
24509
12242
12241
24507
24506
12242
12253
12241
24513
24512
24515
24512
24518
12243
24519
24516
24524
3472
24522
24526
24533
24532
24535
24534
24539
12251
24537
24528
24542
3559
3560
24540
24542
24544
3557
24548
2761
24546
24545
24548
24550
24557
24556
3485
24558
24557
24560
24563
24552
24554
24562
2753
2751
2750
24563
24569
24568
24575
24564
24578
7906
24576
24580
24584
2719
24582
24586
24590
3535
24588
24592
24596
2581
24594
24605
24604
24606
24611
24600
24610
2573
24614
24613
24617
12295
24615
24620
24619
24623
12271
24626
12276
12277
24627
24632
24633
24639
24641
12284
12283
24639
12284
12283
12277
24645
24647
24645
24650
24649
24653
12166
24656
24659
12226
24662
24661
24663
24665
24663
12178
24662
24669
24674
24680
24683
24686
12378
24687
24692
24693
24701
12386
24699
24707
24705
24709
24711
24713
24716
24719
12439
24717
24716
24715
24722
24724
24725
24728
24726
24731
24740
24743
24749
24752
24761
24767
24770
24776
3394
24778
24781
24783
24785
12445
12446
24788
24791
12475
24789
24788
24787
12443
24791
24794
24802
24803
24809
24811
24813
24815
24818
24816
24821
24824
24826
24827
24816
24833
24839
24842
24848
3358
24850
24857
24863
24866
24868
24872
24879
24881
24884
24887
12506
24885
24884
24883
12543
12545
24899
24902
24908
24915
24914
24913
12533
24920
12513
24921
12513
24923
12535
12536
24924
24926
3310
24928
24932
3304
3305
24930
24932
24934
24941
24944
24950
24952
3308
24953
24956
24958
4718
4717
24959
24965
24968
24980
24983
24986
24989
24992
24995
24999
24998
24997
12563
25004
25005
25007
25014
25013
25019
25022
25025
25023
25029
25034
25040
25049
25048
25055
25057
25059
25058
25057
12593
12591
12590
12589
25064
25063
25065
25067
12595
12596
12585
12587
25073
25071
25070
25069
12599
25075
25076
25082
25080
25084
25085
25086
25088
3232
3233
3234
3236
25091
25090
3230
3228
3227
3226
25094
25092
25096
25097
25098
25100
25098
25102
25103
25092
25106
25112
25121
25120
3224
25122
25127
25116
25126
25142
3187
3188
25140
25142
3187
25144
3185
25148
2323
25146
25145
25144
25150
25154
25160
25161
25165
25166
25169
25178
25177
25179
25184
25183
25189
12686
25191
25190
25189
12686
12684
12695
12694
25169
25167
25165
12674
25166
12672
25193
12686
12684
12695
25169
25165
25196
25195
25197
25196
25199
12688
12689
12690
12692
25171
25172
25173
25175
12676
12677
12678
25197
25205
25208
2341
25217
25216
25223
25226
25235
25241
25243
25247
25252
25253
25254
25256
25254
25262
25260
25264
25265
25268
25271
25277
25283
25272
25282
25289
25295
25301
25307
25311
25316
12768
25319
12740
25317
12740
12739
25323
25328
12732
12733
25331
12752
25329
12732
12752
25332
25334
25336
25337
3126
25338
25337
25340
3148
3149
3150
3152
25338
3149
25343
25342
3146
3143
3142
25344
25346
25348
25349
3150
25350
25349
25352
4833
25350
25349
25354
25355
25359
25358
25361
25358
25364
25365
25367
10689
12764
25365
25370
25372
25376
12756
25377
25385
25384
3164
25386
25385
25391
25380
25390
25391
25397
25396
25398
25400
25403
25392
25402
3122
25403
25407
25412
12888
25413
25415
12788
25413
12788
12787
25412
25419
25421
25424
12780
25425
25427
12800
25425
12800
12799
25424
25428
25430
25436
3052
25434
25438
25443
25448
12792
25449
25451
12812
25449
12812
12811
25448
25452
25454
3046
25456
25460
3040
25458
25467
25472
12804
25475
12824
12823
25473
25472
25476
25478
25484
25491
25490
25489
25496
12816
25497
12816
25499
12838
12839
25500
25502
3022
25505
25506
25510
25520
25523
25526
25529
25528
3020
3018
3016
25530
25529
25535
25524
25551
25553
12853
12854
12855
25556
25555
12863
25559
12869
25557
25556
25555
12863
12861
25562
25563
25562
25568
12870
12871
25569
25571
25575
25577
25583
12896
25581
25580
25579
25586
25584
25588
25592
2971
2972
2973
25590
25592
25594
25595
25596
25598
25604
25610
25609
25613
10576
25611
25615
10574
25617
25616
25619
25622
25625
25627
25628
25629
25636
25637
25636
25638
25636
25640
25643
25632
25634
25642
2939
2937
2936
25643
25642
25649
25652
25661
25667
25669
25673
25679
12949
12950
25685
25691
25697
12944
25695
25699
12941
25701
25700
25703
25706
2911
25704
25706
25708
25712
2905
2906
25710
25712
25714
2901
25715
25717
12971
25718
12969
25719
25721
25723
25725
25727
12973
25724
25723
25728
25732
25734
25733
25736
25732
25733
25738
2882
25742
25741
12986
25743
25742
25741
25745
12967
25743
25742
25741
25745
25747
25748
12965
12963
25749
25748
25751
25749
25748
12965
25757
25756
2894
25758
25757
25756
25760
25758
25763
25752
25754
2881
25762
2873
2871
2870
25763
25752
25762
2873
25766
25769
12979
25767
25766
25765
12996
12998
25771
12977
12975
25748
25773
25772
25775
13000
13001
12990
25776
25778
2870
2871
25776
2869
25780
2877
2876
25781
25780
2875
25760
25782
25780
2875
25760
25784
2863
2864
25782
25780
25786
25787
2871
25790
25799
25801
25803
25802
13011
25805
13093
13094
25802
13011
25805
25808
25807
13091
25809
25808
25811
13015
13016
13005
25809
13016
13005
25808
25807
13091
13089
13100
25809
25815
25814
25817
25814
25813
25819
25820
25819
25821
25819
25823
13018
13019
13020
25821
13019
13020
25824
25826
2846
2847
25824
25826
25829
25828
2855
2852
2851
25830
25829
25828
2852
2851
25832
25830
25835
25839
25844
25843
10464
25845
25847
25845
13036
13035
25850
25849
13049
13047
25851
25850
25849
25853
25851
25856
25855
13031
25857
25856
25855
25859
13051
13052
25857
13051
13052
25856
25862
25868
2815
2816
2817
2819
25866
25865
25868
2815
2819
25866
25870
2811
2810
25871
2811
25860
2811
25862
2811
25874
25875
25877
25875
25880
25879
25888
25889
2819
25895
25898
25904
25913
25919
25921
25928
25931
25937
25943
25945
25949
13081
25947
25949
25955
12262
25958
25964
25969
25970
13097
13095
13093
25969
25971
25969
25970
13097
25973
25971
25969
25975
25976
12302
12297
25977
25979
13099
25975
25988
2851
25986
25985
25990
2847
25991
25990
25997
26003
26009
26015
26018
26024
26039
26042
26041
13139
26043
26042
26045
26043
13117
13118
26049
26051
26048
26047
26054
26060
26066
26069
13129
26067
26066
26071
13127
26073
26076
26078
2701
2702
2703
26076
26084
26086
26090
26099
26102
26101
26103
26105
13159
13160
26109
26108
26111
26117
26120
26126
26129
13171
13172
26127
26126
26129
26126
26131
26132
26133
26135
26136
26144
26146
26147
26146
2669
26138
26150
26156
26162
26168
26174
26183
26186
26192
26198
26204
26213
26219
26225
26231
26234
26240
26249
26255
26258
26264
26273
26279
26282
26288
26297
26303
26306
26312
26321
26324
26327
26333
26339
26342
26348
2563
26357
26363
26366
26372
26378
26387
26393
26399
26405
26408
26414
26420
26429
26435
26453
26459
26465
26468
26477
26483
26486
26488
26492
2503
2504
26490
26492
2503
26501
26507
26510
26516
26525
26531
26534
26540
26549
26555
26558
26561
26573
26585
26591
26597
26599
26603
26601
26609
26621
13417
26619
26618
26621
26623
26625
26627
26624
26630
26628
26636
2425
26634
26638
26645
26651
26657
26660
26663
26666
26664
26668
26672
2215
2216
26670
26672
26674
26678
26684
26693
26695
13733
26699
13444
26697
26702
26711
26717
26723
26726
26725
26727
26732
26733
26738
26740
26744
26750
26759
26765
26767
26771
26769
26775
26777
26783
13601
26781
26780
26786
26788
26792
26798
26797
26799
26801
26804
26805
26804
26813
26812
26819
26822
26831
26840
26846
26845
26847
26852
26858
2281
26856
26860
26864
3181
3182
3183
26862
26861
26864
3181
3182
26866
3179
3177
26867
26866
26870
26879
26885
26883
26887
26891
13528
26889
26888
26891
26894
26893
26895
26897
26901
26900
26906
2257
26904
26908
26912
2275
26910
26914
26918
26924
26933
26932
26939
26942
26951
26954
26960
26965
26969
12622
26967
26975
26973
26978
26987
26993
26999
27013
27017
27015
27023
27029
27038
27047
27050
27052
27053
27054
27056
27054
27058
27059
5708
20072
27048
2194
27059
27062
27063
27065
13684
13685
27068
27071
27069
27068
27074
27077
27080
27083
27084
27086
2188
2189
27088
2194
2196
27048
27090
27092
2251
27089
27059
27090
2252
27094
27095
27101
27100
27107
13694
27110
27113
13706
13705
27111
27110
27116
13710
27125
27128
27132
27146
2221
27144
27146
27148
2219
27152
2134
2135
2136
27150
27149
27152
2134
2138
27150
27154
2132
2129
2130
27155
27144
27154
27158
27161
27169
13748
27171
27173
27179
13750
27177
27176
27182
27188
27200
27203
27209
27215
27218
27221
13774
27230
27233
27242
27251
27263
27266
27270
27275
27278
27281
27279
27278
27277
27283
27284
27285
27284
27287
27290
27296
27305
27311
27314
27320
27329
27335
27338
27344
27353
27359
27365
27371
27374
27380
27379
27381
27385
27389
14404
27387
27395
27401
27407
27410
27416
27425
27431
27434
27440
27446
27452
27458
2003
27456
27462
27464
27462
1991
27473
1995
1996
27474
27479
1449
27468
27482
27488
27497
27503
27509
27515
27524
27527
27536
27542
27548
27557
27563
27572
27578
1459
27584
27596
27599
27605
27611
27617
27626
27632
27638
27641
27639
27645
27653
27659
27662
27665
27663
27669
27677
27679
27683
13948
27681
27686
27689
27697
27701
13966
13967
27699
27701
27703
27705
27707
13960
27704
27705
27710
27708
27713
27721
13970
27725
13978
13979
27723
27722
27725
27727
13976
27729
27731
13972
13973
13964
27728
13972
27729
27703
27731
27740
27743
27745
13982
27746
27745
27747
27745
27753
27752
27751
13988
27755
13976
13985
27752
27764
27767
27770
27776
27777
27785
27791
27794
27809
27815
27821
27827
27833
27839
27842
27851
27860
27863
27866
27872
27884
27890
27896
27902
27905
27903
27909
27917
27916
27918
27923
27912
27926
27925
27929
14176
27927
27931
27933
27941
27940
27947
14072
27945
27950
27949
27951
27953
27951
14164
27957
27965
27964
27971
27960
27974
27977
27989
27995
28001
28007
28010
1873
28019
28025
28031
28034
28040
28046
28052
28058
28064
28068
28070
28068
1879
28072
28076
1940
28074
28073
28076
28085
28084
28086
28091
1821
1822
28080
28082
28092
14110
28094
28097
1809
28100
1841
28098
28097
1810
1841
1840
28101
28103
28104
28105
28109
1833
1834
1840
28110
28112
1829
28110
1833
1840
28115
28106
28116
14107
28118
1935
28121
1941
28122
28124
28122
1817
1816
1810
28097
1833
1840
28121
1942
1939
28122
1817
28121
1942
28122
28125
28127
1935
28128
28129
28133
1800
1801
28134
28133
28136
1424
1423
28131
28134
1424
28133
28139
1421
28140
28142
28145
1788
28146
28148
1775
28146
28148
1774
28145
28148
28152
28153
14137
28157
1776
1777
28158
28160
1799
1798
1800
28134
28155
28158
1776
1774
1777
1799
1774
28148
28163
28130
1421
28154
28151
28166
1787
1786
28164
28170
28172
1771
28170
1771
28174
1769
28175
28176
28181
1425
1426
1423
28182
28181
28184
28187
28176
28186
28193
28199
28205
28211
28217
28223
28226
28232
28238
28247
28246
28250
28262
28268
28274
28272
28280
1657
28282
28286
14178
28287
28292
28298
28304
28313
28319
28325
28331
28334
28340
28346
28352
28357
28367
28373
28371
28379
28381
14276
14279
28383
28382
28385
14263
14276
28381
28382
14264
28387
28391
14281
14282
28389
14282
14281
28393
28394
14291
14287
28395
28393
28394
14291
28397
28393
28395
28400
28399
14285
28401
28400
28403
28406
28405
28407
28406
28409
14289
28412
28411
14297
28413
28412
28418
28417
28419
28424
28430
28436
28445
28451
28469
28475
28474
28478
28484
28493
28499
28506
28511
2079
28500
28514
28513
28517
14470
28515
14470
28519
28532
28538
28544
28547
28559
28565
14509
28563
28571
28569
28574
28575
28580
28581
28589
28592
28601
28607
28610
28616
28622
28628
28637
28643
28646
28652
28661
28667
28670
28676
28685
28691
28700
28703
28709
28717
28727
14581
28728
28730
28732
28734
28733
28736
28738
28739
28742
28745
28749
28757
28760
28766
7979
28772
28770
28781
28784
28793
28799
28802
28808
28817
1314
28818
28823
28812
28822
28826
28828
28832
28838
28844
28853
28859
28865
28864
3644
28866
28871
28860
28862
28874
28877
28886
28889
28898
28901
28910
3718
3719
28908
28910
28912
3716
28916
28914
28913
28928
28931
28937
28943
28952
28955
28961
28960
28962
28967
28970
28976
28982
28988
28994
29000
29009
29015
29021
29027
29033
29039
29042
29048
29054
29057
29066
29069
29078
29084
29096
29099
29102
29108
29117
29123
29126
29132
29141
29147
29156
29159
29165
29171
29177
29183
29186
29192
29198
29204
29210
29216
29228
29231
29237
29243
29249
29255
29258
29264
29273
29279
29282
29288
29294
29297
29300
29306
29315
29324
29327
29333
29339
29342
29345
29351
29354
29360
29366
29372
29378
29387
29393
29399
29417
29420
29429
29435
29438
29447
29456
29462
29471
29474
29477
29498
29504
29513
29516
29531
29537
29540
29552
29555
29558
29567
29573
29582
29588
29597
29603
29606
29612
29621
29622
29627
29616
29630
29628
29636
29634
29642
875
29640
29646
29648
29646
29657
29658
29663
29652
29666
29664
29672
29670
29674
29681
29682
29687
54
55
29676
29693
29699
29708
29711
15769
29720
29719
29732
29738
29741
29747
29750
29756
29762
29768
29774
29780
29786
29795
29798
29801
29810
29813
29822
29828
29837
29843
29846
29852
29870
29879
29882
29891
29897
29900
29909
29912
29921
29924
29945
29948
29957
29960
29969
29975
29978
29976
29981
29982
29986
29996
29999
30002
30005
30008
30011
30026
30029
30032
30035
30038
30041
30050
30056
15498
30062
30065
30074
30077
30086
30092
30101
30107
30110
30116
30122
30125
30134
30137
30146
30152
30158
30161
30173
30179
30185
30191
30194
30200
30206
30212
30221
30227
30233
30239
30245
30251
30254
30260
30263
30266
30272
30278
30284
30293
30299
30308
30311
30326
30329
30341
30347
30365
30371
30374
30380
30390
30389
30395
843
30384
30386
30398
30404
30408
30416
30414
30413
378
30425
30431
30434
30437
30440
30443
30449
30455
30461
30467
30470
30473
30475
30482
30485
30494
30500
30506
920
30504
30512
53
52
55
30510
30518
30524
30530
30536
30545
30547
30551
30549
30557
309
30558
30563
867
30552
30553
30572
30575
30578
30581
30584
30587
30588
30590
763
764
30588
30593
30592
773
30594
30593
30592
30598
30605
30603
30608
30609
30611
30614
30613
30617
30620
30626
30632
30638
30641
30650
30656
30662
30668
30677
30683
30686
30692
30698
30704
30713
30719
30725
30737
30743
30746
30752
30755
30758
30764
30770
30776
30785
30791
30794
30800
30809
30815
30821
30827
30830
30836
30842
30848
30857
30863
30869
30875
30878
30884
30893
30899
30902
30908
30915
30920
30919
30923
15506
30921
30926
112
30924
30932
100
101
30930
30934
110
107
30941
30947
30950
30962
30968
30974
30980
30989
30995
31004
31007
31010
31016
31022
31025
31037
31043
31049
31052
31055
31061
31067
31070
31076
31082
31091
31097
31103
31106
31112
31118
308
31116
31118
31122
31124
160
161
150
31121
31122
150
31126
158
155
31127
31126
31129
31130
31133
31131
31129
31135
31136
31137
31136
31139
15747
31145
921
31146
31148
31151
31140
31150
152
161
31151
31150
31160
31159
31163
31166
31172
31181
31184
31193
31199
31205
31211
31217
31223
31229
31235
31238
31244
31253
31252
31254
31255
31254
31259
31248
31262
31268
31269
31268
31274
31272
31280
1325
31278
