4
6
17
19
24
48
52
66
85
95
113
125
85
130
131
144
145
167
170
168
173
178
231
237
247
259
268
273
283
194
293
301
157
304
313
321
324
344
347
354
358
391
397
404
406
409
416
427
401
432
440
409
443
445
447
456
461
463
466
472
492
358
515
531
550
562
572
583
593
600
610
617
622
624
631
643
646
682
716
715
730
736
737
736
747
756
757
768
784
792
794
796
798
812
831
835
837
847
874
880
884
892
916
928
936
967
975
979
986
1007
1005
1009
1011
1026
1059
1080
1085
1103
1106
1108
1136
1145
1155
1166
1168
1190
1189
1206
1218
1219
1226
1238
1141
1247
1264
1289
1244
1288
1291
1305
1310
1312
1327
1351
1355
1359
1363
1370
1381
1390
1403
1404
1432
1348
1442
1345
1440
1345
1447
1460
1472
1486
1498
1511
1521
1525
1528
1534
1540
1553
1556
1560
1568
1599
1608
1611
1249
1515
1615
1616
1617
1660
1666
1669
1687
1693
1702
1721
1769
1776
1780
1809
1814
1826
1848
1850
1855
1865
1861
1872
1876
1902
1915
1917
1948
1963
1999
2017
2018
2039
2093
2101
2109
2122
2197
2201
2213
2225
2231
2241
2257
2290
2327
2331
2334
2339
2364
2375
2402
2443
2447
2467
2514
2560
2581
2620
2621
2668
2700
2739
2742
2745
2777
2780
2827
2832
2838
2668
2913
2919
2925
2948
2698
2969
3020
3029
3050
3062
3065
3073
3078
3093
3094
3119
3120
3159
3176
3199
3225
3236
3243
3251
3266
3271
3301
3307
3311
3316
3360
3141
3371
3397
3423
3468
3474
3488
3495
3501
3515
3556
3561
3609
3685
3695
3693
3703
3719
3762
3766
3772
3801
3802
3801
3878
3886
3918
3934
3937
3948
3952
3984
4082
4085
4107
4129
4132
3065
4154
4188
4205
3922
4206
4252
4278
4318
4319
4337
4354
2227
4360
4405
4411
4454
4468
4480
4495
4509
4528
4529
4561
4566
4587
4598
4603
4618
4646
4730
4736
4739
4760
4766
4788
4800
4815
4819
4836
4861
4863
4887
4913
4920
4923
4924
4923
4962
4993
5017
5051
5074
5097
5122
5197
5205
5223
5254
5290
5296
5351
5356
5373
5390
5389
5427
5435
5540
5568
5575
5584
5593
5598
5617
1999
5622
5625
5637
5657
5662
5693
5716
5747
5748
5753
5755
5790
5435
5819
5839
5840
5851
5856
5859
5869
5890
5897
5917
5927
5925
5849
5933
5968
5976
5988
6006
6014
6033
6044
6054
6074
6078
6089
6109
6145
6154
6160
6205
6206
6215
6247
6258
6261
6277
6307
6364
6365
6366
6375
6026
6400
6399
6412
6450
6459
6464
6465
6467
6465
6472
6492
6517
6547
6550
6582
6607
6606
6638
6644
6669
6707
6710
6714
6725
6743
6755
6762
6764
6773
6107
6778
6786
6792
6500
6835
6841
6853
6854
6873
6877
6896
6927
6935
6952
6970
7048
7055
7057
7071
7118
7133
7136
7174
7175
7174
7200
7203
7208
7218
7246
7266
7280
7319
7320
7351
7415
7440
7452
7454
7465
7469
7473
7477
7481
7492
7504
7525
7532
7527
7567
7639
7644
7668
7676
7685
7680
7692
7695
7721
7732
7751
7757
7778
7784
7811
7441
7813
7826
7840
7845
7469
7493
7862
7873
7891
7907
7926
7933
7957
7962
7981
7989
8003
8023
8027
8028
8058
8109
8130
8143
8154
8190
8232
8235
8256
8260
8273
8284
8291
8298
8326
8347
8393
8411
8419
8429
8439
8461
8481
8515
8558
8566
8569
8583
8587
8590
8594
8608
8617
8633
8644
8657
8669
8674
8678
8681
8687
8705
8708
8727
8744
8759
8798
8838
8859
8868
8886
7813
8921
8929
8945
8943
8946
8948
7552
8965
8969
8971
8978
8989
9019
9034
9038
9045
9061
9076
9092
9141
9180
9194
9219
9227
9235
5829
9242
9247
9253
9264
9313
9343
8562
9363
8945
9381
9458
9495
9543
9603
9618
9648
9659
9667
9687
9696
9713
9726
9728
9750
9782
9838
9860
9865
9868
9926
9930
9952
9977
9989
9992
9999
10013
2713
10038
3451
10103
10116
10124
10129
10142
10150
10149
10161
10171
10184
10189
10192
9565
10197
10225
10228
9440
10232
10306
10368
10387
10403
10415
10427
10428
10470
10472
10480
10573
10606
10619
10627
10647
10664
10665
10700
10717
10733
10756
10794
10823
10832
10835
10863
10870
10886
10901
10904
10927
10930
10937
10957
10968
10983
10992
11008
11010
11023
11040
11053
11062
10633
11080
11114
11118
11139
11151
11161
11172
11175
11183
11186
11189
11194
11267
11269
11338
11353
11368
11370
11372
11381
11382
11384
11386
11457
11469
11489
11558
11570
11576
11608
11681
11705
11723
11780
11791
11802
11826
11830
11834
11841
11842
11849
11876
11882
11904
11926
11940
11965
11964
11984
11986
11990
12017
12018
12044
12069
12073
12075
12128
12148
12161
12165
12174
12192
12206
12272
12281
12303
12316
12349
12351
12354
12360
12392
12406
12272
12429
12434
12437
12464
12465
12467
12482
12491
12521
12525
12526
12525
12533
12536
12599
12639
12642
12645
12649
12657
12687
12690
12745
12645
12762
12771
12781
12797
12810
12813
12836
12849
12852
12859
12865
12902
12910
12934
12938
12991
12994
13005
13018
13067
13092
13115
13114
13122
13135
13257
13275
13298
13301
13305
13340
13344
13382
13426
13457
13461
13490
10901
13504
13564
13568
13573
13577
13579
13588
13609
13611
13054
13624
13632
13667
13691
13711
13724
13731
13736
13756
13761
13783
13808
13834
13886
13885
13890
13932
13954
13967
13978
14003
8969
14055
14077
14078
14091
13585
14105
14122
14128
14158
13176
14160
14173
14197
14207
14208
14216
14219
14271
14294
14339
14345
14351
14369
14381
14398
14404
14414
14438
14436
14462
14473
14492
14490
14507
14541
14556
14560
14575
14584
14614
14668
14693
14695
14705
14707
14744
14760
14790
14794
14833
14834
14862
14905
14950
14993
15009
15047
15073
15113
15171
15176
15235
15239
15246
15252
15267
15319
15334
15372
15425
15432
15436
15444
15452
15459
15553
15562
15570
15577
15576
15581
15596
15636
15665
15722
14369
15729
15742
15763
15765
15771
15772
15771
15798
15802
15817
15802
15835
15802
15841
15846
15859
4922
4920
15897
15910
15913
15923
15941
15959
15978
16004
16003
16019
16023
16049
16055
16078
16077
16089
16097
16146
16251
16264
16329
16335
16351
16355
16358
16391
16394
16437
16445
12772
16447
16455
16476
16480
16535
16542
16550
16553
16559
16603
16654
16693
16703
16709
16713
16721
16766
16765
16770
16803
16820
16854
16859
16860
16863
16864
16918
16926
16941
16953
16994
17012
17026
17031
17042
17047
17052
275
17059
17068
17069
17078
17081
17085
17090
17122
17136
17162
17186
17248
17268
17275
17296
17324
17340
17383
17406
17490
17495
17528
17555
17577
17584
17594
17651
17652
17675
17699
17714
17763
17764
17774
17789
17794
17797
17806
17808
11665
17813
17811
17845
17852
17880
17896
17906
17916
17919
17924
17940
17972
18008
18032
18063
18069
18072
18086
18136
18158
18191
18194
18202
11986
18208
18230
11898
18233
18342
18343
18342
18361
18375
17637
18384
18400
18411
18478
18491
18497
18499
18502
18508
18528
18547
18551
18553
18574
17832
18577
18584
18586
18611
18712
18736
18741
18812
9019
18838
18881
18897
13301
18923
18927
18961
18966
11570
18992
18994
19036
19044
19092
19089
19106
19119
19154
19155
19196
19229
19232
19262
19267
19269
19274
19278
19298
19327
19409
19457
19484
19495
19509
14181
19538
19559
19566
19587
19596
19610
19623
19643
19705
19710
19734
19740
19772
19773
19789
19792
19830
19841
19857
19860
19879
19944
19954
19962
19968
19973
19975
19994
20012
16713
20018
20023
20042
20044
20045
20051
20054
20055
20058
19323
20089
20097
20102
20122
20129
20133
20137
20138
20146
20157
20159
20164
20191
20299
20309
20323
20326
20339
20338
20362
18782
20384
20390
20393
20394
20399
20406
20410
20438
20450
20461
20481
20515
7200
20577
20595
20666
20677
20701
20708
20714
20760
20786
20814
20830
20835
20852
20855
20860
20876
20886
20899
20915
20954
20955
20966
20969
20990
21005
21011
21020
21033
21043
21067
21066
21116
21129
21191
21235
21254
21317
21342
21346
4815
21359
21382
21403
21458
21472
21514
21558
21561
21590
21602
21642
21645
21656
21673
21684
21705
21747
21767
21770
21793
21795
21802
21839
21846
21858
21878
21904
21906
21948
21956
21973
21980
21984
21993
21994
21993
22001
22006
22019
22028
22034
22075
22088
22068
22092
22112
22116
22134
22180
22222
22272
22285
22293
22298
22330
22340
22358
22363
22378
22403
14707
22410
22422
22423
22446
22470
22535
22540
22541
22545
19682
22552
22553
22564
22594
22601
22615
22634
22641
22649
22655
22683
22702
22706
21917
22734
22742
22768
22772
22820
22831
22839
22854
22859
22878
22892
22907
22921
22957
22965
22992
22997
23002
23003
23002
23005
23020
23084
23094
23101
23112
23118
23136
23156
23192
23195
23200
23205
23227
23236
23250
23252
23269
23346
23366
23410
23415
23424
23453
23478
23492
23493
22485
23526
21814
23561
23562
23584
23595
22255
22256
23601
23602
23607
23610
23643
23653
23711
23729
23736
23753
23772
21219
23790
23805
8109
23836
23847
23856
23903
23957
23981
23994
24021
24047
23805
24045
24059
24083
24116
24165
24180
19315
24187
24208
24218
24272
24282
24295
24358
24410
24415
16003
24447
24452
22583
24453
24466
24476
24475
24546
24551
24552
24570
24583
24626
24625
24648
24669
24674
24673
24734
24821
24878
24910
24931
24946
24954
24971
24985
24998
25031
25040
25101
25105
25139
25141
25164
25188
25193
25229
25233
25277
25276
25328
11826
25346
25350
25362
25389
25392
25398
25404
25409
25453
25483
25488
25494
25517
25547
25613
25626
25644
25663
25712
25717
25722
25737
25759
25776
25788
25795
25808
25828
25830
25840
25875
25885
25957
25988
25996
26004
26016
26033
26105
26113
26123
25129
26126
26136
26157
26186
26222
26223
26237
26243
26247
26255
26254
26256
26289
26293
26292
26310
26357
26377
26378
26389
26423
26466
26477
22683
26479
26482
26495
26508
26513
26516
26525
26536
26539
26582
26621
26623
26652
26662
26665
26714
26762
26765
26798
26843
26847
26860
6078
26863
26890
26894
26899
26914
26917
26945
26974
27010
27025
27057
27060
27069
27071
27083
27088
27095
27110
27108
27139
27149
27148
27178
27209
27216
27224
27302
27308
27313
27359
27365
27376
27391
27394
27416
27456
27525
27626
27627
27653
27672
27717
27732
27735
27750
27789
27809
27822
27863
27875
27893
27904
27945
27959
27983
28013
28078
28103
27184
28113
28190
28221
28239
28248
28258
28274
28280
28284
28310
28353
28370
28377
28393
28398
28407
28413
28453
28469
28558
28584
28599
28629
28638
28640
28664
28745
28762
28784
28801
28784
28825
28828
28844
28848
28859
28986
28989
29020
29043
29049
29068
29075
29113
29119
29128
29157
29160
15315
16379
29188
29201
29240
29250
29270
29280
29284
29307
29321
29334
29341
29359
29419
20142
29480
29486
29495
29534
29537
29549
29581
29589
29631
29632
29638
29647
29678
29682
17314
29695
29705
29746
29749
29786
29802
29832
29838
29847
29853
29867
29869
29881
29926
29942
29974
29993
30026
30050
30053
30059
30080
30092
30093
30154
30169
30189
30194
30235
30260
30282
30307
30327
30351
30352
30379
30405
30463
30485
30588
30591
30621
30626
30641
30754
30766
30785
30828
30837
30854
30883
30888
30892
30905
30908
30950
30956
30970
30992
30104
30995
30999
31022
31024
31053
31100
31080
31102
9494
31163
31190
20565
31204
31220
31238
31244
31248
31285
31286
31285
31289
31302
31329
31343
31354
31358
31362
31363
31407
31425
31444
31461
31479
31480
31508
24840
31524
31585
31590
31601
31602
31607
31609
31616
31647
31662
31673
31692
31707
31708
31715
31738
31760
31763
31783
31855
31857
31860
31873
31894
31899
24208
31904
31924
31959
31980
32000
32022
32093
31222
32097
32117
32157
32189
32207
32219
32256
32348
3420
32349
32365
32366
32371
32381
32385
32398
32407
32449
32455
32461
32466
32512
32511
32519
32520
32574
32585
32587
32620
32621
32620
32629
32650
32649
32663
32668
32678
14207
19543
32694
32719
32751
32756
32780
32798
32799
32806
32821
32839
32888
32893
32941
32948
32968
32998
33000
33021
33030
33083
33101
33107
33146
33154
33169
33224
33281
33285
33343
33354
33366
33401
33432
33440
33441
33455
33471
33497
33526
33546
26961
33555
33591
33592
33591
33608
33626
33666
33702
33767
31107
33776
33863
33904
33922
33969
34001
34051
34069
34125
34131
34135
34140
34187
34194
34209
34219
34231
34242
34244
34246
34252
34315
34326
34343
34363
34368
34373
34388
34401
34409
34515
34517
34515
34526
34539
34544
34554
34562
34583
34608
34620
34668
34696
34733
34798
34856
34858
34879
34933
34934
34960
34966
34972
34975
35007
35041
35040
35050
35059
35082
35145
35158
35176
35175
35178
35183
35193
35213
35221
35240
35264
35278
35317
35353
35356
35396
35416
35423
35426
35425
35429
35442
35447
35488
35522
35567
35572
35578
35592
35610
35623
35640
35669
35671
35673
35692
35717
35746
35798
35894
35939
35966
35967
35976
35988
35998
36017
36042
36059
36061
36080
36083
36088
36092
36147
36181
36188
36306
31980
36323
36326
36330
36350
36363
36388
36400
36405
36418
36427
36447
36450
36455
36499
36502
36503
36545
36556
36568
36597
36607
36621
36630
36642
36645
36662
36677
36679
36686
36712
36715
36800
36867
36909
36939
36945
36954
36971
36986
37011
37045
37118
37155
37158
37169
37171
37175
37198
37205
37215
37217
37215
37222
37228
37280
37304
37316
37332
37347
37359
37371
37392
37408
37412
37474
37511
37521
968
37526
37540
37543
37554
37574
37599
37605
37621
37624
37661
37686
37707
37708
37707
37751
37765
37780
37793
37814
37827
37865
37889
37919
37937
37973
37978
37985
37984
37987
37997
38011
38016
38045
38056
38073
38085
38125
38129
1116
37198
38135
38180
38197
38202
38217
38251
38288
38321
38345
38364
38399
38416
38430
38452
38479
38497
38569
38570
38569
38607
38622
38623
38693
38729
38750
38786
38787
38819
38866
38872
38891
38895
38924
38939
39028
39033
39102
39107
39122
39133
39148
39162
39178
39202
39205
39211
39218
39238
39248
39250
39253
39290
39289
39389
39387
39449
39450
39496
39497
39516
39522
39527
39587
36919
39601
39641
13330
26796
39691
39701
39717
39729
39764
39780
39798
39857
39920
39922
1505
39943
39965
39990
39996
40010
40026
40037
40044
40151
40153
40161
40238
40242
40243
40270
40279
40292
40306
40313
40322
40339
40352
40354
40402
40404
40417
40440
40478
40501
40538
40562
40573
40595
40619
40624
40634
40636
40641
40659
40666
40691
40711
40721
40737
40745
40784
40783
40804
40817
40853
40862
40872
40891
40923
40935
40960
41004
41008
41029
41046
41053
41056
41080
41094
41118
41132
41148
41182
40434
41193
41199
41214
41284
41311
41312
41314
41356
41363
41370
41384
41392
41419
41420
41419
41423
41429
41439
41486
41489
41498
38526
41529
41542
41566
41581
41590
41593
41610
41634
41646
32467
41653
41693
41695
41726
41730
41756
41773
41843
41844
41904
41905
41920
41922
41933
41966
41976
41196
41993
41999
42042
42052
42061
42105
42113
42187
42198
42229
42252
42288
42304
42330
42344
42389
42391
42420
42461
42503
42509
42517
42559
42599
42610
42613
42660
42686
42689
42712
42713
42730
42767
42771
42795
42804
42836
42839
42840
42911
42924
42949
43044
43061
43067
43116
43121
43130
43138
43149
43166
43168
43183
43205
43207
43219
43245
43259
43274
43276
43284
43289
43319
43326
43349
43360
43363
43455
43467
43508
43522
43623
43677
43729
43732
43736
43787
43827
43831
43837
43868
43872
43931
43941
43947
43952
43996
43284
44014
44067
44075
44089
44148
44158
44192
44214
44222
44236
44240
44251
44271
44284
44287
44323
44327
44359
44362
44378
44397
44403
10470
10472
44430
44455
44465
44495
44497
44578
44589
44595
44624
44627
44629
43790
44645
44655
44683
44691
44732
44736
44747
44760
44795
44831
44892
44899
44909
44910
44940
44949
44969
44988
45076
19279
45089
45100
45126
45175
45184
45190
45194
45246
45267
45280
45292
45324
45354
45363
45372
45400
45429
45433
45535
45545
45546
45606
45618
32880
45621
45655
45670
45671
45679
45731
45738
45778
45853
45870
45874
45875
45874
45888
45901
45267
45907
45923
45927
45952
45980
45990
46008
46014
46034
46059
46060
46089
46177
46216
46293
46308
46310
46332
46337
46367
46369
46383
46424
46426
46432
46447
46468
46491
46581
46586
46597
46635
46638
46640
46644
46655
46698
46723
46743
46781
46850
46866
46887
25368
46914
46930
46964
46976
46981
47001
47016
47057
47064
47077
47118
47128
47148
47159
47163
47169
47170
47223
47224
31407
47227
47249
47285
47303
47371
47386
47394
47406
47420
47429
47432
47449
47452
47468
47476
47488
47513
47560
47580
47592
47605
47624
47642
47696
47734
47741
47747
47756
47765
47803
47808
47816
47860
47873
46489
47872
47879
47881
47900
47913
47064
47924
47934
47979
48019
48056
48059
48060
48070
7426
48152
48172
48095
48186
48201
48214
48259
48277
48311
48323
48329
48345
48365
48373
48439
48447
48488
48515
48532
48545
48570
48575
48578
48583
48600
48605
48608
48681
48691
48790
48795
48811
48814
48884
48893
48899
48944
48948
48954
48997
49010
49022
49055
49088
49098
49158
49202
49201
49215
49223
49221
49224
49249
49255
49262
49263
49271
49286
49297
49309
49321
49331
49364
49373
49399
49435
49455
49462
49536
49581
49616
49682
49715
49827
49837
49847
49885
49902
49924
49939
49978
49992
49997
50003
50006
50051
50095
50097
50117
50118
50124
50151
50161
50165
50179
50204
50206
50338
50343
50357
50360
50387
50388
50400
50478
50514
50535
50565
50582
50599
50618
50623
50653
50670
50675
50679
50755
49639
50794
50797
50807
50812
50818
50853
50860
50908
50959
50995
51008
51033
51044
51048
51085
51114
51119
51128
51137
51138
51187
51218
51220
51248
51263
51304
51308
51349
51404
51443
51464
51476
51486
51498
51508
50357
51525
51542
51591
51599
51719
51751
51792
51815
51842
51885
51902
51906
51914
51917
51919
51955
51969
52001
52014
52019
52031
52041
52054
52076
52084
52086
52092
52110
52111
52126
52137
52146
52150
52210
52325
52412
52410
52433
52473
52476
52490
52495
52505
52507
52508
52532
52554
52559
52585
52597
52604
52608
52617
52624
52665
52775
52811
52820
52833
52835
52866
52892
52897
52929
52954
52994
52992
53012
53028
53035
53049
53057
53072
53096
53103
53139
53150
53049
53166
53170
53194
53200
53216
53217
53256
53282
53290
53326
53340
53353
53421
53434
53433
53449
53460
53490
53584
53597
53600
53623
53662
53665
53722
53779
53802
53819
53825
53891
53910
53921
53927
53982
53995
54032
54033
54041
54048
54081
54103
54111
54145
54159
54180
54185
54196
54201
54212
54283
54309
54313
54341
54355
54388
54395
54431
54437
54451
54476
54483
54485
54488
54490
54519
54528
54550
54549
54564
54579
54600
54661
54664
54671
46059
46060
54686
54689
54699
54701
22801
54699
54718
54732
54736
54738
54743
54755
54774
54782
52142
54808
54810
54815
54825
54829
54836
54851
31343
54895
54902
54942
54956
54975
54979
46723
54989
55006
55012
55030
55061
55065
55071
55092
55099
55133
55137
53760
55138
55180
55188
55246
55250
55263
55272
55294
55309
55317
55416
55420
55425
55454
55463
55480
55492
55493
55527
55531
55562
55611
55612
55620
18819
55623
55636
19115
47580
55640
55646
55658
55675
55682
55693
55739
55776
55875
55889
55932
55954
55982
55980
55984
55985
56003
56025
56028
56040
56047
56049
56065
33526
56082
56113
56124
56141
56164
56174
56178
56213
56233
54847
56299
56216
56389
56391
56396
56440
56441
56440
56451
56460
56463
56473
56477
56483
56495
56515
56519
56573
56658
56663
56675
56690
56692
56702
56753
56767
56790
56794
56887
56909
56954
56957
56984
57029
57056
54187
57081
57097
57123
57136
57155
57168
57210
57242
57270
57271
57312
57318
57324
57335
57406
57436
57494
57522
57527
57528
54757
57534
57548
57556
57560
57577
57601
57606
57638
57650
57665
57684
57754
57810
57846
57873
57877
57886
57900
57903
57906
57930
57935
57939
57940
57939
57954
57976
58026
58056
58067
58127
58169
58201
58234
58317
58337
58341
58366
58373
58381
58391
58424
34062
58447
57218
58458
58487
58508
58513
58549
58550
58623
58632
58633
58650
58665
58705
58707
58752
58789
58791
58797
58801
58835
58905
58934
58948
58966
58972
59031
59034
59059
59082
59147
59270
59271
59292
59296
59297
59335
59376
59396
59409
59426
59440
59456
59493
59517
59530
59533
47249
59598
59644
59656
59685
59698
11139
59702
59715
59726
59727
59743
59763
59771
59845
59852
59865
936
59879
59885
53206
59903
59972
60054
60075
60081
60113
60150
60212
60279
60289
60298
60299
60301
60324
60334
60355
60373
60406
60448
60469
60476
60478
24458
60485
60483
60501
60519
60528
60530
60582
60608
60630
60707
60752
60768
60777
60838
60845
60847
60851
60855
60859
60872
60904
60910
60917
60925
60935
61014
61027
61063
61114
61137
61168
61179
61267
61313
61319
61332
61406
61419
61441
61460
61473
61493
61501
61510
61522
61560
61596
61611
61687
61757
61799
61839
61858
61870
61916
61918
61934
62000
62037
1064
62055
62069
62073
62086
62184
62241
62273
62288
62293
62355
62379
62383
62387
62404
62409
62416
62419
62423
62439
62464
62466
62480
62502
62522
62542
62559
62561
62569
62597
62620
62624
62637
62648
62651
60566
62658
62677
62701
62724
62741
62744
62743
62761
61764
62785
62817
62820
62879
62901
62905
62907
62941
62977
62983
63014
63060
63100
63136
63202
63251
63326
63329
63343
63345
63346
63389
63453
63467
63474
63518
63524
63529
63552
63557
63709
63721
63726
63767
63797
63810
63831
63836
63866
63918
63940
63982
63996
64001
64002
64018
64025
64041
64073
64103
64120
64133
64136
64144
64173
64145
64176
64201
64249
62175
64248
64303
64379
64404
64414
64433
61119
64485
64493
64531
64544
64586
64593
64607
64655
64682
64687
64692
64697
64708
64735
64737
64739
64737
64755
64765
64766
64765
64778
64842
64849
64882
64939
64946
64993
65008
65038
65086
65128
65155
65158
65184
65225
65228
65232
65251
65261
65284
65286
65317
65341
65389
65401
65482
65493
65567
65568
65570
65565
65617
65634
65706
65747
65755
65765
65774
65836
65886
65920
65930
65972
66009
66020
66039
66055
66084
66098
66099
66130
66176
66179
66180
66201
66207
66277
66247
66404
66415
66441
66469
66482
66491
66494
66501
66551
66590
66604
66608
66619
66635
66667
66706
66710
66728
66801
66812
66817
66819
66849
66862
66870
66892
66912
66922
66924
66931
66936
66981
66984
66987
66997
66998
67006
67067
67090
67098
67099
67143
37038
67147
67151
67161
67177
67187
67185
67198
67267
67271
67272
67328
67332
67340
67403
67412
67420
67445
67462
67481
67520
36430
67546
67560
67566
67576
67607
67626
67637
67813
67834
67837
67845
67847
67870
67878
67885
67893
67914
67929
68010
53662
68024
65894
68059
68062
68107
68129
68139
68156
67059
68184
68201
68217
68228
68231
67185
68309
68312
68332
68343
68349
68355
68378
68404
68468
68473
68487
68497
68505
68526
68564
68579
68622
68642
68671
68705
68708
68717
68748
68773
68830
68871
68889
68902
68910
68924
68944
68951
68963
68985
69000
69033
69037
69042
69052
69073
69078
69103
69106
69109
69129
69138
69189
69192
69216
69268
69284
69288
69320
69367
69428
69451
69500
69514
69545
69591
69619
69630
69681
69687
69709
69712
69721
69733
69735
69777
69826
69829
69865
69917
69925
69942
70018
70046
70049
70122
70136
70160
70193
70234
70276
70285
70304
70331
70343
70363
70378
70384
70410
70432
70482
70492
70558
70597
70607
70631
66827
70670
70703
70724
70643
70758
70774
70777
70895
70962
70974
71007
71012
71054
71107
71113
71105
71116
71119
71122
71125
71237
71252
71290
71309
71349
71365
68944
71368
47627
71389
71397
71418
71509
71514
71515
71514
71554
71559
71588
71665
71698
71709
71713
71739
71745
71751
71868
71875
71883
66156
71885
71891
71907
70716
71922
71925
71935
72013
72025
72032
72045
72065
72115
72138
72154
72172
72203
72205
72210
72177
72274
72303
72311
72314
72320
72349
72366
72389
72407
72410
72428
72436
72479
71238
72489
72507
72512
72527
72577
72635
72685
72705
72739
72838
72886
73002
73018
73051
73068
73115
73122
73129
73137
73148
73159
73210
73238
73236
73275
73309
73322
73350
73371
73386
73415
73421
73430
73455
73540
73541
64840
73562
73566
73613
73624
73652
73677
73679
73686
73688
73705
73725
73737
73751
73795
73809
73848
73867
73919
73927
74073
74086
74137
74192
74200
74222
74237
74253
67525
74257
74287
74309
74346
74347
74351
74403
74406
74472
74492
74516
74515
74519
74545
74562
74627
74637
74642
22709
74739
74773
74775
74816
74839
72627
74855
74930
74972
75008
75048
75050
75064
75069
75076
75081
75090
75118
75136
75142
75141
75155
75174
75206
75225
75229
75235
73038
75250
75324
75327
75367
75383
75394
75440
75501
75597
75623
75630
75634
75654
75657
75660
75686
75711
75726
75727
75736
75752
75736
75760
75774
75816
75820
75826
75842
75874
75878
75893
75899
75900
75910
75967
75970
75983
75984
75985
75984
75998
76029
76081
76100
76136
76183
69554
76191
76218
76238
76288
76325
74161
74160
76323
76377
76397
74248
76414
76481
76497
76533
76576
76582
68074
76630
76677
76706
76727
76730
76741
76785
76795
76811
76813
76843
76877
72556
72552
76916
43900
43901
76924
76978
77005
77037
77059
77087
77121
77132
77139
77206
77248
77270
77304
77308
77320
77347
77375
77390
77407
77425
77435
77458
77473
77487
77556
77560
77585
77592
77625
44178
77640
77713
77721
77729
77742
77758
77788
77796
77810
77824
77831
77852
77888
77961
77987
78023
78042
78055
78112
78130
78131
78130
78139
78187
78203
78220
78230
78231
78276
78325
78386
78469
78522
78564
78581
78586
61595
78635
78658
78662
78679
78686
78692
77115
78709
73051
78748
78752
78755
78813
78833
78853
78856
78854
78862
78885
78900
78909
78915
77788
78922
78930
78950
78974
78976
78985
78995
79005
79011
79032
79158
79192
79251
79254
79257
78108
79309
79324
79364
79371
79373
79499
79545
79555
79623
79635
78672
79659
79662
79670
79700
79710
79716
79797
79823
79825
79855
79865
79911
79922
79935
77794
79950
72739
79953
79960
79994
80046
80054
80087
80099
80113
80178
80201
80268
80282
80298
80322
80328
80345
80356
80357
80371
80406
80438
80462
80496
80536
80539
77319
80583
80593
80595
65482
80629
80663
39389
39387
80665
80669
80712
80737
80778
80830
80848
80898
80927
80955
80958
80964
80967
80970
80980
80984
81002
81022
81039
81045
81100
81120
81178
81196
81197
81196
81208
81221
81222
81226
81233
81247
81311
81318
81335
81367
81404
81447
81485
81514
81538
81558
81615
81626
81650
81706
81783
81807
81853
81865
81866
81867
69554
81868
76183
81880
81885
81894
81900
82004
82026
82056
82133
82137
82139
82194
82255
82291
82296
82316
82323
82332
82336
82356
82367
82390
82430
82429
82482
82511
82523
82524
82537
82559
82562
82569
82582
82612
82635
82639
82665
82686
82697
82756
82760
82762
82770
82778
82777
82797
82813
82817
35425
82848
82881
82885
78968
82908
82924
82938
82959
82971
83006
58623
83007
83022
83034
83037
75394
83060
83165
83212
83239
83258
33739
83261
83279
83295
83341
83351
83393
83392
83428
83452
83459
83463
83484
83485
83525
81879
83610
38728
83652
83656
83677
83699
83726
83722
83724
83729
83739
83801
83842
83875
83892
25445
83932
83956
83990
84036
84087
67072
84117
84137
84146
84159
84170
84176
84191
84217
84214
84221
84236
84237
84277
84292
84346
84353
84364
84378
84383
84385
84403
84407
84405
84413
80440
84500
84521
84523
84541
84552
84557
84571
84572
84574
84581
84586
84619
84622
84685
84691
84694
84720
84745
84755
84809
84823
84850
84872
84900
84912
84922
84926
84928
84949
84957
84968
84994
84997
85002
85013
85022
85077
85078
85082
85176
85188
85192
85237
85279
85303
85319
85338
85359
85511
85536
85543
85555
83705
85560
85565
85604
85633
85639
85651
85687
85704
85709
85754
85760
3953
85766
85783
85802
85804
83878
85864
85916
85941
85967
85969
85989
85991
86022
86056
86061
86096
86186
86211
86224
73672
86278
86312
86327
86338
86354
86365
86419
86428
86430
79930
86457
86509
86510
86524
84571
84572
86535
73421
86589
86636
86651
86679
74423
86682
86684
86686
86720
86722
86768
86821
86838
86946
86989
87004
87061
87088
87113
87164
87174
87209
87217
87230
87293
87299
87305
87313
87314
87318
87340
87362
87366
87374
87401
87409
87445
87475
87485
87492
82068
87505
87558
87619
87625
87673
87675
87678
87800
87807
87842
87886
87903
87926
87927
87940
87950
78774
87951
87953
87984
88014
88020
88030
88032
88053
88062
88072
88100
88149
88159
88172
88194
88240
88249
88303
86651
88313
88321
88322
88329
88356
88364
12464
88380
88405
88495
88494
88535
88553
88567
88651
88654
88677
88713
88717
88719
88722
88734
88737
88752
88763
88768
88781
88788
88803
69521
88931
88943
88952
88969
89050
89056
89068
89077
89082
89125
89130
89134
89139
89155
89173
89187
89200
89203
89220
89225
89250
89332
89362
89365
89369
89388
89396
89397
89414
89418
89421
89464
89478
89492
89512
89578
89583
89584
89586
89587
89593
89630
89646
86210
89648
89677
89691
89696
89720
89730
89733
89756
89821
89829
89831
89866
89873
89879
89880
89882
89887
86509
86510
89901
89915
89917
88063
89955
89970
89973
90010
90025
47149
47148
90037
86562
84676
90046
90054
90080
90092
90106
90125
90150
90280
90331
90357
90361
90473
90533
90534
28258
90556
90561
90568
90584
90596
90598
90611
90625
90678
90726
90753
90772
90782
90800
90802
90843
90886
90924
41529
90954
91008
91013
47726
91042
91105
91119
91133
91149
91169
91192
91203
91209
91256
91320
91323
91368
91384
91444
91452
91485
91489
91505
91519
91569
91576
91665
91702
91713
91734
91738
91748
91773
91792
91810
91818
91839
91848
89897
91849
91877
91903
91912
91948
91954
91993
91997
92022
92062
92074
92077
92089
92102
92106
92113
92134
92141
92224
92225
92256
92277
92282
92287
34048
92292
92317
92370
92376
92391
92409
92412
92414
92412
92434
92433
92437
92451
92499
92516
92526
92528
92526
92571
92578
92585
92601
92643
92667
92851
92897
92913
92919
92923
92936
92941
92982
93020
93027
93052
93059
93131
93137
93155
93164
93182
93190
93200
93226
93228
93236
93242
93254
93257
93318
93338
93370
93404
93406
93425
93482
93496
86679
93501
93525
93541
89770
86327
93543
93550
93553
93561
93609
93613
93615
89829
89831
91803
89829
89834
93655
87988
93665
93673
93689
93707
89914
93726
93735
93751
93757
93756
93773
93821
93877
93944
93951
93980
94000
94049
94051
94066
94075
94076
94108
94122
94152
94184
94227
94234
94300
94367
90726
94365
94407
94435
94443
94474
94477
94483
94540
94595
94604
94720
94755
94757
94758
87183
94765
94768
94789
94791
94903
94922
94941
94947
95055
95082
95109
95118
95132
95231
95239
95255
95256
95271
95285
95358
95372
95379
95420
95418
95439
95460
95538
95553
95559
95606
95644
95657
95703
95771
95799
95839
95856
95864
95938
95952
95979
95989
95991
96028
96035
96045
96057
96089
96095
96137
96173
96179
96196
96219
96237
96295
96302
96311
96336
96357
96364
96374
87241
96395
96552
96599
96616
96641
96649
96722
96729
96734
96749
96754
96872
96882
96884
96938
96945
96959
81302
36330
97088
97097
97149
97164
97180
97182
97190
97199
97200
97205
97242
97244
97254
57242
97259
97261
97259
97263
97288
97306
97310
97355
97381
97394
97406
97437
97461
97500
97504
97510
97511
97579
97623
97641
97651
97658
97683
97696
97719
97747
97782
97783
97820
97866
97937
97953
97978
97986
97990
98002
98051
98054
98071
98108
98146
98162
98186
98209
98220
98257
98263
98277
98316
98335
98343
98351
98380
98465
98488
98497
96680
98547
98554
98584
98588
98639
58056
60553
98650
98633
98656
98669
98671
98680
98692
98705
98763
98767
98770
98776
98808
98844
98864
98868
98871
98879
98888
98899
97182
98925
98941
98944
98969
97200
98980
99003
97226
99011
99038
97270
99050
99063
99121
99129
99136
99179
99180
99184
99195
99231
97461
99248
99306
99340
99371
99373
99442
99471
99515
99527
99554
99617
99682
99690
99691
99690
99695
99705
99728
99736
99815
99881
99967
99999
100016
100078
100148
100161
100181
100191
100204
100300
100302
100357
100400
100483
100482
100504
100506
100514
100551
91864
100593
100611
100637
100657
100693
100720
100730
100735
100746
100770
100776
100803
100811
100818
100835
100837
100874
100879
100893
100920
100945
100955
101042
101102
101109
101132
101189
101197
101214
101218
90973
101231
101234
101239
101366
101433
101440
101449
101487
101507
101541
101595
101607
101624
101649
101670
101692
101704
101742
101798
76683
101812
101815
101814
101818
101845
101844
15073
101852
101858
101868
101877
101920
101949
101986
101991
102020
102034
102067
100357
102081
102088
102114
102179
102188
102186
102226
79734
102243
102282
102306
102342
102350
102414
102437
102507
102536
102534
102538
102562
102574
102576
102599
102639
102642
102648
102654
102661
102688
102702
102716
102733
102738
102749
102752
102852
93903
102945
102971
102973
103122
103144
103159
103204
103212
103265
103334
103344
103364
76714
103391
103421
103468
103472
103514
103576
103618
103640
103643
103667
103669
103678
103688
103697
103721
103727
103732
103790
103801
103824
96045
103853
103862
103918
42500
103919
103933
103956
103984
104027
104038
104043
104071
104081
91796
104087
104086
104092
104110
104112
104110
104128
104136
104144
104159
104162
94273
104190
104219
104263
104294
104313
22450
104321
104343
104352
104363
104370
104418
104434
104462
104484
104504
104532
104612
104616
104887
104916
104943
104944
104978
104977
105068
105086
105089
105183
105189
105197
105210
105226
105301
105315
105348
57974
105356
105387
105409
105414
105427
11736
105489
105497
105583
105632
105681
105712
105767
105766
105822
105861
87573
105907
105918
105939
105968
91169
106004
106084
42452
106094
106232
106243
106324
106330
106338
106353
106357
106367
106377
106388
106416
106497
106517
106518
106541
106563
106575
106593
106617
106625
106696
99851
106796
106853
106880
106897
106918
106935
106938
105226
106962
107022
107086
107131
107147
107148
107191
107202
107208
107298
107347
107356
107364
107368
107375
107384
107428
107441
107506
107530
107543
107549
107600
107607
107617
107619
107685
102971
107705
107725
107751
107807
107833
107868
107890
104462
107904
107907
107928
107980
108035
108050
108052
108065
108127
108141
108197
108219
108222
108270
108275
108271
108297
108489
108493
108531
108565
108569
108601
108617
105078
108621
108680
108692
108708
108733
108739
108741
108742
108750
108753
108760
78503
108828
108852
108863
108873
108903
108922
108955
108987
109049
109073
109080
109101
109166
109212
32984
109245
109256
109330
109356
109391
109406
109427
109443
109479
109575
109648
107549
109657
109705
109768
109824
109856
109950
109979
110053
110058
110113
110148
110157
102058
110172
110202
110253
110266
110272
110290
110331
110345
110382
110414
110438
110444
110471
110478
110522
110534
110552
110546
110604
110077
110607
110611
110623
110658
110710
110821
110844
110877
107506
110892
110984
109406
111013
111034
111167
111203
111442
111456
111502
111514
111529
111551
111564
111586
111595
111636
111649
111662
111720
111794
111820
112014
112028
112051
112162
112206
112216
112224
112262
26479
112267
112274
112328
112349
112354
112363
112371
75379
74209
112376
109921
112456
112497
112508
112509
112546
112562
109427
112609
112615
112663
112797
112827
112870
112881
112888
112901
112919
86186
112956
112959
112973
113012
113016
113088
113197
113232
113280
113293
113326
113371
113432
113433
113441
113548
113552
113705
113833
112224
113863
113908
113947
114087
114099
114118
114125
114122
114207
114331
114370
114404
114522
114728
114748
114819
114832
114837
114841
114844
114884
114888
114893
114955
114968
115087
115110
115152
115175
115274
115307
115295
115372
115444
115459
115545
115605
115619
115622
115627
115658
115677
115775
115785
115807
115857
115980
115983
109499
116058
116087
116167
116193
116235
116244
116247
116372
116377
116408
116410
116411
116410
116467
116473
116561
116739
116771
116855
115177
116872
116896
116927
116944
116982
117007
117093
117109
117203
117222
117255
117321
117333
38452
117347
112419
117435
117438
117440
117480
117582
117591
117663
117779
118160
118331
118441
118562
118827
118843
118849
119028
119118
119335
119352
119372
119410
119427
119428
119427
119462
119469
119508
119539
119563
119565
119613
119664
119676
119700
119772
119821
119844
119850
119866
119877
119887
119980
119992
119998
120042
120048
120151
120156
120168
120187
120193
120213
120226
120267
120279
120375
120385
120390
120405
120412
120429
120443
120447
120454
120511
120570
120709
24673
120732
28157
24558
120805
120813
120857
120868
120996
121030
121066
121077
121108
121121
121162
121195
121200
121213
121219
121237
121248
121254
121279
121316
121335
121360
121390
121422
121443
121449
121465
121477
121486
118842
121492
121504
121516
121540
121555
121608
121632
121651
121678
121695
121723
121749
121792
121797
121806
121807
121929
121966
121984
122082
122113
122124
122130
122172
122244
122283
122412
122440
88717
122481
122569
122575
122671
122691
122710
122722
122744
122748
122764
122776
122799
97865
122811
122898
122910
122929
123000
123054
123096
123108
123132
123190
123220
123221
123249
123292
123315
123330
123346
123352
123357
123370
123469
123505
123511
123523
123540
36157
123558
123625
123657
123705
123717
123750
123763
123778
123795
123801
123808
123814
123843
123915
123928
123939
123970
124000
124024
124030
124042
124054
124074
124081
124120
109858
124140
124158
124170
124182
124230
124236
124243
124248
74775
124267
124285
124303
124350
124363
124421
124431
124437
124446
124453
92715
124460
124498
124504
124421
124509
124540
124555
124560
87293
124575
124579
124575
124599
124605
124633
124645
124671
124687
124714
124751
124761
124751
124794
124800
124890
124905
124999
125016
125028
125064
125086
125101
125106
7676
125130
125136
125143
125161
54528
125175
88440
125188
125202
125209
125214
125227
125232
125244
125268
125281
125286
125329
125355
125385
125419
125422
125428
125445
7987
125481
125535
125599
125610
125655
125688
125695
125775
125782
125796
125829
125916
74531
125929
125947
125983
126012
126052
126064
126076
126117
126148
126154
126195
126201
126213
126225
126240
126313
126364
126381
126388
126474
126553
126573
126579
126592
126607
126621
126667
126672
126700
126706
126724
126729
126759
126771
89593
126787
126793
126804
126822
126850
126870
126894
126916
126922
126951
126963
126976
126987
126993
127005
127018
127029
127038
66766
127080
127086
85721
127096
80360
127132
127144
127150
127156
127174
127198
127216
17056
127238
127249
127261
127267
17958
127285
127321
127350
127366
127391
127410
127452
127477
127501
127531
127548
127566
127585
127686
127545
127737
127743
127801
127809
127816
127878
127912
67083
127923
127945
128022
128031
92985
128038
128098
128104
128145
128152
128226
128245
128301
128326
128332
128362
128373
128380
128427
128433
128487
128511
128598
128607
128626
128668
128679
128710
62010
128766
45241
128828
128872
128928
128964
129003
129015
129075
129082
129111
129129
129136
129147
129172
53784
129177
129199
129217
129226
129384
129394
129399
129439
129454
14790
129474
