28
81
88
119
130
147
149
158
159
171
197
215
224
222
239
242
250
281
291
304
310
356
366
376
375
390
391
390
395
415
447
477
506
513
514
530
536
553
559
536
599
611
648
653
703
710
716
768
783
791
810
804
824
828
835
849
856
859
861
881
883
882
894
979
1007
1009
1015
1017
1021
1041
1066
1064
1071
1073
1102
1103
1102
1117
1137
1141
1163
1175
1177
1209
1214
1248
1264
1269
1295
1298
1295
1328
1329
1341
1399
1423
1427
1434
1447
1462
1459
1481
1556
1573
1594
1603
1606
1625
1640
1606
1643
1606
1682
1696
1713
1795
1802
1825
1870
1901
1925
1927
1966
1988
2013
2011
2016
2024
2022
2025
2028
2062
2064
2102
2129
2139
2144
2171
2200
2204
2211
2225
2235
2254
2284
2306
2335
2339
2343
2347
2360
2371
2373
2374
2382
2394
2401
2414
2429
2431
2441
2450
2452
2491
2506
2521
2502
2545
2557
2566
2580
2578
2595
2602
2609
2607
2637
2646
2672
2685
2699
2708
2706
2720
2724
2725
2746
2767
2773
2782
2786
2830
1926
2875
2887
2893
2916
2929
2947
2959
2963
2966
2963
2968
2974
2981
2993
2997
3016
3106
3109
3116
3123
3130
3162
3171
3172
3177
3198
3237
3249
3255
3257
3260
3281
3286
3277
3301
3333
3355
3362
3385
3409
3425
3432
3464
3462
3504
3526
3532
3503
3535
3540
3569
3570
3609
3579
3622
3631
3673
3697
3722
3726
3727
3726
3775
3812
3827
3837
3853
3868
3879
3904
3914
3917
3927
3932
3945
3965
3970
3974
3989
4008
4022
4048
4063
4066
4086
4052
4109
4134
4172
4191
4193
4220
4237
4269
4295
4304
4329
4337
4340
4367
4382
4388
4411
4422
4444
4454
4467
4470
4485
4492
4495
4500
4518
4526
4528
4535
4539
4543
4553
4590
4605
4607
4609
4639
4667
4671
4694
4695
4703
4737
4762
4767
4788
4790
4586
4797
4805
4821
4827
4892
4904
4912
4926
4931
4923
4946
4947
4953
4926
5004
5009
5008
5037
5041
5059
5066
5064
5077
5084
5101
5119
5121
5155
5161
5171
5174
5209
5217
5229
5227
5199
5239
5235
5246
5249
5250
5262
5301
5302
5301
5353
5354
5356
5354
5353
5364
5349
5383
5406
5416
5432
5437
5441
5442
5441
5446
5475
5484
5507
5523
5536
5547
5551
5566
5571
5590
5601
5625
5660
5666
5681
5701
5703
5708
5715
5638
5718
5730
5759
5767
5786
5790
5832
5840
5832
5851
5853
5864
5865
5873
5882
5886
5907
5914
5943
5973
6002
6010
6013
6026
6033
6041
6044
6046
6081
6105
6125
6143
6157
6125
6159
6164
6165
6128
6203
6218
6223
6224
6231
6243
6272
6302
6324
6336
6352
6353
6364
6362
6324
6368
6379
6383
6384
6324
6398
6413
6423
6451
6453
6471
6479
6451
6486
6490
6504
6514
6521
6523
6548
6552
6558
6566
6575
6576
6578
6587
6599
6578
6608
6631
6640
6641
6685
6704
6713
6752
6751
6767
6777
6814
6825
6828
6849
6852
6860
6879
6893
6894
6902
6894
6903
6914
6928
6955
6964
7003
7011
7024
7029
7077
7108
7116
7126
7145
7150
7172
7174
7201
7150
7204
7210
7208
7220
7222
7167
7228
7229
7230
7237
7182
7247
7254
7264
7272
7276
7288
7319
7330
7343
7349
7374
3123
7418
7421
7432
7430
7467
7479
7493
7495
7522
7546
7559
7582
7581
7627
7655
7681
7706
7743
7744
7743
7807
7834
7833
7858
7876
7884
7885
7900
7916
7835
7884
7885
7921
7928
7952
7956
7978
8004
8023
8048
8058
8063
8070
8072
8100
8104
8105
8139
8167
8179
8181
8201
8229
8206
8234
8240
8243
8284
8302
8315
8381
8390
8418
8431
8465
8505
8521
8543
8549
8597
8599
8602
8608
8599
8609
8643
8653
8650
8655
8689
8727
8731
8743
8768
8785
2232
8788
8798
8803
8843
8860
8863
8860
8875
8887
8897
8900
8897
8917
8921
8917
8952
8961
8976
8981
8985
8986
8996
9001
9011
9015
9039
9036
9053
9059
9061
9073
9104
9109
9122
9119
9015
9128
9140
9177
9202
9207
9221
9234
9242
9296
9293
9314
9335
9334
9348
9352
9369
9388
9327
9394
9401
9405
9428
9475
9492
9499
9508
9537
9539
9617
9631
9628
9658
9688
9691
9713
9722
9776
9774
9790
9795
9807
9816
9774
9833
9829
9837
9844
9889
9918
9949
9955
9950
9949
9981
9990
9994
10017
10117
10114
10119
10137
10144
10180
10211
10228
10227
10252
10267
10274
2401
10279
10281
10279
10295
10303
10319
10333
10338
10344
10347
10344
10369
10422
10463
10473
10495
10519
10533
10527
10568
10583
10579
10623
10630
10637
10643
10579
10688
10685
10733
10738
10770
10789
10790
10789
10795
10823
10764
10853
10862
10864
10871
10877
10926
10954
10980
10983
10988
11125
11164
11175
11185
2652
11228
11255
11291
6504
11302
11314
11334
11360
11368
11366
11375
11398
11416
11424
11436
11442
11449
11465
11471
11473
11486
11478
11489
11521
11546
11550
11555
11553
11575
11558
11589
11605
11606
11615
11614
11632
11643
11650
11653
11650
11672
11696
11701
11715
11724
11699
11731
11770
11771
11770
11788
11782
11805
11817
11859
11875
11882
11902
11940
11987
11994
12021
12039
12054
12095
12112
12119
12130
12145
12154
3750
12156
12181
12187
12171
12220
12235
12242
12248
12243
12251
12259
12263
12307
12320
12297
12345
12352
12362
12365
12381
12389
12405
12414
12439
12442
12439
12460
12439
12474
12534
12542
12548
12580
12613
12616
12618
12627
12625
12630
12661
12673
12705
12726
12747
12758
12767
12812
12834
12838
12837
12856
12870
12894
12921
12937
12945
12972
13024
13033
13041
13058
13136
13143
13148
13157
13183
13216
13209
13231
13229
13250
13257
13282
13284
13296
13311
13342
13353
13359
13387
13395
13424
13508
13543
13591
13594
13612
13627
13625
13652
13654
13676
13684
13693
13724
13730
13731
13733
13790
13806
13823
13836
13855
13874
13876
13879
13881
13888
13873
13874
13898
13926
13928
13926
13940
13943
13956
13959
13966
13989
13996
14003
14012
14030
14054
14070
14110
14140
14149
14133
14152
14198
14242
14283
14329
14349
14365
14394
14411
14429
14459
14457
14460
14491
14497
14534
14529
14538
14534
14541
14567
14588
14613
14618
14681
14716
14734
14742
14754
14769
14778
14793
14806
14816
14822
14843
14859
14891
14900
14932
14953
14955
14976
14980
14989
14996
15001
15020
15031
15036
15042
15047
15066
15079
15087
15082
15180
15207
15236
15246
15279
15287
15318
15308
15332
15348
15369
15382
15401
15407
15414
15466
15469
15477
15493
15506
15507
15508
15594
15602
15608
14194
15641
15676
15693
15697
15714
15756
15805
14618
15844
15852
15855
15852
15860
13956
15868
15870
15919
15924
15977
16003
16008
16031
16039
16017
16064
16072
16081
16102
16118
16167
16241
16239
16247
16251
16269
16280
16296
16303
16322
16339
16347
16384
16397
16447
16469
16481
16528
14273
16539
16591
16605
16608
16610
16644
16680
16697
16731
16748
16752
16760
16765
16861
16876
16880
16890
16902
16924
16941
16951
16970
16979
16980
16996
17047
17051
17079
17152
17155
17181
17198
17216
17224
17228
17227
17256
17269
17281
17301
17213
17210
17311
17228
17334
17369
17377
17380
17440
17445
17452
17457
17466
17469
17488
17492
17511
17544
17557
17592
17607
17609
17607
17614
17627
17633
17644
17655
17653
17665
17689
17701
17707
17727
17733
17742
17752
17846
17849
17858
17899
17915
17916
17931
17956
17953
17963
17985
18001
18045
18073
18076
18099
18112
18114
18121
18148
18152
18172
18186
18202
18216
18144
18251
18262
18279
18202
18277
18303
18345
18382
18399
18405
18428
18451
18450
18489
18433
18498
18500
18498
18510
18468
18514
18526
18573
18600
18627
18634
18572
18648
18667
18595
18672
18685
18692
18719
18722
18719
18736
18751
18753
18761
18802
18804
18808
18809
18832
18866
18879
18937
18939
18856
18972
18987
19008
19046
19047
19085
19090
19116
19123
19121
19131
19161
19169
19077
19178
19199
19229
19240
19242
19250
19252
19254
19260
19264
19288
19312
19329
19326
19336
19344
19350
19282
19352
19362
19394
19416
19423
19438
19441
19448
19472
19480
19481
19480
19504
19511
19532
19545
19548
19558
19561
19568
19620
19666
19677
19681
19698
19710
19713
19720
19762
19769
19778
19798
19807
19821
19822
19830
19843
19855
19889
19930
19946
19956
19961
16728
19968
19996
20005
20011
20042
20050
20052
20050
19987
20059
20069
20082
20099
20123
20071
20127
20134
20164
20181
20203
15813
20211
20221
20238
20256
20286
20300
20247
20331
20362
20365
20379
20387
20404
20421
20431
20467
20472
20481
20516
20525
20536
20545
20552
20578
20584
20602
20552
20608
20619
20633
20703
20715
20718
20715
20750
20751
20767
20783
20792
20822
20835
20846
20866
20881
20893
16508
20906
20924
20930
20938
20860
20864
20941
20864
20953
21008
21040
21051
21079
21089
21094
21104
21124
21130
21040
21138
21163
21166
21179
21197
21208
21213
21248
21282
21316
21208
21328
21344
21353
21355
21381
21398
21430
21437
21451
21479
21481
21482
21513
21525
21591
21609
21665
21670
21679
21688
21692
21694
21710
21719
21597
21759
21770
21772
21779
21799
14824
21834
21835
21834
21859
21874
21875
21883
21888
21889
21959
21963
22019
22057
22063
21984
22074
22083
22103
21781
22164
22165
22173
22180
22198
22216
22221
22227
22240
22241
22261
22274
22298
22303
22311
22325
22329
22344
22348
22240
22367
22394
22406
22408
22414
22416
22432
22438
22449
22491
22500
22501
22515
22524
22525
22524
22529
22537
22549
22570
22608
22619
22640
22641
22640
22529
22662
22687
22698
22703
22586
22711
22732
22741
22769
22773
22783
22792
22801
22810
22813
22814
22823
22842
22879
22905
22906
22928
22937
22956
22969
22976
22980
23024
23044
23052
23067
23089
23112
23118
23024
23126
23125
23156
23162
23174
23218
23024
23258
23270
23275
23318
23327
23334
23349
23353
23384
23386
23416
23422
23426
23435
23456
23486
23530
23557
23568
23586
23627
23637
23659
23671
23673
23671
23547
23683
23704
23709
23745
23757
23766
23768
23823
23649
23829
23736
23843
23848
23904
23911
23922
23938
23958
23960
23964
24006
24014
24027
24046
24070
24075
24079
24084
24091
24114
24124
24132
24139
24164
24171
24213
24218
24221
24225
24132
24232
24248
24251
24255
24261
24272
24178
24276
24286
24295
24305
24316
24322
24333
24363
24369
24426
24436
24453
24460
24480
24484
24499
24534
24537
24538
24576
24599
24616
24662
24684
24692
24696
24698
24711
24748
24744
24662
24760
24779
24802
24860
24869
24880
24910
24907
24921
24930
24962
24995
25001
25015
25041
25072
25081
25103
25108
25118
25122
25136
25146
25198
25115
25209
25210
25217
25232
25268
25281
25289
25288
25307
25322
25359
25367
25368
25378
25383
25409
25433
25450
25459
25493
25503
25532
25535
25532
25537
25548
25610
25611
25619
25623
25653
25686
25689
25751
25772
25776
25799
25814
25816
25819
25735
25822
25831
25846
25859
25885
25814
25907
25916
25981
26007
26030
26032
26053
26077
26149
26200
26219
26223
26244
26250
26295
26305
26331
26349
26393
26437
26440
26448
26474
26491
26493
26491
26511
26546
26464
26555
26589
26611
26650
26696
26707
26708
26707
26736
26737
26746
26776
26821
26865
26887
26804
26896
26912
26929
26943
26942
26946
26958
26969
26990
27017
27048
27054
27067
27085
27091
27096
27106
27118
27142
27165
27180
27191
27198
16464
27236
27288
27323
27351
27383
27417
27428
27460
27470
27494
27508
27538
27412
27547
27603
27602
27634
27645
27678
27691
27717
27627
27782
27795
27802
27814
27873
27872
27878
27900
27908
27920
27966
27982
27980
27985
28002
28009
28024
17026
28030
28037
28051
28064
28087
28093
28121
28136
28145
28158
28167
28202
28245
28247
28251
28307
28311
28307
28315
28330
28331
28336
28341
28345
28343
28347
28343
28369
28383
28403
28405
28410
28415
28453
28465
28484
28488
28490
28488
28553
28528
28562
28561
28581
28605
28609
28614
28631
28644
28651
28644
28663
28667
28663
28677
28704
28710
28747
28755
28758
28784
28798
28804
28848
28861
28879
28890
28921
29001
29004
29039
29053
29056
29069
29066
29071
29082
29089
29094
29124
29126
29132
29148
29171
29194
29206
29215
29239
29246
29283
29323
29369
29407
29411
29434
29451
29470
29473
29491
29513
29521
29525
29527
29546
29553
29567
29568
29603
29656
29674
29680
29694
29701
29716
29741
29745
29779
29804
29824
29870
29909
29929
29948
29952
29916
29957
29971
29977
30002
30015
30026
30040
30036
30058
30107
30114
30121
30145
30157
30162
30182
30189
30215
30208
30207
30239
30271
30296
30302
30324
30334
30343
30352
30355
30360
30387
30400
30399
30423
30425
30461
30467
30477
30500
28991
30521
30557
30559
30576
30579
30576
30584
30595
30643
30655
30599
30747
30760
30766
30774
30812
30828
30845
30875
30878
30845
30899
30932
30946
30799
30971
30986
30983
30992
31061
31067
31076
31094
31061
31114
31149
31156
31169
31173
31300
31310
31312
31314
31315
31321
31345
31362
31390
31402
31415
31428
31437
31395
31456
31462
31472
31492
31539
31596
31609
31642
31655
31670
31706
31792
31791
31804
31813
31830
31836
31843
31874
31883
31916
31920
31863
31942
31949
31983
31986
31993
32005
32016
32022
32042
32049
32062
32080
32104
32139
32163
32167
32176
32177
32205
32241
32304
32269
32325
32338
32362
32364
32372
32384
32387
32384
32401
32445
32469
32474
32493
32506
32516
32448
32537
32558
32565
32579
32604
32606
32604
32638
32651
32727
32737
32749
32780
32804
32821
32870
32875
32921
32942
32951
32958
32955
32991
33010
33033
1307
33044
33055
33067
33083
33096
33117
33126
33127
33139
33178
33135
33183
33229
33255
33260
33280
33235
33279
33308
33319
33332
33345
33352
33361
33393
33454
33480
33490
33495
33505
33464
33564
33578
33621
33637
33638
33655
33661
33691
33715
33740
33757
33763
33772
33780
33784
33793
33802
29716
33811
33817
33842
33852
33880
33930
33950
33965
33979
34046
34084
34096
34101
34117
34120
34135
34146
34155
34159
34160
34170
34248
34252
34256
34255
34277
34319
34320
34326
34307
34335
34364
1795
34373
34398
34375
34409
34432
34436
34452
34454
34452
34482
34491
34489
34495
34489
34517
34518
34529
34530
28677
34546
34548
34574
34581
34597
34598
34597
34603
34611
34639
34643
34653
34659
34660
34673
34690
34701
34736
34762
19301
34767
34774
34781
34778
34809
34867
34871
34876
34881
34900
34903
34878
34900
34920
34939
34915
34956
34962
34970
34986
34994
34995
35009
35044
35053
35073
35084
35095
35111
35139
35160
35187
35196
35226
35257
35265
35283
35314
35331
35340
35329
35357
35364
35369
35411
35428
35436
35446
35466
35464
35518
35529
35533
35550
35570
35581
35588
35622
35646
35660
35667
35678
35684
35690
35698
35706
35720
35738
35790
35824
35827
35837
35848
35854
35860
35868
35893
35895
35945
35962
35971
35994
35996
36007
36006
36029
36046
36052
36077
36092
36100
36099
36103
36099
36100
36114
36121
36124
36138
36166
36199
36232
36237
36224
36244
36257
36267
36272
36244
36274
36286
36291
36315
36318
36322
36349
36357
36362
36364
36370
36374
36381
36422
36430
36479
36483
36485
36529
36546
36552
36585
36591
36607
36616
36613
36641
36639
36651
36657
36670
36688
36699
36717
36730
36739
36760
36802
36807
36819
36823
36832
36852
36867
36873
36919
36948
36961
36984
37021
37047
37061
37070
37178
37197
37245
37267
37278
37284
37306
37332
37342
34524
37366
37377
37410
37412
37440
37474
37485
37495
28098
37572
37584
37588
37663
37676
37693
37707
37759
37771
37821
37829
37838
37854
37886
37892
37914
37904
37927
37930
37966
37989
38025
38023
38028
38040
38046
38088
38118
38123
38122
38171
38167
38178
38187
38203
38232
38258
38256
38274
38295
38301
38306
38314
38336
38356
38389
38399
38400
38399
38387
38423
38435
38467
38476
38481
38512
38522
38621
38623
38631
38637
38669
38677
38708
38707
38737
38745
38753
38752
38756
37197
38771
38794
38826
38843
38889
38896
38910
38924
38984
38996
37332
38994
39001
38998
39032
39076
39094
39109
39156
39170
39169
39179
39193
39207
39226
39248
39273
39278
39286
39296
39298
39316
39335
39365
39407
39411
39457
39460
39457
39493
39501
39522
39530
39540
39548
39574
39577
39622
39623
39638
39645
39650
39654
34537
39661
39673
39696
39724
39723
39729
39730
39729
39733
39777
39794
39812
39864
39870
39898
39903
39925
37440
39930
39953
39966
39980
39981
39988
39990
40010
40017
40025
40030
40035
40061
40057
40072
40128
40135
40159
40163
40173
40184
40211
40222
40237
40238
40255
40264
40291
40299
40303
40310
40323
40356
40364
40371
40390
40408
40321
40439
40447
40479
40476
40489
40491
40489
40503
40510
40532
40475
40479
40585
40611
40572
40625
40637
40683
40712
40746
40668
40766
40797
40817
40823
40845
40851
40869
40880
40882
40897
40921
40927
40940
40942
40940
40972
41046
41061
41080
41079
41091
41109
41112
41122
41125
41140
41137
41183
41207
41158
41218
41221
41229
41234
41235
41250
41259
41278
41290
41302
41312
41259
41325
41341
41362
41388
41448
41456
41466
41471
41466
41478
41480
41483
41494
41495
41509
41551
41556
41562
41564
41581
41586
41587
41586
41598
41600
41620
41624
41627
41645
41687
41692
41726
41738
41753
41755
41645
41753
41760
41664
41775
41788
41797
41799
41809
41810
41828
41862
41663
41880
41881
41913
41919
41923
41933
41937
41962
41967
41981
41982
41981
41996
42034
42040
42048
42072
42085
42102
42112
42125
42130
42179
42196
42226
42106
42247
42129
42130
42254
42259
42267
42362
42371
42374
42391
42402
42403
42421
42420
42462
42496
42502
42601
42613
42640
42669
42686
42690
42691
42700
42744
42775
42774
42797
42803
42806
42826
42832
42839
42841
42847
42866
42880
42891
42902
42808
42964
43010
43017
43037
43044
43057
43077
43087
43010
43123
43126
43123
43133
43137
43145
43189
43198
43223
43221
43243
43271
43113
43281
43285
43315
43333
43384
43387
43395
43408
43456
43490
43558
43477
43564
43567
43574
43575
43601
43627
43567
43630
43638
43654
43657
43593
43666
43669
43687
43711
43729
43738
43762
43769
43794
43727
43805
43736
43812
43832
43843
43844
43849
43861
43866
43885
43905
43925
43930
43965
43992
44030
44056
44061
44087
44083
44097
44107
44112
44149
44172
44112
44193
44206
44230
44245
44248
44258
44268
44269
44298
44307
44328
44380
44389
44403
44409
44414
44427
44424
44475
44476
44475
44485
44507
44513
44518
44453
44531
44537
44546
44565
44597
44605
44608
44617
44633
44638
44644
44650
44651
44657
44662
44670
44733
44781
44788
44803
44820
44821
44829
44831
44874
44894
44831
44909
44923
44867
44941
44964
44989
44994
45007
45020
45055
45057
45055
45073
45086
45129
45168
45186
45189
45197
45220
45219
45247
45289
45310
45329
45237
45342
45345
45342
45355
45366
45381
45385
45294
45426
45441
45455
45462
45473
45478
45516
45545
45549
45553
45575
45580
45616
45636
45660
45675
45694
45702
36542
45706
45719
45770
45839
45868
45873
45885
45903
45905
45903
45930
45968
46029
46033
46048
46071
46084
46097
46100
46097
46112
46117
46120
46122
46132
46138
46150
46156
46177
46186
46236
46237
46261
46278
46301
46331
46336
46368
46372
46387
46386
46393
46398
46399
46414
46432
46448
46446
46500
46538
46553
46555
46595
46600
46605
46612
46634
46653
46655
46562
46704
46712
46734
46753
46764
46773
46776
46781
46859
46871
46879
46880
46926
46932
46945
46950
46964
46967
46979
46986
47018
47019
47040
47104
47143
47159
47197
47215
47247
47249
47255
47263
47277
47174
47297
47309
47327
47344
47350
47372
47283
47376
47416
47430
47431
47455
47491
47499
47522
47523
47542
47550
47574
47572
47583
47611
47621
47631
47643
47653
47559
47665
47722
47755
47785
47790
47795
47807
47827
47839
47845
47877
47904
47962
47965
47970
47973
47980
47986
47987
47847
48004
48061
48076
48105
48146
48181
48182
48195
48229
48230
48146
48250
48257
48256
48267
48284
48288
48296
48319
48322
48325
48335
48342
48375
48424
48428
48435
48446
48495
48511
48523
48530
48557
48606
2974
48610
48615
48616
48628
48635
14264
14400
48668
48679
48682
48684
48688
48695
48697
48701
48703
48738
48746
48770
48788
48800
48812
48817
48816
48826
48838
48889
48887
48911
48923
48924
34881
48935
37045
48946
48955
37047
48968
48987
48995
49000
49030
49055
49071
49077
49096
49101
49107
49115
48887
49130
49165
49168
49176
49166
49186
49265
49231
49270
49296
49305
49310
49350
49381
49403
49409
49421
49426
49460
49527
49540
49554
49567
49527
49572
49584
49592
49595
49626
49630
49653
49671
49626
49712
49707
49714
49715
49714
49740
49757
49771
49774
49810
49827
49833
49883
49905
49908
49919
49931
49951
49952
49951
49958
49987
50028
50035
50042
50053
50089
50105
50106
50105
50108
50119
50143
50088
50172
50192
50201
50212
50225
50175
50251
50266
50275
50286
50297
50309
50317
50363
50368
50376
50380
50433
50448
50457
50467
49379
50496
50503
50549
48701
50559
50589
50596
50600
50596
50635
50684
50689
50704
50724
50759
50777
50791
50814
50841
50853
50841
50886
50900
50907
50945
50946
50984
50994
50996
51002
51001
51005
51001
51026
51028
51041
7167
51046
51049
51092
51133
51142
51170
51176
51184
51211
51214
51221
51249
51254
51256
51264
51271
27991
27992
51281
51283
51287
51297
51301
51304
51303
28048
51369
51404
51411
51426
51438
51442
51447
51457
51471
51480
51493
51527
51547
51584
51607
51630
51661
51674
51678
51691
51699
51703
51722
51740
51763
51775
51776
51775
51799
51812
51837
51843
51852
51857
51870
51879
51883
51893
51898
51881
51914
51929
51942
51974
51991
51992
52001
52044
52079
52083
52097
52118
52120
52122
52133
52150
52154
52199
52215
52238
13866
52243
52255
52260
52297
52326
52356
52395
52441
52461
52470
52473
51268
52489
52501
52520
52541
52548
52553
52560
52647
52657
52666
52681
52686
52693
52718
52782
52776
52810
52809
52838
52886
52942
52994
53012
53020
53025
53031
53033
53031
53047
53073
53093
53102
53104
53130
53185
53191
53200
53206
53210
53219
53257
53106
53369
53373
53414
53428
53458
53473
53471
53479
53497
53515
53567
53575
53582
53599
53614
53620
53625
53641
53684
53719
53728
53731
53740
53794
53802
53839
53885
53889
53728
53975
53980
53994
7099
54004
54038
53093
54037
53093
54073
54090
54116
54182
54186
54216
54224
54241
54244
54285
54287
54297
54301
54306
54370
54469
54321
54503
54508
54552
54586
54599
54607
54613
54697
54714
54731
54775
54805
54814
54842
54864
54911
54928
54972
54985
55010
55034
55036
55051
55070
55100
55127
55153
55189
55207
55216
55228
55225
55240
55285
55309
55314
55320
55326
55336
55369
55389
55444
55487
55512
55530
55540
55569
55572
55603
55625
55629
55633
55656
55669
55680
55686
55693
55708
55733
55764
55777
55822
55863
55877
55901
55921
56008
56031
56050
56052
56092
56128
56139
56157
56158
56172
56173
56172
56226
56328
56373
56390
56407
56415
56434
56440
56450
56458
56459
56458
56473
56467
56494
56486
56503
56533
56563
56565
56576
56587
56617
56638
56456
56659
56713
56763
56792
56797
56807
56866
56944
56951
56970
56989
56997
57002
57009
57039
57043
57059
57066
57172
57185
57223
57217
57307
57315
57351
57391
57403
57409
57418
57433
57479
57329
57483
57501
57519
57535
57541
57546
57583
57596
57614
57631
57647
57678
57694
57697
57694
57709
57714
57717
57725
57726
57727
57726
57815
57829
57852
57866
57877
57881
57889
57931
57939
57945
58017
58066
58162
58172
58186
58204
58225
58234
58255
58261
58276
58283
58294
58310
58314
58316
58324
58341
58381
58203
58402
58403
58030
58408
58440
58462
58101
58468
58480
58511
58550
58570
58637
58681
58687
58696
58699
58696
58531
58701
58699
58716
58797
58817
58846
58858
58913
58930
59041
59064
58913
59133
59158
59212
51268
59233
59259
59262
59213
59278
59285
59291
59304
59307
59390
59389
59399
59421
59454
59459
59494
51132
51133
59502
59519
50937
59554
51740
59565
59599
59648
59748
59809
59819
48224
59828
59881
59991
59158
51971
